1.000000000000000 0.000000000000000
0.999848225988936 0.000046704938992
0.999392996097145 0.000186128175112
0.998634586692894 0.000416175217075
0.997573458203532 0.000733440605843
0.996210254835968 0.001133307205559
0.994545804185573 0.001610073883664
0.992581116733753 0.002157140578308
0.990317385234489 0.002767215725508
0.987755983990218 0.003432539241030
0.984898468017505 0.004145133309180
0.981746572102992 0.004897088832603
0.978302209750220 0.005680826321974
0.974567472017951 0.006489396518043
0.970544626250686 0.007316769089644
0.966236114702178 0.008158140959189
0.961644553052745 0.009010247654103
0.956772728821300 0.009871649474969
0.951623599673064 0.010743058540691
0.946200291623974 0.011627660881478
0.940506097142892 0.012531417530891
0.934544473152764 0.013463565266037
0.928319038931931 0.014435433209560
0.921833573916883 0.015452721362334
0.915092015407775 0.016516851052566
0.908098456178111 0.017629829814728
0.900857141990033 0.018793972837126
0.893372469016742 0.020012045911814
0.885648981173590 0.021287234553957
0.877691367359497 0.022623216637350
0.869504458610330 0.024024108257178
0.861093225166005 0.025494595298823
0.852462773453074 0.027039929332662
0.843618342984631 0.028663701262434
0.834565303179429 0.030365771937326
0.825309150102121 0.032143871196327
0.815855503126625 0.033995604576929
0.806210101524625 0.035917882176257
0.796378800981277 0.037906994652810
0.786367570040253 0.039958673150897
0.776182486480253 0.042068069775049
0.765829733625218 0.044229652526675
0.755315596590453 0.046437329116856
0.744646458466962 0.048684916048117
0.733828796446293 0.050968551967482
0.722869177888269 0.053288212948275
0.711774256333962 0.055644029956383
0.700550767466359 0.058036030940873
0.689205525021155 0.060464371202550
0.677745416650159 0.062929289668638
0.666177399739830 0.065431028188593
0.654508497187474 0.067969885307659
0.642745793137671 0.070546240584611
0.630896428681520 0.073160414027534
0.618967597521309 0.075812623525038
0.606966541603249 0.078502751456572
0.594900546720913 0.081230272337954
0.582776938092065 0.083994633305143
0.570603075911546 0.086795285150441
0.558386350882928 0.089631605637462
0.546134179731651 0.092502905993132
0.533854000702354 0.095408444967536
0.521553269043148 0.098347476746569
0.509239452479565 0.101319064765421
0.496920026680931 0.104321960224333
0.484602470721915 0.107341536852917
0.472294262542015 0.110336722386123
0.460002874405729 0.113263773285282
0.447735768366173 0.116079995863986
0.435500391734898 0.118744005923865
0.423304172560657 0.121215669063642
0.411154515119866 0.123457054909119
0.399058795421495 0.125432959725613
0.387024356729126 0.127110467379277
0.375058505102885 0.128457552545426
0.363168504963959 0.129448862128276
0.351361574684399 0.130093128178227
0.339644882204872 0.130411958070393
0.328025540683036 0.130428375462021
0.316510604175164 0.130165518431018
0.305107063353660 0.129644660925967
0.293821841263048 0.128885832233741
0.282661789117018 0.127907934006331
0.271633682139080 0.126729237599111
0.260744215449357 0.125368377573552
0.250000000000000 0.123842572884103
0.239407558561708 0.122161908972534
0.228973321763775 0.120332530155009
0.218703624190088 0.118355280537905
0.208604700533420 0.116231671119223
0.198682681810372 0.113965639293007
0.188943591639263 0.111562031970828
0.179393342583211 0.109026546776017
0.170037732560639 0.106366141985825
0.160882441325383 0.103588709640192
0.151933027018537 0.100703051371384
0.143194922794124 0.097719214539995
0.134673433520653 0.094648910922311
0.126373732560555 0.091505371399237
0.118300858629449 0.088300230861974
0.110459712737165 0.085043860213927
0.102855055212357 0.081745634690829
0.095491502812526 0.078414045340344
0.088373525921206 0.075056787153850
0.081505445834011 0.071681095895758
0.074891432135193 0.068293207741172
0.068535500166305 0.064900298380764
0.062441508588504 0.061501186939245
0.056613157039969 0.058071864729345
0.051053983889871 0.054586031675198
0.045767364090238 0.051034350805195
0.040756507127039 0.047423045216463
0.036024455071713 0.043772400928047
0.031574080734345 0.040113379415872
0.027408085919590 0.036483819441050
0.023528999786422 0.032924807347384
0.019939177312686 0.029477714341881
0.016640797865406 0.026182204040694
0.013635863877698 0.023049798216314
0.010926199633097 0.020066408550152
0.008513450158049 0.017222588464448
0.006399080223216 0.014512697125780
0.004584373454220 0.011933105505871
0.003070431552363 0.009481448514453
0.001858173625785 0.007156140056421
0.000948335631478 0.004956152392494
0.000341469928489 0.002880720226307
0.000000000000000 0.000000000000000
0.000037944942585 -0.000898424457987
0.000341469928489 -0.002602806272317
0.000948335631478 -0.004184018871786
0.001858173625785 -0.005650921210213
0.003070431552363 -0.007043517563292
0.004584373454220 -0.008382642149150
0.006399080223216 -0.009674540319404
0.008513450158049 -0.010921068122370
0.010926199633097 -0.012121930633883
0.013635863877698 -0.013275627470418
0.016640797865406 -0.014379474783243
0.019939177312686 -0.015429040429342
0.023528999786422 -0.016402922552366
0.027408085919590 -0.017266637444555
0.031574080734345 -0.017988376829029
0.036024455071713 -0.018542005709507
0.040756507127038 -0.018910332993716
0.045767364090238 -0.019088636942967
0.051053983889871 -0.019088389089540
0.056613157039969 -0.018940840372305
0.062441508588504 -0.018698815617007
0.068535500166305 -0.018441193214906
0.074891432135193 -0.018239044719747
0.081505445834011 -0.018109767315983
0.088373525921206 -0.018048866955698
0.095491502812526 -0.018053121652275
0.102855055212357 -0.018116360046759
0.110459712737165 -0.018230706691665
0.118300858629448 -0.018386003406258
0.126373732560555 -0.018569814643589
0.134673433520653 -0.018767431956458
0.143194922794124 -0.018960467595199
0.151933027018537 -0.019130444322146
0.160882441325383 -0.019265150713404
0.170037732560639 -0.019365089771434
0.179393342583211 -0.019431889603870
0.188943591639263 -0.019467041967279
0.198682681810372 -0.019473098447652
0.208604700533419 -0.019453187542415
0.218703624190088 -0.019410980602630
0.228973321763775 -0.019350739073910
0.239407558561707 -0.019277681119684
0.250000000000000 -0.019197343038060
0.260744215449356 -0.019114074893798
0.271633682139079 -0.019029965146428
0.282661789117018 -0.018944090127600
0.293821841263048 -0.018855735739321
0.305107063353660 -0.018764484859818
0.316510604175164 -0.018669744271883
0.328025540683036 -0.018570838116001
0.339644882204872 -0.018467114857746
0.351361574684399 -0.018357893367705
0.363168504963958 -0.018242412746900
0.375058505102884 -0.018119971770740
0.387024356729126 -0.017990077754646
0.399058795421495 -0.017852343265284
0.411154515119865 -0.017706549801695
0.423304172560657 -0.017552496287051
0.435500391734898 -0.017389958560933
0.447735768366173 -0.017218728270997
0.460002874405729 -0.017038628035996
0.472294262542015 -0.016849492432098
0.484602470721915 -0.016651150336434
0.496920026680931 -0.016443476991551
0.509239452479565 -0.016226461244561
0.521553269043148 -0.016000187789877
0.533854000702354 -0.015764962018000
0.546134179731651 -0.015521148081675
0.558386350882928 -0.015269096801457
0.570603075911545 -0.015009169683523
0.582776938092065 -0.014741758355257
0.594900546720913 -0.014467271854254
0.606966541603249 -0.014186118239812
0.618967597521309 -0.013898724653196
0.630896428681520 -0.013605580648164
0.642745793137671 -0.013307386769107
0.654508497187474 -0.013005678760515
0.666177399739830 -0.012702172028531
0.677745416650159 -0.012398480113567
0.689205525021155 -0.012096150773691
0.700550767466359 -0.011796682144166
0.711774256333962 -0.011501473129266
0.722869177888269 -0.011211806770048
0.733828796446293 -0.010928999872321
0.744646458466962 -0.010654291025645
0.755315596590453 -0.010388221435715
0.765829733625218 -0.010129994886728
0.776182486480253 -0.009876202503740
0.786367570040253 -0.009623561221042
0.796378800981277 -0.009369338160528
0.806210101524625 -0.009111038464511
0.815855503126625 -0.008846489551303
0.825309150102121 -0.008573866769080
0.834565303179429 -0.008291660759921
0.843618342984631 -0.007998715890159
0.852462773453073 -0.007694151857710
0.861093225166005 -0.007378088093354
0.869504458610330 -0.007054909500773
0.877691367359497 -0.006729982344744
0.885648981173590 -0.006408088756479
0.893372469016742 -0.006093345133456
0.900857141990033 -0.005789257161747
0.908098456178111 -0.005498739901716
0.915092015407775 -0.005224143854906
0.921833573916883 -0.004967285902417
0.928319038931931 -0.004729490126410
0.934544473152764 -0.004511572693172
0.940506097142892 -0.004309696915221
0.946200291623974 -0.004112641287985
0.951623599673064 -0.003911156381931
0.956772728821300 -0.003698806537154
0.961644553052745 -0.003471679897073
0.966236114702178 -0.003228085762863
0.970544626250686 -0.002968256785719
0.974567472017951 -0.002694059636029
0.978302209750220 -0.002408709421387
0.981746572102991 -0.002116491453817
0.984898468017505 -0.001822490865423
0.987755983990218 -0.001532332251510
0.990317385234489 -0.001251935990809
0.992581116733753 -0.000987280599582
0.994545804185573 -0.000744190581840
0.996210254835968 -0.000528136211480
0.997573458203532 -0.000344061240099
0.998634586692894 -0.000196225123860
0.999392996097145 -0.000088074538357
0.999848225988936 -0.000022148613901
1.000000000000000 0.000000000000000
