1.000000000000000 0.000000000000000
0.999848225988936 0.000060557890716
0.999392996097145 0.000241705130943
0.998634586692894 0.000541837271174
0.997573458203532 0.000958310224293
0.996210254835968 0.001487494891293
0.994545804185573 0.002124873004491
0.992581116733753 0.002865088649962
0.990317385234489 0.003702059822925
0.987755983990218 0.004629126216261
0.984898468017505 0.005639138701079
0.981746572102992 0.006724620899645
0.978302209750220 0.007877929749197
0.974567472017951 0.009091353115303
0.970544626250686 0.010357332271926
0.966236114702178 0.011668545870345
0.961644553052745 0.013018122445367
0.956772728821300 0.014399749833504
0.951623599673064 0.015807833492766
0.946200291623974 0.017237650580960
0.940506097142892 0.018685477858590
0.934544473152764 0.020148727522887
0.928319038931931 0.021626093424740
0.921833573916883 0.023117654335454
0.915092015407775 0.024625049895052
0.908098456178111 0.026151469709608
0.900857141990033 0.027702276272688
0.893372469016742 0.029282348102146
0.885648981173590 0.030890468547675
0.877691367359497 0.032521385746385
0.869504458610330 0.034169865723056
0.861093225166005 0.035830229708784
0.852462773453074 0.037496444201374
0.843618342984631 0.039162128236102
0.834565303179429 0.040820547260947
0.825309150102121 0.042464598217788
0.815855503126625 0.044087003418129
0.806210101524625 0.045679828529044
0.796378800981277 0.047235085856061
0.786367570040253 0.048747833732573
0.776182486480253 0.050215571446379
0.765829733625218 0.051637653425600
0.755315596590453 0.053013475933038
0.744646458466962 0.054342722214129
0.733828796446293 0.055625585264998
0.722869177888269 0.056862588687399
0.711774256333962 0.058054609512742
0.700550767466359 0.059203106732119
0.689205525021155 0.060308408189524
0.677745416650159 0.061365528739010
0.666177399739830 0.062368078918648
0.654508497187474 0.063309260896185
0.642745793137671 0.064182355711189
0.630896428681520 0.064980910843802
0.618967597521309 0.065697840711287
0.606966541603249 0.066325223672817
0.594900546720913 0.066858300689441
0.582776938092065 0.067296690425091
0.570603075911546 0.067643603182234
0.558386350882928 0.067906601463275
0.546134179731651 0.068093130899534
0.533854000702354 0.068209875800720
0.521553269043148 0.068264306353950
0.509239452479565 0.068265120877037
0.496920026680931 0.068219259916845
0.484602470721915 0.068129748903642
0.472294262542015 0.067997682648602
0.460002874405729 0.067820506785694
0.447735768366173 0.067595539036533
0.435500391734898 0.067321103135366
0.423304172560657 0.066995725621483
0.411154515119866 0.066617749108995
0.399058795421495 0.066185794948786
0.387024356729126 0.065699316138068
0.375058505102885 0.065158220075370
0.363168504963959 0.064563074526673
0.351361574684399 0.063914694293653
0.339644882204872 0.063213935828206
0.328025540683036 0.062461801008844
0.316510604175164 0.061659471596111
0.305107063353660 0.060808295639464
0.293821841263048 0.059909773795229
0.282661789117018 0.058965623913376
0.271633682139080 0.057977790623258
0.260744215449357 0.056948344798811
0.250000000000000 0.055879474047655
0.239407558561708 0.054773505432901
0.228973321763775 0.053632871169466
0.218703624190088 0.052460064763375
0.208604700533420 0.051257836690593
0.198682681810372 0.050029000763702
0.188943591639263 0.048775410812004
0.179393342583211 0.047498183140190
0.170037732560639 0.046197970386333
0.160882441325383 0.044875921732675
0.151933027018537 0.043533885026314
0.143194922794124 0.042173261760103
0.134673433520653 0.040792896467366
0.126373732560555 0.039390989459213
0.118300858629449 0.037966335557427
0.110459712737165 0.036518704940124
0.102855055212357 0.035048519827686
0.095491502812526 0.033557203971488
0.088373525921206 0.032049616493197
0.081505445834011 0.030533635232756
0.074891432135193 0.029018048132057
0.068535500166305 0.027513419090237
0.062441508588504 0.026033072491317
0.056613157039969 0.024587959136166
0.051053983889871 0.023186852435529
0.045767364090238 0.021827544328626
0.040756507127039 0.020462323450597
0.036024455071713 0.019048024622412
0.031574080734345 0.017582530120239
0.027408085919590 0.016089807367331
0.023528999786422 0.014602261764719
0.019939177312686 0.013143747038735
0.016640797865406 0.011723901825985
0.013635863877698 0.010348466320868
0.010926199633097 0.009021423674227
0.008513450158049 0.007745778692854
0.006399080223216 0.006523911125834
0.004584373454220 0.005357688130860
0.003070431552363 0.004248758261557
0.001858173625785 0.003198500067683
0.000948335631478 0.002208063953209
0.000341469928489 0.001278441676668
0.000000000000000 0.000000000000000
0.000037944942585 -0.000394874411453
0.000341469928489 -0.001144732048645
0.000948335631478 -0.001863818496161
0.001858173625785 -0.002556407513104
0.003070431552363 -0.003222311383123
0.004584373454220 -0.003860739573377
0.006399080223216 -0.004470876896583
0.008513450158049 -0.005051535351164
0.010926199633097 -0.005601363459845
0.013635863877698 -0.006118698279632
0.016640797865406 -0.006601349923923
0.019939177312686 -0.007046326962999
0.023528999786422 -0.007449277486944
0.027408085919590 -0.007802476567440
0.031574080734345 -0.008088580419156
0.036024455071713 -0.008287720513567
0.040756507127038 -0.008394892692641
0.045767364090238 -0.008436358705631
0.051053983889871 -0.008477625050802
0.056613157039969 -0.008575542227983
0.062441508588504 -0.008717426917362
0.068535500166305 -0.008878454603642
0.074891432135193 -0.009029301086346
0.081505445834011 -0.009142109084727
0.088373525921206 -0.009218471292162
0.095491502812526 -0.009274964908516
0.102855055212357 -0.009333958143710
0.110459712737165 -0.009407023555044
0.118300858629448 -0.009490704121930
0.126373732560555 -0.009576906985557
0.134673433520653 -0.009657356040793
0.143194922794124 -0.009721837466725
0.151933027018537 -0.009758448697006
0.160882441325383 -0.009760734276623
0.170037732560639 -0.009730347535753
0.179393342583211 -0.009673905348613
0.188943591639263 -0.009597831148692
0.198682681810372 -0.009510597610531
0.208604700533419 -0.009419192579902
0.218703624190088 -0.009326423222280
0.228973321763775 -0.009232577791958
0.239407558561707 -0.009137304982568
0.250000000000000 -0.009040740013059
0.260744215449356 -0.008942944475065
0.271633682139079 -0.008843902174673
0.282661789117018 -0.008743631071839
0.293821841263048 -0.008642151404336
0.305107063353660 -0.008539472023844
0.316510604175164 -0.008435629754085
0.328025540683036 -0.008330694053487
0.339644882204872 -0.008224736829635
0.351361574684399 -0.008117832244467
0.363168504963958 -0.008010054834132
0.375058505102884 -0.007901480751193
0.387024356729126 -0.007792186806892
0.399058795421495 -0.007682251208047
0.411154515119865 -0.007571753286470
0.423304172560657 -0.007460773030526
0.435500391734898 -0.007349392834259
0.447735768366173 -0.007237695125877
0.460002874405729 -0.007125761111370
0.472294262542015 -0.007013672413496
0.484602470721915 -0.006901517917647
0.496920026680931 -0.006789384245123
0.509239452479565 -0.006677327050376
0.521553269043148 -0.006565385319780
0.533854000702354 -0.006453560702006
0.546134179731651 -0.006341840200950
0.558386350882928 -0.006230224484001
0.570603075911545 -0.006118719466494
0.582776938092065 -0.006007308658554
0.594900546720913 -0.005895975900985
0.606966541603249 -0.005784803414583
0.618967597521309 -0.005673941011969
0.630896428681520 -0.005563673930232
0.642745793137671 -0.005454345605156
0.654508497187474 -0.005346263582983
0.666177399739830 -0.005239711154478
0.677745416650159 -0.005134957713940
0.689205525021155 -0.005032266286577
0.700550767466359 -0.004931916081902
0.711774256333962 -0.004833911502758
0.722869177888269 -0.004737652946526
0.733828796446293 -0.004642470150447
0.744646458466962 -0.004547709396265
0.755315596590453 -0.004452778093887
0.765829733625218 -0.004357149814568
0.776182486480253 -0.004260374874078
0.786367570040253 -0.004162016267081
0.796378800981277 -0.004061686321282
0.806210101524625 -0.003959384022516
0.815855503126625 -0.003856078123620
0.825309150102121 -0.003753851755606
0.834565303179429 -0.003654498058240
0.843618342984631 -0.003559571782328
0.852462773453073 -0.003470447337542
0.861093225166005 -0.003388279959153
0.869504458610330 -0.003314020441368
0.877691367359497 -0.003248427506719
0.885648981173590 -0.003192053373552
0.893372469016742 -0.003145296210699
0.900857141990033 -0.003108329585462
0.908098456178111 -0.003079212520509
0.915092015407775 -0.003050809177664
0.921833573916883 -0.003016447156170
0.928319038931931 -0.002970919182663
0.934544473152764 -0.002910381912776
0.940506097142892 -0.002832251076960
0.946200291623974 -0.002735092099737
0.951623599673064 -0.002618508249155
0.956772728821300 -0.002483025663135
0.961644553052745 -0.002329979526212
0.966236114702178 -0.002161395906176
0.970544626250686 -0.001979877014618
0.974567472017951 -0.001788488846630
0.978302209750220 -0.001590645356958
0.981746572102991 -0.001390002832808
0.984898468017505 -0.001190355993098
0.987755983990218 -0.000995535158049
0.990317385234489 -0.000809309802611
0.992581116733753 -0.000635308187292
0.994545804185573 -0.000476930428329
0.996210254835968 -0.000337274208527
0.997573458203532 -0.000219077817210
0.998634586692894 -0.000124655873291
0.999392996097145 -0.000055857504981
0.999848225988936 -0.000014033807409
1.000000000000000 0.000000000000000
