1.000000000000000 0.000000000000000
0.999848225988936 0.000021686389923
0.999392996097145 0.000086808069112
0.998634586692894 0.000195545592303
0.997573458203532 0.000348194620686
0.996210254835968 0.000545159398493
0.994545804185573 0.000786929681747
0.992581116733753 0.001074080167381
0.990317385234489 0.001407237986290
0.987755983990218 0.001787065172046
0.984898468017505 0.002214224833440
0.981746572102992 0.002689365812708
0.978302209750220 0.003213083460324
0.974567472017951 0.003785877622233
0.970544626250686 0.004408127586108
0.966236114702178 0.005080051707818
0.961644553052745 0.005801665378304
0.956772728821300 0.006572729136227
0.951623599673064 0.007392732763168
0.946200291623974 0.008260819393950
0.940506097142892 0.009175772072745
0.934544473152764 0.010135955048214
0.928319038931931 0.011139270020121
0.921833573916883 0.012183133791397
0.915092015407775 0.013264417441677
0.908098456178111 0.014379426999787
0.900857141990033 0.015523867773583
0.893372469016742 0.016692790903781
0.885648981173590 0.017880669306557
0.877691367359497 0.019081061743694
0.869504458610330 0.020290073199220
0.861093225166005 0.021507124425216
0.852462773453074 0.022732992567577
0.843618342984631 0.023968715595481
0.834565303179429 0.025215891189257
0.825309150102121 0.026476626747801
0.815855503126625 0.027753579912500
0.806210101524625 0.029049955697388
0.796378800981277 0.030369311167868
0.786367570040253 0.031716229927001
0.776182486480253 0.033095077985348
0.765829733625218 0.034504279953407
0.755315596590453 0.035939379487243
0.744646458466962 0.037394304727641
0.733828796446293 0.038862722800300
0.722869177888269 0.040338051428491
0.711774256333962 0.041813354244138
0.700550767466359 0.043281009815215
0.689205525021155 0.044732640171169
0.677745416650159 0.046161573720797
0.666177399739830 0.047563071025259
0.654508497187474 0.048935280791323
0.642745793137671 0.050278003744596
0.630896428681520 0.051590591774251
0.618967597521309 0.052872292230805
0.606966541603249 0.054122681839824
0.594900546720913 0.055341490835490
0.582776938092065 0.056528339084260
0.570603075911546 0.057682724573674
0.558386350882928 0.058803404520735
0.546134179731651 0.059888948810593
0.533854000702354 0.060938104088904
0.521553269043148 0.061949740553590
0.509239452479565 0.062922777049756
0.496920026680931 0.063856211534248
0.484602470721915 0.064749216913185
0.472294262542015 0.065601121931861
0.460002874405729 0.066411559267206
0.447735768366173 0.067180388752624
0.435500391734898 0.067907436404185
0.423304172560657 0.068592526471363
0.411154515119866 0.069235952791851
0.399058795421495 0.069838412874875
0.387024356729126 0.070399183028540
0.375058505102885 0.070915910826872
0.363168504963959 0.071384312752990
0.351361574684399 0.071797947945193
0.339644882204872 0.072151036582668
0.328025540683036 0.072438706804693
0.316510604175164 0.072656485319123
0.305107063353660 0.072800283033064
0.293821841263048 0.072866409371865
0.282661789117018 0.072851496191817
0.271633682139080 0.072751373716602
0.260744215449357 0.072561648190296
0.250000000000000 0.072278724974230
0.239407558561708 0.071899753410659
0.228973321763775 0.071422543585442
0.218703624190088 0.070845644164325
0.208604700533420 0.070168356821466
0.198682681810372 0.069390581171808
0.188943591639263 0.068513129083475
0.179393342583211 0.067538612131651
0.170037732560639 0.066470701650019
0.160882441325383 0.065313784678288
0.151933027018537 0.064072517009039
0.143194922794124 0.062752215457345
0.134673433520653 0.061359415429863
0.126373732560555 0.059902712617380
0.118300858629449 0.058391030338591
0.110459712737165 0.056832895143158
0.102855055212357 0.055237128249488
0.095491502812526 0.053612838314303
0.088373525921206 0.051958650471000
0.081505445834011 0.050259973181153
0.074891432135193 0.048503379694373
0.068535500166305 0.046674743488266
0.062441508588504 0.044735771021721
0.056613157039969 0.042632464054154
0.051053983889871 0.040323266967403
0.045767364090238 0.037778692532112
0.040756507127039 0.035042718987045
0.036024455071713 0.032219702402146
0.031574080734345 0.029402758034559
0.027408085919590 0.026670771904422
0.023528999786422 0.024088511581280
0.019939177312686 0.021671133882180
0.016640797865406 0.019359124924614
0.013635863877698 0.017125860826671
0.010926199633097 0.014982980919851
0.008513450158049 0.012936101919310
0.006399080223216 0.010972667853794
0.004584373454220 0.009086258659453
0.003070431552363 0.007273571316121
0.001858173625785 0.005533003269727
0.000948335631478 0.003863631020051
0.000341469928489 0.002265135761460
0.000000000000000 0.000000000000000
0.000037944942585 -0.000719551076579
0.000341469928489 -0.002113745597934
0.000948335631478 -0.003498288034103
0.001858173625785 -0.004888328255742
0.003070431552363 -0.006278575796434
0.004584373454220 -0.007659372736944
0.006399080223216 -0.009017369828795
0.008513450158049 -0.010333568896704
0.010926199633097 -0.011579668180840
0.013635863877698 -0.012708791415021
0.016640797865406 -0.013653692134767
0.019939177312686 -0.014359818350559
0.023528999786422 -0.014810833857592
0.027408085919590 -0.015040003797352
0.031574080734345 -0.015075123100332
0.036024455071713 -0.014930096943286
0.040756507127038 -0.014632722071622
0.045767364090238 -0.014227273063065
0.051053983889871 -0.013778533903820
0.056613157039969 -0.013330547941864
0.062441508588504 -0.012865398292046
0.068535500166305 -0.012352755822960
0.074891432135193 -0.011751699623084
0.081505445834011 -0.011042734045234
0.088373525921206 -0.010266047846587
0.095491502812526 -0.009487794014244
0.102855055212357 -0.008777530636486
0.110459712737165 -0.008165783557030
0.118300858629448 -0.007638383800937
0.126373732560555 -0.007177700622888
0.134673433520653 -0.006762376862674
0.143194922794124 -0.006363695160771
0.151933027018537 -0.005953436449335
0.160882441325383 -0.005516464116591
0.170037732560639 -0.005055826554870
0.179393342583211 -0.004577356596827
0.188943591639263 -0.004085861845480
0.198682681810372 -0.003587836083221
0.208604700533419 -0.003087789137276
0.218703624190088 -0.002588539096068
0.228973321763775 -0.002092144740096
0.239407558561707 -0.001600841755899
0.250000000000000 -0.001117114242422
0.260744215449356 -0.000643487057996
0.271633682139079 -0.000182613734813
0.282661789117018 0.000262680848626
0.293821841263048 0.000689681949689
0.305107063353660 0.001095993747116
0.316510604175164 0.001480884927926
0.328025540683036 0.001844538995230
0.339644882204872 0.002187088599125
0.351361574684399 0.002508735575766
0.363168504963958 0.002809865650264
0.375058505102884 0.003090936579075
0.387024356729126 0.003352366987043
0.399058795421495 0.003594968239192
0.411154515119865 0.003820534754542
0.423304172560657 0.004031239996120
0.435500391734898 0.004229680653919
0.447735768366173 0.004418518971314
0.460002874405729 0.004600261031793
0.472294262542015 0.004777637789567
0.484602470721915 0.004954070227704
0.496920026680931 0.005131661716572
0.509239452479565 0.005307181808336
0.521553269043148 0.005475905624253
0.533854000702354 0.005631914141670
0.546134179731651 0.005769127204738
0.558386350882928 0.005882028441323
0.570603075911545 0.005965254290578
0.582776938092065 0.006012945717400
0.594900546720913 0.006020566489377
0.606966541603249 0.005991431615821
0.618967597521309 0.005931730297293
0.630896428681520 0.005848435632429
0.642745793137671 0.005748570854751
0.654508497187474 0.005638544288366
0.666177399739830 0.005524585589171
0.677745416650159 0.005413335917217
0.689205525021155 0.005310039459550
0.700550767466359 0.005216371265723
0.711774256333962 0.005132155151206
0.722869177888269 0.005055246337943
0.733828796446293 0.004983827623388
0.744646458466962 0.004916534521421
0.755315596590453 0.004851938212282
0.765829733625218 0.004788706557837
0.776182486480253 0.004725776027515
0.786367570040253 0.004661788421734
0.796378800981277 0.004594766683651
0.806210101524625 0.004521305736557
0.815855503126625 0.004438087017300
0.825309150102121 0.004342415401970
0.834565303179429 0.004231963319269
0.843618342984631 0.004104832078686
0.852462773453073 0.003959544713216
0.861093225166005 0.003795027245955
0.869504458610330 0.003610673272977
0.877691367359497 0.003405998595778
0.885648981173590 0.003181789390690
0.893372469016742 0.002942150627166
0.900857141990033 0.002693918522173
0.908098456178111 0.002442836061330
0.915092015407775 0.002193890044352
0.921833573916883 0.001951262088174
0.928319038931931 0.001718387113755
0.934544473152764 0.001498001336814
0.940506097142892 0.001292190221712
0.946200291623974 0.001102441801011
0.951623599673064 0.000929700797766
0.956772728821300 0.000774426278649
0.961644553052745 0.000636644148626
0.966236114702178 0.000516009030948
0.970544626250686 0.000411856849003
0.974567472017951 0.000323261994465
0.978302209750220 0.000249092444010
0.981746572102991 0.000188061823321
0.984898468017505 0.000138780907134
0.987755983990218 0.000099805693471
0.990317385234489 0.000069683129370
0.992581116733753 0.000046993442843
0.994545804185573 0.000030388515134
0.996210254835968 0.000018626865804
0.997573458203532 0.000010604747048
0.998634586692894 0.000005382283094
0.999392996097145 0.000002205427172
0.999848225988936 0.000000523169542
1.000000000000000 0.000000000000000
