1.000000000000000 0.000000000000000
0.999848225988936 0.000032807595281
0.999392996097145 0.000131167523956
0.998634586692894 0.000294869250111
0.997573458203532 0.000523574147618
0.996210254835968 0.000816814442454
0.994545804185573 0.001174010261903
0.992581116733753 0.001594473725290
0.990317385234489 0.002077427084443
0.987755983990218 0.002622030754217
0.984898468017505 0.003227386637449
0.981746572102992 0.003892562741478
0.978302209750220 0.004616634676798
0.974567472017951 0.005398679477517
0.970544626250686 0.006237839037957
0.966236114702178 0.007133320479032
0.961644553052745 0.008084431628590
0.956772728821300 0.009090624591163
0.951623599673064 0.010151506320985
0.946200291623974 0.011266890534977
0.940506097142892 0.012436808861946
0.934544473152764 0.013661559066626
0.928319038931931 0.014941723045117
0.921833573916883 0.016278204049685
0.915092015407775 0.017672261926076
0.908098456178111 0.019125534344500
0.900857141990033 0.020640031654477
0.893372469016742 0.022218361273095
0.885648981173590 0.023861293098040
0.877691367359497 0.025566578575381
0.869504458610330 0.027330543514133
0.861093225166005 0.029149069713731
0.852462773453074 0.031017308244680
0.843618342984631 0.032929735476595
0.834565303179429 0.034880148875743
0.825309150102121 0.036861594339298
0.815855503126625 0.038866469662277
0.806210101524625 0.040886662277275
0.796378800981277 0.042912548054583
0.786367570040253 0.044936819449731
0.776182486480253 0.046958489146747
0.765829733625218 0.048979449658982
0.755315596590453 0.051002896504931
0.744646458466962 0.053032125003617
0.733828796446293 0.055070873550132
0.722869177888269 0.057123446529986
0.711774256333962 0.059195058831401
0.700550767466359 0.061291048729817
0.689205525021155 0.063415334929992
0.677745416650159 0.065566534882024
0.666177399739830 0.067733459070935
0.654508497187474 0.069903920648485
0.642745793137671 0.072065994377003
0.630896428681520 0.074207440081024
0.618967597521309 0.076315682143148
0.606966541603249 0.078376997642993
0.594900546720913 0.080377072900714
0.582776938092065 0.082308372681818
0.570603075911546 0.084169428554672
0.558386350882928 0.085961116928585
0.546134179731651 0.087686312539127
0.533854000702354 0.089347564970109
0.521553269043148 0.090946954897141
0.509239452479565 0.092487315274933
0.496920026680931 0.093972438631474
0.484602470721915 0.095402053190733
0.472294262542015 0.096768196712919
0.460002874405729 0.098061730181803
0.447735768366173 0.099272401773174
0.435500391734898 0.100390216561222
0.423304172560657 0.101405984439529
0.411154515119866 0.102311021297157
0.399058795421495 0.103096944368035
0.387024356729126 0.103756897071821
0.375058505102885 0.104291696629681
0.363168504963959 0.104705391826070
0.351361574684399 0.105002302064897
0.339644882204872 0.105186923312264
0.328025540683036 0.105263760327218
0.316510604175164 0.105237379214130
0.305107063353660 0.105112650611567
0.293821841263048 0.104894475338647
0.282661789117018 0.104586008981579
0.271633682139080 0.104189443037288
0.260744215449357 0.103706686316684
0.250000000000000 0.103139727454804
0.239407558561708 0.102491185772661
0.228973321763775 0.101763840160086
0.218703624190088 0.100959908515324
0.208604700533420 0.100083124395350
0.198682681810372 0.099139743996673
0.188943591639263 0.098124075750703
0.179393342583211 0.097018043265298
0.170037732560639 0.095797568178753
0.160882441325383 0.094438460007927
0.151933027018537 0.092920635496518
0.143194922794124 0.091232801969678
0.134673433520653 0.089375191672729
0.126373732560555 0.087365368922254
0.118300858629449 0.085221872457586
0.110459712737165 0.082961310491436
0.102855055212357 0.080600590890573
0.095491502812526 0.078156284816879
0.088373525921206 0.075625260060626
0.081505445834011 0.072984460536541
0.074891432135193 0.070212890760588
0.068535500166305 0.067297863455622
0.062441508588504 0.064257524942211
0.056613157039969 0.061123376789245
0.051053983889871 0.057927796252419
0.045767364090238 0.054699810348827
0.040756507127039 0.051442712321765
0.036024455071713 0.048141538456450
0.031574080734345 0.044783365152002
0.027408085919590 0.041355565087953
0.023528999786422 0.037845270418437
0.019939177312686 0.034261231984799
0.016640797865406 0.030664369997772
0.013635863877698 0.027138547339497
0.010926199633097 0.023768730602361
0.008513450158049 0.020565006846491
0.006399080223216 0.017496190169112
0.004584373454220 0.014543366413941
0.003070431552363 0.011694687747005
0.001858173625785 0.008942203063757
0.000948335631478 0.006280529352388
0.000341469928489 0.003705573465783
0.000000000000000 0.000000000000000
0.000037944942585 -0.001194583527521
0.000341469928489 -0.003523436913529
0.000948335631478 -0.005775065415646
0.001858173625785 -0.007980139254332
0.003070431552363 -0.010148401850462
0.004584373454220 -0.012248564680266
0.006399080223216 -0.014230915010301
0.008513450158049 -0.016029491538743
0.010926199633097 -0.017558475985258
0.013635863877698 -0.018700253657024
0.016640797865406 -0.019355648499565
0.019939177312686 -0.019560224948192
0.023528999786422 -0.019428896288223
0.027408085919590 -0.019138952690103
0.031574080734345 -0.018829101507074
0.036024455071713 -0.018498589645285
0.040756507127038 -0.018135225030627
0.045767364090238 -0.017719868990175
0.051053983889871 -0.017227534108996
0.056613157039969 -0.016636467855208
0.062441508588504 -0.015951294265203
0.068535500166305 -0.015186994650306
0.074891432135193 -0.014364387618710
0.081505445834011 -0.013508444181376
0.088373525921206 -0.012637557885572
0.095491502812526 -0.011769451681481
0.102855055212357 -0.010926127085434
0.110459712737165 -0.010116680751574
0.118300858629448 -0.009334199129554
0.126373732560555 -0.008564627911331
0.134673433520653 -0.007792120739138
0.143194922794124 -0.006997792885372
0.151933027018537 -0.006157414170253
0.160882441325383 -0.005262331167409
0.170037732560639 -0.004329113933337
0.179393342583211 -0.003382964443673
0.188943591639263 -0.002453627586199
0.198682681810372 -0.001572477836669
0.208604700533419 -0.000767384229504
0.218703624190088 -0.000048323081858
0.228973321763775 0.000589388221807
0.239407558561707 0.001148994476552
0.250000000000000 0.001634289446606
0.260744215449356 0.002050588035373
0.271633682139079 0.002403770423388
0.282661789117018 0.002700437537161
0.293821841263048 0.002948851276906
0.305107063353660 0.003156771317390
0.316510604175164 0.003327255956777
0.328025540683036 0.003461746949823
0.339644882204872 0.003560035389461
0.351361574684399 0.003622122904425
0.363168504963958 0.003648672394417
0.375058505102884 0.003640209508188
0.387024356729126 0.003596946547325
0.399058795421495 0.003520329945529
0.411154515119865 0.003413539746702
0.423304172560657 0.003282486912729
0.435500391734898 0.003136594136133
0.447735768366173 0.002985194187824
0.460002874405729 0.002836974670934
0.472294262542015 0.002701452241757
0.484602470721915 0.002589494194426
0.496920026680931 0.002509568241297
0.509239452479565 0.002465057352693
0.521553269043148 0.002454541569735
0.533854000702354 0.002466822639851
0.546134179731651 0.002490073272842
0.558386350882928 0.002514617181421
0.570603075911545 0.002530725596272
0.582776938092065 0.002527173090678
0.594900546720913 0.002494254679592
0.606966541603249 0.002427910322907
0.618967597521309 0.002328078252405
0.630896428681520 0.002203801698407
0.642745793137671 0.002065254946013
0.654508497187474 0.001920662769290
0.666177399739830 0.001777747804466
0.677745416650159 0.001644197659638
0.689205525021155 0.001527476583027
0.700550767466359 0.001434638573093
0.711774256333962 0.001365945213008
0.722869177888269 0.001314223724360
0.733828796446293 0.001271878010796
0.744646458466962 0.001231550342071
0.755315596590453 0.001186517677798
0.765829733625218 0.001130712777573
0.776182486480253 0.001058728573274
0.786367570040253 0.000965221167522
0.796378800981277 0.000845889622722
0.806210101524625 0.000699965384316
0.815855503126625 0.000532163278974
0.825309150102121 0.000350734477265
0.834565303179429 0.000162306021771
0.843618342984631 -0.000027140554409
0.852462773453073 -0.000212198840758
0.861093225166005 -0.000388212995529
0.869504458610330 -0.000551189031616
0.877691367359497 -0.000697784117616
0.885648981173590 -0.000825325247518
0.893372469016742 -0.000931676863189
0.900857141990033 -0.001015560117917
0.908098456178111 -0.001077320727461
0.915092015407775 -0.001118435536862
0.921833573916883 -0.001140409046798
0.928319038931931 -0.001144822954585
0.934544473152764 -0.001133305302854
0.940506097142892 -0.001107522938764
0.946200291623974 -0.001069168345142
0.951623599673064 -0.001019947347555
0.956772728821300 -0.000961567550288
0.961644553052745 -0.000895726155499
0.966236114702178 -0.000824096922001
0.970544626250686 -0.000748320538769
0.974567472017951 -0.000669990968718
0.978302209750220 -0.000590646427739
0.981746572102991 -0.000511757113914
0.984898468017505 -0.000434716449853
0.987755983990218 -0.000360829946001
0.990317385234489 -0.000291308166004
0.992581116733753 -0.000227257718131
0.994545804185573 -0.000169671860776
0.996210254835968 -0.000119427031885
0.997573458203532 -0.000077274461427
0.998634586692894 -0.000043836454294
0.999392996097145 -0.000019600692492
0.999848225988936 -0.000004917680641
1.000000000000000 0.000000000000000
