1.000000000000000 0.000000000000000
0.999848225988936 0.000040976584374
0.999392996097145 0.000163523364593
0.998634586692894 0.000366493471620
0.997573458203532 0.000648001213022
0.996210254835968 0.001005460392309
0.994545804185573 0.001435630976570
0.992581116733753 0.001934696441101
0.990317385234489 0.002498325456113
0.987755983990218 0.003121784638075
0.984898468017505 0.003800008349311
0.981746572102992 0.004527738197247
0.978302209750220 0.005299606759394
0.974567472017951 0.006110298012853
0.970544626250686 0.006954636648142
0.966236114702178 0.007827741940740
0.961644553052745 0.008725163557564
0.956772728821300 0.009642998988771
0.951623599673064 0.010578037972877
0.946200291623974 0.011527902652114
0.940506097142892 0.012491177271256
0.934544473152764 0.013467537874160
0.928319038931931 0.014457889678976
0.921833573916883 0.015464496715765
0.915092015407775 0.016491103746751
0.908098456178111 0.017543083924573
0.900857141990033 0.018627542971939
0.893372469016742 0.019752289146574
0.885648981173590 0.020919017438492
0.877691367359497 0.022126706767543
0.869504458610330 0.023374111585715
0.861093225166005 0.024659807581195
0.852462773453074 0.025982165419643
0.843618342984631 0.027339356418711
0.834565303179429 0.028729340750424
0.825309150102121 0.030149865881792
0.815855503126625 0.031598471892670
0.806210101524625 0.033072492035192
0.796378800981277 0.034569009410574
0.786367570040253 0.036085498427168
0.776182486480253 0.037620004234542
0.765829733625218 0.039170608438135
0.755315596590453 0.040735362619419
0.744646458466962 0.042312244873868
0.733828796446293 0.043899174604661
0.722869177888269 0.045494046802695
0.711774256333962 0.047094778441323
0.700550767466359 0.048699125915917
0.689205525021155 0.050304501583331
0.677745416650159 0.051907332370808
0.666177399739830 0.053503101031212
0.654508497187474 0.055087260341062
0.642745793137671 0.056655228295945
0.630896428681520 0.058202356037742
0.618967597521309 0.059723904499236
0.606966541603249 0.061215001648676
0.594900546720913 0.062670850136732
0.582776938092065 0.064087445434180
0.570603075911546 0.065461157879934
0.558386350882928 0.066788614662672
0.546134179731651 0.068066610848520
0.533854000702354 0.069292138211082
0.521553269043148 0.070462280935120
0.509239452479565 0.071573687136042
0.496920026680931 0.072623210718915
0.484602470721915 0.073611823287757
0.472294262542015 0.074543228607397
0.460002874405729 0.075422360843754
0.447735768366173 0.076255070138073
0.435500391734898 0.077046765396749
0.423304172560657 0.077802395075372
0.411154515119866 0.078527758012645
0.399058795421495 0.079229525770272
0.387024356729126 0.079907132946566
0.375058505102885 0.080549842685009
0.363168504963959 0.081145312249606
0.351361574684399 0.081679806087150
0.339644882204872 0.082140565000877
0.328025540683036 0.082516279675318
0.316510604175164 0.082796120913809
0.305107063353660 0.082969592038432
0.293821841263048 0.083028942974159
0.282661789117018 0.082969693724322
0.271633682139080 0.082790214284335
0.260744215449357 0.082491276679491
0.250000000000000 0.082073662876733
0.239407558561708 0.081538335660469
0.228973321763775 0.080886846601456
0.218703624190088 0.080121327729605
0.208604700533420 0.079244512283282
0.198682681810372 0.078259157030807
0.188943591639263 0.077167348871575
0.179393342583211 0.075967255100018
0.170037732560639 0.074656348315204
0.160882441325383 0.073233632434891
0.151933027018537 0.071699588778654
0.143194922794124 0.070054832303050
0.134673433520653 0.068298727853968
0.126373732560555 0.066430320951707
0.118300858629449 0.064449795786209
0.110459712737165 0.062359099530617
0.102855055212357 0.060161576987633
0.095491502812526 0.057862135394899
0.088373525921206 0.055469892689666
0.081505445834011 0.052997033991846
0.074891432135193 0.050454823892228
0.068535500166305 0.047861445254363
0.062441508588504 0.045253334543533
0.056613157039969 0.042671696828574
0.051053983889871 0.040152787227619
0.045767364090238 0.037719256779608
0.040756507127039 0.035350861770113
0.036024455071713 0.033009536982630
0.031574080734345 0.030667511568829
0.027408085919590 0.028302748558404
0.023528999786422 0.025897538095609
0.019939177312686 0.023449849089807
0.016640797865406 0.020993148245981
0.013635863877698 0.018584223895966
0.010926199633097 0.016281787789161
0.008513450158049 0.014092401865835
0.006399080223216 0.011992539838407
0.004584373454220 0.009969567409235
0.003070431552363 0.008016296364564
0.001858173625785 0.006128217131701
0.000948335631478 0.004302509662247
0.000341469928489 0.002537274349955
0.000000000000000 0.000000000000000
0.000037944942585 -0.000816644224401
0.000341469928489 -0.002411246809532
0.000948335631478 -0.004001014199442
0.001858173625785 -0.005599626209474
0.003070431552363 -0.007190083927191
0.004584373454220 -0.008746402702389
0.006399080223216 -0.010233171390819
0.008513450158049 -0.011601609260405
0.010926199633097 -0.012781205189061
0.013635863877698 -0.013660501450829
0.016640797865406 -0.014129857020383
0.019939177312686 -0.014191730006160
0.023528999786422 -0.013946160524179
0.027408085919590 -0.013600973655844
0.031574080734345 -0.013287894499096
0.036024455071713 -0.012994939246690
0.040756507127038 -0.012695797749282
0.045767364090238 -0.012349529764000
0.051053983889871 -0.011900331657445
0.056613157039969 -0.011298768986925
0.062441508588504 -0.010550982000085
0.068535500166305 -0.009681384028305
0.074891432135193 -0.008727120099984
0.081505445834011 -0.007724876181106
0.088373525921206 -0.006684111740329
0.095491502812526 -0.005598070414282
0.102855055212357 -0.004461357560113
0.110459712737165 -0.003273196026383
0.118300858629448 -0.002044282558989
0.126373732560555 -0.000787931970872
0.134673433520653 0.000480257498988
0.143194922794124 0.001742237071785
0.151933027018537 0.002977998324290
0.160882441325383 0.004168430428787
0.170037732560639 0.005300680195083
0.179393342583211 0.006362510633732
0.188943591639263 0.007340299913381
0.198682681810372 0.008219369631043
0.208604700533419 0.008989873630241
0.218703624190088 0.009649721511433
0.228973321763775 0.010206797686077
0.239407558561707 0.010669743285467
0.250000000000000 0.011047884610735
0.260744215449356 0.011352493214093
0.271633682139079 0.011596005891826
0.282661789117018 0.011791836389816
0.293821841263048 0.011956032880906
0.305107063353660 0.012105029345422
0.316510604175164 0.012244069080492
0.328025540683036 0.012373058369430
0.339644882204872 0.012488813449883
0.351361574684399 0.012587527154898
0.363168504963958 0.012666097215975
0.375058505102884 0.012721324258803
0.387024356729126 0.012749531728464
0.399058795421495 0.012747367541611
0.411154515119865 0.012712429704305
0.423304172560657 0.012643219593559
0.435500391734898 0.012539942115738
0.447735768366173 0.012403030142047
0.460002874405729 0.012232815227292
0.472294262542015 0.012029568727437
0.484602470721915 0.011793329219956
0.496920026680931 0.011524702712469
0.509239452479565 0.011226026907936
0.521553269043148 0.010900960073260
0.533854000702354 0.010556573466999
0.546134179731651 0.010200519900352
0.558386350882928 0.009839650786473
0.570603075911545 0.009480722415901
0.582776938092065 0.009131204877734
0.594900546720913 0.008798064036114
0.606966541603249 0.008485229351670
0.618967597521309 0.008194337012054
0.630896428681520 0.007920832306132
0.642745793137671 0.007658681577206
0.654508497187474 0.007403058972070
0.666177399739830 0.007149556994559
0.677745416650159 0.006893820056600
0.689205525021155 0.006631556539884
0.700550767466359 0.006358447118812
0.711774256333962 0.006072912205733
0.722869177888269 0.005777275394207
0.733828796446293 0.005474658523520
0.744646458466962 0.005168479873591
0.755315596590453 0.004861780520825
0.765829733625218 0.004557334641606
0.776182486480253 0.004257741557948
0.786367570040253 0.003965435517223
0.796378800981277 0.003682597603550
0.806210101524625 0.003410823904831
0.815855503126625 0.003149704779545
0.825309150102121 0.002897008754881
0.834565303179429 0.002650852463391
0.843618342984631 0.002409585022610
0.852462773453073 0.002171754336799
0.861093225166005 0.001936147667343
0.869504458610330 0.001701769307425
0.877691367359497 0.001467838832313
0.885648981173590 0.001233782344740
0.893372469016742 0.000999225351977
0.900857141990033 0.000763986500581
0.908098456178111 0.000529931938617
0.915092015407775 0.000303772892376
0.921833573916883 0.000091814596444
0.928319038931931 -0.000100987476658
0.934544473152764 -0.000270936507068
0.940506097142892 -0.000415500875339
0.946200291623974 -0.000533209711097
0.951623599673064 -0.000623551934923
0.956772728821300 -0.000686870346822
0.961644553052745 -0.000724253269685
0.966236114702178 -0.000737428384802
0.970544626250686 -0.000728655718284
0.974567472017951 -0.000700622209371
0.978302209750220 -0.000656338802561
0.981746572102991 -0.000599041037742
0.984898468017505 -0.000532093120061
0.987755983990218 -0.000458896025422
0.990317385234489 -0.000382804685708
0.992581116733753 -0.000307043411814
0.994545804185573 -0.000234638588128
0.996210254835968 -0.000168349909609
0.997573458203532 -0.000110611909450
0.998634586692894 -0.000063486905915
0.999392996097145 -0.000028621656411
0.999848225988936 -0.000007217097308
1.000000000000000 0.000000000000000
