1.000000000000000 0.000000000000000
0.999848225988936 0.000043449868894
0.999392996097145 0.000173641688510
0.998634586692894 0.000390118197471
0.997573458203532 0.000692120930917
0.996210254835968 0.001078580818403
0.994545804185573 0.001548160557418
0.992581116733753 0.002099224701797
0.990317385234489 0.002729900574492
0.987755983990218 0.003438042765980
0.984898468017505 0.004221287690866
0.981746572102992 0.005077055965763
0.978302209750220 0.006002580600234
0.974567472017951 0.006994917581270
0.970544626250686 0.008050995135455
0.966236114702178 0.009167598837452
0.961644553052745 0.010341436472183
0.956772728821300 0.011569138912307
0.951623599673064 0.012847298258555
0.946200291623974 0.014172484004333
0.940506097142892 0.015541289802386
0.934544473152764 0.016950336956657
0.928319038931931 0.018396320673483
0.921833573916883 0.019876026015542
0.915092015407775 0.021386348228647
0.908098456178111 0.022924336139478
0.900857141990033 0.024487190975598
0.893372469016742 0.026072311550357
0.885648981173590 0.027677306655339
0.877691367359497 0.029300010702856
0.869504458610330 0.030938502223018
0.861093225166005 0.032591133724442
0.852462773453074 0.034256535257871
0.843618342984631 0.035933628251540
0.834565303179429 0.037621636682103
0.825309150102121 0.039320147087543
0.815855503126625 0.041028922341967
0.806210101524625 0.042748241827971
0.796378800981277 0.044478920780328
0.786367570040253 0.046217384377444
0.776182486480253 0.047956660474750
0.765829733625218 0.049687768374486
0.755315596590453 0.051401337208539
0.744646458466962 0.053087686730148
0.733828796446293 0.054736622544531
0.722869177888269 0.056337425066606
0.711774256333962 0.057878886767236
0.700550767466359 0.059350004489468
0.689205525021155 0.060741471727436
0.677745416650159 0.062054490281823
0.666177399739830 0.063295065228955
0.654508497187474 0.064469398999081
0.642745793137671 0.065584084493358
0.630896428681520 0.066646050198889
0.618967597521309 0.067663085338756
0.606966541603249 0.068644548275877
0.594900546720913 0.069597936896580
0.582776938092065 0.070524785937685
0.570603075911546 0.071424475929804
0.558386350882928 0.072293008941383
0.546134179731651 0.073126068676241
0.533854000702354 0.073920043591763
0.521553269043148 0.074671625382993
0.509239452479565 0.075377993777093
0.496920026680931 0.076035723044126
0.484602470721915 0.076637979979537
0.472294262542015 0.077176770889564
0.460002874405729 0.077642398249909
0.447735768366173 0.078024867355988
0.435500391734898 0.078315263464902
0.423304172560657 0.078505214088997
0.411154515119866 0.078585350384611
0.399058795421495 0.078546757308329
0.387024356729126 0.078388980389394
0.375058505102885 0.078117004528236
0.363168504963959 0.077739129347236
0.351361574684399 0.077265630434849
0.339644882204872 0.076705812084768
0.328025540683036 0.076068352379409
0.316510604175164 0.075362493225467
0.305107063353660 0.074597391797694
0.293821841263048 0.073779700972229
0.282661789117018 0.072913967271258
0.271633682139080 0.071999981688958
0.260744215449357 0.071036588514444
0.250000000000000 0.070023800543778
0.239407558561708 0.068962023395382
0.228973321763775 0.067851829228761
0.218703624190088 0.066693994630817
0.208604700533420 0.065489724568653
0.198682681810372 0.064241259305378
0.188943591639263 0.062945964811786
0.179393342583211 0.061593931020603
0.170037732560639 0.060175216797275
0.160882441325383 0.058680941863243
0.151933027018537 0.057104090982330
0.143194922794124 0.055442686453756
0.134673433520653 0.053705270806651
0.126373732560555 0.051908626138393
0.118300858629449 0.050067606438976
0.110459712737165 0.048196231577871
0.102855055212357 0.046308318191807
0.095491502812526 0.044414884027155
0.088373525921206 0.042519655569162
0.081505445834011 0.040620014353442
0.074891432135193 0.038715332901750
0.068535500166305 0.036809649773352
0.062441508588504 0.034919812694125
0.056613157039969 0.033063846292929
0.051053983889871 0.031257795669058
0.045767364090238 0.029512337907970
0.040756507127039 0.027822562620364
0.036024455071713 0.026179065695686
0.031574080734345 0.024576402700572
0.027408085919590 0.023011950239772
0.023528999786422 0.021484238486505
0.019939177312686 0.019947267750300
0.016640797865406 0.018328411281262
0.013635863877698 0.016608122151111
0.010926199633097 0.014813018834881
0.008513450158049 0.012985426949965
0.006399080223216 0.011153697902150
0.004584373454220 0.009335698515646
0.003070431552363 0.007543604841703
0.001858173625785 0.005786458342440
0.000948335631478 0.004071190507850
0.000341469928489 0.002403330230165
0.000000000000000 0.000000000000000
0.000037944942585 -0.000773054628622
0.000341469928489 -0.002284995652369
0.000948335631478 -0.003799474400070
0.001858173625785 -0.005320728846290
0.003070431552363 -0.006832503870808
0.004584373454220 -0.008311851378138
0.006399080223216 -0.009727630793642
0.008513450158049 -0.011036429438239
0.010926199633097 -0.012174393831573
0.013635863877698 -0.013038375928116
0.016640797865406 -0.013528959921900
0.019939177312686 -0.013647036101864
0.023528999786422 -0.013493057364009
0.027408085919590 -0.013276056700721
0.031574080734345 -0.013116579985174
0.036024455071713 -0.013004320824970
0.040756507127038 -0.012913739413509
0.045767364090238 -0.012806002289331
0.051053983889871 -0.012627193669503
0.056613157039969 -0.012328832723786
0.062441508588504 -0.011909161325083
0.068535500166305 -0.011379135761966
0.074891432135193 -0.010757658971440
0.081505445834011 -0.010064185357595
0.088373525921206 -0.009302414853160
0.095491502812526 -0.008468398342207
0.102855055212357 -0.007559602213917
0.110459712737165 -0.006577568500397
0.118300858629448 -0.005531959746630
0.126373732560555 -0.004435367805794
0.134673433520653 -0.003302898718671
0.143194922794124 -0.002152830811486
0.151933027018537 -0.001005459087098
0.160882441325383 0.000121103473350
0.170037732560639 0.001219191774635
0.179393342583211 0.002283212253892
0.188943591639263 0.003306574129043
0.198682681810372 0.004282294889767
0.208604700533419 0.005206438607713
0.218703624190088 0.006079262565128
0.228973321763775 0.006906480572032
0.239407558561707 0.007694647246502
0.250000000000000 0.008450781968730
0.260744215449356 0.009183183243991
0.271633682139079 0.009900945096194
0.282661789117018 0.010613723867760
0.293821841263048 0.011333099091007
0.305107063353660 0.012071043984174
0.316510604175164 0.012828373724554
0.328025540683036 0.013599530916967
0.339644882204872 0.014376045635368
0.351361574684399 0.015148481282999
0.363168504963958 0.015907894062917
0.375058505102884 0.016644782549787
0.387024356729126 0.017348157086351
0.399058795421495 0.018008244241816
0.411154515119865 0.018619483771873
0.423304172560657 0.019179911601784
0.435500391734898 0.019695026602483
0.447735768366173 0.020171127884284
0.460002874405729 0.020613135001167
0.472294262542015 0.021026320693521
0.484602470721915 0.021417462843317
0.496920026680931 0.021792448798582
0.509239452479565 0.022152781059289
0.521553269043148 0.022497152116838
0.533854000702354 0.022816516684253
0.546134179731651 0.023100264549465
0.558386350882928 0.023339621115843
0.570603075911545 0.023526287030132
0.582776938092065 0.023650858551951
0.594900546720913 0.023704560231238
0.606966541603249 0.023683338585728
0.618967597521309 0.023586446212239
0.630896428681520 0.023421584569286
0.642745793137671 0.023198999241603
0.654508497187474 0.022927308830107
0.666177399739830 0.022614545272748
0.677745416650159 0.022268745558713
0.689205525021155 0.021897906693637
0.700550767466359 0.021510151587890
0.711774256333962 0.021109635858550
0.722869177888269 0.020693899823534
0.733828796446293 0.020259413525860
0.744646458466962 0.019802368781292
0.755315596590453 0.019319583100277
0.765829733625218 0.018808403114053
0.776182486480253 0.018266583073592
0.786367570040253 0.017692185720019
0.796378800981277 0.017083735535251
0.806210101524625 0.016441039668804
0.815855503126625 0.015767382407141
0.825309150102121 0.015069644462546
0.834565303179429 0.014354056393695
0.843618342984631 0.013626397335241
0.852462773453073 0.012892110626241
0.861093225166005 0.012156182591063
0.869504458610330 0.011423188697468
0.877691367359497 0.010697290044221
0.885648981173590 0.009982236246876
0.893372469016742 0.009281376551133
0.900857141990033 0.008597669651385
0.908098456178111 0.007933702713908
0.915092015407775 0.007291697180346
0.921833573916883 0.006673534478464
0.928319038931931 0.006080773712603
0.934544473152764 0.005514668160398
0.940506097142892 0.004976190913683
0.946200291623974 0.004466055568258
0.951623599673064 0.003984738468200
0.956772728821300 0.003532505115978
0.961644553052745 0.003109435380308
0.966236114702178 0.002715442791439
0.970544626250686 0.002350303648167
0.974567472017951 0.002013678022499
0.978302209750220 0.001705133336632
0.981746572102991 0.001424169542380
0.984898468017505 0.001170238093354
0.987755983990218 0.000942763224060
0.990317385234489 0.000741159608016
0.992581116733753 0.000564857705478
0.994545804185573 0.000413307967312
0.996210254835968 0.000286008236938
0.997573458203532 0.000182506603484
0.998634586692894 0.000102421499343
0.999392996097145 0.000045444001438
0.999848225988936 0.000011349205264
1.000000000000000 0.000000000000000
