1.000000000000000 0.000000000000000
0.999848225988936 0.000042020249291
0.999392996097145 0.000168054475198
0.998634586692894 0.000378037654668
0.997573458203532 0.000671856170967
0.996210254835968 0.001049352158966
0.994545804185573 0.001510317871931
0.992581116733753 0.002054499613756
0.990317385234489 0.002681601478283
0.987755983990218 0.003391264468333
0.984898468017505 0.004183089415960
0.981746572102992 0.005056615758828
0.978302209750220 0.006011344155986
0.974567472017951 0.007046695415423
0.970544626250686 0.008162057306266
0.966236114702178 0.009356738370591
0.961644553052745 0.010629990107631
0.956772728821300 0.011981009540760
0.951623599673064 0.013408912392208
0.946200291623974 0.014912755150725
0.940506097142892 0.016491527787719
0.934544473152764 0.018144131849960
0.928319038931931 0.019869417217006
0.921833573916883 0.021666131023699
0.915092015407775 0.023532969577243
0.908098456178111 0.025468534775535
0.900857141990033 0.027471346582023
0.893372469016742 0.029539497633858
0.885648981173590 0.031668836346096
0.877691367359497 0.033853875952665
0.869504458610330 0.036088415043241
0.861093225166005 0.038365555685873
0.852462773453074 0.040677665901460
0.843618342984631 0.043016384784558
0.834565303179429 0.045372646353771
0.825309150102121 0.047736621439419
0.815855503126625 0.050097957031304
0.806210101524625 0.052445457345378
0.796378800981277 0.054767006691647
0.786367570040253 0.057055641482344
0.776182486480253 0.059308436257715
0.765829733625218 0.061524566296579
0.755315596590453 0.063703510377460
0.744646458466962 0.065844925744310
0.733828796446293 0.067948969786935
0.722869177888269 0.070016269594370
0.711774256333962 0.072047907035761
0.700550767466359 0.074045044490939
0.689205525021155 0.076008460395266
0.677745416650159 0.077935188641566
0.666177399739830 0.079820369367897
0.654508497187474 0.081659440026744
0.642745793137671 0.083447963567104
0.630896428681520 0.085181472983349
0.618967597521309 0.086855575502804
0.606966541603249 0.088466035918602
0.594900546720913 0.090008660999064
0.582776938092065 0.091479098385549
0.570603075911546 0.092873013295833
0.558386350882928 0.094186045240438
0.546134179731651 0.095413975325774
0.533854000702354 0.096552908792154
0.521553269043148 0.097599095210923
0.509239452479565 0.098548456614298
0.496920026680931 0.099397376704125
0.484602470721915 0.100145872294098
0.472294262542015 0.100795890264612
0.460002874405729 0.101350642798820
0.447735768366173 0.101814160320820
0.435500391734898 0.102190208753624
0.423304172560657 0.102482362301253
0.411154515119866 0.102695029905116
0.399058795421495 0.102833335602726
0.387024356729126 0.102896332659027
0.375058505102885 0.102875127941819
0.363168504963959 0.102759830307500
0.351361574684399 0.102539692866635
0.339644882204872 0.102204964192964
0.328025540683036 0.101747290448114
0.316510604175164 0.101158329314268
0.305107063353660 0.100429333170718
0.293821841263048 0.099556603255421
0.282661789117018 0.098543287146305
0.271633682139080 0.097396940159175
0.260744215449357 0.096129064264160
0.250000000000000 0.094750251632779
0.239407558561708 0.093270272094179
0.228973321763775 0.091698883551429
0.218703624190088 0.090045948917254
0.208604700533420 0.088321742387010
0.198682681810372 0.086534602483242
0.188943591639263 0.084689223125350
0.179393342583211 0.082780483496515
0.170037732560639 0.080800304556964
0.160882441325383 0.078743674841338
0.151933027018537 0.076605907322562
0.143194922794124 0.074386323414124
0.134673433520653 0.072093053893649
0.126373732560555 0.069738198112629
0.118300858629449 0.067334479757678
0.110459712737165 0.064893853463989
0.102855055212357 0.062428187149937
0.095491502812526 0.059948125463717
0.088373525921206 0.057449482765371
0.081505445834011 0.054920834067146
0.074891432135193 0.052352983344284
0.068535500166305 0.049744326965422
0.062441508588504 0.047106535095292
0.056613157039969 0.044456140396366
0.051053983889871 0.041810316118876
0.045767364090238 0.039185947841421
0.040756507127039 0.036596311311672
0.036024455071713 0.034051928411188
0.031574080734345 0.031562751414911
0.027408085919590 0.029138379087939
0.023528999786422 0.026787117199796
0.019939177312686 0.024475171877180
0.016640797865406 0.022148680451934
0.013635863877698 0.019799534981987
0.010926199633097 0.017457451257194
0.008513450158049 0.015152255171405
0.006399080223216 0.012898681549977
0.004584373454220 0.010706581564256
0.003070431552363 0.008583073006386
0.001858173625785 0.006533597900314
0.000948335631478 0.004562535082838
0.000341469928489 0.002673441980891
0.000000000000000 0.000000000000000
0.000037944942585 -0.000847308121269
0.000341469928489 -0.002474277589124
0.000948335631478 -0.004040028691670
0.001858173625785 -0.005591017749035
0.003070431552363 -0.007132203183927
0.004584373454220 -0.008658191777630
0.006399080223216 -0.010159051460777
0.008513450158049 -0.011620287028523
0.010926199633097 -0.013020499789023
0.013635863877698 -0.014326019044016
0.016640797865406 -0.015490450671863
0.019939177312686 -0.016485407257385
0.023528999786422 -0.017321446992783
0.027408085919590 -0.018054428440056
0.031574080734345 -0.018722941666603
0.036024455071713 -0.019319896409900
0.040756507127038 -0.019839961773111
0.045767364090238 -0.020280157411114
0.051053983889871 -0.020640765299914
0.056613157039969 -0.020918222173286
0.062441508588504 -0.021093787620559
0.068535500166305 -0.021143676385043
0.074891432135193 -0.021040719283033
0.081505445834011 -0.020768299541646
0.088373525921206 -0.020347707208083
0.095491502812526 -0.019828796762671
0.102855055212357 -0.019271057130218
0.110459712737165 -0.018716438154045
0.118300858629448 -0.018160367337710
0.126373732560555 -0.017593365875292
0.134673433520653 -0.017003818238544
0.143194922794124 -0.016377782602544
0.151933027018537 -0.015699686152193
0.160882441325383 -0.014956793292314
0.170037732560639 -0.014148570230869
0.179393342583211 -0.013276962829057
0.188943591639263 -0.012344286435973
0.198682681810372 -0.011353694171092
0.208604700533419 -0.010308902925840
0.218703624190088 -0.009214182018457
0.228973321763775 -0.008074352432588
0.239407558561707 -0.006894876667833
0.250000000000000 -0.005681881497566
0.260744215449356 -0.004442160698243
0.271633682139079 -0.003183027114745
0.282661789117018 -0.001912253695561
0.293821841263048 -0.000638699904428
0.305107063353660 0.000628589300123
0.316510604175164 0.001884997885582
0.328025540683036 0.003128087720933
0.339644882204872 0.004356737159287
0.351361574684399 0.005570096562979
0.363168504963958 0.006767031415513
0.375058505102884 0.007946501681279
0.387024356729126 0.009107768167872
0.399058795421495 0.010249889337467
0.411154515119865 0.011371347361950
0.423304172560657 0.012469997018015
0.435500391734898 0.013542494692720
0.447735768366173 0.014585457708786
0.460002874405729 0.015595746142818
0.472294262542015 0.016570281653333
0.484602470721915 0.017506006793494
0.496920026680931 0.018399929312062
0.509239452479565 0.019249135177498
0.521553269043148 0.020050799940524
0.533854000702354 0.020802159897932
0.546134179731651 0.021500570597210
0.558386350882928 0.022143516225128
0.570603075911545 0.022728672976925
0.582776938092065 0.023254032064913
0.594900546720913 0.023717691988824
0.606966541603249 0.024117386394455
0.618967597521309 0.024450636869309
0.630896428681520 0.024713935560636
0.642745793137671 0.024903745375291
0.654508497187474 0.025017026555416
0.666177399739830 0.025051175166406
0.677745416650159 0.025004086471063
0.689205525021155 0.024873773857523
0.700550767466359 0.024658016691120
0.711774256333962 0.024359182643775
0.722869177888269 0.023986554073598
0.733828796446293 0.023550659698810
0.744646458466962 0.023062411006743
0.755315596590453 0.022531944572448
0.765829733625218 0.021968749410170
0.776182486480253 0.021381786314112
0.786367570040253 0.020779631052839
0.796378800981277 0.020170208975968
0.806210101524625 0.019559616655799
0.815855503126625 0.018948491177132
0.825309150102121 0.018332016190899
0.834565303179429 0.017706419946891
0.843618342984631 0.017068640999878
0.852462773453073 0.016416169935640
0.861093225166005 0.015747188740339
0.869504458610330 0.015060496452852
0.877691367359497 0.014355500776512
0.885648981173590 0.013632201776717
0.893372469016742 0.012891139643489
0.900857141990033 0.012133419608612
0.908098456178111 0.011362132750754
0.915092015407775 0.010584697267362
0.921833573916883 0.009808506230827
0.928319038931931 0.009040140094043
0.934544473152764 0.008285387336543
0.940506097142892 0.007549302423009
0.946200291623974 0.006836234178620
0.951623599673064 0.006149881823552
0.956772728821300 0.005493341509692
0.961644553052745 0.004869156757025
0.966236114702178 0.004279372016994
0.970544626250686 0.003725577176180
0.974567472017951 0.003208977558068
0.978302209750220 0.002730426666670
0.981746572102991 0.002290491089823
0.984898468017505 0.001889482693917
0.987755983990218 0.001527529644739
0.990317385234489 0.001204592558269
0.992581116733753 0.000920528093943
0.994545804185573 0.000675111247479
0.996210254835968 0.000468081734157
0.997573458203532 0.000299162515928
0.998634586692894 0.000168091677335
0.999392996097145 0.000074646675051
0.999848225988936 0.000018652028239
1.000000000000000 0.000000000000000
