1.000000000000000 0.000000000000000
0.999848225988936 0.000057659314781
0.999392996097145 0.000230470029879
0.998634586692894 0.000517872699251
0.997573458203532 0.000918985912093
0.996210254835968 0.001432561034969
0.994545804185573 0.002057018755768
0.992581116733753 0.002790462028293
0.990317385234489 0.003630710985115
0.987755983990218 0.004575275734371
0.984898468017505 0.005621441239102
0.981746572102992 0.006766244694955
0.978302209750220 0.008006538167227
0.974567472017951 0.009339001681249
0.970544626250686 0.010760176959649
0.966236114702178 0.012266508310577
0.961644553052745 0.013854353811927
0.956772728821300 0.015520064141136
0.951623599673064 0.017259958684523
0.946200291623974 0.019070422298422
0.940506097142892 0.020947882469122
0.934544473152764 0.022888892688890
0.928319038931931 0.024890121725765
0.921833573916883 0.026948417642784
0.915092015407775 0.029060830154374
0.908098456178111 0.031224638165437
0.900857141990033 0.033437370144751
0.893372469016742 0.035696849695577
0.885648981173590 0.038001197550076
0.877691367359497 0.040348446109185
0.869504458610330 0.042736447852043
0.861093225166005 0.045163200424575
0.852462773453074 0.047626944967334
0.843618342984631 0.050126167680923
0.834565303179429 0.052659614868363
0.825309150102121 0.055226299373434
0.815855503126625 0.057825471178226
0.806210101524625 0.060456655551076
0.796378800981277 0.063120000982853
0.786367570040253 0.065814894861845
0.776182486480253 0.068538289133245
0.765829733625218 0.071281133093942
0.755315596590453 0.074032861413872
0.744646458466962 0.076782849911109
0.733828796446293 0.079519737477009
0.722869177888269 0.082231633548636
0.711774256333962 0.084906542423407
0.700550767466359 0.087531580499371
0.689205525021155 0.090092947135033
0.677745416650159 0.092583201935600
0.666177399739830 0.095001481564055
0.654508497187474 0.097349088292806
0.642745793137671 0.099628714319303
0.630896428681520 0.101842703639643
0.618967597521309 0.103993481965084
0.606966541603249 0.106085162537245
0.594900546720913 0.108122230474595
0.582776938092065 0.110103322707408
0.570603075911546 0.112023467730857
0.558386350882928 0.113872946060854
0.546134179731651 0.115639166297034
0.533854000702354 0.117310750191575
0.521553269043148 0.118877388925114
0.509239452479565 0.120328127669196
0.496920026680931 0.121651386968208
0.484602470721915 0.122839720781288
0.472294262542015 0.123891806676214
0.460002874405729 0.124808090010556
0.447735768366173 0.125591507630509
0.435500391734898 0.126245327032253
0.423304172560657 0.126772375018803
0.411154515119866 0.127175607215940
0.399058795421495 0.127458499354091
0.387024356729126 0.127624246760911
0.375058505102885 0.127671811824778
0.363168504963959 0.127598392978877
0.351361574684399 0.127401368963037
0.339644882204872 0.127078420745585
0.328025540683036 0.126627781694538
0.316510604175164 0.126048213560387
0.305107063353660 0.125338751154708
0.293821841263048 0.124498841662975
0.282661789117018 0.123530301868264
0.271633682139080 0.122436986008527
0.260744215449357 0.121223409300913
0.250000000000000 0.119894589616306
0.239407558561708 0.118455759901832
0.228973321763775 0.116912316480882
0.218703624190088 0.115269586176656
0.208604700533420 0.113533359799333
0.198682681810372 0.111710852205830
0.188943591639263 0.109804874710111
0.179393342583211 0.107810049372880
0.170037732560639 0.105719532889267
0.160882441325383 0.103526378895190
0.151933027018537 0.101224651978443
0.143194922794124 0.098813410070441
0.134673433520653 0.096299084214393
0.126373732560555 0.093695874227389
0.118300858629449 0.091019442607729
0.110459712737165 0.088284071010430
0.102855055212357 0.085505532455800
0.095491502812526 0.082694182731101
0.088373525921206 0.079834780449363
0.081505445834011 0.076875806335225
0.074891432135193 0.073770153541165
0.068535500166305 0.070490527155666
0.062441508588504 0.067059105180079
0.056613157039969 0.063525488123138
0.051053983889871 0.059936253432973
0.045767364090238 0.056332108701055
0.040756507127039 0.052726031475298
0.036024455071713 0.049111816317621
0.031574080734345 0.045486553640833
0.027408085919590 0.041848902457648
0.023528999786422 0.038199754730465
0.019939177312686 0.034551339362705
0.016640797865406 0.030941336768350
0.013635863877698 0.027423598606418
0.010926199633097 0.024057742053976
0.008513450158049 0.020849213436129
0.006399080223216 0.017768244110588
0.004584373454220 0.014796028908764
0.003070431552363 0.011920292944156
0.001858173625785 0.009132798662107
0.000948335631478 0.006427673734484
0.000341469928489 0.003800658007152
0.000000000000000 0.000000000000000
0.000037944942585 -0.001230677421006
0.000341469928489 -0.003656886770981
0.000948335631478 -0.006105587690005
0.001858173625785 -0.008584708961849
0.003070431552363 -0.011079573312226
0.004584373454220 -0.013569922057101
0.006399080223216 -0.016030571596331
0.008513450158049 -0.018430002361471
0.010926199633097 -0.020728100125130
0.013635863877698 -0.022872176144551
0.016640797865406 -0.024828699202038
0.019939177312686 -0.026610094902157
0.023528999786422 -0.028253860812862
0.027408085919590 -0.029814863230756
0.031574080734345 -0.031310502357191
0.036024455071713 -0.032720900731408
0.040756507127038 -0.034028896678337
0.045767364090238 -0.035218584672240
0.051053983889871 -0.036275430183639
0.056613157039969 -0.037193787341797
0.062441508588504 -0.037985229696329
0.068535500166305 -0.038671854498663
0.074891432135193 -0.039288216865862
0.081505445834011 -0.039859045414657
0.088373525921206 -0.040375564475843
0.095491502812526 -0.040811222349982
0.102855055212357 -0.041142378626906
0.110459712737165 -0.041355403241041
0.118300858629448 -0.041455275660347
0.126373732560555 -0.041450095629795
0.134673433520653 -0.041350415202406
0.143194922794124 -0.041171043652075
0.151933027018537 -0.040929828638115
0.160882441325383 -0.040638116428204
0.170037732560639 -0.040302293026143
0.179393342583211 -0.039926435260725
0.188943591639263 -0.039516729565172
0.198682681810372 -0.039080152555331
0.208604700533419 -0.038623063400046
0.218703624190088 -0.038147640682451
0.228973321763775 -0.037655067932757
0.239407558561707 -0.037146942874733
0.250000000000000 -0.036625016214414
0.260744215449356 -0.036091173684289
0.271633682139079 -0.035547421054450
0.282661789117018 -0.034996009373503
0.293821841263048 -0.034439572671640
0.305107063353660 -0.033880059654260
0.316510604175164 -0.033318181622233
0.328025540683036 -0.032754090360441
0.339644882204872 -0.032187427255333
0.351361574684399 -0.031617907820050
0.363168504963958 -0.031045316230601
0.375058505102884 -0.030469332201984
0.387024356729126 -0.029889557534675
0.399058795421495 -0.029305784145182
0.411154515119865 -0.028717968658074
0.423304172560657 -0.028126447021894
0.435500391734898 -0.027531847686927
0.447735768366173 -0.026934750661362
0.460002874405729 -0.026335684608987
0.472294262542015 -0.025735210907668
0.484602470721915 -0.025133923971048
0.496920026680931 -0.024532360994591
0.509239452479565 -0.023930984099120
0.521553269043148 -0.023330185877485
0.533854000702354 -0.022730256839666
0.546134179731651 -0.022131491803128
0.558386350882928 -0.021534207691582
0.570603075911545 -0.020938716878550
0.582776938092065 -0.020345323452832
0.594900546720913 -0.019754336934074
0.606966541603249 -0.019166095052422
0.618967597521309 -0.018580943255139
0.630896428681520 -0.017999251025220
0.642745793137671 -0.017421386207551
0.654508497187474 -0.016847706922770
0.666177399739830 -0.016278569414220
0.677745416650159 -0.015714330659782
0.689205525021155 -0.015155341121119
0.700550767466359 -0.014601948103619
0.711774256333962 -0.014054497705711
0.722869177888269 -0.013513333161888
0.733828796446293 -0.012978791567698
0.744646458466962 -0.012451206957031
0.755315596590453 -0.011930908686536
0.765829733625218 -0.011418217251416
0.776182486480253 -0.010913451685149
0.786367570040253 -0.010416924218931
0.796378800981277 -0.009928939004906
0.806210101524625 -0.009449769461193
0.815855503126625 -0.008979675569302
0.825309150102121 -0.008518908582353
0.834565303179429 -0.008067720653903
0.843618342984631 -0.007626362964563
0.852462773453073 -0.007195081749651
0.861093225166005 -0.006774123080612
0.869504458610330 -0.006363727354558
0.877691367359497 -0.005964135142410
0.885648981173590 -0.005575580825651
0.893372469016742 -0.005198300559816
0.900857141990033 -0.004832557748104
0.908098456178111 -0.004478635291732
0.915092015407775 -0.004136796404867
0.921833573916883 -0.003807290137485
0.928319038931931 -0.003490350155512
0.934544473152764 -0.003186193258941
0.940506097142892 -0.002895021960478
0.946200291623974 -0.002617023999604
0.951623599673064 -0.002352372900421
0.956772728821300 -0.002101229035570
0.961644553052745 -0.001863739842475
0.966236114702178 -0.001640040024137
0.970544626250686 -0.001430255110076
0.974567472017951 -0.001234494675769
0.978302209750220 -0.001052862064576
0.981746572102991 -0.000885449107885
0.984898468017505 -0.000732336937100
0.987755983990218 -0.000593600058265
0.990317385234489 -0.000469302492567
0.992581116733753 -0.000359499815128
0.994545804185573 -0.000264243119221
0.996210254835968 -0.000183572744944
0.997573458203532 -0.000117522796043
0.998634586692894 -0.000066122426491
0.999392996097145 -0.000029393318127
0.999848225988936 -0.000007348866709
1.000000000000000 0.000000000000000
