1.000000000000000 0.000000000000000
0.999848225988936 0.000049429451353
0.999392996097145 0.000197835571362
0.998634586692894 0.000445545538229
0.997573458203532 0.000793115069510
0.996210254835968 0.001241283860050
0.994545804185573 0.001790964902835
0.992581116733753 0.002443210409287
0.990317385234489 0.003199177476285
0.987755983990218 0.004060082073916
0.984898468017505 0.005027141351525
0.981746572102992 0.006101534186825
0.978302209750220 0.007284327170621
0.974567472017951 0.008576401473629
0.970544626250686 0.009978387425157
0.966236114702178 0.011490595627951
0.961644553052745 0.013112914306597
0.956772728821300 0.014844740702038
0.951623599673064 0.016684892547179
0.946200291623974 0.018631524923725
0.940506097142892 0.020682015882000
0.934544473152764 0.022832928328481
0.928319038931931 0.025079886722200
0.921833573916883 0.027417519935266
0.915092015407775 0.029839402692695
0.908098456178111 0.032337946871243
0.900857141990033 0.034904419423581
0.893372469016742 0.037528850353623
0.885648981173590 0.040200025159273
0.877691367359497 0.042905525023697
0.869504458610330 0.045631445584653
0.861093225166005 0.048364005906317
0.852462773453074 0.051094110328454
0.843618342984631 0.053817688861201
0.834565303179429 0.056530614654362
0.825309150102121 0.059229186487196
0.815855503126625 0.061910108900760
0.806210101524625 0.064570423055343
0.796378800981277 0.067207560552389
0.786367570040253 0.069819320687218
0.776182486480253 0.072403895609866
0.765829733625218 0.074959819794495
0.755315596590453 0.077485408095083
0.744646458466962 0.079978623801513
0.733828796446293 0.082437693592192
0.722869177888269 0.084861135339645
0.711774256333962 0.087247748907230
0.700550767466359 0.089596630371949
0.689205525021155 0.091907185377669
0.677745416650159 0.094179008057233
0.666177399739830 0.096411754736477
0.654508497187474 0.098603281966570
0.642745793137671 0.100750058723596
0.630896428681520 0.102848672170035
0.618967597521309 0.104895873984793
0.606966541603249 0.106888495244466
0.594900546720913 0.108823489248857
0.582776938092065 0.110697931783835
0.570603075911546 0.112509035286544
0.558386350882928 0.114254163260769
0.546134179731651 0.115930830354736
0.533854000702354 0.117536689639701
0.521553269043148 0.119069537457162
0.509239452479565 0.120527399048500
0.496920026680931 0.121908550958009
0.484602470721915 0.123211279623566
0.472294262542015 0.124433683253371
0.460002874405729 0.125573721266300
0.447735768366173 0.126628675889068
0.435500391734898 0.127595898556518
0.423304172560657 0.128473062858042
0.411154515119866 0.129258146055152
0.399058795421495 0.129949578318853
0.387024356729126 0.130546052703563
0.375058505102885 0.131045425643614
0.363168504963959 0.131445116418910
0.351361574684399 0.131742404533238
0.339644882204872 0.131934531458037
0.328025540683036 0.132019071107856
0.316510604175164 0.131993971564013
0.305107063353660 0.131858380787042
0.293821841263048 0.131612737272825
0.282661789117018 0.131254139042154
0.271633682139080 0.130775168174854
0.260744215449357 0.130166301553576
0.250000000000000 0.129415815508467
0.239407558561708 0.128513820659278
0.228973321763775 0.127452428936022
0.218703624190088 0.126224768670157
0.208604700533420 0.124825080870519
0.198682681810372 0.123249528992712
0.188943591639263 0.121495059782457
0.179393342583211 0.119557112864514
0.170037732560639 0.117431025469418
0.160882441325383 0.115112107353568
0.151933027018537 0.112595422651147
0.143194922794124 0.109878584066764
0.134673433520653 0.106968259818376
0.126373732560555 0.103882090690149
0.118300858629449 0.100644958018652
0.110459712737165 0.097279437351497
0.102855055212357 0.093809808253599
0.095491502812526 0.090256837451321
0.088373525921206 0.086606677759345
0.081505445834011 0.082749082038620
0.074891432135193 0.078548646371886
0.068535500166305 0.073876312739518
0.062441508588504 0.068832162190036
0.056613157039969 0.063738683831749
0.051053983889871 0.058896226403742
0.045767364090238 0.054519639063824
0.040756507127039 0.050547632939181
0.036024455071713 0.046798508329915
0.031574080734345 0.043134882070438
0.027408085919590 0.039440239264602
0.023528999786422 0.035593405770366
0.019939177312686 0.031566989326962
0.016640797865406 0.027571093720278
0.013635863877698 0.023832157830110
0.010926199633097 0.020476887370673
0.008513450158049 0.017445391573429
0.006399080223216 0.014643841469868
0.004584373454220 0.012024306691807
0.003070431552363 0.009558796221247
0.001858173625785 0.007229384233919
0.000948335631478 0.005023865771390
0.000341469928489 0.002933476861105
0.000000000000000 0.000000000000000
0.000037944942585 -0.000926424124922
0.000341469928489 -0.002704514934449
0.000948335631478 -0.004387914754425
0.001858173625785 -0.006014416546311
0.003070431552363 -0.007609689534106
0.004584373454220 -0.009165604397782
0.006399080223216 -0.010660699102849
0.008513450158049 -0.012061938010187
0.010926199633097 -0.013320545539746
0.013635863877698 -0.014361008085335
0.016640797865406 -0.015107507488667
0.019939177312686 -0.015552891907634
0.023528999786422 -0.015751711402184
0.027408085919590 -0.015816229310025
0.031574080734345 -0.015810261540911
0.036024455071713 -0.015739461580380
0.040756507127038 -0.015618787618971
0.045767364090238 -0.015471689243625
0.051053983889871 -0.015331408636497
0.056613157039969 -0.015219161671892
0.062441508588504 -0.015128723480451
0.068535500166305 -0.015049124591415
0.074891432135193 -0.014964671047368
0.081505445834011 -0.014865552824368
0.088373525921206 -0.014753244184397
0.095491502812526 -0.014632875542266
0.102855055212357 -0.014509081280027
0.110459712737165 -0.014383915824318
0.118300858629448 -0.014256836699783
0.126373732560555 -0.014127475015748
0.134673433520653 -0.013995301391224
0.143194922794124 -0.013859581953621
0.151933027018537 -0.013719721849271
0.160882441325383 -0.013575554211019
0.170037732560639 -0.013427371529402
0.179393342583211 -0.013275498886091
0.188943591639263 -0.013120271865872
0.198682681810372 -0.012962075582023
0.208604700533419 -0.012801115915765
0.218703624190088 -0.012637495623817
0.228973321763775 -0.012471282618636
0.239407558561707 -0.012302547744280
0.250000000000000 -0.012131363791764
0.260744215449356 -0.011957800508119
0.271633682139079 -0.011781922768070
0.282661789117018 -0.011603792526929
0.293821841263048 -0.011423480886963
0.305107063353660 -0.011241069937563
0.316510604175164 -0.011056673927174
0.328025540683036 -0.010870420518129
0.339644882204872 -0.010682434883360
0.351361574684399 -0.010492842653871
0.363168504963958 -0.010301772312496
0.375058505102884 -0.010109354505518
0.387024356729126 -0.009915721167903
0.399058795421495 -0.009721000667098
0.411154515119865 -0.009525309859487
0.423304172560657 -0.009328764299594
0.435500391734898 -0.009131479554725
0.447735768366173 -0.008933571562130
0.460002874405729 -0.008735156406930
0.472294262542015 -0.008536350780442
0.484602470721915 -0.008337271212927
0.496920026680931 -0.008138035949148
0.509239452479565 -0.007938765900378
0.521553269043148 -0.007739582529908
0.533854000702354 -0.007540607208871
0.546134179731651 -0.007341961141869
0.558386350882928 -0.007143765283061
0.570603075911545 -0.006946140632229
0.582776938092065 -0.006749207474918
0.594900546720913 -0.006553085795366
0.606966541603249 -0.006357895062536
0.618967597521309 -0.006163754261476
0.630896428681520 -0.005970781948723
0.642745793137671 -0.005779094909151
0.654508497187474 -0.005588810550086
0.666177399739830 -0.005400044545451
0.677745416650159 -0.005212911853236
0.689205525021155 -0.005027526228389
0.700550767466359 -0.004844000092957
0.711774256333962 -0.004662444129526
0.722869177888269 -0.004482968771210
0.733828796446293 -0.004305682704296
0.744646458466962 -0.004130693327307
0.755315596590453 -0.003958106471126
0.765829733625218 -0.003788026991049
0.776182486480253 -0.003620557748369
0.786367570040253 -0.003455800570915
0.796378800981277 -0.003293855368354
0.806210101524625 -0.003134820718325
0.815855503126625 -0.002978792853401
0.825309150102121 -0.002825866896457
0.834565303179429 -0.002676135598550
0.843618342984631 -0.002529689786057
0.852462773453073 -0.002386618650958
0.861093225166005 -0.002247009099176
0.869504458610330 -0.002110945634763
0.877691367359497 -0.001978510912751
0.885648981173590 -0.001849785368049
0.893372469016742 -0.001724847457240
0.900857141990033 -0.001603772501165
0.908098456178111 -0.001486634331895
0.915092015407775 -0.001373503843272
0.921833573916883 -0.001264449925077
0.928319038931931 -0.001159538724593
0.934544473152764 -0.001058833791282
0.940506097142892 -0.000962396364095
0.946200291623974 -0.000870285001115
0.951623599673064 -0.000782555345567
0.956772728821300 -0.000699261300012
0.961644553052745 -0.000620452632296
0.966236114702178 -0.000546178034564
0.970544626250686 -0.000476481760288
0.974567472017951 -0.000411406659170
0.978302209750220 -0.000350992173636
0.981746572102991 -0.000295274687791
0.984898468017505 -0.000244288398060
0.987755983990218 -0.000198064061371
0.990317385234489 -0.000156629847629
0.992581116733753 -0.000120010854587
0.994545804185573 -0.000088229345457
0.996210254835968 -0.000061304562848
0.997573458203532 -0.000039252658001
0.998634586692894 -0.000022087407318
0.999392996097145 -0.000009819284522
0.999848225988936 -0.000002455120834
1.000000000000000 0.000000000000000
