1.000000000000000 0.000000000000000
0.999848225988936 0.000006603675974
0.999392996097145 0.000026870637162
0.998634586692894 0.000062010315054
0.997573458203532 0.000113503132512
0.996210254835968 0.000182301221141
0.994545804185573 0.000267875421234
0.992581116733753 0.000369388450409
0.990317385234489 0.000486320017657
0.987755983990218 0.000617838676536
0.984898468017505 0.000763600136468
0.981746572102992 0.000923515050580
0.978302209750220 0.001098408571148
0.974567472017951 0.001290876145882
0.970544626250686 0.001504648506726
0.966236114702178 0.001742093317480
0.961644553052745 0.002004235527090
0.956772728821300 0.002292264154659
0.951623599673064 0.002608289006105
0.946200291623974 0.002954886282599
0.940506097142892 0.003333303016577
0.934544473152764 0.003742313029066
0.928319038931931 0.004179803701456
0.921833573916883 0.004643295004757
0.915092015407775 0.005129749365152
0.908098456178111 0.005635794260377
0.900857141990033 0.006158867518160
0.893372469016742 0.006696203309249
0.885648981173590 0.007248286204294
0.877691367359497 0.007819699356588
0.869504458610330 0.008416218898389
0.861093225166005 0.009043101232026
0.852462773453074 0.009705433272139
0.843618342984631 0.010406815211991
0.834565303179429 0.011144544892068
0.825309150102121 0.011914263044750
0.815855503126625 0.012712677305587
0.806210101524625 0.013538035177278
0.796378800981277 0.014388269624624
0.786367570040253 0.015260081360141
0.776182486480253 0.016149393829103
0.765829733625218 0.017052941003987
0.755315596590453 0.017968301252571
0.744646458466962 0.018894045594624
0.733828796446293 0.019830347266238
0.722869177888269 0.020777991523299
0.711774256333962 0.021737673976128
0.700550767466359 0.022707238803003
0.689205525021155 0.023681695091373
0.677745416650159 0.024658680151095
0.666177399739830 0.025637354575609
0.654508497187474 0.026616023295853
0.642745793137671 0.027591188758992
0.630896428681520 0.028553536999287
0.618967597521309 0.029493760986838
0.606966541603249 0.030407562665409
0.594900546720913 0.031291804942463
0.582776938092065 0.032143896141347
0.570603075911546 0.032961300342970
0.558386350882928 0.033741323789456
0.546134179731651 0.034480854859938
0.533854000702354 0.035175615553823
0.521553269043148 0.035821735347716
0.509239452479565 0.036417095456259
0.496920026680931 0.036960753668097
0.484602470721915 0.037454522833877
0.472294262542015 0.037901473653510
0.460002874405729 0.038307140229352
0.447735768366173 0.038677844428523
0.435500391734898 0.039020539109590
0.423304172560657 0.039341279965329
0.411154515119866 0.039640306715495
0.399058795421495 0.039914782537461
0.387024356729126 0.040155169085641
0.375058505102885 0.040349820408864
0.363168504963959 0.040487749554558
0.351361574684399 0.040559490138263
0.339644882204872 0.040560958517659
0.328025540683036 0.040493548079361
0.316510604175164 0.040373980592792
0.305107063353660 0.040219728613806
0.293821841263048 0.040038969643629
0.282661789117018 0.039835058423458
0.271633682139080 0.039605561366603
0.260744215449357 0.039345661032183
0.250000000000000 0.039049270967387
0.239407558561708 0.038716567673112
0.228973321763775 0.038352225534725
0.218703624190088 0.037964392022299
0.208604700533420 0.037564097857138
0.198682681810372 0.037163803962315
0.188943591639263 0.036765256894337
0.179393342583211 0.036349625041421
0.170037732560639 0.035872412268155
0.160882441325383 0.035311681206216
0.151933027018537 0.034668079657297
0.143194922794124 0.033956361033415
0.134673433520653 0.033187842635565
0.126373732560555 0.032373036566539
0.118300858629449 0.031521792189286
0.110459712737165 0.030642508373163
0.102855055212357 0.029742533939888
0.095491502812526 0.028826224455034
0.088373525921206 0.027891384764105
0.081505445834011 0.026935249924254
0.074891432135193 0.025957576928618
0.068535500166305 0.024960111092491
0.062441508588504 0.023944840431947
0.056613157039969 0.022909296118342
0.051053983889871 0.021850433193192
0.045767364090238 0.020767459055883
0.040756507127039 0.019660452060944
0.036024455071713 0.018531886843822
0.031574080734345 0.017382326901479
0.027408085919590 0.016211236251382
0.023528999786422 0.015022041383445
0.019939177312686 0.013817171592152
0.016640797865406 0.012602102592195
0.013635863877698 0.011380233903011
0.010926199633097 0.010144706528444
0.008513450158049 0.008901255875129
0.006399080223216 0.007639869963325
0.004584373454220 0.006336343148239
0.003070431552363 0.004988988371634
0.001858173625785 0.003644945587844
0.000948335631478 0.002413943435920
0.000341469928489 0.001363095918025
0.000000000000000 0.000000000000000
0.000037944942585 -0.000431494360271
0.000341469928489 -0.001363079824046
0.000948335631478 -0.002413941784026
0.001858173625785 -0.003644959336168
0.003070431552363 -0.004988988065715
0.004584373454220 -0.006336339304223
0.006399080223216 -0.007639864084080
0.008513450158049 -0.008901258309020
0.010926199633097 -0.010144703622598
0.013635863877698 -0.011380229699117
0.016640797865406 -0.012602099216617
0.019939177312686 -0.013817171247662
0.023528999786422 -0.015022040970615
0.027408085919590 -0.016211240801662
0.031574080734345 -0.017382328378784
0.036024455071713 -0.018531889854087
0.040756507127038 -0.019660455237519
0.045767364090238 -0.020767459051613
0.051053983889871 -0.021850432775997
0.056613157039969 -0.022909297683702
0.062441508588504 -0.023944843828120
0.068535500166305 -0.024960112494777
0.074891432135193 -0.025957577442538
0.081505445834011 -0.026935251827746
0.088373525921206 -0.027891384547841
0.095491502812526 -0.028826224084657
0.102855055212357 -0.029742534594270
0.110459712737165 -0.030642509361415
0.118300858629448 -0.031521792311030
0.126373732560555 -0.032373037155504
0.134673433520653 -0.033187843573054
0.143194922794124 -0.033956360873487
0.151933027018537 -0.034668080603266
0.160882441325383 -0.035311681769475
0.170037732560639 -0.035872413115730
0.179393342583211 -0.036349625625374
0.188943591639263 -0.036765257157728
0.198682681810372 -0.037163804615281
0.208604700533419 -0.037564098153844
0.218703624190088 -0.037964392067915
0.228973321763775 -0.038352225965340
0.239407558561707 -0.038716568517944
0.250000000000000 -0.039049271869477
0.260744215449356 -0.039345661407487
0.271633682139079 -0.039605562230903
0.282661789117018 -0.039835059147758
0.293821841263048 -0.040038970171207
0.305107063353660 -0.040219729122042
0.316510604175164 -0.040373981157524
0.328025540683036 -0.040493548612618
0.339644882204872 -0.040560959082610
0.351361574684399 -0.040559490673637
0.363168504963958 -0.040487749985774
0.375058505102884 -0.040349821088222
0.387024356729126 -0.040155169486339
0.399058795421495 -0.039914783110787
0.411154515119865 -0.039640306944647
0.423304172560657 -0.039341280553987
0.435500391734898 -0.039020539647192
0.447735768366173 -0.038677845089801
0.460002874405729 -0.038307140865170
0.472294262542015 -0.037901474164395
0.484602470721915 -0.037454523316756
0.496920026680931 -0.036960754335544
0.509239452479565 -0.036417095224172
0.521553269043148 -0.035821734951424
0.533854000702354 -0.035175616410318
0.546134179731651 -0.034480855073111
0.558386350882928 -0.033741323845168
0.570603075911545 -0.032961300454959
0.582776938092065 -0.032143897446769
0.594900546720913 -0.031291804928638
0.606966541603249 -0.030407563059148
0.618967597521309 -0.029493761910209
0.630896428681520 -0.028553538022309
0.642745793137671 -0.027591189679293
0.654508497187474 -0.026616023922706
0.666177399739830 -0.025637354479264
0.677745416650159 -0.024658679550222
0.689205525021155 -0.023681694969429
0.700550767466359 -0.022707239663638
0.711774256333962 -0.021737674209372
0.722869177888269 -0.020777993102161
0.733828796446293 -0.019830347264222
0.744646458466962 -0.018894045881204
0.755315596590453 -0.017968301235049
0.765829733625218 -0.017052940260790
0.776182486480253 -0.016149394048930
0.786367570040253 -0.015260082992294
0.796378800981277 -0.014388268782490
0.806210101524625 -0.013538035761508
0.815855503126625 -0.012712676671521
0.825309150102121 -0.011914262506101
0.834565303179429 -0.011144545611254
0.843618342984631 -0.010406815516728
0.852462773453073 -0.009705433874419
0.861093225166005 -0.009043101433319
0.869504458610330 -0.008416219531169
0.877691367359497 -0.007819700213887
0.885648981173590 -0.007248285279630
0.893372469016742 -0.006696202758259
0.900857141990033 -0.006158868222776
0.908098456178111 -0.005635793232708
0.915092015407775 -0.005129749574533
0.921833573916883 -0.004643294682629
0.928319038931931 -0.004179803655998
0.934544473152764 -0.003742313228715
0.940506097142892 -0.003333302965948
0.946200291623974 -0.002954886211219
0.951623599673064 -0.002608288760811
0.956772728821300 -0.002292264473976
0.961644553052745 -0.002004235519944
0.966236114702178 -0.001742093203985
0.970544626250686 -0.001504648264611
0.974567472017951 -0.001290876796877
0.978302209750220 -0.001098408573693
0.981746572102991 -0.000923514812390
0.984898468017505 -0.000763600419741
0.987755983990218 -0.000617838500821
0.990317385234489 -0.000486319386265
0.992581116733753 -0.000369388726513
0.994545804185573 -0.000267875700078
0.996210254835968 -0.000182301957390
0.997573458203532 -0.000113503869066
0.998634586692894 -0.000062010404607
0.999392996097145 -0.000026870519834
0.999848225988936 -0.000006603472537
1.000000000000000 0.000000000000000
