1.000000000000000 0.000000000000000
0.999848225988936 0.000010355949324
0.999392996097145 0.000041724697068
0.998634586692894 0.000094983268318
0.997573458203532 0.000171548375556
0.996210254835968 0.000273294267222
0.994545804185573 0.000402439538299
0.992581116733753 0.000561421195781
0.990317385234489 0.000752721105398
0.987755983990218 0.000978672997746
0.984898468017505 0.001241312066132
0.981746572102992 0.001542958054164
0.978302209750220 0.001886208481635
0.974567472017951 0.002273540847966
0.970544626250686 0.002707209070162
0.966236114702178 0.003189297203897
0.961644553052745 0.003722092347610
0.956772728821300 0.004307793819998
0.951623599673064 0.004948354113137
0.946200291623974 0.005645399343580
0.940506097142892 0.006400493069351
0.934544473152764 0.007215291023994
0.928319038931931 0.008091193788204
0.921833573916883 0.009029283452165
0.915092015407775 0.010030355879322
0.908098456178111 0.011095272345088
0.900857141990033 0.012224883859926
0.893372469016742 0.013419727765029
0.885648981173590 0.014680031648139
0.877691367359497 0.016005797601639
0.869504458610330 0.017396949797666
0.861093225166005 0.018853152026430
0.852462773453074 0.020373727652364
0.843618342984631 0.021957711261421
0.834565303179429 0.023604117641683
0.825309150102121 0.025311966545098
0.815855503126625 0.027079996585738
0.806210101524625 0.028906640339173
0.796378800981277 0.030790109261330
0.786367570040253 0.032728418614425
0.776182486480253 0.034719329181727
0.765829733625218 0.036760326221663
0.755315596590453 0.038848639367020
0.744646458466962 0.040981559313274
0.733828796446293 0.043156306915897
0.722869177888269 0.045369896915973
0.711774256333962 0.047619126537493
0.700550767466359 0.049900566033628
0.689205525021155 0.052210562592549
0.677745416650159 0.054545261144943
0.666177399739830 0.056900644723640
0.654508497187474 0.059272583002012
0.642745793137671 0.061657001887573
0.630896428681520 0.064049760718957
0.618967597521309 0.066446640584454
0.606966541603249 0.068843263980313
0.594900546720913 0.071234956001211
0.582776938092065 0.073616941139432
0.570603075911546 0.075984382380874
0.558386350882928 0.078332412876891
0.546134179731651 0.080656106805727
0.533854000702354 0.082950580165657
0.521553269043148 0.085211032939177
0.509239452479565 0.087432658761851
0.496920026680931 0.089610267994340
0.484602470721915 0.091738641335808
0.472294262542015 0.093812643692509
0.460002874405729 0.095827245871236
0.447735768366173 0.097777228165430
0.435500391734898 0.099657363134829
0.423304172560657 0.101462609835444
0.411154515119866 0.103188128937784
0.399058795421495 0.104828868190236
0.387024356729126 0.106379534168881
0.375058505102885 0.107835051029398
0.363168504963959 0.109190536272637
0.351361574684399 0.110441028374127
0.339644882204872 0.111581075393368
0.328025540683036 0.112605488068114
0.316510604175164 0.113509227163366
0.305107063353660 0.114287567181045
0.293821841263048 0.114935746473406
0.282661789117018 0.115449010436555
0.271633682139080 0.115821757385956
0.260744215449357 0.116048489817915
0.250000000000000 0.116123349502848
0.239407558561708 0.116039654082009
0.228973321763775 0.115788531811100
0.218703624190088 0.115359417282479
0.208604700533420 0.114739614907002
0.198682681810372 0.113920877930098
0.188943591639263 0.112899306085667
0.179393342583211 0.111673854818178
0.170037732560639 0.110245660769345
0.160882441325383 0.108618074689204
0.151933027018537 0.106796678274298
0.143194922794124 0.104789299528421
0.134673433520653 0.102603481654731
0.126373732560555 0.100246276961135
0.118300858629449 0.097724037936613
0.110459712737165 0.095043943110248
0.102855055212357 0.092214565672785
0.095491502812526 0.089246195603107
0.088373525921206 0.086150197125082
0.081505445834011 0.082937802637438
0.074891432135193 0.079619069968609
0.068535500166305 0.076203140802947
0.062441508588504 0.072700721596855
0.056613157039969 0.069120936464609
0.051053983889871 0.065470879376845
0.045767364090238 0.061758746031751
0.040756507127039 0.057994176333167
0.036024455071713 0.054185294360975
0.031574080734345 0.050340541390032
0.027408085919590 0.046471412342614
0.023528999786422 0.042590448871870
0.019939177312686 0.038711143825392
0.016640797865406 0.034851423650060
0.013635863877698 0.031029331377074
0.010926199633097 0.027244798479579
0.008513450158049 0.023496799412261
0.006399080223216 0.019792657792194
0.004584373454220 0.016162257775549
0.003070431552363 0.012666843900251
0.001858173625785 0.009403982377038
0.000948335631478 0.006462638585358
0.000341469928489 0.003760951586557
0.000000000000000 0.000000000000000
0.000037944942585 -0.001196983006154
0.000341469928489 -0.003515389814175
0.000948335631478 -0.005669905414613
0.001858173625785 -0.007577357461018
0.003070431552363 -0.009170386189038
0.004584373454220 -0.010476775431582
0.006399080223216 -0.011584982176779
0.008513450158049 -0.012554298831443
0.010926199633097 -0.013448659324229
0.013635863877698 -0.014338048159323
0.016640797865406 -0.015224729531951
0.019939177312686 -0.016085465267776
0.023528999786422 -0.016904733415448
0.027408085919590 -0.017676260266567
0.031574080734345 -0.018396880046379
0.036024455071713 -0.019060143564922
0.040756507127038 -0.019661746105089
0.045767364090238 -0.020200701191014
0.051053983889871 -0.020677389154843
0.056613157039969 -0.021088670481112
0.062441508588504 -0.021431370798041
0.068535500166305 -0.021705396584296
0.074891432135193 -0.021913719195099
0.081505445834011 -0.022058866256511
0.088373525921206 -0.022142964308093
0.095491502812526 -0.022169893196544
0.102855055212357 -0.022146301953446
0.110459712737165 -0.022077590360874
0.118300858629448 -0.021964424380487
0.126373732560555 -0.021806195232698
0.134673433520653 -0.021603176769431
0.143194922794124 -0.021355958727016
0.151933027018537 -0.021064096439151
0.160882441325383 -0.020726169806777
0.170037732560639 -0.020341087579065
0.179393342583211 -0.019907861682460
0.188943591639263 -0.019427314703095
0.198682681810372 -0.018903153949427
0.208604700533419 -0.018340212209453
0.218703624190088 -0.017744136199039
0.228973321763775 -0.017120959273336
0.239407558561707 -0.016474621503522
0.250000000000000 -0.015808166615747
0.260744215449356 -0.015125137137669
0.271633682139079 -0.014428950182795
0.282661789117018 -0.013722582977009
0.293821841263048 -0.013007845939398
0.305107063353660 -0.012285855020025
0.316510604175164 -0.011558004726096
0.328025540683036 -0.010825867453726
0.339644882204872 -0.010091219996056
0.351361574684399 -0.009355986051453
0.363168504963958 -0.008622297917041
0.375058505102884 -0.007892174788855
0.387024356729126 -0.007167275834889
0.399058795421495 -0.006448997009657
0.411154515119865 -0.005738284637132
0.423304172560657 -0.005036094547239
0.435500391734898 -0.004343504089610
0.447735768366173 -0.003661697762240
0.460002874405729 -0.002992066125353
0.472294262542015 -0.002336005866626
0.484602470721915 -0.001694879006441
0.496920026680931 -0.001069898543354
0.509239452479565 -0.000461927711969
0.521553269043148 0.000128282012644
0.533854000702354 0.000700089320728
0.546134179731651 0.001252836081509
0.558386350882928 0.001785647635628
0.570603075911545 0.002297614040668
0.582776938092065 0.002787765627377
0.594900546720913 0.003255182581156
0.606966541603249 0.003699077956214
0.618967597521309 0.004118768030645
0.630896428681520 0.004513695291957
0.642745793137671 0.004883389458208
0.654508497187474 0.005227441397833
0.666177399739830 0.005545286243145
0.677745416650159 0.005835741136265
0.689205525021155 0.006097611114235
0.700550767466359 0.006329825107268
0.711774256333962 0.006531579302384
0.722869177888269 0.006702391449501
0.733828796446293 0.006842104711963
0.744646458466962 0.006950819397792
0.755315596590453 0.007028715783608
0.765829733625218 0.007076123249988
0.776182486480253 0.007093588437587
0.786367570040253 0.007081815852167
0.796378800981277 0.007041631626660
0.806210101524625 0.006973925306680
0.815855503126625 0.006879923576860
0.825309150102121 0.006761212932700
0.834565303179429 0.006619540524007
0.843618342984631 0.006456680762680
0.852462773453073 0.006274397942332
0.861093225166005 0.006074438212208
0.869504458610330 0.005858502010328
0.877691367359497 0.005628304189520
0.885648981173590 0.005385555162069
0.893372469016742 0.005132032521118
0.900857141990033 0.004869698856890
0.908098456178111 0.004600616504653
0.915092015407775 0.004326754774350
0.921833573916883 0.004050004688288
0.928319038931931 0.003772155782954
0.934544473152764 0.003494857183182
0.940506097142892 0.003219683814769
0.946200291623974 0.002948147038977
0.951623599673064 0.002681692832820
0.956772728821300 0.002421800660164
0.961644553052745 0.002169951721718
0.966236114702178 0.001927504719578
0.970544626250686 0.001695689778485
0.974567472017951 0.001475606287986
0.978302209750220 0.001268182130013
0.981746572102991 0.001074242621413
0.984898468017505 0.000894554179449
0.987755983990218 0.000729822207001
0.990317385234489 0.000580623990246
0.992581116733753 0.000447399341188
0.994545804185573 0.000330620065998
0.996210254835968 0.000230774362586
0.997573458203532 0.000148333648240
0.998634586692894 0.000083724507072
0.999392996097145 0.000037304114491
0.999848225988936 0.000009339817423
1.000000000000000 0.000000000000000
