1.000000000000000 0.000000000000000
0.999848225988936 0.000052457731261
0.999392996097145 0.000209456524821
0.998634586692894 0.000469879252553
0.997573458203532 0.000831884251275
0.996210254835968 0.001292935556516
0.994545804185573 0.001849880565025
0.992581116733753 0.002498972375774
0.990317385234489 0.003235962724635
0.987755983990218 0.004056185908889
0.984898468017505 0.004954656643866
0.981746572102992 0.005926147323531
0.978302209750220 0.006965317118132
0.974567472017951 0.008066812394379
0.970544626250686 0.009225382875590
0.966236114702178 0.010436005947371
0.961644553052745 0.011693987674502
0.956772728821300 0.012995101157917
0.951623599673064 0.014335699232989
0.946200291623974 0.015712823342569
0.940506097142892 0.017124335126666
0.934544473152764 0.018569014077794
0.928319038931931 0.020046686380171
0.921833573916883 0.021558323118860
0.915092015407775 0.023106166876943
0.908098456178111 0.024693808266806
0.900857141990033 0.026326418949794
0.893372469016742 0.028009374449400
0.885648981173590 0.029742758068835
0.877691367359497 0.031523710328708
0.869504458610330 0.033349302442145
0.861093225166005 0.035216240492865
0.852462773453074 0.037120974859289
0.843618342984631 0.039059663434357
0.834565303179429 0.041028175430478
0.825309150102121 0.043022105610978
0.815855503126625 0.045036750216400
0.806210101524625 0.047067090510718
0.796378800981277 0.049108043548813
0.786367570040253 0.051155509429869
0.776182486480253 0.053207804162459
0.765829733625218 0.055263597238566
0.755315596590453 0.057321631111984
0.744646458466962 0.059380864005763
0.733828796446293 0.061440382740385
0.722869177888269 0.063499372223241
0.711774256333962 0.065557425593359
0.700550767466359 0.067614233855649
0.689205525021155 0.069668286464891
0.677745416650159 0.071717196553221
0.666177399739830 0.073756984354426
0.654508497187474 0.075783453893387
0.642745793137671 0.077792647290088
0.630896428681520 0.079780599538728
0.618967597521309 0.081743258072331
0.606966541603249 0.083676581814392
0.594900546720913 0.085576584621707
0.582776938092065 0.087439352164357
0.570603075911546 0.089261087534654
0.558386350882928 0.091038081275301
0.546134179731651 0.092766707826593
0.533854000702354 0.094443424723779
0.521553269043148 0.096064771590390
0.509239452479565 0.097627440480423
0.496920026680931 0.099128410096949
0.484602470721915 0.100565017904599
0.472294262542015 0.101935748489186
0.460002874405729 0.103239552285261
0.447735768366173 0.104475346948673
0.435500391734898 0.105642153019682
0.423304172560657 0.106739525825128
0.411154515119866 0.107767415113546
0.399058795421495 0.108724710933029
0.387024356729126 0.109609151220940
0.375058505102885 0.110416513609896
0.363168504963959 0.111139735420161
0.351361574684399 0.111772313460144
0.339644882204872 0.112308900931724
0.328025540683036 0.112744581954136
0.316510604175164 0.113074565490229
0.305107063353660 0.113294973809753
0.293821841263048 0.113403627162453
0.282661789117018 0.113400333040344
0.271633682139080 0.113289143017628
0.260744215449357 0.113075025254090
0.250000000000000 0.112763142802867
0.239407558561708 0.112355277323358
0.228973321763775 0.111845542763544
0.218703624190088 0.111227530834622
0.208604700533420 0.110495271949487
0.198682681810372 0.109643991006429
0.188943591639263 0.108670087141005
0.179393342583211 0.107570349938124
0.170037732560639 0.106342344799461
0.160882441325383 0.104985047337606
0.151933027018537 0.103498552818015
0.143194922794124 0.101883732383050
0.134673433520653 0.100140413052634
0.126373732560555 0.098268259664041
0.118300858629449 0.096268548539707
0.110459712737165 0.094144192542372
0.102855055212357 0.091899479583548
0.095491502812526 0.089538410899282
0.088373525921206 0.087053234615676
0.081505445834011 0.084425633891590
0.074891432135193 0.081638529047196
0.068535500166305 0.078709490627660
0.062441508588504 0.075714162395094
0.056613157039969 0.072749006048079
0.051053983889871 0.069890521615581
0.045767364090238 0.067174810369246
0.040756507127039 0.064506847089267
0.036024455071713 0.061773149659337
0.031574080734345 0.058870636257820
0.027408085919590 0.055689840262719
0.023528999786422 0.052099604273748
0.019939177312686 0.048062621002438
0.016640797865406 0.043689264181279
0.013635863877698 0.039150099009274
0.010926199633097 0.034627008337542
0.008513450158049 0.030180546339626
0.006399080223216 0.025819515135010
0.004584373454220 0.021551863769891
0.003070431552363 0.017384182876699
0.001858173625785 0.013321993436102
0.000948335631478 0.009370228332817
0.000341469928489 0.005532910904901
0.000000000000000 0.000000000000000
0.000037944942585 -0.001783394951703
0.000341469928489 -0.005256141657376
0.000948335631478 -0.008601962672700
0.001858173625785 -0.011822028392984
0.003070431552363 -0.014967889403942
0.004584373454220 -0.018085786968636
0.006399080223216 -0.021187175378296
0.008513450158049 -0.024270947163023
0.010926199633097 -0.027329637460457
0.013635863877698 -0.030350842884450
0.016640797865406 -0.033317111712681
0.019939177312686 -0.036210424545600
0.023528999786422 -0.039021588211674
0.027408085919590 -0.041751210160114
0.031574080734345 -0.044404447160393
0.036024455071713 -0.046986624029086
0.040756507127038 -0.049507899991942
0.045767364090238 -0.051984977294559
0.051053983889871 -0.054443747913660
0.056613157039969 -0.056906979476394
0.062441508588504 -0.059363321393480
0.068535500166305 -0.061778571694158
0.074891432135193 -0.064116455453866
0.081505445834011 -0.066344537217347
0.088373525921206 -0.068462983842484
0.095491502812526 -0.070497778925445
0.102855055212357 -0.072485943287928
0.110459712737165 -0.074450176871128
0.118300858629448 -0.076387672417755
0.126373732560555 -0.078285094643543
0.134673433520653 -0.080129063881073
0.143194922794124 -0.081906219115367
0.151933027018537 -0.083601908124694
0.160882441325383 -0.085205068395799
0.170037732560639 -0.086709028731827
0.179393342583211 -0.088111965889041
0.188943591639263 -0.089412586117716
0.198682681810372 -0.090609907609898
0.208604700533419 -0.091703318091065
0.218703624190088 -0.092690460914261
0.228973321763775 -0.093566541617344
0.239407558561707 -0.094326490061314
0.250000000000000 -0.094965947530619
0.260744215449356 -0.095484422399058
0.271633682139079 -0.095884964326176
0.282661789117018 -0.096177167023611
0.293821841263048 -0.096372498810006
0.305107063353660 -0.096482499550156
0.316510604175164 -0.096514573754457
0.328025540683036 -0.096467131297749
0.339644882204872 -0.096337698795405
0.351361574684399 -0.096123966356620
0.363168504963958 -0.095823819415066
0.375058505102884 -0.095435378694034
0.387024356729126 -0.094956787334965
0.399058795421495 -0.094386027486069
0.411154515119865 -0.093722432484965
0.423304172560657 -0.092968725249683
0.435500391734898 -0.092128627864852
0.447735768366173 -0.091206801397451
0.460002874405729 -0.090208299605714
0.472294262542015 -0.089138272154444
0.484602470721915 -0.088002071024815
0.496920026680931 -0.086805376507488
0.509239452479565 -0.085553863158571
0.521553269043148 -0.084250996246138
0.533854000702354 -0.082899016821965
0.546134179731651 -0.081500201984059
0.558386350882928 -0.080056883357188
0.570603075911545 -0.078571505831375
0.582776938092065 -0.077046625288088
0.594900546720913 -0.075484875647180
0.606966541603249 -0.073888954471160
0.618967597521309 -0.072261590288235
0.630896428681520 -0.070605513982179
0.642745793137671 -0.068923514447543
0.654508497187474 -0.067218431816962
0.666177399739830 -0.065493098933207
0.677745416650159 -0.063750349167212
0.689205525021155 -0.061993163842714
0.700550767466359 -0.060224563579377
0.711774256333962 -0.058446739631471
0.722869177888269 -0.056661298819090
0.733828796446293 -0.054869342627884
0.744646458466962 -0.053071909236315
0.755315596590453 -0.051270302844645
0.765829733625218 -0.049465929155544
0.776182486480253 -0.047660280563917
0.786367570040253 -0.045854982515521
0.796378800981277 -0.044051748340006
0.806210101524625 -0.042252466446864
0.815855503126625 -0.040460749714218
0.825309150102121 -0.038681284827787
0.834565303179429 -0.036918609855024
0.843618342984631 -0.035177014503243
0.852462773453073 -0.033460530965965
0.861093225166005 -0.031772926955675
0.869504458610330 -0.030117724406538
0.877691367359497 -0.028498174094752
0.885648981173590 -0.026917293187524
0.893372469016742 -0.025377799026307
0.900857141990033 -0.023882268740690
0.908098456178111 -0.022430934261386
0.915092015407775 -0.021018364274175
0.921833573916883 -0.019639200043959
0.928319038931931 -0.018289650696006
0.934544473152764 -0.016967314515104
0.940506097142892 -0.015671078665006
0.946200291623974 -0.014401014606453
0.951623599673064 -0.013158243968970
0.956772728821300 -0.011944845360576
0.961644553052745 -0.010763721776081
0.966236114702178 -0.009618489989886
0.970544626250686 -0.008513349270068
0.974567472017951 -0.007452976080466
0.978302209750220 -0.006442380408872
0.981746572102991 -0.005486819697664
0.984898468017505 -0.004591642175958
0.987755983990218 -0.003762193770500
0.990317385234489 -0.003003709612304
0.992581116733753 -0.002321176123573
0.994545804185573 -0.001719274849108
0.996210254835968 -0.001202248828711
0.997573458203532 -0.000773844263311
0.998634586692894 -0.000437234385969
0.999392996097145 -0.000194953011853
0.999848225988936 -0.000048828613860
1.000000000000000 0.000000000000000
