1.000000000000000 0.000000000000000
0.999848225988936 0.000026556880231
0.999392996097145 0.000106186322470
0.998634586692894 0.000238771092619
0.997573458203532 0.000424114825205
0.996210254835968 0.000661951620485
0.994545804185573 0.000951924081387
0.992581116733753 0.001293608811214
0.990317385234489 0.001686504021509
0.987755983990218 0.002130026727337
0.984898468017505 0.002623522555735
0.981746572102992 0.003166256780233
0.978302209750220 0.003757430424351
0.974567472017951 0.004396162096349
0.970544626250686 0.005081501103228
0.966236114702178 0.005812421962245
0.961644553052745 0.006587834421620
0.956772728821300 0.007406572043317
0.951623599673064 0.008267408446541
0.946200291623974 0.009169040109058
0.940506097142892 0.010110105742233
0.934544473152764 0.011089181394786
0.928319038931931 0.012104775878717
0.921833573916883 0.013155341206949
0.915092015407775 0.014239274086952
0.908098456178111 0.015354911718761
0.900857141990033 0.016500533922397
0.893372469016742 0.017674381532246
0.885648981173590 0.018874657574467
0.877691367359497 0.020099657511532
0.869504458610330 0.021347743063951
0.861093225166005 0.022617270957798
0.852462773453074 0.023906604501286
0.843618342984631 0.025214116164420
0.834565303179429 0.026538190808994
0.825309150102121 0.027877233742282
0.815855503126625 0.029229669297024
0.806210101524625 0.030593941109881
0.796378800981277 0.031968547818466
0.786367570040253 0.033351945218500
0.776182486480253 0.034742467332024
0.765829733625218 0.036138304492178
0.755315596590453 0.037537611181755
0.744646458466962 0.038938577920631
0.733828796446293 0.040339390883907
0.722869177888269 0.041738258103338
0.711774256333962 0.043133393152157
0.700550767466359 0.044523036449232
0.689205525021155 0.045905449002143
0.677745416650159 0.047278779085854
0.666177399739830 0.048641018058290
0.654508497187474 0.049990163015349
0.642745793137671 0.051324231993929
0.630896428681520 0.052641259913801
0.618967597521309 0.053939308059764
0.606966541603249 0.055216519145452
0.594900546720913 0.056471079334873
0.582776938092065 0.057700975797539
0.570603075911546 0.058904103892060
0.558386350882928 0.060078269985453
0.546134179731651 0.061221255806991
0.533854000702354 0.062330921897519
0.521553269043148 0.063405207772215
0.509239452479565 0.064442197165293
0.496920026680931 0.065440091016392
0.484602470721915 0.066396777815781
0.472294262542015 0.067309895015216
0.460002874405729 0.068177028045976
0.447735768366173 0.068995716045041
0.435500391734898 0.069763655226047
0.423304172560657 0.070478723831754
0.411154515119866 0.071139004337338
0.399058795421495 0.071742808654273
0.387024356729126 0.072288352930863
0.375058505102885 0.072773461801846
0.363168504963959 0.073196051386627
0.351361574684399 0.073554138734882
0.339644882204872 0.073845979653453
0.328025540683036 0.074070094199905
0.316510604175164 0.074225357802519
0.305107063353660 0.074311092079265
0.293821841263048 0.074326510079262
0.282661789117018 0.074270337879781
0.271633682139080 0.074141082060384
0.260744215449357 0.073936953420189
0.250000000000000 0.073656714471967
0.239407558561708 0.073299686498996
0.228973321763775 0.072865255959135
0.218703624190088 0.072353109009322
0.208604700533420 0.071763578054478
0.198682681810372 0.071097322097551
0.188943591639263 0.070354993657935
0.179393342583211 0.069536215397583
0.170037732560639 0.068640258313133
0.160882441325383 0.067667334658232
0.151933027018537 0.066618709778011
0.143194922794124 0.065495966803400
0.134673433520653 0.064298895491850
0.126373732560555 0.063027108252473
0.118300858629449 0.061680951977968
0.110459712737165 0.060262152857872
0.102855055212357 0.058773724339227
0.095491502812526 0.057219278381382
0.088373525921206 0.055601032860157
0.081505445834011 0.053919268532922
0.074891432135193 0.052176215123691
0.068535500166305 0.050374032800221
0.062441508588504 0.048509861200488
0.056613157039969 0.046581576029820
0.051053983889871 0.044591178094473
0.045767364090238 0.042543599005174
0.040756507127039 0.040443172560141
0.036024455071713 0.038294394406270
0.031574080734345 0.036104489831992
0.027408085919590 0.033883089684307
0.023528999786422 0.031642412429731
0.019939177312686 0.029370029404669
0.016640797865406 0.027023211702588
0.013635863877698 0.024579476866974
0.010926199633097 0.022039623115806
0.008513450158049 0.019431464417373
0.006399080223216 0.016787653964229
0.004584373454220 0.014132453034320
0.003070431552363 0.011484522568585
0.001858173625785 0.008858763895218
0.000948335631478 0.006267198214658
0.000341469928489 0.003719898129653
0.000000000000000 0.000000000000000
0.000037944942585 -0.001225148048304
0.000341469928489 -0.003719887688174
0.000948335631478 -0.006267190191816
0.001858173625785 -0.008858754935968
0.003070431552363 -0.011484536731452
0.004584373454220 -0.014132451705343
0.006399080223216 -0.016787642769961
0.008513450158049 -0.019431456123013
0.010926199633097 -0.022039613873428
0.013635863877698 -0.024579482634269
0.016640797865406 -0.027023215920956
0.019939177312686 -0.029370037831314
0.023528999786422 -0.031642413868530
0.027408085919590 -0.033883095887982
0.031574080734345 -0.036104495496577
0.036024455071713 -0.038294396596762
0.040756507127038 -0.040443177497280
0.045767364090238 -0.042543605813681
0.051053983889871 -0.044591183559155
0.056613157039969 -0.046581583023235
0.062441508588504 -0.048509865617367
0.068535500166305 -0.050374037895526
0.074891432135193 -0.052176220750149
0.081505445834011 -0.053919270059605
0.088373525921206 -0.055601038700746
0.095491502812526 -0.057219283391236
0.102855055212357 -0.058773728351204
0.110459712737165 -0.060262159082220
0.118300858629448 -0.061680955658278
0.126373732560555 -0.063027111664080
0.134673433520653 -0.064298900355729
0.143194922794124 -0.065495967865640
0.151933027018537 -0.066618712716852
0.160882441325383 -0.067667337078115
0.170037732560639 -0.068640262058129
0.179393342583211 -0.069536218535252
0.188943591639263 -0.070354997399728
0.198682681810372 -0.071097324633495
0.208604700533419 -0.071763582027958
0.218703624190088 -0.072353111459780
0.228973321763775 -0.072865258884672
0.239407558561707 -0.073299689760930
0.250000000000000 -0.073656717390670
0.260744215449356 -0.073936956370151
0.271633682139079 -0.074141084972682
0.282661789117018 -0.074270340678858
0.293821841263048 -0.074326512839578
0.305107063353660 -0.074311094759341
0.316510604175164 -0.074225360479452
0.328025540683036 -0.074070096844561
0.339644882204872 -0.073845982219825
0.351361574684399 -0.073554141253953
0.363168504963958 -0.073196053858992
0.375058505102884 -0.072773464363790
0.387024356729126 -0.072288355421878
0.399058795421495 -0.071742810628164
0.411154515119865 -0.071139005805147
0.423304172560657 -0.070478726529744
0.435500391734898 -0.069763656707657
0.447735768366173 -0.068995717731329
0.460002874405729 -0.068177029628564
0.472294262542015 -0.067309897139526
0.484602470721915 -0.066396780474468
0.496920026680931 -0.065440093630508
0.509239452479565 -0.064442199591796
0.521553269043148 -0.063405208003058
0.533854000702354 -0.062330923361290
0.546134179731651 -0.061221258253331
0.558386350882928 -0.060078271627020
0.570603075911545 -0.058904106133872
0.582776938092065 -0.057700977192396
0.594900546720913 -0.056471080537799
0.606966541603249 -0.055216521166992
0.618967597521309 -0.053939308745703
0.630896428681520 -0.052641261782529
0.642745793137671 -0.051324234209390
0.654508497187474 -0.049990163927301
0.666177399739830 -0.048641019613618
0.677745416650159 -0.047278779426984
0.689205525021155 -0.045905451661968
0.700550767466359 -0.044523035870320
0.711774256333962 -0.043133393944089
0.722869177888269 -0.041738259715997
0.733828796446293 -0.040339393195112
0.744646458466962 -0.038938578342558
0.755315596590453 -0.037537613630558
0.765829733625218 -0.036138305540210
0.776182486480253 -0.034742469795445
0.786367570040253 -0.033351946651729
0.796378800981277 -0.031968548320375
0.806210101524625 -0.030593943437388
0.815855503126625 -0.029229671178014
0.825309150102121 -0.027877234472083
0.834565303179429 -0.026538190505480
0.843618342984631 -0.025214115005948
0.852462773453073 -0.023906605422182
0.861093225166005 -0.022617271031960
0.869504458610330 -0.021347742671780
0.877691367359497 -0.020099657766683
0.885648981173590 -0.018874657789005
0.893372469016742 -0.017674382950055
0.900857141990033 -0.016500535307846
0.908098456178111 -0.015354909151306
0.915092015407775 -0.014239273721538
0.921833573916883 -0.013155341424973
0.928319038931931 -0.012104777550302
0.934544473152764 -0.011089181206481
0.940506097142892 -0.010110105462173
0.946200291623974 -0.009169039123802
0.951623599673064 -0.008267408218693
0.956772728821300 -0.007406572120748
0.961644553052745 -0.006587833178705
0.966236114702178 -0.005812423730881
0.970544626250686 -0.005081501608026
0.974567472017951 -0.004396163263378
0.978302209750220 -0.003757431625420
0.981746572102991 -0.003166257144336
0.984898468017505 -0.002623521889251
0.987755983990218 -0.002130025895643
0.990317385234489 -0.001686504094251
0.992581116733753 -0.001293611042075
0.994545804185573 -0.000951924168839
0.996210254835968 -0.000661950184357
0.997573458203532 -0.000424115987394
0.998634586692894 -0.000238769107516
0.999392996097145 -0.000106185330527
0.999848225988936 -0.000026555120959
1.000000000000000 0.000000000000000
