1.000000000000000 0.000000000000000
0.999848225988936 0.000052690706212
0.999392996097145 0.000212048945514
0.998634586692894 0.000481823976291
0.997573458203532 0.000867920577758
0.996210254835968 0.001377934670758
0.994545804185573 0.002020341930626
0.992581116733753 0.002803531405929
0.990317385234489 0.003734459865899
0.987755983990218 0.004817037135192
0.984898468017505 0.006050364688778
0.981746572102992 0.007430211344793
0.978302209750220 0.008949834225298
0.974567472017951 0.010596494525390
0.970544626250686 0.012350104703978
0.966236114702178 0.014188240056693
0.961644553052745 0.016096149652834
0.956772728821300 0.018058720426536
0.951623599673064 0.020058816166755
0.946200291623974 0.022081891799259
0.940506097142892 0.024124352909179
0.934544473152764 0.026187524986605
0.928319038931931 0.028275635838668
0.921833573916883 0.030393930617943
0.915092015407775 0.032543608603707
0.908098456178111 0.034725567467814
0.900857141990033 0.036942552654558
0.893372469016742 0.039197395562652
0.885648981173590 0.041489231894404
0.877691367359497 0.043815603879904
0.869504458610330 0.046174531056398
0.861093225166005 0.048564126109036
0.852462773453074 0.050981768934222
0.843618342984631 0.053424367238043
0.834565303179429 0.055889026780058
0.825309150102121 0.058372917715089
0.815855503126625 0.060872950577421
0.806210101524625 0.063385940350800
0.796378800981277 0.065908820620368
0.786367570040253 0.068438237590374
0.776182486480253 0.070970100555547
0.765829733625218 0.073499099004970
0.755315596590453 0.076019903879704
0.744646458466962 0.078527094550768
0.733828796446293 0.081014560284157
0.722869177888269 0.083475802784134
0.711774256333962 0.085903997170456
0.700550767466359 0.088292723912402
0.689205525021155 0.090636022076810
0.677745416650159 0.092928485218361
0.666177399739830 0.095165024753103
0.654508497187474 0.097340567495906
0.642745793137671 0.099450123933366
0.630896428681520 0.101488883687628
0.618967597521309 0.103452192967460
0.606966541603249 0.105335632556717
0.594900546720913 0.107134980813104
0.582776938092065 0.108846276968558
0.570603075911546 0.110465804100025
0.558386350882928 0.111990246962431
0.546134179731651 0.113416596503779
0.533854000702354 0.114742325584909
0.521553269043148 0.115965202823493
0.509239452479565 0.117082871980897
0.496920026680931 0.118093025653322
0.484602470721915 0.118993546370225
0.472294262542015 0.119782509191485
0.460002874405729 0.120457639579783
0.447735768366173 0.121016292262932
0.435500391734898 0.121456011483895
0.423304172560657 0.121774545883355
0.411154515119866 0.121969896956355
0.399058795421495 0.122040281823738
0.387024356729126 0.121984208797963
0.375058505102885 0.121800444985881
0.363168504963959 0.121487949488613
0.351361574684399 0.121045489291349
0.339644882204872 0.120472313550034
0.328025540683036 0.119769090229666
0.316510604175164 0.118937399541351
0.305107063353660 0.117980468136103
0.293821841263048 0.116901913438536
0.282661789117018 0.115704394881045
0.271633682139080 0.114390358800441
0.260744215449357 0.112961896251177
0.250000000000000 0.111421437413334
0.239407558561708 0.109772109269415
0.228973321763775 0.108017621703863
0.218703624190088 0.106162278604646
0.208604700533420 0.104210031034497
0.198682681810372 0.102164426169873
0.188943591639263 0.100028368732343
0.179393342583211 0.097804857209722
0.170037732560639 0.095497386651626
0.160882441325383 0.093108639012008
0.151933027018537 0.090640931193661
0.143194922794124 0.088097561713170
0.134673433520653 0.085482278114409
0.126373732560555 0.082799110645690
0.118300858629449 0.080052650128419
0.110459712737165 0.077248471979534
0.102855055212357 0.074391088112214
0.095491502812526 0.071483247652007
0.088373525921206 0.068528482384159
0.081505445834011 0.065531793397998
0.074891432135193 0.062497972429270
0.068535500166305 0.059432003507178
0.062441508588504 0.056340591857736
0.056613157039969 0.053231162518867
0.051053983889871 0.050108484152986
0.045767364090238 0.046976009072886
0.040756507127039 0.043840261141542
0.036024455071713 0.040709013181804
0.031574080734345 0.037588222845865
0.027408085919590 0.034486068278678
0.023528999786422 0.031415639283557
0.019939177312686 0.028385632240490
0.016640797865406 0.025387664720210
0.013635863877698 0.022415882879018
0.010926199633097 0.019472161701242
0.008513450158049 0.016577050127587
0.006399080223216 0.013782260605086
0.004584373454220 0.011156310209830
0.003070431552363 0.008777175612513
0.001858173625785 0.006634508169183
0.000948335631478 0.004638828242641
0.000341469928489 0.002739844385452
0.000000000000000 0.000000000000000
0.000037944942585 -0.000922069866332
0.000341469928489 -0.002783097518695
0.000948335631478 -0.004606173461007
0.001858173625785 -0.006311181464039
0.003070431552363 -0.007824419696684
0.004584373454220 -0.009161514301625
0.006399080223216 -0.010367416333780
0.008513450158049 -0.011490512887358
0.010926199633097 -0.012603684279428
0.013635863877698 -0.013776527265870
0.016640797865406 -0.014998103709153
0.019939177312686 -0.016238988553450
0.023528999786422 -0.017468102039140
0.027408085919590 -0.018656742273075
0.031574080734345 -0.019792199239958
0.036024455071713 -0.020874533743828
0.040756507127038 -0.021909824678541
0.045767364090238 -0.022910912060861
0.051053983889871 -0.023885648044526
0.056613157039969 -0.024828107927440
0.062441508588504 -0.025732882481182
0.068535500166305 -0.026596379238202
0.074891432135193 -0.027416385681931
0.081505445834011 -0.028190948522005
0.088373525921206 -0.028919102850306
0.095491502812526 -0.029601763574241
0.102855055212357 -0.030240567367895
0.110459712737165 -0.030835191298119
0.118300858629448 -0.031383444051365
0.126373732560555 -0.031884222916417
0.134673433520653 -0.032337196964657
0.143194922794124 -0.032741858294168
0.151933027018537 -0.033097625398194
0.160882441325383 -0.033404394086921
0.170037732560639 -0.033662905761024
0.179393342583211 -0.033872979008209
0.188943591639263 -0.034033451129145
0.198682681810372 -0.034142481923765
0.208604700533419 -0.034198635956014
0.218703624190088 -0.034200939963956
0.228973321763775 -0.034148897920460
0.239407558561707 -0.034042501560104
0.250000000000000 -0.033882082930451
0.260744215449356 -0.033668060655302
0.271633682139079 -0.033400172997494
0.282661789117018 -0.033077191300306
0.293821841263048 -0.032698166991184
0.305107063353660 -0.032262299698237
0.316510604175164 -0.031768012001980
0.328025540683036 -0.031213263634811
0.339644882204872 -0.030595288060780
0.351361574684399 -0.029911907372652
0.363168504963958 -0.029163155109720
0.375058505102884 -0.028350503135665
0.387024356729126 -0.027477721928867
0.399058795421495 -0.026549227910994
0.411154515119865 -0.025569821929603
0.423304172560657 -0.024545381534834
0.435500391734898 -0.023483742471576
0.447735768366173 -0.022392942128030
0.460002874405729 -0.021280567930983
0.472294262542015 -0.020153069759354
0.484602470721915 -0.019013916867046
0.496920026680931 -0.017866226545930
0.509239452479565 -0.016713421293700
0.521553269043148 -0.015558898381213
0.533854000702354 -0.014405770525619
0.546134179731651 -0.013257080500209
0.558386350882928 -0.012115857876301
0.570603075911545 -0.010985076598656
0.582776938092065 -0.009867555566380
0.594900546720913 -0.008765996348134
0.606966541603249 -0.007682919049340
0.618967597521309 -0.006620791922121
0.630896428681520 -0.005582306502385
0.642745793137671 -0.004570200573924
0.654508497187474 -0.003587433318354
0.666177399739830 -0.002636839074777
0.677745416650159 -0.001720948546349
0.689205525021155 -0.000841828774986
0.700550767466359 -0.000000814905422
0.711774256333962 0.000801053321305
0.722869177888269 0.001562953189171
0.733828796446293 0.002283821516915
0.744646458466962 0.002962349821676
0.755315596590453 0.003596781126267
0.765829733625218 0.004185443451723
0.776182486480253 0.004727087338737
0.786367570040253 0.005220889295255
0.796378800981277 0.005666439145235
0.806210101524625 0.006063739723374
0.815855503126625 0.006413111890311
0.825309150102121 0.006715078734261
0.834565303179429 0.006970097464179
0.843618342984631 0.007178243035398
0.852462773453073 0.007339566366805
0.861093225166005 0.007454604321983
0.869504458610330 0.007524260613701
0.877691367359497 0.007549676580472
0.885648981173590 0.007532204982591
0.893372469016742 0.007473481401262
0.900857141990033 0.007375508846451
0.908098456178111 0.007240580195096
0.915092015407775 0.007070721157971
0.921833573916883 0.006867116151580
0.928319038931931 0.006631409927619
0.934544473152764 0.006365814683579
0.940506097142892 0.006073065590138
0.946200291623974 0.005756044271829
0.951623599673064 0.005417556401579
0.956772728821300 0.005060884972643
0.961644553052745 0.004689795470261
0.966236114702178 0.004308474106448
0.970544626250686 0.003920237119762
0.974567472017951 0.003526917839231
0.978302209750220 0.003131388746181
0.981746572102991 0.002737702249777
0.984898468017505 0.002350800114077
0.987755983990218 0.001975499371862
0.990317385234489 0.001615832830091
0.992581116733753 0.001276999357205
0.994545804185573 0.000965164394024
0.996210254835968 0.000686899275494
0.997573458203532 0.000448688660714
0.998634586692894 0.000256480460577
0.999392996097145 0.000115322612144
0.999848225988936 0.000029032574765
1.000000000000000 0.000000000000000
