TITLE     = "Visualization of the solution"
VARIABLES = "x"
"y"
"Pressure_Coefficient"
ZONE T="Zone"
 STRANDID=0, SOLUTIONTIME=0
 Nodes=717, Elements=1219, ZONETYPE=FEQuadrilateral
 DATAPACKING=POINT
 DT=(DOUBLE DOUBLE DOUBLE )
 1.000019908E+00 5.205644411E-04 2.900626601E-01
 9.883115292E-01 2.671900438E-03 2.420058826E-01
 9.763095379E-01 4.858564120E-03 1.625194212E-01
 9.618784785E-01 7.499902509E-03 1.138967671E-01
 9.477530718E-01 1.005263999E-02 5.492479414E-02
 9.340168238E-01 1.256849896E-02 8.039478225E-03
 9.226077795E-01 1.463108696E-02 -2.939526686E-02
 9.099837542E-01 1.682436280E-02 -7.092033015E-02
 8.984286785E-01 1.883456483E-02 -1.073275321E-01
 8.860674500E-01 2.086199820E-02 -1.347048697E-01
 8.736984134E-01 2.282711491E-02 -1.562580692E-01
 8.613872528E-01 2.469103225E-02 -1.782776905E-01
 8.487222791E-01 2.659296989E-02 -2.024470606E-01
 8.372436166E-01 2.823998407E-02 -2.114638541E-01
 8.251879215E-01 2.989272960E-02 -2.258649167E-01
 8.123140335E-01 3.167818487E-02 -2.440443208E-01
 7.991501689E-01 3.342073411E-02 -2.586149988E-01
 7.866920233E-01 3.504073620E-02 -2.746617811E-01
 7.740441561E-01 3.664879501E-02 -2.896816016E-01
 7.617696524E-01 3.817595541E-02 -3.053425249E-01
 7.483739853E-01 3.980397806E-02 -3.236624688E-01
 7.342941165E-01 4.148430005E-02 -3.417103564E-01
 7.232538462E-01 4.276169837E-02 -3.614526316E-01
 7.122969031E-01 4.402393475E-02 -3.807111965E-01
 7.004131079E-01 4.532928020E-02 -3.976280766E-01
 6.867592931E-01 4.678501189E-02 -4.171486704E-01
 6.734753847E-01 4.815051332E-02 -4.361911565E-01
 6.634081602E-01 4.914420471E-02 -4.560528880E-01
 6.518821716E-01 5.026022345E-02 -4.771343670E-01
 6.403749585E-01 5.132225901E-02 -4.943054039E-01
 6.283949614E-01 5.236527696E-02 -5.143966179E-01
 6.172363758E-01 5.330682918E-02 -5.335800143E-01
 6.063290238E-01 5.416232720E-02 -5.471930615E-01
 5.934890509E-01 5.510768294E-02 -5.621265754E-01
 5.816105008E-01 5.591752753E-02 -5.767207074E-01
 5.681911707E-01 5.677333102E-02 -5.889781367E-01
 5.555745959E-01 5.748320371E-02 -6.010642070E-01
 5.433432460E-01 5.812396482E-02 -6.117121624E-01
 5.323666334E-01 5.861911178E-02 -6.213646098E-01
 5.207911730E-01 5.910860375E-02 -6.284385068E-01
 5.081489086E-01 5.954302847E-02 -6.337972619E-01
 4.972287714E-01 5.988134071E-02 -6.326025197E-01
 4.840229154E-01 6.018678844E-02 -6.259178536E-01
 4.709606171E-01 6.041950732E-02 -6.179800573E-01
 4.567358792E-01 6.057644263E-02 -6.099506985E-01
 4.432150722E-01 6.064427271E-02 -6.047088795E-01
 4.304950535E-01 6.064884737E-02 -5.955987670E-01
 4.175859988E-01 6.055918708E-02 -5.876989037E-01
 4.054132700E-01 6.043529883E-02 -5.792538930E-01
 3.932843208E-01 6.023199484E-02 -5.671994922E-01
 3.811945617E-01 5.997028574E-02 -5.576109190E-01
 3.701761961E-01 5.968702585E-02 -5.475536281E-01
 3.572959304E-01 5.928676575E-02 -5.385106946E-01
 3.451849520E-01 5.885162950E-02 -5.280275928E-01
 3.326723874E-01 5.833728984E-02 -5.139562236E-01
 3.216834366E-01 5.781351402E-02 -4.990060060E-01
 3.091777563E-01 5.718217790E-02 -4.904983645E-01
 2.961885929E-01 5.647088587E-02 -4.785038485E-01
 2.822000682E-01 5.560275540E-02 -4.636250626E-01
 2.696714103E-01 5.475615710E-02 -4.499769372E-01
 2.574977875E-01 5.387549847E-02 -4.373855130E-01
 2.448108792E-01 5.289278552E-02 -4.231910969E-01
 2.320835441E-01 5.183264613E-02 -4.128933637E-01
 2.199064195E-01 5.076140538E-02 -4.028699327E-01
 2.081973851E-01 4.966030270E-02 -3.890905719E-01
 1.967966855E-01 4.851203039E-02 -3.744524697E-01
 1.843440980E-01 4.720355943E-02 -3.616512335E-01
 1.722984612E-01 4.585713148E-02 -3.453050130E-01
 1.607232541E-01 4.448222369E-02 -3.262283862E-01
 1.486594528E-01 4.297584295E-02 -3.089977987E-01
 1.377411634E-01 4.152438790E-02 -2.897870115E-01
 1.261224300E-01 3.989699483E-02 -2.720132089E-01
 1.142982617E-01 3.813942522E-02 -2.531679990E-01
 1.036129519E-01 3.645107523E-02 -2.359546649E-01
 9.366255999E-02 3.478532657E-02 -2.148368645E-01
 8.226627856E-02 3.274849802E-02 -1.940091427E-01
 7.019540668E-02 3.041392379E-02 -1.764337035E-01
 6.022008508E-02 2.832786180E-02 -1.526772115E-01
 5.032448843E-02 2.607263438E-02 -1.283168793E-01
 4.162804037E-02 2.390017360E-02 -9.407199703E-02
 3.425030410E-02 2.187439799E-02 -6.276074632E-02
 2.779763564E-02 1.992121711E-02 -2.460513060E-02
 2.232118882E-02 1.809633337E-02 2.257809419E-02
 1.843803376E-02 1.666381583E-02 7.257199996E-02
 1.483598631E-02 1.520811208E-02 8.579177520E-02
 1.217031386E-02 1.402417757E-02 1.254762797E-01
 9.749458171E-03 1.284875721E-02 1.420536822E-01
 7.990418002E-03 1.191067975E-02 1.909291519E-01
 6.396139506E-03 1.098736748E-02 2.896708247E-01
 4.934479482E-03 1.005690359E-02 3.710525914E-01
 3.008806612E-03 8.667152375E-03 4.116172822E-01
 1.373050734E-03 7.250382565E-03 4.814047151E-01
 -3.297345756E-05 5.717403255E-03 7.541817559E-01
 -1.340238960E-03 3.675731597E-03 6.655972887E-01
 -1.923394389E-03 2.046594862E-03 1.140917199E+00
 -2.107145032E-03 7.617301308E-04 1.185535642E+00
 -2.031458076E-03 -6.612191210E-04 1.063231919E+00
 -1.623986871E-03 -2.214913256E-03 1.083349369E+00
 -7.437260938E-04 -4.014154430E-03 9.644776902E-01
 6.477616844E-04 -5.889951717E-03 8.626475679E-01
 2.609906718E-03 -7.851784118E-03 4.486426452E-01
 4.362659529E-03 -9.275944903E-03 4.132430947E-01
 6.429368630E-03 -1.072047930E-02 2.474436596E-01
 7.999095134E-03 -1.169664413E-02 1.796466940E-01
 9.998279624E-03 -1.282812376E-02 1.446364263E-01
 1.232208870E-02 -1.403025351E-02 1.460652368E-01
 1.551070996E-02 -1.551442686E-02 7.991818035E-02
 1.846110076E-02 -1.676012017E-02 1.899563325E-02
 2.231421508E-02 -1.824480295E-02 -1.790887166E-02
 2.764428034E-02 -2.008491755E-02 -4.972273391E-02
 3.339144215E-02 -2.188003995E-02 -9.320791840E-02
 4.073577747E-02 -2.392929979E-02 -1.295174480E-01
 4.820352420E-02 -2.581308223E-02 -1.477150983E-01
 5.710260570E-02 -2.785756625E-02 -1.640603902E-01
 6.577355415E-02 -2.967789210E-02 -1.902918849E-01
 7.590002567E-02 -3.164463490E-02 -2.139277106E-01
 8.584822714E-02 -3.342627361E-02 -2.312943463E-01
 9.608092904E-02 -3.513767198E-02 -2.452813068E-01
 1.068266109E-01 -3.681655228E-02 -2.585089391E-01
 1.181576252E-01 -3.848281875E-02 -2.737938625E-01
 1.296108067E-01 -4.005951062E-02 -2.889863681E-01
 1.402977556E-01 -4.144020006E-02 -3.016414731E-01
 1.514213234E-01 -4.281325638E-02 -3.147701327E-01
 1.634328514E-01 -4.420537874E-02 -3.298506325E-01
 1.751190573E-01 -4.548681900E-02 -3.458184111E-01
 1.871706992E-01 -4.671917111E-02 -3.618266813E-01
 1.978083104E-01 -4.774945602E-02 -3.785888672E-01
 2.091925144E-01 -4.878200218E-02 -3.945608496E-01
 2.214613408E-01 -4.981519654E-02 -4.101987333E-01
 2.342349589E-01 -5.082263425E-02 -4.289893527E-01
 2.467477024E-01 -5.170853063E-02 -4.489204353E-01
 2.595870495E-01 -5.254345760E-02 -4.668853630E-01
 2.708460093E-01 -5.320158973E-02 -4.884455494E-01
 2.837809026E-01 -5.385388434E-02 -5.051840396E-01
 2.965876758E-01 -5.441759154E-02 -5.230022256E-01
 3.094929755E-01 -5.487331003E-02 -5.434861206E-01
 3.214100301E-01 -5.520280078E-02 -5.627499188E-01
 3.338123262E-01 -5.542401597E-02 -5.746281438E-01
 3.446828127E-01 -5.555040762E-02 -5.864927957E-01
 3.560190797E-01 -5.559280515E-02 -5.995780217E-01
 3.670174778E-01 -5.552425608E-02 -6.109313889E-01
 3.776299655E-01 -5.536357313E-02 -6.125877058E-01
 3.890773058E-01 -5.510221049E-02 -6.069129808E-01
 4.019307792E-01 -5.466774851E-02 -5.964966057E-01
 4.141833484E-01 -5.413261056E-02 -5.801497419E-01
 4.273185730E-01 -5.342983082E-02 -5.570281602E-01
 4.399094880E-01 -5.259732530E-02 -5.241206866E-01
 4.523492754E-01 -5.169707164E-02 -4.896366277E-01
 4.644426107E-01 -5.067920685E-02 -4.573472588E-01
 4.768074453E-01 -4.953020439E-02 -4.191492361E-01
 4.880066812E-01 -4.839549586E-02 -3.787037226E-01
 5.005003810E-01 -4.706059769E-02 -3.387944759E-01
 5.142856836E-01 -4.548658431E-02 -3.002435784E-01
 5.279958248E-01 -4.384005815E-02 -2.592563067E-01
 5.414770246E-01 -4.214400053E-02 -2.176262892E-01
 5.546488762E-01 -4.043867439E-02 -1.812512660E-01
 5.676172376E-01 -3.870728239E-02 -1.465649890E-01
 5.806377530E-01 -3.695233166E-02 -1.164345934E-01
 5.924991369E-01 -3.532433882E-02 -8.751283370E-02
 6.049495935E-01 -3.361257166E-02 -6.285349038E-02
 6.184932590E-01 -3.170308098E-02 -3.427165579E-02
 6.330516338E-01 -2.969173528E-02 -7.005885986E-03
 6.471671462E-01 -2.770560049E-02 1.772074750E-02
 6.603007913E-01 -2.587078884E-02 4.415611370E-02
 6.737731099E-01 -2.402119897E-02 6.474711801E-02
 6.864709854E-01 -2.227779664E-02 8.408024579E-02
 6.987964511E-01 -2.060076036E-02 1.044180477E-01
 7.131276131E-01 -1.866265014E-02 1.261218281E-01
 7.261393666E-01 -1.695022918E-02 1.454622436E-01
 7.379327416E-01 -1.540552359E-02 1.623217166E-01
 7.504906654E-01 -1.380664948E-02 1.815770569E-01
 7.629998326E-01 -1.227411535E-02 1.943844583E-01
 7.756439447E-01 -1.070734765E-02 2.128235450E-01
 7.876048088E-01 -9.329739958E-03 2.302898722E-01
 8.001595736E-01 -7.887747139E-03 2.434067030E-01
 8.113439679E-01 -6.665570661E-03 2.619504170E-01
 8.229091167E-01 -5.447464995E-03 2.758030150E-01
 8.355222940E-01 -4.195842426E-03 2.922544334E-01
 8.480708003E-01 -3.055981593E-03 3.059084777E-01
 8.600615263E-01 -2.042165957E-03 3.182120552E-01
 8.719496727E-01 -1.137766871E-03 3.316120803E-01
 8.843048811E-01 -3.329699684E-04 3.397606972E-01
 8.974115849E-01 3.975961299E-04 3.478137440E-01
 9.076463580E-01 8.474590140E-04 3.544038115E-01
 9.179590940E-01 1.199073857E-03 3.553238840E-01
 9.274210334E-01 1.432762248E-03 3.568113569E-01
 9.361339808E-01 1.577470684E-03 3.552144393E-01
 9.480630159E-01 1.662011491E-03 3.540660424E-01
 9.612541199E-01 1.606805599E-03 3.486174591E-01
 9.762575626E-01 1.369816950E-03 3.512791414E-01
 9.889323711E-01 9.982696502E-04 3.564095957E-01
 -5.000000000E-01 -1.000000000E+00 4.475287824E-02
 3.500000000E+00 -1.000000000E+00 1.129933599E-02
 3.500000000E+00 1.000000000E+00 -6.403573288E-04
 -5.000000000E-01 1.000000000E+00 3.952777218E-02
 -5.000000000E-01 5.000000000E-01 9.042554322E-02
 -5.000000000E-01 2.752797990E-12 1.332543062E-01
 -5.000000000E-01 -5.000000000E-01 9.042062036E-02
 -9.421907698E-13 -1.000000000E+00 1.972242961E-02
 5.000000000E-01 -1.000000000E+00 -2.384077579E-02
 1.000000000E+00 -1.000000000E+00 1.476628674E-03
 1.500000000E+00 -1.000000000E+00 3.099001289E-02
 2.000000000E+00 -1.000000000E+00 2.807201886E-02
 2.500000000E+00 -1.000000000E+00 1.910659000E-02
 3.000000000E+00 -1.000000000E+00 1.348745614E-02
 3.500000000E+00 -5.000000000E-01 1.218566259E-02
 3.500000000E+00 -2.752797990E-12 1.206979864E-02
 3.500000000E+00 5.000000000E-01 5.867497216E-03
 3.000000000E+00 1.000000000E+00 -6.584179243E-03
 2.500000000E+00 1.000000000E+00 -1.492534670E-02
 2.000000000E+00 1.000000000E+00 -3.071998057E-02
 1.500000000E+00 1.000000000E+00 -7.071707272E-02
 1.000000000E+00 1.000000000E+00 -1.203467222E-01
 5.000000000E-01 1.000000000E+00 -7.710080940E-02
 1.733724275E-12 1.000000000E+00 9.883801140E-03
 6.828289615E-01 -3.524968862E-02 7.521529302E-02
 7.820492480E-01 -2.175647607E-02 2.135481151E-01
 9.039337320E-01 -9.495217975E-03 3.395798853E-01
 7.109956741E-01 5.796044554E-02 -3.749704454E-01
 2.722246582E-01 -6.442933394E-02 -4.724486376E-01
 2.759423237E-01 7.112545948E-02 -4.405572392E-01
 9.121872714E-01 2.858350529E-02 -6.088128932E-02
 8.083002644E-01 4.881694952E-02 -2.410062768E-01
 5.606290001E-01 -5.589248560E-02 -1.632915035E-01
 6.113331135E-01 6.257052554E-02 -5.318687536E-01
 3.947604381E-01 -6.770227975E-02 -5.760710105E-01
 4.219472782E-01 7.313457534E-02 -5.757091514E-01
 5.159014430E-01 7.232439362E-02 -6.156200954E-01
 1.786021602E+00 -5.258092243E-01 2.642459991E-02
 1.781166275E+00 6.721831334E-01 -2.334805180E-02
 3.031172655E+00 2.156853614E-01 5.384226129E-03
 7.500000000E-01 -5.669872981E-01 -1.102170800E-02
 4.707540721E-01 -6.033340608E-02 -4.232833870E-01
 7.467434591E-01 5.607848939E-01 -1.932833468E-01
 2.734855181E+00 -5.326844080E-01 1.206125204E-02
 1.211561708E+00 6.716328663E-01 -5.861117568E-02
 9.764944897E-01 3.223270685E-01 -5.900567990E-02
 1.238030551E+00 -6.177081064E-01 5.433701082E-02
 1.491601560E+00 -2.601924565E-01 3.882903809E-02
 3.130857445E-01 6.385186129E-01 -1.197956576E-01
 1.063152659E-01 4.637057074E-02 -2.237900812E-01
 1.654516185E-01 5.783845418E-02 -3.217525945E-01
 3.502955239E-01 7.499125945E-02 -5.152281640E-01
 1.911361068E-01 -5.920084090E-01 -3.642982083E-02
 7.849241345E-02 -4.181470156E-02 -1.970352084E-01
 1.333244288E-01 -5.057293150E-02 -2.787840933E-01
 1.912746651E-01 -5.889544919E-02 -3.548361359E-01
 2.240554422E+00 -5.763507894E-01 1.620904322E-02
 2.021414883E+00 -1.879916507E-01 1.050745070E-02
 2.420227025E+00 -1.842918100E-01 7.449824217E-03
 2.184644837E+00 1.582824493E-01 1.170855407E-03
 1.765945455E+00 1.146069839E-01 5.916779633E-03
 -2.711404698E-01 -2.547310462E-01 1.456896094E-01
 -1.645181788E-01 -5.734928977E-01 5.604677993E-02
 -2.542964096E-01 2.391889749E-01 1.459135911E-01
 -1.366003589E-01 6.281418584E-01 4.134654402E-02
 2.802033788E-02 4.139485396E-01 -3.716288749E-03
 5.352510711E-02 3.765626677E-02 -9.553165867E-02
 2.239492315E+00 5.581744793E-01 -9.274783327E-03
 2.746078771E+00 5.966815571E-01 -2.689831510E-03
 -2.510513775E-01 -1.053856251E-03 1.984588350E-01
 -1.423322825E-01 -1.291209348E-01 2.132312995E-01
 3.290097422E-02 -2.879562252E-02 -3.845220568E-02
 3.238554957E-02 -3.713421650E-01 1.740220837E-02
 2.955732137E-01 -3.000800876E-01 -2.258497483E-01
 3.385958693E-01 -6.536929851E-02 -5.622300722E-01
 -1.353737742E-01 1.142239964E-01 2.199604254E-01
 -1.061376661E-01 2.089292353E-03 3.072458633E-01
 -5.465675818E-02 -6.607134690E-02 3.423681264E-01
 -4.990570844E-02 -1.503050399E-01 1.806837823E-01
 2.234659830E-03 -9.390095416E-02 1.876515440E-01
 2.675234801E-02 -2.005863582E-01 4.416021571E-02
 -1.556111569E-02 -5.254314846E-02 3.786715928E-01
 1.815640721E-02 -2.125885049E-02 7.406999443E-02
 1.015525435E-02 -1.744196048E-02 2.516757767E-01
 -5.514526908E-02 -1.284203592E-02 4.348574869E-01
 6.635832953E-02 -1.072945173E-01 -5.362200357E-02
 1.148798848E-01 -1.584897038E-01 -1.306857974E-01
 1.207498241E-01 -9.767717661E-02 -2.021123767E-01
 1.762824149E-01 -1.246112646E-01 -2.646306289E-01
 2.416950284E-01 -6.597293951E-02 -4.232313895E-01
 1.879929453E-01 -1.906731330E-01 -2.195557040E-01
 2.371821138E-01 -1.487033052E-01 -3.261535009E-01
 1.231465835E-01 -2.657336499E-01 -9.005407420E-02
 1.571928245E-01 -8.624121109E-02 -2.730717897E-01
 1.671307496E-01 -5.582302639E-02 -3.232960830E-01
 2.238820547E-01 -1.066649487E-01 -3.496338008E-01
 2.142543025E-01 -6.220244857E-02 -3.857926854E-01
 2.705123840E-01 -1.115669301E-01 -4.071651827E-01
 3.020718594E-01 -1.495090013E-01 -3.896850431E-01
 3.155920128E-01 -1.081206317E-01 -4.647675491E-01
 3.508267076E-01 -1.491759487E-01 -4.219276261E-01
 3.042454147E-01 -6.859057626E-02 -5.126352617E-01
 3.684577725E-01 -1.103469803E-01 -4.960145551E-01
 4.002439933E-01 -1.424305276E-01 -4.342918994E-01
 4.327423844E-01 -6.768473750E-02 -5.130854849E-01
 3.936932311E-01 -1.882667536E-01 -3.665117461E-01
 4.550390481E-01 -1.840525234E-01 -3.198280430E-01
 4.102581047E-01 -2.762750525E-01 -2.567277220E-01
 5.203361150E-01 -2.365030351E-01 -1.838884193E-01
 6.265454236E-01 -4.427020898E-02 -2.363892550E-02
 5.975811720E-01 -4.855342629E-02 -8.077755660E-02
 5.103995375E-01 -3.715850160E-01 -1.457744770E-01
 5.490811916E-01 -1.574530689E-01 -1.668337745E-01
 6.121733949E-01 -2.030553994E-01 -6.056935675E-02
 5.079946730E-01 -5.882202622E-02 -3.111619379E-01
 6.327781748E-01 -1.287079105E-01 -2.470111626E-02
 7.320424915E-01 -2.560569904E-02 1.494582467E-01
 6.988310523E-01 -1.809284806E-01 4.694576531E-02
 8.418731441E-01 -1.653449679E-02 2.853002825E-01
 8.185544477E-01 -1.846414825E-02 2.602509225E-01
 7.580724625E-01 -2.387363899E-02 1.846546789E-01
 8.662996931E-01 -1.019655345E-02 3.142892277E-01
 7.002992514E-01 -1.050924902E-01 7.010552099E-02
 3.692268973E-01 -6.817934787E-02 -5.819601505E-01
 6.904732884E-01 -2.820016473E-01 1.351375551E-02
 7.814721666E-01 -2.293050204E-01 9.994564320E-02
 9.686931835E-01 -1.273781809E-02 3.336416069E-01
 9.420699093E-01 -9.315166565E-03 3.423105648E-01
 4.893549411E-01 -1.275661363E-01 -2.938265437E-01
 5.825692044E-01 -1.085675786E-01 -1.076649479E-01
 4.405083256E-01 -1.148258338E-01 -4.163412452E-01
 6.581934696E-01 -7.894499073E-02 2.092589597E-02
 6.549010746E-01 -3.611417326E-02 2.979803993E-02
 7.618692181E-01 -1.443928728E-01 1.262469378E-01
 8.592881512E-01 -1.469908309E-01 1.843574583E-01
 8.872897393E-01 -2.630505934E-01 1.314555332E-01
 9.734504340E-01 -1.679490660E-01 1.881086238E-01
 1.010665781E+00 -2.985628403E-01 1.195013618E-01
 1.106766247E+00 -1.957794825E-01 1.247158586E-01
 9.226641297E-01 -9.568556912E-02 2.487218649E-01
 1.007898945E+00 -9.753212186E-02 2.147373828E-01
 1.115040631E+00 -8.187384794E-02 1.335840917E-01
 8.508664177E-01 -8.621370928E-02 2.332248786E-01
 7.534131449E-01 -8.822428155E-02 1.416728665E-01
 8.912673292E-01 -5.682357654E-02 2.738103605E-01
 9.672064660E-01 -7.071221328E-02 2.600280730E-01
 7.185433674E-01 -6.549013264E-02 1.137674778E-01
 7.070957032E-01 -3.098350486E-02 1.102515828E-01
 1.162324978E+00 -3.594693652E-01 8.589176761E-02
 1.009125752E+00 -4.927935834E-01 8.025644566E-02
 1.259946050E+00 -2.076675236E-01 7.280450331E-02
 4.032674508E-01 -1.040212093E-01 -4.976861662E-01
 3.109364564E+00 -2.612686154E-01 1.070698509E-02
 7.794064672E-01 -3.578841515E-01 5.745208206E-02
 6.412536382E-01 -4.039229859E-01 -4.174029009E-02
 5.123207984E-01 -5.422087045E-01 -9.951167720E-02
 3.781147049E-02 -7.348890226E-02 4.594489206E-02
 6.005743313E-02 -3.744067480E-02 -1.430985113E-01
 1.291671177E-02 -5.181031979E-02 1.833881713E-01
 -2.573466885E-02 -2.273283743E-02 5.670829844E-01
 -6.535170627E-04 -1.064525118E-02 6.483455792E-01
 8.910575749E-01 -1.024745610E-02 3.281461881E-01
 9.010461757E-01 -2.641012274E-02 3.168753066E-01
 9.160074084E-01 -1.811035439E-02 3.292266808E-01
 8.814680854E-01 -2.937974092E-02 3.037806663E-01
 8.596127780E-01 -4.716449792E-02 2.687404872E-01
 8.192087938E-01 -5.613318789E-02 2.307787493E-01
 8.047028167E-01 -9.682531937E-02 1.864125999E-01
 9.230616840E-01 -8.194563616E-03 3.428695445E-01
 9.319919821E-01 -2.031172701E-02 3.280427810E-01
 9.522470084E-01 -2.188126794E-02 3.220557637E-01
 9.181749962E-01 -4.429945961E-02 3.006042569E-01
 9.545078231E-01 -8.401223873E-03 3.385058938E-01
 9.687337518E-01 -3.613085087E-02 3.011674647E-01
 9.865875177E-01 -2.272894821E-02 2.971203668E-01
 9.915188844E-01 -4.361357718E-02 2.689610919E-01
 1.011812620E+00 -2.431045035E-02 2.720155085E-01
 7.517745674E-01 -5.505026283E-02 1.576423719E-01
 7.835711742E-01 -5.899703381E-02 1.894837075E-01
 7.959626172E-01 -2.006996100E-02 2.318424885E-01
 4.141171438E-01 -6.670253022E-02 -5.537371968E-01
 2.598801617E-01 -2.099709820E-01 -2.853901003E-01
 7.935521090E-01 -3.719119327E-02 2.175015774E-01
 7.703970991E-01 -3.688164283E-02 1.903394692E-01
 8.109983870E-01 -3.086228852E-02 2.424101241E-01
 8.324588676E-01 -3.318484948E-02 2.628527429E-01
 6.685780037E-01 -3.617094674E-02 5.096944120E-02
 6.777131339E-01 -5.068582686E-02 5.948641445E-02
 6.963524620E-01 -4.622891758E-02 9.219981924E-02
 4.739348945E-01 -9.533536686E-02 -3.720042083E-01
 5.064040540E-01 -9.441295992E-02 -2.946242253E-01
 9.098464850E-02 -7.865746201E-02 -1.663733236E-01
 1.083051979E-01 -4.892113117E-02 -2.444490294E-01
 4.584123991E-01 -6.432483555E-02 -4.514073946E-01
 8.768064015E-01 -1.254807088E-02 3.194683683E-01
 6.907914825E-01 -6.953409088E-02 7.319725040E-02
 9.137216553E-01 -6.750720623E-03 3.457786479E-01
 -3.945044048E-03 -3.578498298E-02 4.486534776E-01
 8.554437550E-01 -1.395870036E-02 3.005030887E-01
 8.302332705E-01 -1.507612608E-02 2.747817605E-01
 7.202021518E-01 -3.016115259E-02 1.327352649E-01
 6.619408439E-02 -6.917082573E-02 -1.112901168E-01
 4.412987585E-02 -5.088803230E-02 -3.690244447E-02
 2.348493843E-02 -3.741167263E-02 5.201217447E-02
 6.423773806E-01 -4.093065924E-02 6.799112560E-03
 6.373986233E-01 -5.873406771E-02 -7.705318189E-03
 6.129364372E-01 -5.855382149E-02 -4.965093520E-02
 5.922429158E-01 -6.929936567E-02 -8.989575196E-02
 6.193531375E-01 -8.380128911E-02 -4.278457401E-02
 7.698325174E-01 -2.109864418E-02 1.988889504E-01
 6.942452445E-01 -3.136679398E-02 9.268828497E-02
 9.321357179E-01 -6.962244852E-03 3.449625785E-01
 5.668021097E-01 -7.871942482E-02 -1.423926154E-01
 5.351558192E-01 -5.621558906E-02 -2.326392364E-01
 5.390284660E-01 -1.030952757E-01 -2.068148481E-01
 7.455349479E-01 -2.499915075E-02 1.659157937E-01
 9.290023335E-02 -5.626811750E-02 -1.960575670E-01
 1.935004960E-01 -9.081439493E-02 -3.204416641E-01
 1.556316600E-01 -6.495211996E-02 -2.927665829E-01
 1.321774977E-01 -6.841374793E-02 -2.558324521E-01
 5.782315189E-01 -5.584552091E-02 -1.221474354E-01
 5.474258170E-01 -5.296990166E-02 -1.975740350E-01
 5.455420049E-01 -6.979537492E-02 -1.946308295E-01
 5.230857869E-01 -7.244299230E-02 -2.586577456E-01
 4.920279975E-01 -7.471996780E-02 -3.374734531E-01
 1.565126471E-01 -5.199818280E-02 -3.109198443E-01
 8.074037987E-01 -1.678994311E-02 2.473883850E-01
 9.874686717E-02 -4.412456812E-02 -2.362428037E-01
 6.124418756E-01 -4.347305042E-02 -4.950683436E-02
 2.562966759E+00 2.046489979E-01 8.639762051E-04
 7.334952829E-01 -4.101865992E-02 1.424301660E-01
 3.399862117E-01 -9.231122874E-02 -5.172419395E-01
 1.208604223E-02 -3.055858995E-02 2.256274655E-01
 8.508185303E-01 -2.743836747E-02 2.836916537E-01
 1.107912918E-01 -6.668693163E-02 -2.192112650E-01
 2.953778032E-01 -8.604710083E-02 -4.714654955E-01
 1.023910911E+00 -5.589922195E-02 2.196241493E-01
 1.053940999E+00 -3.853779509E-02 1.794064509E-01
 1.050956250E+00 -8.319120169E-02 1.790405586E-01
 1.101340892E+00 -1.200582242E-02 1.289753249E-01
 1.061207097E+00 5.334097795E-02 1.299990477E-01
 9.664704837E-01 1.772226540E-02 1.196764841E-01
 1.154463170E+00 6.559934738E-02 9.022903542E-02
 1.196011006E+00 -3.287385973E-02 8.334211645E-02
 1.296956427E+00 5.908772917E-02 4.865718494E-02
 1.220264970E+00 2.023441923E-01 3.373014022E-02
 1.068177371E+00 1.378840866E-01 6.557085771E-02
 1.443468817E+00 1.972321068E-01 1.562896164E-02
 1.504665444E+00 -1.135802590E-02 2.546267627E-02
 9.983984877E-01 1.010865974E-01 6.465814355E-02
 9.874883032E-01 1.893418506E-01 -1.795855186E-03
 8.558306849E-01 3.756659313E-02 -1.804717209E-01
 9.251505678E-01 1.121587442E-01 -4.499850853E-02
 8.893872228E-01 1.996502087E-01 -1.075825201E-01
 7.545432200E-01 5.138596336E-02 -3.110159779E-01
 7.831734675E-01 4.974883526E-02 -2.730676494E-01
 8.346242968E-01 1.280930990E-01 -1.833802158E-01
 7.989737338E-01 2.071653614E-01 -2.223192971E-01
 7.503436126E-01 1.444058426E-01 -2.869942454E-01
 7.073783535E-01 1.954804608E-01 -3.187081225E-01
 6.591876857E-01 6.111083009E-02 -4.560857333E-01
 6.804924821E-01 5.899051359E-02 -4.192069465E-01
 6.683515779E-01 1.487398983E-01 -3.883289097E-01
 6.372524843E-01 1.980688264E-01 -3.938281336E-01
 5.617084350E-01 6.934830923E-02 -5.816879076E-01
 5.387617517E-01 7.055935081E-02 -6.014656803E-01
 5.863385439E-01 1.570195584E-01 -4.671922370E-01
 5.511791651E-01 2.287681667E-01 -4.308964513E-01
 5.027589389E-01 1.672201931E-01 -4.963418732E-01
 4.631488368E-01 7.621453674E-02 -5.942349251E-01
 4.710730206E-01 2.176361209E-01 -4.415228002E-01
 5.181000849E-01 3.244000937E-01 -3.476513686E-01
 4.175869276E-01 1.674993005E-01 -4.643216780E-01
 3.786717351E-01 2.467696301E-01 -3.840833931E-01
 3.861429591E-01 6.884621134E-02 -5.522159622E-01
 3.233939983E-01 1.708861175E-01 -3.972353574E-01
 2.115391654E-01 6.517967318E-02 -3.767127673E-01
 2.381267391E-01 6.252429306E-02 -4.077747556E-01
 3.157443725E-01 6.851560317E-02 -4.850900909E-01
 2.776916613E-01 2.589815707E-01 -2.842175485E-01
 2.091580749E-01 1.940236892E-01 -2.572867622E-01
 6.851533747E-01 3.018895295E-01 -3.044557162E-01
 7.055961412E-01 1.105156699E-01 -3.545057783E-01
 6.228591031E-01 1.209010746E-01 -4.657429300E-01
 3.672583092E-01 1.290114171E-01 -4.711566447E-01
 5.389502689E-01 1.248739154E-01 -5.383930518E-01
 2.752873049E-01 1.321084131E-01 -3.799024273E-01
 7.837684736E-01 1.088902692E-01 -2.552513127E-01
 8.726112852E-01 9.388216896E-02 -1.331997841E-01
 4.611680324E-01 1.310117563E-01 -5.304783141E-01
 8.438991520E-01 2.974594284E-01 -1.641790910E-01
 3.545104508E-01 3.796684475E-01 -2.667548939E-01
 2.079122524E-01 4.230550208E-01 -1.413313135E-01
 9.620926563E-01 7.001310368E-02 4.918812344E-02
 9.328974827E-01 2.646443811E-02 4.404753826E-04
 1.006094276E+00 4.386927935E-02 1.583790395E-01
 1.341846039E+00 4.268812639E-01 -3.730535630E-03
 1.480206021E+00 6.336176572E-01 -2.904817165E-02
 6.272072754E-01 4.546727026E-01 -2.500789121E-01
 4.729489710E-01 4.956111668E-01 -2.483956111E-01
 1.719639714E+00 -1.255741287E-01 1.682865642E-02
 1.335218135E+00 -8.040298932E-02 5.496375206E-02
 6.944786889E-01 5.764295616E-02 -3.956444944E-01
 6.886036872E-01 7.719166531E-02 -3.956900350E-01
 6.706834767E-01 7.111950117E-02 -4.314243945E-01
 6.519825520E-01 7.209680861E-02 -4.604584088E-01
 6.371529641E-01 6.365448881E-02 -4.904724711E-01
 6.655651870E-01 9.614083464E-02 -4.248653347E-01
 7.116800868E-01 7.789634244E-02 -3.624727734E-01
 7.302897243E-01 5.198338520E-02 -3.444825192E-01
 6.300974481E-01 8.377583752E-02 -4.847533165E-01
 6.004808268E-01 9.340524154E-02 -5.165543562E-01
 5.900779675E-01 7.109964797E-02 -5.502223783E-01
 5.743459630E-01 6.721509081E-02 -5.719064637E-01
 5.756665716E-01 8.280393504E-02 -5.523350284E-01
 5.770061116E-01 1.122401811E-01 -5.224448612E-01
 5.523611589E-01 8.665241394E-02 -5.683777680E-01
 5.293807784E-01 8.753571756E-02 -5.870573670E-01
 5.061442594E-01 8.873528261E-02 -5.944333510E-01
 4.919077468E-01 7.407000440E-02 -6.123694708E-01
 4.824510930E-01 9.359169390E-02 -5.798930051E-01
 4.782682603E-01 7.253048441E-02 -6.079834371E-01
 7.205583147E-01 5.262325174E-02 -3.620149224E-01
 4.502860075E-01 9.743546261E-02 -5.634195434E-01
 4.213745759E-01 1.158211083E-01 -5.280140546E-01
 4.461364009E-01 8.084281256E-02 -5.808188837E-01
 3.882933366E-01 1.067127805E-01 -5.157468818E-01
 6.565269476E-01 -5.026344409E-02 2.933785359E-02
 1.334999835E+00 -3.896429997E-01 5.617769443E-02
 6.585955600E-01 6.875386478E-01 -1.885969858E-01
 9.621834856E-01 3.503264044E-02 7.251153186E-02
 9.273151293E-01 5.375630780E-02 -1.799521579E-02
 8.957645517E-01 6.448847073E-02 -9.576415200E-02
 8.837787847E-01 3.825025514E-02 -1.289901390E-01
 8.678919145E-01 3.482057113E-02 -1.593497384E-01
 8.656412071E-01 5.680821467E-02 -1.526418467E-01
 8.338509544E-01 4.086195087E-02 -2.103615621E-01
 8.425687055E-01 7.674487828E-02 -1.871642358E-01
 8.063361702E-01 7.444769593E-02 -2.316945421E-01
 8.464863397E-01 5.116906192E-02 -1.894161256E-01
 8.444267749E-01 3.688611198E-02 -1.994823260E-01
 2.296167575E-02 -2.850969002E-02 5.424391003E-02
 1.779372204E-01 -6.935961340E-02 -3.215024730E-01
 5.021475208E-01 1.191362277E-01 -5.562024099E-01
 2.007694941E-01 -7.193732129E-02 -3.554579154E-01
 1.079253592E+00 2.537101840E-01 1.216618377E-02
 7.786054886E-01 7.411068644E-02 -2.711448697E-01
 7.260612625E-01 6.546014433E-02 -3.474678949E-01
 7.451875459E-01 8.901690483E-02 -3.114142737E-01
 7.438680595E-01 6.326065564E-02 -3.235324541E-01
 3.481164960E-01 -4.143886670E-01 -1.567476689E-01
 6.010216102E-01 6.481673643E-02 -5.428004666E-01
 2.217969072E-01 -7.793462227E-02 -3.784827510E-01
 2.485812717E-01 -8.642338433E-02 -4.077986726E-01
 2.580705832E-01 -6.996714088E-02 -4.437491570E-01
 2.711594973E-01 -8.341366053E-02 -4.471126339E-01
 2.872293253E-01 -6.845869124E-02 -4.879455124E-01
 9.939322185E-01 -1.082058661E-02 3.561896829E-01
 3.833812358E-01 -8.250409978E-02 -5.497943702E-01
 -2.807743513E-03 -1.946027982E-02 4.968425885E-01
 6.030501907E-03 -1.272018287E-02 3.574795776E-01
 5.217035575E-01 -5.536145001E-02 -2.727829561E-01
 8.694869392E-01 4.562649737E-01 -1.507916307E-01
 9.739784433E-01 -7.263484182E-01 7.959450468E-03
 3.828151685E-01 -6.577030221E-02 -5.887086205E-01
 4.406291716E-02 -3.737308104E-02 -7.544652571E-02
 1.629393673E+00 4.005558312E-01 -9.735723915E-03
 3.133974596E+00 6.339745962E-01 -4.434729048E-04
 6.481160664E-01 5.968892199E-02 -4.755644720E-01
 1.485263660E+00 -5.428154115E-01 4.298742295E-02
 8.218732215E-01 4.146376880E-02 -2.264998113E-01
 8.274674640E-01 5.572261611E-02 -2.155359052E-01
 7.960839440E-01 5.869178189E-02 -2.537709007E-01
 4.248139269E-01 -8.801056859E-02 -4.986800824E-01
 4.492853154E-01 -8.150306772E-02 -4.504436838E-01
 3.353838797E-01 -2.122129710E-01 -3.318635220E-01
 3.133974596E+00 -6.339745962E-01 1.090369740E-02
 6.221671077E-01 6.565019698E-02 -5.131869199E-01
 -9.930674711E-02 -2.879814578E-01 1.108245787E-01
 1.381284045E-01 2.635882267E-01 -1.227390502E-01
 9.712369810E-02 1.575797470E-01 -7.831192976E-02
 1.730571247E-01 1.376303465E-01 -2.641477798E-01
 -2.150776941E-02 2.049947876E-01 1.074136361E-01
 2.187663748E-02 1.176998159E-01 1.185834796E-01
 1.645582290E-02 2.226975060E-02 1.243716823E-01
 -4.710073432E-02 9.000717995E-02 3.154958858E-01
 -3.944928570E-02 3.165646815E-02 5.086068167E-01
 -3.930506907E-03 6.825877597E-02 2.874483127E-01
 8.003386095E-02 1.029088502E-01 -8.885762206E-02
 1.304040325E-01 9.506859319E-02 -2.151133049E-01
 1.409788858E-01 5.460183330E-02 -2.818615545E-01
 -3.017591201E-02 3.015587720E-03 6.680718880E-01
 -8.105222197E-03 3.900544457E-02 4.620464300E-01
 9.123303996E-03 1.583506760E-02 2.107300093E-01
 1.767248301E-02 4.896132943E-02 1.626832544E-01
 3.735757531E-02 3.078164030E-02 -4.067854009E-02
 1.728922202E-01 9.548121228E-02 -3.004321789E-01
 1.883401128E-01 6.155050621E-02 -3.515863137E-01
 2.073644261E-01 1.058294762E-01 -3.314058974E-01
 2.442538080E-01 1.015763377E-01 -3.751957980E-01
 -1.241257946E-02 1.449342268E-02 6.751911053E-01
 -3.063642370E-03 1.447736556E-02 7.071505721E-01
 4.812886078E-03 1.186126440E-02 3.727563042E-01
 2.688179465E-03 2.856054096E-02 3.700468696E-01
 9.994647975E-02 7.898118979E-02 -1.594382057E-01
 8.658139207E-02 4.504355867E-02 -1.789955016E-01
 6.893797850E-02 7.122168268E-02 -8.457648814E-02
 3.418618482E-02 8.090843828E-02 4.386582319E-02
 7.176315732E-02 4.234893643E-02 -1.498780919E-01
 -1.099948804E-05 7.957607071E-03 5.820542313E-01
 9.649956061E-02 5.838847402E-02 -1.834965252E-01
 1.244904677E-01 6.612861724E-02 -2.307432165E-01
 4.183054469E-02 5.851167628E-02 -1.864652943E-02
 2.278047947E-02 3.503198427E-02 7.155639357E-02
 1.966863803E-01 7.783138562E-02 -3.440603750E-01
 1.756238756E-01 7.110775880E-02 -3.233275917E-01
 1.519151716E-01 7.058897725E-02 -2.819451264E-01
 2.603455312E-02 2.534931107E-02 1.695234970E-02
 1.774790667E-01 5.602565274E-02 -3.426927438E-01
 1.543668255E-01 1.882055024E-01 -1.938969856E-01
 4.040680391E-01 -8.178813752E-02 -5.394568338E-01
 6.695535927E-01 5.770428878E-02 -4.389033799E-01
 9.417465262E-01 6.410136528E-01 -1.287802040E-01
 2.198635306E-01 8.456150281E-02 -3.671072446E-01
 2.569230147E-01 7.916768443E-02 -4.114130353E-01
 2.777253461E-01 9.661166524E-02 -4.172424880E-01
 2.942842789E-01 8.107099918E-02 -4.515769085E-01
 3.070945762E-01 1.060455631E-01 -4.390222089E-01
 3.333333953E-01 9.092533054E-02 -4.814206406E-01
 3.307351575E-01 7.055575711E-02 -4.981012279E-01
 3.609806051E-01 9.613877155E-02 -5.010651041E-01
 3.661307736E-01 7.809129257E-02 -5.260144136E-01
 4.073980118E-01 8.745421690E-02 -5.483492015E-01
 3.384121768E-01 1.186014400E-01 -4.599948476E-01
 3.745970268E-01 6.942506784E-02 -5.414242794E-01
 1.535456766E-01 5.409746628E-02 -3.041286378E-01
 5.038662259E-01 7.091080996E-02 -6.197057339E-01
 5.274403559E-01 6.962943550E-02 -6.126820755E-01
 7.944964537E-01 4.536810328E-02 -2.602901997E-01
 8.945863869E-01 3.042251359E-02 -1.058895642E-01
 1.947839882E+00 3.668119228E-01 -9.012960029E-03
 4.366309345E-01 7.265950934E-02 -5.866846645E-01
 2.265219183E-01 6.600889319E-02 -3.931763143E-01
 1.797264783E-01 -5.525681582E-02 -3.409297708E-01
 3.628482761E-01 -8.475272914E-02 -5.441166019E-01
 3.188112330E-01 -8.075660827E-02 -5.128359707E-01
 3.508029529E-01 -7.174915641E-02 -5.591019803E-01
 2.622124144E-01 -6.035208735E-02 -4.635180707E-01
 2.029614880E-01 -5.850629548E-02 -3.736166152E-01
 1.220611414E-01 -5.218951193E-02 -2.601830093E-01
 1.130223295E+00 4.187956178E-01 -2.685157273E-02
 2.269106928E-01 -6.085946083E-02 -4.052058370E-01
 4.465397724E-01 -6.356140754E-02 -4.860961610E-01
 2.003119458E-01 6.054677962E-02 -3.671364847E-01
 5.503857711E-01 6.843037810E-02 -5.943508694E-01
 4.841130963E-01 -6.183617244E-02 -3.835897454E-01
 4.945285658E-01 -5.816685200E-02 -3.481433998E-01
 5.949271948E-01 -2.994136168E-01 -7.853776628E-02
 9.031660582E-01 4.384037947E-02 -8.526953632E-02
 1.448942188E-01 -5.336507311E-02 -2.920362085E-01
 5.845166785E-01 -4.390114072E-02 -1.080217232E-01
 9.686377472E-02 4.504292735E-02 -2.054100590E-01
 3.575498441E-01 -6.131919462E-02 -5.898290716E-01
 7.689522045E-01 5.294431060E-02 -2.904132424E-01
 1.189505778E-01 5.136132912E-02 -2.420494323E-01
 1.296567049E-01 5.070263248E-02 -2.670182233E-01
 2.076657806E-01 -2.704349298E-01 -1.893933057E-01
 1.996706217E-01 -3.689979847E-01 -1.144419430E-01
 7.425516411E-01 5.084665422E-02 -3.287862938E-01
 8.652701961E-01 -2.360373597E-02 2.996273191E-01
 6.090796135E-01 7.488880039E-02 -5.234271219E-01
 4.298703633E-01 8.896784310E-02 -5.639179132E-01
 9.827171722E-01 -8.726286213E-03 3.258512859E-01
 3.966486690E-01 1.356674074E-01 -4.884095835E-01
 9.879102474E-01 2.123305469E-02 2.076706135E-01
 9.041373403E-02 -4.215426655E-02 -2.249325828E-01
 3.482921745E-02 4.325712376E-02 -1.407466544E-03
 -1.559383491E-01 4.151897819E-01 9.315199606E-02
 9.678049937E-01 -1.079697426E-01 2.295791810E-01
 8.804433432E-01 1.334460552E-01 -1.140616813E-01
 7.919275292E-01 1.471386431E-01 -2.293470138E-01
 1.039336834E+00 2.250767015E-03 1.840022287E-01
 1.194235767E+00 -1.330990538E-01 9.168476160E-02
 3.988053277E-01 7.224667347E-02 -5.589623315E-01
 4.102299773E-01 7.076599032E-02 -5.709686375E-01
 7.151377935E-01 -4.277647352E-02 1.169754405E-01
 2.771717237E+00 -1.115820948E-01 6.865698078E-03
 3.271294817E-01 -6.661958512E-02 -5.491814406E-01
 3.162178270E-01 -6.520857609E-02 -5.371229367E-01
 4.703748647E-01 -7.423603084E-02 -4.032026615E-01
 7.079174213E-01 1.497854679E-01 -3.324698877E-01
 7.680692944E-02 5.379237609E-02 -1.320725173E-01
 6.143632641E-02 5.234033017E-02 -9.492814815E-02
 4.495869478E-01 6.961924600E-02 -5.963073509E-01
 7.522232787E-01 -3.722326568E-02 1.689543278E-01
 6.835480803E-02 -5.111647038E-02 -1.483653405E-01
 9.460729521E-01 -4.845540782E-02 2.893932080E-01
 6.287004273E-01 1.561823394E-01 -4.321440272E-01
 5.034528240E-01 -1.763936909E-01 -2.424795517E-01
 3.145077820E-01 8.193957638E-02 -4.711377414E-01
 5.168847844E-02 -3.204123427E-02 -1.361476086E-01
 3.634601669E-01 6.836516681E-02 -5.333343781E-01
 1.051727434E+00 -1.300788233E-01 1.731977025E-01
 9.031949582E-01 -3.918539525E-01 8.046607529E-02
 -7.233306335E-03 -4.118297415E-03 9.585073279E-01
 5.448067292E-01 1.694704584E-01 -4.827740475E-01
 3.937352536E-01 -7.482530285E-01 -4.123456407E-02
 5.926258463E-01 -1.474020216E-01 -8.574490251E-02
 3.423835546E-01 -1.187184719E-01 -4.650594175E-01
 2.302578457E-01 1.426987645E-01 -3.270450229E-01
 2.388934050E-01 7.787531481E-02 -3.934459646E-01
 2.507465247E-01 6.544872057E-02 -4.167687978E-01
 2.621562122E-01 6.487470401E-02 -4.308481392E-01
 3.831925772E-01 8.270214488E-02 -5.340576334E-01
 2.678583747E-02 -2.352748075E-02 -2.184494722E-02
 5.208250621E-01 1.082614931E-01 -5.720098218E-01
 8.810215070E-01 -9.642842147E-02 2.341504026E-01
 4.631467299E-01 1.708418427E-01 -4.847228157E-01
 2.533928172E-01 -5.980035532E-02 -4.490721339E-01
 2.900663938E-01 6.655113451E-02 -4.614244642E-01
 3.028677701E-01 6.858282753E-02 -4.727499582E-01
 7.591872862E-01 6.655853958E-02 -3.000472308E-01
 2.631577770E-01 1.797397110E-01 -3.338526217E-01
 8.248359517E-02 6.207328063E-01 -2.581468562E-02
 3.724548037E-01 1.735978033E-01 -4.344475870E-01
 3.350365892E-01 -7.616888150E-02 -5.381097322E-01
 85 576 585 585
 274 107 275 275
 88 585 594 594
 352 100 696 696
 585 576 595 595
 352 551 552 552
 459 455 473 473
 572 571 574 574
 504 543 662 662
 575 577 579 579
 213 521 614 614
 494 219 500 500
 299 297 567 567
 602 241 656 656
 296 372 565 565
 486 5 522 522
 579 578 584 584
 462 463 465 465
 239 229 492 492
 468 606 645 645
 593 91 594 594
 307 314 323 323
 140 139 654 654
 272 264 284 284
 158 157 652 652
 326 331 708 708
 240 215 715 715
 575 574 577 577
 232 347 698 698
 223 562 563 563
 222 486 523 523
 374 358 376 376
 369 375 686 686
 523 444 524 524
 2 1 666 666
 473 482 554 554
 3 2 666 666
 415 306 416 416
 265 299 567 567
 255 267 574 574
 499 475 502 502
 289 291 427 427
 326 328 331 331
 487 522 666 666
 54 243 621 621
 504 503 506 506
 527 529 531 531
 603 582 608 608
 505 504 506 506
 195 196 256 256
 325 326 359 359
 441 444 485 485
 336 354 356 356
 408 245 687 687
 280 283 287 287
 490 473 554 554
 229 248 249 249
 333 429 430 430
 229 203 248 248
 91 593 601 601
 572 574 575 575
 56 55 621 621
 363 331 688 688
 336 331 363 363
 279 280 285 285
 554 237 642 642
 382 320 406 406
 314 335 338 338
 577 268 578 578
 522 433 666 666
 215 195 256 256
 1 368 673 673
 286 410 534 534
 529 448 530 530
 538 479 540 540
 618 221 711 711
 354 336 363 363
 573 590 701 701
 244 199 698 698
 212 236 489 489
 638 315 654 654
 358 357 377 377
 200 232 698 698
 201 238 555 555
 199 244 254 254
 113 112 557 557
 323 379 519 519
 269 271 273 273
 254 244 264 264
 83 82 609 609
 467 619 625 625
 424 275 551 551
 307 309 314 314
 587 258 668 668
 525 631 650 650
 572 575 580 580
 259 251 421 421
 328 330 694 694
 442 237 445 445
 512 461 513 513
 229 239 561 561
 214 215 240 240
 397 398 400 400
 590 588 606 606
 238 202 561 561
 229 249 492 492
 202 229 561 561
 314 325 335 335
 224 413 414 414
 473 449 482 482
 526 525 527 527
 506 507 508 508
 582 603 657 657
 293 427 637 637
 274 424 533 533
 355 354 363 363
 546 220 639 639
 407 308 422 422
 299 265 542 542
 243 620 621 621
 616 221 617 617
 225 569 662 662
 223 530 564 564
 202 203 229 229
 211 212 230 230
 530 223 563 563
 201 202 238 238
 357 356 661 661
 463 459 473 473
 427 293 548 548
 252 439 440 440
 268 276 578 578
 253 254 570 570
 213 214 521 521
 245 408 667 667
 495 494 500 500
 366 368 549 549
 232 341 695 695
 573 572 581 581
 362 318 364 364
 454 475 499 499
 260 259 421 421
 550 226 556 556
 298 320 322 322
 448 479 530 530
 269 273 351 351
 212 213 236 236
 477 535 707 707
 81 587 609 609
 412 302 652 652
 342 239 493 493
 304 305 699 699
 572 580 581 581
 574 267 577 577
 221 616 704 704
 370 358 374 374
 467 478 619 619
 525 524 527 527
 576 83 609 609
 330 342 674 674
 230 212 489 489
 5 433 522 522
 606 589 645 645
 323 397 400 400
 503 504 662 662
 315 550 556 556
 439 252 558 558
 220 547 548 548
 369 370 375 375
 295 298 322 322
 227 624 676 676
 249 251 252 252
 487 485 522 522
 472 571 611 611
 510 511 628 628
 497 498 560 560
 495 474 499 499
 219 514 539 539
 277 278 279 279
 479 450 540 540
 311 377 391 391
 209 210 260 260
 248 235 250 250
 465 463 483 483
 258 600 684 684
 444 480 524 524
 204 235 248 248
 293 637 680 680
 508 477 509 509
 222 523 650 650
 483 240 484 484
 377 310 391 391
 503 475 507 507
 203 204 248 248
 334 336 357 357
 502 503 662 662
 211 230 259 259
 200 201 555 555
 574 257 669 669
 379 323 387 387
 197 198 253 253
 447 538 655 655
 196 197 255 255
 336 356 357 357
 192 199 254 254
 335 359 370 370
 472 471 571 571
 608 582 627 627
 617 221 618 618
 326 334 359 359
 416 306 648 648
 320 304 406 406
 441 442 444 444
 536 409 544 544
 331 328 670 670
 474 454 499 499
 406 414 415 415
 349 394 687 687
 255 261 267 267
 157 412 652 652
 210 259 260 260
 410 286 417 417
 264 272 570 570
 557 349 692 692
 603 602 656 656
 445 237 482 482
 267 268 577 577
 444 445 671 671
 224 404 412 412
 474 495 500 500
 261 253 262 262
 512 481 515 515
 311 376 377 377
 271 277 348 348
 394 349 557 557
 269 270 271 271
 245 349 687 687
 139 638 654 654
 238 340 341 341
 256 196 669 669
 198 192 254 254
 395 394 557 557
 359 358 370 370
 207 208 231 231
 565 372 612 612
 334 357 358 358
 606 468 615 615
 325 317 326 326
 281 545 546 546
 507 477 508 508
 581 580 596 596
 485 444 523 523
 408 384 419 419
 303 299 542 542
 249 248 250 250
 509 228 629 629
 351 551 696 696
 204 205 235 235
 620 243 622 622
 614 554 642 642
 268 262 269 269
 249 250 251 251
 335 325 359 359
 289 290 291 291
 527 480 529 529
 151 150 647 647
 598 580 599 599
 340 238 520 520
 255 574 669 669
 209 260 559 559
 615 468 634 634
 450 474 540 540
 500 219 539 539
 246 411 651 651
 271 272 277 277
 210 211 259 259
 309 317 325 325
 569 502 662 662
 470 56 621 621
 249 252 492 492
 280 282 283 283
 304 300 305 305
 466 675 705 705
 337 332 367 367
 558 252 632 632
 215 256 715 715
 476 467 625 625
 206 207 344 344
 73 72 656 656
 586 595 605 605
 257 484 715 715
 515 516 663 663
 395 263 533 533
 231 260 421 421
 314 309 325 325
 207 231 344 344
 448 449 672 672
 157 224 412 412
 281 544 545 545
 498 502 569 569
 334 326 708 708
 139 266 638 638
 429 431 673 673
 227 633 663 663
 276 269 351 351
 461 512 515 515
 287 289 545 545
 239 440 493 493
 307 305 309 309
 323 314 387 387
 331 337 688 688
 407 422 686 686
 524 525 650 650
 326 327 328 328
 258 604 668 668
 481 464 516 516
 300 304 690 690
 362 361 688 688
 382 406 415 415
 481 512 535 535
 429 333 431 431
 373 265 567 567
 318 366 664 664
 404 224 414 414
 367 332 428 428
 183 182 353 353
 351 389 551 551
 647 233 681 681
 231 421 678 678
 547 427 548 548
 480 448 529 529
 138 137 679 679
 190 189 318 318
 544 281 643 643
 214 240 521 521
 112 263 557 557
 338 335 369 369
 377 357 425 425
 622 623 705 705
 350 394 395 395
 239 342 520 520
 250 235 678 678
 113 557 692 692
 382 415 416 416
 475 458 507 507
 238 341 555 555
 445 448 671 671
 571 257 574 574
 194 209 559 559
 208 194 559 559
 658 284 659 659
 450 451 682 682
 634 469 702 702
 518 622 705 705
 205 193 568 568
 193 206 568 568
 432 441 487 487
 294 295 343 343
 550 315 636 636
 448 445 449 449
 449 450 672 672
 393 408 687 687
 328 329 330 330
 381 382 416 416
 498 497 502 502
 345 232 695 695
 511 510 512 512
 26 25 494 494
 270 262 570 570
 279 278 280 280
 636 315 638 638
 524 480 527 527
 321 307 400 400
 199 200 698 698
 288 544 643 643
 389 350 424 424
 406 404 414 414
 50 49 675 675
 230 558 632 632
 307 323 400 400
 675 624 705 705
 604 258 684 684
 34 33 543 543
 277 279 383 383
 450 449 451 451
 291 290 700 700
 451 454 682 682
 310 377 425 425
 472 573 701 701
 589 606 607 607
 538 447 564 564
 341 232 555 555
 566 385 644 644
 411 246 641 641
 168 167 339 339
 571 572 611 611
 260 231 559 559
 318 362 365 365
 188 187 319 319
 516 464 665 665
 27 26 453 453
 322 320 381 381
 624 227 663 663
 502 475 503 503
 573 581 588 588
 253 198 254 254
 254 264 570 570
 228 509 510 510
 296 565 566 566
 294 343 550 550
 444 442 445 445
 240 483 491 491
 511 512 513 513
 279 285 411 411
 296 566 644 644
 259 230 632 632
 226 550 612 612
 577 578 579 579
 305 307 699 699
 454 455 689 689
 622 243 623 623
 455 458 689 689
 523 524 650 650
 586 584 595 595
 397 323 519 519
 454 451 455 455
 459 460 697 697
 376 358 377 377
 22 21 660 660
 460 481 535 535
 533 263 706 706
 366 367 368 368
 242 608 627 627
 236 213 614 614
 463 473 490 490
 330 340 342 342
 268 269 276 276
 458 477 507 507
 344 231 678 678
 587 605 609 609
 462 464 709 709
 578 276 583 583
 244 347 542 542
 486 522 523 523
 328 332 670 670
 273 271 350 350
 457 509 629 629
 59 58 711 711
 458 459 697 697
 298 300 690 690
 369 335 370 370
 440 239 492 492
 189 188 364 364
 458 455 459 459
 220 546 547 547
 41 40 228 228
 506 503 507 507
 228 510 628 628
 477 460 535 535
 432 438 441 441
 196 255 669 669
 542 265 659 659
 460 459 462 462
 623 243 693 693
 234 490 554 554
 581 603 608 608
 62 61 703 703
 36 35 505 505
 197 253 261 261
 409 287 544 544
 255 197 261 261
 256 257 715 715
 77 76 600 600
 399 302 412 412
 434 437 438 438
 134 133 220 220
 333 430 694 694
 517 515 663 663
 144 143 226 226
 274 533 706 706
 288 536 544 544
 175 174 371 371
 460 462 709 709
 294 292 295 295
 380 338 677 677
 315 141 654 654
 251 250 421 421
 252 251 632 632
 461 515 517 517
 384 426 641 641
 580 575 599 599
 261 262 268 268
 330 333 694 694
 277 272 278 278
 368 428 429 429
 573 588 590 590
 321 399 404 404
 309 316 317 317
 70 69 627 627
 471 472 714 714
 267 261 268 268
 361 363 688 688
 318 365 366 366
 218 355 388 388
 220 133 639 639
 332 328 694 694
 427 291 637 637
 433 3 666 666
 251 259 632 632
 496 495 499 499
 596 598 602 602
 410 285 534 534
 537 437 642 642
 633 517 663 663
 178 177 391 391
 283 282 373 373
 269 262 270 270
 257 256 669 669
 153 152 306 306
 591 615 702 702
 465 467 716 716
 16 15 562 562
 38 37 646 646
 241 73 656 656
 165 164 378 378
 179 178 310 310
 181 180 313 313
 58 57 712 712
 540 541 713 713
 231 208 559 559
 45 44 461 461
 423 638 717 717
 169 168 392 392
 206 344 568 568
 150 149 233 233
 242 607 608 608
 31 30 498 498
 173 172 401 401
 295 322 343 343
 398 302 399 399
 17 16 223 223
 185 184 388 388
 43 42 511 511
 515 481 516 516
 182 181 386 386
 235 344 678 678
 478 617 619 619
 404 399 412 412
 128 127 640 640
 333 330 674 674
 10 9 631 631
 171 170 407 407
 51 50 466 466
 287 283 289 289
 464 462 465 465
 25 24 219 219
 13 12 443 443
 74 73 241 241
 162 161 301 301
 67 66 589 589
 334 358 359 359
 154 153 553 553
 172 171 312 312
 48 47 227 227
 180 179 390 390
 135 134 548 548
 416 647 681 681
 235 205 568 568
 150 233 647 647
 483 463 491 491
 121 120 641 641
 493 435 674 674
 124 123 417 417
 338 369 422 422
 186 185 360 360
 457 508 509 509
 53 52 693 693
 247 534 536 536
 79 78 258 258
 166 165 216 216
 163 162 396 396
 304 321 406 406
 386 313 661 661
 57 56 470 470
 280 287 409 409
 123 122 651 651
 42 41 628 628
 63 62 469 469
 394 393 687 687
 136 135 293 293
 29 28 452 452
 638 266 717 717
 360 361 403 403
 252 440 492 492
 191 190 664 664
 655 538 713 713
 30 29 560 560
 174 173 217 217
 184 183 218 218
 516 518 624 624
 327 317 345 345
 461 517 685 685
 60 59 221 221
 126 125 635 635
 21 20 446 446
 148 147 644 644
 18 17 630 630
 177 176 311 311
 285 410 411 411
 149 148 385 385
 271 270 272 272
 423 636 638 638
 37 36 456 456
 470 691 712 712
 155 154 405 405
 9 8 222 222
 336 334 708 708
 119 118 419 419
 602 598 683 683
 518 476 622 622
 592 593 595 595
 273 350 389 389
 156 155 413 413
 314 338 387 387
 167 166 402 402
 129 128 288 288
 164 163 324 324
 344 235 568 568
 467 465 471 471
 302 159 652 652
 66 65 645 645
 509 477 707 707
 161 160 420 420
 75 74 653 653
 157 156 224 224
 145 144 372 372
 118 117 667 667
 484 257 571 571
 326 317 327 327
 295 297 298 298
 411 410 651 651
 69 68 242 242
 176 175 418 418
 368 429 673 673
 170 169 308 308
 54 53 243 243
 241 602 653 653
 474 500 540 540
 607 242 610 610
 33 32 225 225
 139 138 266 266
 236 614 642 642
 471 484 571 571
 439 436 440 440
 20 19 655 655
 19 18 447 447
 122 121 246 246
 127 126 247 247
 343 322 565 565
 35 34 504 504
 76 75 597 597
 298 299 300 300
 534 247 635 635
 117 116 245 245
 271 348 350 350
 147 146 296 296
 289 283 290 290
 15 14 528 528
 464 465 716 716
 304 320 690 690
 44 43 513 513
 12 11 526 526
 484 240 715 715
 591 590 615 615
 23 22 501 501
 65 64 468 468
 292 294 700 700
 14 13 532 532
 11 10 525 525
 399 321 400 400
 24 23 514 514
 1 191 549 549
 32 31 569 569
 61 60 704 704
 589 607 610 610
 64 63 634 634
 370 374 375 375
 360 355 361 361
 575 579 599 599
 280 278 282 282
 142 141 315 315
 266 138 679 679
 302 398 420 420
 441 438 442 442
 143 142 556 556
 218 354 355 355
 385 566 681 681
 319 361 362 362
 72 71 657 657
 452 497 560 560
 52 51 626 626
 68 67 610 610
 152 151 648 648
 426 411 641 641
 365 362 688 688
 120 119 384 384
 615 634 702 702
 381 416 681 681
 440 436 493 493
 328 327 329 329
 361 319 403 403
 160 159 302 302
 384 408 426 426
 227 47 633 633
 432 487 673 673
 350 348 394 394
 130 129 643 643
 381 320 382 382
 247 536 640 640
 237 442 537 537
 348 277 393 393
 28 27 613 613
 599 586 604 604
 131 130 281 281
 588 581 608 608
 71 70 582 582
 452 496 497 497
 605 587 668 668
 438 437 537 537
 467 471 714 714
 279 411 426 426
 125 124 286 286
 330 329 340 340
 466 50 675 675
 319 362 364 364
 432 434 438 438
 137 136 680 680
 39 38 457 457
 434 436 437 437
 508 457 646 646
 624 518 705 705
 583 351 696 696
 383 279 426 426
 342 493 674 674
 591 616 617 617
 489 488 558 558
 49 48 676 676
 318 189 364 364
 187 186 403 403
 218 183 353 353
 491 490 521 521
 284 264 659 659
 25 219 494 494
 87 86 585 585
 441 485 487 487
 434 435 436 436
 691 618 712 712
 114 113 692 692
 398 301 420 420
 81 80 587 587
 132 131 710 710
 392 339 677 677
 236 488 489 489
 529 530 563 563
 109 108 274 274
 232 345 346 346
 84 83 576 576
 354 353 356 356
 602 597 653 653
 40 39 629 629
 290 292 700 700
 540 539 541 541
 393 383 408 408
 356 353 386 386
 375 217 401 401
 619 618 691 691
 322 381 566 566
 47 46 633 633
 291 423 637 637
 306 415 553 553
 437 439 488 488
 598 604 684 684
 598 599 604 604
 482 237 554 554
 375 312 686 686
 115 114 349 349
 286 534 635 635
 285 409 534 534
 312 375 401 401
 456 508 646 646
 351 273 389 389
 342 340 520 520
 347 244 698 698
 581 596 603 603
 701 478 714 714
 7 6 486 486
 353 182 386 386
 321 404 406 406
 338 380 387 387
 596 602 603 603
 415 405 553 553
 112 111 263 263
 188 319 364 364
 374 217 375 375
 232 346 347 347
 133 132 639 639
 262 253 570 570
 309 305 316 316
 285 280 409 409
 702 469 703 703
 277 383 393 393
 106 105 275 275
 190 318 664 664
 331 336 708 708
 516 624 663 663
 437 488 642 642
 278 272 284 284
 355 360 388 388
 345 316 346 346
 536 288 640 640
 397 301 398 398
 46 45 685 685
 431 432 673 673
 471 483 484 484
 317 316 345 345
 281 546 710 710
 141 140 654 654
 437 436 439 439
 379 378 519 519
 488 439 558 558
 33 225 543 543
 216 380 402 402
 572 573 611 611
 425 357 661 661
 380 339 402 402
 307 321 699 699
 453 26 494 494
 159 158 652 652
 350 395 424 424
 617 618 619 619
 346 303 347 347
 579 584 586 586
 368 367 428 428
 454 474 682 682
 490 234 521 521
 544 287 545 545
 168 339 392 392
 376 311 418 418
 592 583 696 696
 239 520 561 561
 337 331 670 670
 414 405 415 415
 475 454 689 689
 181 313 386 386
 339 167 402 402
 474 450 682 682
 365 337 367 367
 573 472 611 611
 604 586 668 668
 456 506 508 508
 579 586 599 599
 371 376 418 418
 349 114 692 692
 320 298 690 690
 446 655 713 713
 111 110 706 706
 469 62 703 703
 313 180 390 390
 319 187 403 403
 449 445 482 482
 179 310 390 390
 216 379 380 380
 450 479 672 672
 298 297 299 299
 501 22 660 660
 300 299 303 303
 478 591 617 617
 340 329 341 341
 371 374 376 376
 458 475 689 689
 541 501 660 660
 346 316 649 649
 424 395 533 533
 356 386 661 661
 455 451 473 473
 295 292 297 297
 366 365 367 367
 172 312 401 401
 221 59 711 711
 436 435 493 493
 596 580 598 598
 310 178 391 391
 429 428 430 430
 134 220 548 548
 462 459 463 463
 448 480 671 671
 434 431 435 435
 398 399 400 400
 477 458 697 697
 373 282 658 658
 290 283 373 373
 442 438 537 537
 479 448 672 672
 327 345 695 695
 216 165 378 378
 9 222 631 631
 263 111 706 706
 539 501 541 541
 478 467 714 714
 512 510 535 535
 312 171 407 407
 421 250 678 678
 233 385 681 681
 177 311 391 391
 217 173 401 401
 584 578 592 592
 35 504 505 505
 471 465 483 483
 127 247 640 640
 174 217 371 371
 57 470 712 712
 104 103 552 552
 496 452 613 613
 338 422 677 677
 308 169 392 392
 463 490 491 491
 306 152 648 648
 481 460 709 709
 218 353 354 354
 230 489 558 558
 531 529 563 563
 396 397 519 519
 153 306 553 553
 175 371 418 418
 321 304 699 699
 360 185 388 388
 144 226 372 372
 456 36 505 505
 151 647 648 648
 497 496 499 499
 247 126 635 635
 435 333 674 674
 405 154 553 553
 504 34 543 543
 467 476 716 716
 15 528 562 562
 453 496 613 613
 460 477 697 697
 27 453 613 613
 170 308 407 407
 142 315 556 556
 711 58 712 712
 184 218 388 388
 303 346 649 649
 430 332 694 694
 41 228 628 628
 164 324 378 378
 347 303 542 542
 122 246 651 651
 324 163 396 396
 500 539 540 540
 293 135 548 548
 246 121 641 641
 166 216 402 402
 361 355 363 363
 244 542 659 659
 453 494 495 495
 622 476 625 625
 17 223 630 630
 223 16 562 562
 332 337 670 670
 223 564 630 630
 422 392 677 677
 21 446 660 660
 457 38 646 646
 530 538 564 564
 233 149 385 385
 498 30 560 560
 162 301 396 396
 428 332 430 430
 380 379 387 387
 219 24 514 514
 461 44 513 513
 74 241 653 653
 225 32 569 569
 242 68 610 610
 464 481 709 709
 385 148 644 644
 348 393 394 394
 422 369 686 686
 390 310 425 425
 337 365 688 688
 371 217 374 374
 155 405 413 413
 243 53 693 693
 564 447 630 630
 582 70 627 627
 51 466 626 626
 48 227 676 676
 637 423 717 717
 45 461 685 685
 600 683 684 684
 224 156 413 413
 69 242 627 627
 565 322 566 566
 453 495 496 496
 619 620 625 625
 647 416 648 648
 265 658 659 659
 312 407 686 686
 301 161 420 420
 480 444 671 671
 443 531 532 532
 311 176 418 418
 452 28 613 613
 282 278 284 284
 29 452 560 560
 343 565 612 612
 60 221 704 704
 549 191 664 664
 531 528 532 532
 656 72 657 657
 117 245 667 667
 226 143 556 556
 703 61 704 704
 136 293 680 680
 31 498 569 569
 52 626 693 693
 447 18 630 630
 396 301 397 397
 216 378 379 379
 308 392 422 422
 468 64 634 634
 13 443 532 532
 543 225 662 662
 443 12 526 526
 339 380 677 677
 511 42 628 628
 378 324 519 519
 675 49 676 676
 456 505 506 506
 63 469 634 634
 423 294 636 636
 589 66 645 645
 237 537 642 642
 102 101 352 352
 65 468 645 645
 597 602 683 683
 679 137 680 680
 329 327 695 695
 19 447 655 655
 620 619 691 691
 432 431 434 434
 147 296 644 644
 446 541 660 660
 37 456 646 646
 525 10 631 631
 265 373 658 658
 43 511 513 513
 67 589 610 610
 76 597 600 600
 470 621 691 691
 11 525 526 526
 446 20 655 655
 372 226 612 612
 443 527 531 531
 131 281 710 710
 530 479 538 538
 413 405 414 414
 417 123 651 651
 129 288 643 643
 23 501 514 514
 288 128 640 640
 186 360 403 403
 39 457 629 629
 228 40 629 629
 518 516 665 665
 390 425 661 661
 292 290 567 567
 562 528 563 563
 541 446 713 713
 160 302 420 420
 528 14 532 532
 240 491 521 521
 289 427 547 547
 300 303 649 649
 313 390 661 661
 305 300 649 649
 71 582 657 657
 419 118 667 667
 286 124 417 417
 443 526 527 527
 528 531 563 563
 520 238 561 561
 476 665 716 716
 282 284 658 658
 384 119 419 419
 120 384 641 641
 600 597 683 683
 597 75 653 653
 590 591 701 701
 631 222 650 650
 4 3 433 433
 281 130 643 643
 606 588 607 607
 514 501 539 539
 125 286 635 635
 276 351 583 583
 616 702 703 703
 603 656 657 657
 472 701 714 714
 510 509 707 707
 324 396 519 519
 550 343 612 612
 488 236 642 642
 341 329 695 695
 93 92 601 601
 234 554 614 614
 584 592 595 595
 294 550 636 636
 290 373 567 567
 545 289 547 547
 90 89 594 594
 389 424 551 551
 316 305 649 649
 431 333 435 435
 297 292 567 567
 266 679 717 717
 624 675 676 676
 578 583 592 592
 590 606 615 615
 546 545 547 547
 522 485 523 523
 476 518 665 665
 566 381 681 681
 294 423 700 700
 591 478 701 701
 607 588 608 608
 665 464 716 716
 620 622 625 625
 535 510 707 707
 586 605 668 668
 408 383 426 426
 637 679 680 680
 616 591 702 702
 683 598 684 684
 423 291 700 700
 534 409 536 536
 626 466 705 705
 633 46 685 685
 616 703 704 704
 408 419 667 667
 366 549 664 664
 621 620 691 691
 410 417 651 651
 618 711 712 712
 626 623 693 693
 639 132 710 710
 623 626 705 705
 517 633 685 685
 679 637 717 717
 546 639 710 710
 5 4 433 433
 91 90 594 594
 368 1 549 549
 1 487 666 666
 487 1 673 673
 6 5 486 486
 8 7 222 222
 222 7 486 486
 55 54 621 621
 78 77 258 258
 258 77 600 600
 80 79 587 587
 79 258 587 587
 82 81 609 609
 85 84 576 576
 86 85 585 585
 88 87 585 585
 89 88 594 594
 92 91 601 601
 94 93 601 601
 95 94 592 592
 592 94 593 593
 593 94 601 601
 96 95 696 696
 95 592 696 696
 97 96 696 696
 98 97 696 696
 99 98 696 696
 100 99 696 696
 101 100 352 352
 103 102 552 552
 102 352 552 552
 105 104 552 552
 275 105 552 552
 107 106 275 275
 108 107 274 274
 110 109 706 706
 109 274 706 706
 116 115 349 349
 245 116 349 349
 146 145 372 372
 296 146 372 372
 232 200 555 555
 521 234 614 614
 264 244 659 659
 263 395 557 557
 272 270 570 570
 274 275 424 424
 551 275 552 552
 551 352 696 696
 451 449 473 473
 497 499 502 502
 538 540 713 713
 595 576 605 605
 605 576 609 609
 585 593 594 594
 593 585 595 595
