TITLE     = "Visualization of the solution"
VARIABLES = "x"
"y"
"Pressure_Coefficient"
ZONE T="Zone"
 STRANDID=0, SOLUTIONTIME=0
 Nodes=692, Elements=1169, ZONETYPE=FEQuadrilateral
 DATAPACKING=POINT
 DT=(DOUBLE DOUBLE DOUBLE )
 9.999261498E-01 5.090994528E-04 3.387702389E-01
 9.860915542E-01 3.236988792E-03 3.117563111E-01
 9.728934765E-01 5.962521303E-03 1.633259873E-01
 9.560720921E-01 9.315503761E-03 1.251306870E-01
 9.410776496E-01 1.227042824E-02 8.055289331E-02
 9.268710613E-01 1.504894160E-02 3.796722882E-02
 9.155942202E-01 1.736714132E-02 -4.038261974E-03
 9.038288593E-01 1.965945773E-02 -3.556447085E-02
 8.921384811E-01 2.196708135E-02 -7.436495781E-02
 8.802767992E-01 2.422718704E-02 -1.107630615E-01
 8.684606552E-01 2.645960078E-02 -1.311415317E-01
 8.559946418E-01 2.864295803E-02 -1.494481237E-01
 8.443812728E-01 3.075433522E-02 -1.799717988E-01
 8.333450556E-01 3.267383948E-02 -2.033044948E-01
 8.219829798E-01 3.462402895E-02 -2.237057219E-01
 8.097199798E-01 3.665586188E-02 -2.433199869E-01
 7.974710464E-01 3.865949437E-02 -2.727992151E-01
 7.854771018E-01 4.060576856E-02 -2.962035955E-01
 7.731173038E-01 4.250939935E-02 -3.142403010E-01
 7.616040707E-01 4.426654056E-02 -3.385606044E-01
 7.486415505E-01 4.619738087E-02 -3.653412205E-01
 7.355231047E-01 4.809965193E-02 -3.916485170E-01
 7.247458696E-01 4.961145669E-02 -4.162761998E-01
 7.134583592E-01 5.116842687E-02 -4.389522313E-01
 7.016242146E-01 5.272749439E-02 -4.668642051E-01
 6.887043118E-01 5.441268533E-02 -4.948191203E-01
 6.757009029E-01 5.599299818E-02 -5.249954278E-01
 6.649882793E-01 5.728300288E-02 -5.589793511E-01
 6.531591415E-01 5.863756314E-02 -5.856654056E-01
 6.415361762E-01 5.989255384E-02 -6.146623225E-01
 6.297918558E-01 6.111669540E-02 -6.467989215E-01
 6.181681752E-01 6.226627156E-02 -6.728534681E-01
 6.073509455E-01 6.325688958E-02 -6.960581183E-01
 5.954731703E-01 6.430011988E-02 -7.196885389E-01
 5.838801861E-01 6.522371620E-02 -7.467389847E-01
 5.707629919E-01 6.621112674E-02 -7.731973627E-01
 5.585526824E-01 6.706273556E-02 -7.842914360E-01
 5.462351441E-01 6.779467314E-02 -7.920966169E-01
 5.351940393E-01 6.842514127E-02 -7.983227619E-01
 5.234202743E-01 6.901355833E-02 -7.917694235E-01
 5.111720562E-01 6.953006238E-02 -7.818035783E-01
 5.002259612E-01 6.993755698E-02 -7.689638515E-01
 4.872991741E-01 7.033437490E-02 -7.525937811E-01
 4.742496014E-01 7.062923908E-02 -7.410916314E-01
 4.611688554E-01 7.088272274E-02 -7.299752857E-01
 4.479891360E-01 7.101711631E-02 -7.205277038E-01
 4.355667233E-01 7.111156732E-02 -7.093179256E-01
 4.227499068E-01 7.109557092E-02 -6.909493078E-01
 4.104052484E-01 7.101483643E-02 -6.757785469E-01
 3.975919187E-01 7.085771114E-02 -6.671465116E-01
 3.853349984E-01 7.066502422E-02 -6.602876840E-01
 3.730821609E-01 7.038715482E-02 -6.474639115E-01
 3.599644899E-01 7.001212984E-02 -6.351398683E-01
 3.471469879E-01 6.957413256E-02 -6.220682318E-01
 3.342555463E-01 6.904149801E-02 -6.121837365E-01
 3.232251406E-01 6.855348498E-02 -5.989296746E-01
 3.105596900E-01 6.788781285E-02 -5.851259943E-01
 2.975146472E-01 6.715771556E-02 -5.726624282E-01
 2.837267518E-01 6.626847386E-02 -5.588080474E-01
 2.714430094E-01 6.540339440E-02 -5.467795470E-01
 2.594889402E-01 6.448562443E-02 -5.355901297E-01
 2.469077110E-01 6.345614046E-02 -5.211817059E-01
 2.344649136E-01 6.232742593E-02 -5.071633866E-01
 2.221141309E-01 6.114837155E-02 -4.936727356E-01
 2.101185173E-01 5.989708751E-02 -4.763499919E-01
 1.979099810E-01 5.853597075E-02 -4.617049149E-01
 1.855795979E-01 5.707617104E-02 -4.440766173E-01
 1.735807210E-01 5.554061756E-02 -4.234074112E-01
 1.618420482E-01 5.394725502E-02 -4.050515121E-01
 1.499375701E-01 5.222988501E-02 -3.864745006E-01
 1.389035583E-01 5.052985251E-02 -3.649741363E-01
 1.271093786E-01 4.857929423E-02 -3.428998494E-01
 1.159814596E-01 4.662566632E-02 -3.214496372E-01
 1.051501334E-01 4.459311441E-02 -2.972535116E-01
 9.497601539E-02 4.254789278E-02 -2.691998497E-01
 8.407063037E-02 4.020693153E-02 -2.374656658E-01
 7.294642925E-02 3.762846068E-02 -2.013428506E-01
 6.322965771E-02 3.517881036E-02 -1.641559154E-01
 5.381369963E-02 3.261568397E-02 -1.325573182E-01
 4.535178840E-02 3.011190519E-02 -9.877893387E-02
 3.794350848E-02 2.771385573E-02 -5.736923064E-02
 3.140375018E-02 2.541074529E-02 -1.628037309E-02
 2.579773590E-02 2.325160801E-02 2.615704780E-02
 2.167453803E-02 2.151923068E-02 6.613293115E-02
 1.776276901E-02 1.973561011E-02 1.187914696E-01
 1.457923930E-02 1.814942993E-02 1.891521576E-01
 1.167357713E-02 1.657164842E-02 2.096396863E-01
 9.566611610E-03 1.531697158E-02 2.544282634E-01
 7.697134744E-03 1.410211716E-02 3.093319687E-01
 5.927286111E-03 1.284897886E-02 4.127778552E-01
 3.639145521E-03 1.097599603E-02 6.080927882E-01
 1.754146884E-03 9.113281034E-03 5.278917925E-01
 2.944496518E-04 7.275562733E-03 8.432396790E-01
 -1.104810741E-03 4.686724860E-03 1.052648032E+00
 -1.676622895E-03 2.689249115E-03 8.617601373E-01
 -1.820330624E-03 1.021407661E-03 1.298920917E+00
 -1.652780920E-03 -8.090695483E-04 9.948900246E-01
 -1.139261411E-03 -2.699809149E-03 1.204032804E+00
 -9.759282693E-05 -4.953172058E-03 8.041813355E-01
 1.455442864E-03 -7.297866046E-03 7.960225657E-01
 3.523033578E-03 -9.698045440E-03 5.954995510E-01
 5.408417899E-03 -1.151870098E-02 4.987307591E-01
 7.597147021E-03 -1.336108521E-02 4.441498396E-01
 9.398880415E-03 -1.472762693E-02 3.598315870E-01
 1.158281136E-02 -1.624139212E-02 2.768436308E-01
 1.400125772E-02 -1.778139174E-02 2.321149846E-01
 1.731624641E-02 -1.969209313E-02 1.738256664E-01
 2.044521458E-02 -2.134876326E-02 1.074640318E-01
 2.434433252E-02 -2.323163860E-02 5.818952300E-02
 2.953662351E-02 -2.550757490E-02 1.296455594E-03
 3.503220528E-02 -2.769522555E-02 -5.007106597E-02
 4.166710749E-02 -3.007793613E-02 -1.044196386E-01
 4.917121306E-02 -3.251962736E-02 -1.458602306E-01
 5.797955021E-02 -3.511860594E-02 -1.827865671E-01
 6.672871858E-02 -3.746137023E-02 -2.256452280E-01
 7.674529403E-02 -3.991445526E-02 -2.527811909E-01
 8.656971157E-02 -4.212508723E-02 -2.837986387E-01
 9.689010680E-02 -4.426950961E-02 -3.122003736E-01
 1.079362780E-01 -4.639412835E-02 -3.399994111E-01
 1.192007065E-01 -4.840731621E-02 -3.631630095E-01
 1.309091300E-01 -5.035220087E-02 -3.817064144E-01
 1.417223215E-01 -5.201981217E-02 -4.015321680E-01
 1.531125009E-01 -5.366687104E-02 -4.201292703E-01
 1.652090847E-01 -5.529397726E-02 -4.405267108E-01
 1.769352108E-01 -5.675852299E-02 -4.591931847E-01
 1.888676137E-01 -5.815371498E-02 -4.783778733E-01
 1.998337507E-01 -5.933881551E-02 -4.992087866E-01
 2.113832682E-01 -6.049462408E-02 -5.159306179E-01
 2.237237394E-01 -6.162467226E-02 -5.348454311E-01
 2.361343950E-01 -6.265469640E-02 -5.549411118E-01
 2.482672334E-01 -6.357054412E-02 -5.759214674E-01
 2.604403198E-01 -6.437636167E-02 -5.972202045E-01
 2.717016637E-01 -6.502950937E-02 -6.170955518E-01
 2.842063308E-01 -6.565933675E-02 -6.380963989E-01
 2.964719832E-01 -6.614243984E-02 -6.586181105E-01
 3.090235889E-01 -6.653037667E-02 -6.748967846E-01
 3.208743632E-01 -6.680735201E-02 -6.962920040E-01
 3.335474432E-01 -6.694674492E-02 -7.134740579E-01
 3.444389105E-01 -6.698538363E-02 -7.273064320E-01
 3.559898734E-01 -6.689883024E-02 -7.354624607E-01
 3.671765327E-01 -6.672561169E-02 -7.399616777E-01
 3.783413768E-01 -6.644362211E-02 -7.427611528E-01
 3.901443779E-01 -6.601204723E-02 -7.311037755E-01
 4.032613635E-01 -6.542383134E-02 -7.083361232E-01
 4.156120718E-01 -6.470260024E-02 -6.787748689E-01
 4.283038974E-01 -6.387004256E-02 -6.416235815E-01
 4.408039153E-01 -6.291868538E-02 -6.058628655E-01
 4.529404342E-01 -6.186749786E-02 -5.621759467E-01
 4.647208154E-01 -6.074073166E-02 -5.117143314E-01
 4.772068262E-01 -5.946923047E-02 -4.679718532E-01
 4.892027974E-01 -5.812494829E-02 -4.261275816E-01
 5.016799569E-01 -5.664809048E-02 -3.789361828E-01
 5.152625442E-01 -5.495921150E-02 -3.330925158E-01
 5.283616185E-01 -5.328666791E-02 -2.957637608E-01
 5.410280228E-01 -5.156351253E-02 -2.573716224E-01
 5.538654923E-01 -4.978781193E-02 -2.178742211E-01
 5.672216415E-01 -4.788409919E-02 -1.825997369E-01
 5.803914070E-01 -4.597672820E-02 -1.506796295E-01
 5.929200649E-01 -4.408032447E-02 -1.162482159E-01
 6.059366465E-01 -4.214273021E-02 -8.378571245E-02
 6.200040579E-01 -4.002454132E-02 -6.066516403E-02
 6.337819695E-01 -3.789925575E-02 -3.131695748E-02
 6.479871273E-01 -3.573427722E-02 -2.848973035E-03
 6.608967185E-01 -3.375059366E-02 2.112957068E-02
 6.744459271E-01 -3.168772534E-02 4.260787414E-02
 6.867156625E-01 -2.979740873E-02 6.450579165E-02
 6.992143989E-01 -2.790492587E-02 8.601384116E-02
 7.134526968E-01 -2.574247122E-02 1.077658259E-01
 7.264141440E-01 -2.378752083E-02 1.303304943E-01
 7.382832170E-01 -2.202422544E-02 1.488549813E-01
 7.517100573E-01 -2.000378072E-02 1.707789984E-01
 7.641561031E-01 -1.820931025E-02 1.937437575E-01
 7.779028416E-01 -1.627034321E-02 2.072681116E-01
 7.896489501E-01 -1.459143963E-02 2.289812892E-01
 8.023036718E-01 -1.287141349E-02 2.491249589E-01
 8.131572008E-01 -1.140663307E-02 2.640356502E-01
 8.243469596E-01 -9.933910333E-03 2.843747630E-01
 8.372386098E-01 -8.358276449E-03 3.009673494E-01
 8.496210575E-01 -6.890966557E-03 3.182962091E-01
 8.618857265E-01 -5.517540500E-03 3.367461933E-01
 8.730624318E-01 -4.372797441E-03 3.498365681E-01
 8.840621710E-01 -3.319596406E-03 3.634357944E-01
 8.971769810E-01 -2.229685197E-03 3.740540979E-01
 9.073777199E-01 -1.467308030E-03 3.860807250E-01
 9.189036489E-01 -7.705002790E-04 3.902465953E-01
 9.291206002E-01 -2.354265162E-04 3.965559796E-01
 9.393230677E-01 1.640405389E-04 3.982136543E-01
 9.516057372E-01 5.214671837E-04 4.020995562E-01
 9.646014571E-01 7.340812008E-04 4.017723863E-01
 9.776943326E-01 7.855921285E-04 4.164902495E-01
 9.891516566E-01 6.952570984E-04 4.423587017E-01
 -5.000000000E-01 -1.000000000E+00 5.723357765E-02
 3.500000000E+00 -1.000000000E+00 1.395806805E-02
 3.500000000E+00 1.000000000E+00 -1.473823421E-03
 -5.000000000E-01 1.000000000E+00 5.666300931E-02
 -5.000000000E-01 5.000000000E-01 1.127726506E-01
 -5.000000000E-01 2.752797990E-12 1.691264120E-01
 -5.000000000E-01 -5.000000000E-01 1.140977452E-01
 -9.421907698E-13 -1.000000000E+00 2.853204960E-02
 5.000000000E-01 -1.000000000E+00 -2.830657981E-02
 1.000000000E+00 -1.000000000E+00 -1.097810017E-02
 1.500000000E+00 -1.000000000E+00 3.286143065E-02
 2.000000000E+00 -1.000000000E+00 3.169678888E-02
 2.500000000E+00 -1.000000000E+00 2.129169287E-02
 3.000000000E+00 -1.000000000E+00 1.552344454E-02
 3.500000000E+00 -5.000000000E-01 1.440602487E-02
 3.500000000E+00 -2.752797990E-12 1.313363438E-02
 3.500000000E+00 5.000000000E-01 5.788975471E-03
 3.000000000E+00 1.000000000E+00 -7.711774036E-03
 2.500000000E+00 1.000000000E+00 -1.665987869E-02
 2.000000000E+00 1.000000000E+00 -3.432085567E-02
 1.500000000E+00 1.000000000E+00 -8.128348502E-02
 1.000000000E+00 1.000000000E+00 -1.493674852E-01
 5.000000000E-01 1.000000000E+00 -9.594557356E-02
 1.733724275E-12 1.000000000E+00 2.122615624E-02
 6.846050410E-01 -4.261817537E-02 5.897414972E-02
 7.859582779E-01 -2.585264626E-02 2.157281517E-01
 9.034041281E-01 -1.080812148E-02 3.689495266E-01
 5.890849326E-01 -6.198244204E-02 -1.260834686E-01
 6.977770942E-01 6.696164017E-02 -4.662158621E-01
 2.782447393E-01 7.833337634E-02 -5.363523841E-01
 3.663095450E-01 8.241712496E-02 -6.267372406E-01
 9.120011965E-01 3.006646350E-02 -1.684692884E-02
 2.906235801E-01 -7.404985618E-02 -6.330310710E-01
 7.923693318E-01 5.182526478E-02 -2.775847071E-01
 6.032629622E-01 7.241217165E-02 -6.932484734E-01
 4.474089373E-01 -7.227199599E-02 -5.668886419E-01
 5.102437251E-01 7.989852378E-02 -7.633455719E-01
 1.830437995E+00 -5.948510679E-01 3.120306377E-02
 1.788685182E+00 6.436485147E-01 -2.379861442E-02
 3.031176545E+00 2.156836319E-01 5.970184535E-03
 7.829373789E-01 -6.352142241E-01 -8.635655892E-03
 3.041056702E-01 -6.466026223E-01 -7.841985047E-02
 1.234666563E-01 -5.894127316E-02 -3.517632181E-01
 1.824165222E-01 -6.546578015E-02 -4.553804089E-01
 3.734461551E-01 -7.903205070E-02 -7.118567925E-01
 7.582941215E-01 6.648563132E-01 -2.136613711E-01
 2.674064039E-01 6.439423049E-01 -1.141069991E-01
 1.191551976E-01 5.979070571E-02 -3.054378507E-01
 1.787618516E-01 7.008927707E-02 -4.126861365E-01
 2.734844979E+00 -5.326944765E-01 1.321271929E-02
 1.214772340E+00 7.045994941E-01 -7.804396321E-02
 9.722593214E-01 3.241369925E-01 -5.205361159E-02
 8.535676674E-01 4.082867677E-02 -1.565541281E-01
 1.239898051E+00 -6.519208030E-01 5.121439242E-02
 1.518935166E+00 -2.613380515E-01 4.020319275E-02
 2.247948206E+00 -5.878719307E-01 1.845254786E-02
 1.991006977E+00 -2.128853217E-01 1.391879946E-02
 2.414400788E+00 -1.866127516E-01 7.825970185E-03
 2.184609138E+00 1.582014617E-01 1.643383690E-03
 1.795156043E+00 1.119545605E-01 6.142830626E-03
 -2.710446736E-01 -2.367876392E-01 1.858603908E-01
 -6.863366652E-02 -6.054895433E-01 4.109140528E-02
 1.063048782E-01 -3.648609961E-01 -5.692378938E-02
 -2.740068397E-01 2.399824566E-01 1.882982858E-01
 -5.222453374E-02 6.519051954E-01 3.101086723E-02
 2.442140280E-02 3.302880305E-01 2.927902931E-02
 4.640537118E-02 3.850770029E-02 -7.060202593E-02
 2.240565958E+00 5.540841663E-01 -9.805084137E-03
 2.746259294E+00 5.959991243E-01 -2.938827944E-03
 -2.431588750E-01 -2.398259954E-03 2.452509007E-01
 -1.106794439E-01 -1.269011440E-01 2.841647366E-01
 6.920491194E-02 -4.649843814E-02 -1.956481126E-01
 4.366040262E-02 -3.988971221E-02 -7.908686311E-02
 -6.725735867E-02 -3.206095505E-01 1.071870869E-01
 -4.805731511E-04 -1.825423937E-01 1.378062019E-01
 1.632627982E-01 -2.284459057E-01 -2.086493149E-01
 2.411636300E-01 -7.572566471E-02 -5.421891793E-01
 2.162510727E-01 -6.957429554E-02 -5.100167425E-01
 2.654474511E-01 -7.634843359E-02 -5.842358664E-01
 -2.977088191E-02 -9.709699443E-02 3.392840967E-01
 2.106991552E-02 -2.591718801E-02 1.413502586E-01
 -1.094947284E-01 -2.339770767E-02 4.133878522E-01
 3.607429710E-02 -1.109991988E-01 7.277026258E-02
 3.109358814E+00 -2.612773391E-01 1.211240315E-02
 -5.063807126E-02 -3.883765269E-02 3.838759366E-01
 1.385558168E-02 -7.048945836E-02 2.345386075E-01
 -1.186696978E-02 -4.824606835E-02 4.669548365E-01
 1.045566103E-02 -1.927201567E-02 3.220133576E-01
 2.562194748E+00 2.034461731E-01 1.062650299E-03
 4.240975543E-02 -7.460960430E-02 1.003755859E-02
 9.460734265E-02 -1.100696454E-01 -1.807754645E-01
 1.002147071E-01 -5.870460735E-02 -2.880777405E-01
 6.288546255E-02 -2.579424742E-01 -1.208659368E-02
 2.656279885E-01 -3.150190219E-01 -2.625422547E-01
 2.758260598E-01 -1.956016275E-01 -4.030749345E-01
 3.677543487E-01 -2.565708776E-01 -3.897926544E-01
 5.233416981E-01 -6.841178140E-02 -3.026410444E-01
 4.978040382E-01 -7.239182541E-02 -3.840265458E-01
 3.642454991E-01 -1.653460373E-01 -5.204782550E-01
 4.116945630E-01 -7.718794160E-02 -6.631157202E-01
 3.255371656E-01 -8.263750216E-02 -6.694047918E-01
 4.530317921E-01 -1.927312475E-01 -3.981026013E-01
 4.734045835E-01 -2.947790113E-01 -2.749744002E-01
 5.478132225E-01 -2.218234775E-01 -1.962550011E-01
 2.015192407E-01 -1.576047706E-01 -3.594095083E-01
 5.264730154E-01 -1.510275787E-01 -2.652416676E-01
 5.892065629E-01 -1.565285831E-01 -1.154492935E-01
 6.426461894E-01 -4.837549000E-02 -1.201715434E-02
 6.339946788E-01 -2.016083140E-01 -4.179225287E-02
 7.071007473E-01 -1.543982775E-01 4.947314783E-02
 7.364358971E-01 -3.513452163E-02 1.413522465E-01
 7.579678779E-01 -2.873598492E-02 1.779757942E-01
 7.290451023E-01 -2.335777854E-01 5.551675573E-02
 8.446940516E-01 -1.829320143E-02 2.981828994E-01
 7.874184454E-01 -1.529526038E-01 1.416950715E-01
 8.244436969E-01 -2.257652393E-01 1.328467645E-01
 9.721485877E-01 -1.086393572E-02 3.949279373E-01
 8.821657083E-01 -1.501532007E-01 2.129574906E-01
 9.247953377E-01 -2.337493209E-01 1.652089728E-01
 1.017417374E+00 -1.556117210E-01 2.072981592E-01
 1.054380314E+00 -2.585344537E-01 1.479187061E-01
 1.117877551E+00 -1.628779394E-01 1.518770530E-01
 1.186713512E+00 -2.734765901E-01 1.097859329E-01
 1.062199423E+00 -8.998545963E-02 2.102063325E-01
 1.146728621E+00 -7.006790728E-02 1.355552923E-01
 8.342436521E-01 -9.429629530E-02 2.249442803E-01
 9.106481754E-01 -8.706786802E-02 2.813574002E-01
 9.352048909E-01 -1.178817560E-02 3.832414644E-01
 9.593283607E-01 -4.142875212E-01 9.851862904E-02
 7.819232188E-01 -9.267487303E-02 1.740034552E-01
 9.882039636E-01 -8.215897902E-02 2.764248555E-01
 8.699615327E-01 -5.892547419E-02 2.874664062E-01
 8.792164886E-01 -1.540070748E-02 3.432984317E-01
 1.023066148E+00 -4.493724291E-02 2.841649482E-01
 1.080250742E+00 -2.198139724E-02 1.793913227E-01
 1.156098305E+00 1.719224962E-02 1.223368944E-01
 1.260568012E+00 -1.578702980E-02 7.687379165E-02
 1.227730459E+00 1.085016595E-01 7.510166193E-02
 1.072654063E+00 6.561722932E-02 1.530739495E-01
 9.695625676E-01 2.203784682E-02 1.507493224E-01
 5.616902845E-01 -1.091585986E-01 -1.811171906E-01
 5.487483218E-01 -6.549669221E-02 -2.301199935E-01
 6.203157779E-01 -3.094766566E-01 -8.426512018E-02
 1.423208102E+00 8.105940703E-02 3.223441145E-02
 1.352185578E+00 2.855951782E-01 2.087996737E-02
 6.113553027E-01 -1.006772299E-01 -7.700911902E-02
 6.164763032E-01 -5.471381372E-02 -6.758928606E-02
 3.056702497E-01 -1.393575021E-01 -5.308048202E-01
 8.084355039E-01 -5.828531575E-02 2.235818387E-01
 8.190209571E-01 -2.187752326E-02 2.653108314E-01
 4.185276385E-01 -1.387456219E-01 -5.439337695E-01
 1.024882078E+00 2.391062374E-03 2.548803430E-01
 8.390367936E-01 -5.134891165E-02 2.600346112E-01
 3.471129004E-01 -1.193550772E-01 -6.106031179E-01
 3.516633056E-01 -7.939249391E-02 -7.039565464E-01
 3.837911165E-01 -1.155447486E-01 -6.216665019E-01
 4.998689459E-01 -4.522601520E-01 -1.553379423E-01
 1.239359897E+00 -1.605182566E-01 9.559369789E-02
 1.106814621E+00 2.065134058E-01 4.935357402E-02
 9.781854605E-01 1.907483010E-01 -4.850672297E-03
 8.526005579E-01 2.703060971E-01 -1.513549753E-01
 8.556347690E-01 1.664255958E-01 -1.425845432E-01
 7.430852990E-01 5.886563136E-02 -3.706164214E-01
 7.208601507E-01 6.254268569E-02 -4.161380435E-01
 9.927286880E-01 9.608675550E-02 9.563201834E-02
 9.862086205E-01 -4.354049407E-02 3.351103442E-01
 9.944489225E-01 -1.209915587E-02 4.411195653E-01
 1.005737147E+00 -1.030525162E-02 3.828579360E-01
 7.875023396E-01 -3.564080387E-01 6.538785538E-02
 1.010151380E+00 -6.366476302E-01 4.766593539E-02
 7.769604368E-01 -5.787253481E-02 1.860808087E-01
 7.430970399E-01 -7.471249454E-02 1.318307161E-01
 7.128873274E-01 -4.308354867E-02 9.993387836E-02
 7.438692013E-01 -1.138729980E-01 1.137660888E-01
 6.998065551E-01 -9.462674117E-02 6.282260696E-02
 5.169042119E-01 -1.094594031E-01 -3.007402886E-01
 4.718460864E-01 -1.294929411E-01 -4.210441696E-01
 1.402836467E+00 -1.221938454E-01 5.294626513E-02
 1.390929990E-01 -1.502774404E-01 -2.517679447E-01
 1.725326096E-01 -1.185076011E-01 -3.545077774E-01
 1.563454073E-01 -6.647340786E-02 -4.041705389E-01
 2.107512803E-01 -1.121111283E-01 -4.337125892E-01
 2.534820392E-01 -1.382989950E-01 -4.652903459E-01
 9.576167383E-01 -1.146861215E-02 3.850175917E-01
 9.655266010E-01 -2.449518596E-02 3.682014596E-01
 9.470324966E-01 -2.478068233E-02 3.647913303E-01
 9.250069498E-01 -2.557752511E-02 3.603286495E-01
 9.338403132E-01 -5.221241907E-02 3.264007756E-01
 9.836409921E-01 -2.271483672E-02 3.732140345E-01
 7.478679421E-01 -3.030627437E-02 1.604897061E-01
 7.549426611E-01 -4.563285915E-02 1.612963145E-01
 9.070236456E-01 -4.738383712E-02 3.248436476E-01
 3.966414002E-01 -7.841419142E-02 -6.922948734E-01
 4.074855387E-01 -9.870134100E-02 -6.273238064E-01
 4.270083859E-01 -8.841956038E-02 -6.056134651E-01
 3.850261934E-01 -9.066525166E-02 -6.825660724E-01
 3.639900672E-01 -9.346751266E-02 -6.774190556E-01
 8.304970408E-01 -1.847980018E-02 2.831149110E-01
 9.181437278E-01 1.194693723E-01 -3.788838919E-02
 9.468045801E-01 6.914867039E-02 3.700449971E-02
 9.360666284E-01 2.910533307E-02 5.362749082E-02
 8.971297068E-01 7.408176251E-02 -6.225279070E-02
 8.798485409E-01 3.702219946E-02 -1.031646137E-01
 9.461565861E-01 -9.470392471E-03 3.879340024E-01
 8.579454423E-01 -1.749613249E-02 3.187789624E-01
 8.514507011E-01 -3.462568220E-02 2.967203408E-01
 8.692641770E-01 -2.845299626E-02 3.195481101E-01
 8.873681183E-01 -3.171099720E-02 3.302461397E-01
 9.046345977E-01 -2.306811879E-02 3.536539107E-01
 3.151259480E-01 -1.030342761E-01 -6.102908837E-01
 2.812535445E-01 -1.109406742E-01 -5.469740993E-01
 2.498734533E-01 -1.057184656E-01 -5.060868156E-01
 6.303247358E-01 -4.947208841E-02 -4.016733422E-02
 6.360735964E-01 -6.699161014E-02 -3.660375520E-02
 6.609025564E-01 -6.178460160E-02 1.534215670E-02
 6.566527985E-01 -8.704922996E-02 1.366135701E-03
 6.856218206E-01 -6.662497037E-02 5.110818420E-02
 7.115284756E-01 -6.402750834E-02 9.056181690E-02
 3.772988248E-01 -3.834114981E-01 -2.357991000E-01
 2.429065197E-01 -4.684244572E-01 -9.629165232E-02
 3.397647110E-01 -7.772276407E-02 -6.974247370E-01
 3.418803457E-01 -9.308176509E-02 -6.627590410E-01
 3.096628424E-01 -8.609166407E-02 -6.398397775E-01
 7.240117217E-01 -3.604900818E-02 1.214680636E-01
 7.306722729E-01 -5.110735858E-02 1.259016966E-01
 6.496861076E-01 -1.324813959E-01 -1.762735652E-02
 8.682748532E-01 -1.424803483E-02 3.337592868E-01
 9.244679149E-01 -9.206039891E-03 3.813895359E-01
 1.172388224E+00 4.279039026E-01 -1.663357759E-02
 5.832107541E-01 -8.228552602E-02 -1.394666023E-01
 9.834168983E-01 -8.839415816E-03 3.821906876E-01
 8.926437474E-01 -1.442287109E-02 3.561091621E-01
 4.879152821E-01 -9.080009080E-02 -3.960411802E-01
 4.724583108E-01 -7.525382701E-02 -4.655803813E-01
 5.121351188E-01 -8.380368626E-02 -3.298135678E-01
 5.371235129E-01 -8.307524527E-02 -2.562724889E-01
 1.645434908E+00 -1.000643024E-01 2.731662104E-02
 1.017286162E+00 4.987622267E-02 1.994156398E-01
 9.938907336E-01 1.722840504E-02 2.434142935E-01
 9.791958543E-01 4.967986056E-02 1.330842876E-01
 4.618603639E-01 -9.700743613E-02 -4.742101085E-01
 7.727173655E-01 -3.384057645E-02 1.953818979E-01
 9.469017721E-01 -1.303326319E-01 2.427027921E-01
 5.469277688E-01 -6.444277267E-01 -9.181275119E-02
 8.636582341E-01 1.055712396E-01 -1.339860950E-01
 8.052149004E-01 1.184555161E-01 -2.293423337E-01
 7.890250001E-01 1.931834781E-01 -2.401875578E-01
 7.418239492E-01 2.776418951E-01 -3.119328486E-01
 6.786935275E-01 2.026449002E-01 -4.395608524E-01
 5.533878729E-01 8.137792106E-02 -7.694899575E-01
 5.278627465E-01 8.121940644E-02 -7.746344398E-01
 6.495723898E-01 7.224747376E-02 -5.854039099E-01
 6.707783577E-01 6.675251471E-02 -5.359530264E-01
 6.427660532E-01 2.568626075E-01 -4.702679505E-01
 4.408548574E-01 8.290396899E-02 -6.970579375E-01
 5.856212499E-01 1.931977955E-01 -5.662606447E-01
 5.321809231E-01 2.850150838E-01 -5.070402196E-01
 4.776267436E-01 2.030359609E-01 -5.691584747E-01
 4.353547767E-01 2.647944988E-01 -4.740996324E-01
 3.730575380E-01 2.029894519E-01 -4.886825287E-01
 3.145025780E-01 8.136604291E-02 -5.740202833E-01
 3.457161871E-01 8.224582763E-02 -6.065869536E-01
 4.027446437E-01 8.199551871E-02 -6.578719729E-01
 3.217578967E-01 2.961688845E-01 -3.698755855E-01
 2.599766274E-01 2.108734039E-01 -3.672156792E-01
 2.267724810E-01 7.570718156E-02 -4.795416206E-01
 2.020564115E-01 7.224901401E-02 -4.495922288E-01
 6.333729232E-01 1.462579383E-01 -5.559105116E-01
 5.256851446E-01 1.483254964E-01 -6.609462287E-01
 4.252572428E-01 1.565188179E-01 -5.901455087E-01
 3.173923199E-01 1.587226375E-01 -4.896610007E-01
 8.302179594E-01 7.899169193E-02 -1.960646249E-01
 8.304549337E-01 4.457008556E-02 -2.039679712E-01
 4.683262116E-01 4.055497112E-01 -3.460699967E-01
 1.927822177E-01 3.083567219E-01 -2.057472758E-01
 1.354574076E-01 2.048846116E-01 -1.542114313E-01
 -2.439948542E-02 1.834852581E-01 1.642478785E-01
 6.885257406E-02 1.441159463E-01 -5.550222177E-02
 7.375887850E-02 5.092149121E-02 -1.747140732E-01
 1.967456345E-01 1.510436231E-01 -3.543639005E-01
 1.416796960E-01 4.737824002E-01 -7.462071758E-02
 7.524248510E-01 1.390147254E-01 -3.208309892E-01
 7.629773530E-01 9.307773502E-02 -3.157096577E-01
 7.698132409E-01 5.228750539E-02 -3.191550144E-01
 7.241651651E-01 1.004015596E-01 -3.895089165E-01
 8.614270220E-01 7.291030994E-02 -1.340186190E-01
 -1.519613617E-01 1.250183402E-01 2.386230831E-01
 -5.624031036E-02 8.117577875E-02 4.356677124E-01
 1.168787509E-02 9.783260388E-02 1.868454947E-01
 2.339279689E-02 2.829791968E-02 8.975681321E-02
 7.967027028E-01 8.456713697E-02 -2.568583217E-01
 7.566775444E-01 5.566952434E-02 -3.410644924E-01
 7.546203070E-01 6.958914768E-02 -3.419119693E-01
 7.358152353E-01 7.489364112E-02 -3.798799857E-01
 8.170282545E-01 4.788887662E-02 -2.281155179E-01
 7.795142833E-01 5.088643036E-02 -3.015253644E-01
 7.770101075E-01 6.672835609E-02 -2.990740239E-01
 8.073517994E-01 6.369489432E-02 -2.437196746E-01
 -1.683467825E-02 5.880017555E-02 3.210882952E-01
 6.392257209E-02 9.259227848E-02 -5.176069033E-02
 9.865952782E-02 9.601589750E-02 -1.872753804E-01
 6.698176066E-01 4.045597244E-01 -3.511177456E-01
 6.950528495E-01 1.360348126E-01 -4.385638822E-01
 6.595407355E-01 1.104444211E-01 -5.339888953E-01
 6.209304643E-01 1.100082750E-01 -6.195219066E-01
 6.243608373E-01 7.354064592E-02 -6.475824121E-01
 5.892017145E-01 1.277184724E-01 -6.602843387E-01
 5.793432792E-01 8.094158190E-02 -7.392122224E-01
 5.500541687E-01 1.232355373E-01 -7.078489606E-01
 6.128545422E-01 7.178807715E-02 -6.748723051E-01
 5.932168106E-01 9.689692844E-02 -6.900356400E-01
 5.670542560E-01 9.784048143E-02 -7.308184906E-01
 6.096039537E-01 8.678140866E-02 -6.621041627E-01
 6.383705743E-01 8.750075125E-02 -5.973474035E-01
 8.492629783E-02 7.757055015E-02 -1.699631372E-01
 9.726175133E-02 5.260837389E-02 -2.528228019E-01
 7.129880891E-01 7.545397369E-02 -4.264976254E-01
 6.911818445E-01 8.842639308E-02 -4.653956459E-01
 1.175140240E-02 6.171318218E-02 2.494068363E-01
 3.549693921E-02 3.476192109E-02 -1.715628395E-03
 1.874390328E-03 3.555254573E-02 4.105200122E-01
 -1.608261374E-04 1.628027349E-02 8.266186195E-01
 -2.292311525E-02 1.135226719E-02 7.942085824E-01
 9.547919123E-03 1.850280641E-02 2.226950709E-01
 1.707843741E-02 2.253619636E-02 1.656768238E-01
 1.471915572E-02 3.006619265E-02 1.973134170E-01
 3.973653524E-02 6.578730901E-02 4.903043677E-02
 4.227912450E-02 4.784982638E-02 -2.191089630E-02
 5.765153271E-02 4.668220767E-02 -1.087085399E-01
 6.749343525E-02 6.587402054E-02 -1.171925815E-01
 1.044856073E-01 7.041678224E-02 -2.436677928E-01
 1.263213055E-01 7.648179990E-02 -2.930416950E-01
 1.534199720E-01 6.185259096E-02 -3.758365308E-01
 1.415116702E-01 1.120359412E-01 -2.783670942E-01
 1.847496177E-01 1.094208610E-01 -3.759336525E-01
 2.304165870E-01 1.187993266E-01 -4.269147058E-01
 2.521957439E-01 7.722888941E-02 -5.087640150E-01
 1.410118748E-01 6.287863295E-02 -3.500375066E-01
 1.494405019E-01 7.806876566E-02 -3.410812177E-01
 1.305002629E-01 5.965205706E-02 -3.322159156E-01
 1.681391936E-01 8.829250457E-02 -3.670618345E-01
 1.890899645E-01 8.316091249E-02 -4.118450657E-01
 2.124372662E-01 8.942779950E-02 -4.387157059E-01
 1.641973814E-01 6.796516847E-02 -3.875524557E-01
 2.717672857E-01 -9.069139865E-02 -5.686300421E-01
 8.435921002E-01 4.266712008E-01 -1.807413190E-01
 9.139658265E-01 -1.181626893E-02 3.736639045E-01
 8.283329076E-01 -3.397467253E-02 2.655729404E-01
 8.089005736E-01 -3.452717665E-02 2.429109439E-01
 6.656579974E-01 8.238758908E-02 -5.353367556E-01
 1.741022066E+00 -3.148713064E-01 2.859264317E-02
 5.658202165E-01 7.868676934E-02 -7.620460361E-01
 6.973794276E-01 -5.163934759E-02 7.657283180E-02
 7.917080860E-01 -4.077579160E-02 2.168493002E-01
 9.549023943E-01 4.370126294E-02 8.901519218E-02
 6.691877940E-01 -4.732627613E-02 3.405608885E-02
 2.417862061E-02 4.343269953E-02 1.005153715E-01
 9.481755169E-01 -7.897995468E-02 2.943193347E-01
 7.235953726E-02 -7.825990820E-02 -1.238914838E-01
 8.014937228E-02 -6.011181229E-02 -2.110864246E-01
 9.841720216E-02 -7.895863827E-02 -2.506233553E-01
 1.235777549E-01 -8.828606179E-02 -3.035546845E-01
 1.388169993E-01 -7.189269414E-02 -3.568475191E-01
 1.591447372E-01 -8.695152288E-02 -3.771346146E-01
 5.522886933E-02 -5.576044423E-02 -1.072184076E-01
 3.368426649E-02 -5.251199817E-02 4.223566641E-02
 3.126266375E-02 -3.389731508E-02 2.755296530E-02
 1.446958629E-02 -4.188383051E-02 2.554667933E-01
 1.881371019E-01 -9.494599841E-02 -4.215798003E-01
 2.300183848E-01 -9.163965986E-02 -5.001746984E-01
 1.963617361E-01 -7.890445413E-02 -4.601803969E-01
 5.108297475E-02 2.156934616E-01 7.182499659E-03
 5.916762703E-01 7.638238908E-02 -7.106581597E-01
 5.608515039E-01 -7.757754503E-02 -1.941368771E-01
 6.047775443E-01 -7.272610183E-02 -9.070146284E-02
 5.728544035E-01 -6.487124517E-02 -1.642728200E-01
 1.003691436E+00 -3.202201245E-02 3.129769966E-01
 7.986557008E-01 -2.579354379E-02 2.339011282E-01
 8.047880824E-01 4.774487840E-02 -2.522349956E-01
 5.588144503E-01 1.553495084E-01 -6.539928756E-01
 5.184953801E-01 1.170585996E-01 -7.125489916E-01
 4.821886372E-01 8.312600002E-02 -7.300499162E-01
 4.808923493E-01 1.344018284E-01 -6.598674527E-01
 4.481633396E-01 1.200421736E-01 -6.516083890E-01
 4.097980033E-01 1.208132090E-01 -6.178938794E-01
 3.725228515E-01 1.392109259E-01 -5.648438781E-01
 3.355417327E-01 1.238826976E-01 -5.468753867E-01
 3.033129087E-01 1.172411160E-01 -5.159903826E-01
 2.683982311E-01 1.457955296E-01 -4.457662799E-01
 3.825905739E-01 1.103125614E-01 -6.080238214E-01
 4.288648997E-01 9.803797932E-02 -6.633937195E-01
 3.850862601E-01 9.088397688E-02 -6.326495528E-01
 2.689444922E-01 1.106173601E-01 -4.880758799E-01
 4.670253286E-01 8.361564031E-02 -7.175165552E-01
 4.713591151E-01 1.024785852E-01 -6.956384584E-01
 4.951377164E-01 9.634949205E-02 -7.213902439E-01
 4.526855598E-01 9.550800737E-02 -6.917983278E-01
 5.183322200E-01 9.462482099E-02 -7.458669988E-01
 5.395139911E-01 9.624499810E-02 -7.495085606E-01
 4.950190428E-01 7.992918955E-02 -7.472442311E-01
 5.404387588E-01 7.901242800E-02 -7.807940360E-01
 7.320059319E-01 5.880261336E-02 -3.949374807E-01
 2.760129894E-01 4.344197483E-01 -2.259587646E-01
 5.327688687E-01 6.237816107E-01 -2.448914995E-01
 8.662465116E-01 3.699507872E-02 -1.315248047E-01
 8.706936204E-01 5.184663516E-02 -1.206359169E-01
 8.928565308E-01 4.983095335E-02 -6.949401405E-02
 9.203301548E-01 4.465208428E-02 -7.940547777E-04
 6.816334181E-01 6.915563676E-02 -5.025548161E-01
 8.496479512E-02 6.169028670E-02 -1.927076990E-01
 1.408199542E-01 -1.110797943E-01 -3.034023558E-01
 3.133974596E+00 6.339745962E-01 -1.113259913E-03
 6.563240771E-01 -4.539424772E-02 1.153209908E-02
 1.705442770E-01 -6.814713574E-02 -4.287469210E-01
 1.826478808E-01 -7.762177707E-02 -4.361877479E-01
 8.255642207E-01 5.780608910E-02 -2.073755752E-01
 8.437326093E-01 5.471484398E-02 -1.729443780E-01
 3.848258171E-01 -7.637214433E-02 -7.138129998E-01
 6.367141465E-01 7.066857509E-02 -6.195797211E-01
 3.133974596E+00 -6.339745962E-01 1.283991284E-02
 5.100446712E-01 -6.724291901E-02 -3.445211087E-01
 7.093415816E-01 6.177084416E-02 -4.428478226E-01
 4.539447474E-01 8.078549114E-02 -7.117270210E-01
 8.410963078E-01 4.070835620E-02 -1.841551788E-01
 6.015600853E-01 -5.471568833E-02 -9.604398053E-02
 1.963706313E+00 3.587688193E-01 -9.056774106E-03
 7.210793705E-02 -1.676901174E-01 -7.818598221E-02
 -1.330949875E-01 2.695626191E-01 1.630598754E-01
 -2.395286536E-01 4.690390099E-01 8.223237277E-02
 1.906274767E-01 6.795779340E-02 -4.373430221E-01
 3.624531868E-01 -7.710329984E-02 -7.144911096E-01
 1.127335106E+00 -4.282838960E-01 9.003911351E-02
 1.312058479E+00 -3.390192969E-01 6.691042630E-02
 4.580199749E-01 -7.558041002E-02 -5.199062117E-01
 3.258615087E-01 9.853621730E-02 -5.677526475E-01
 2.952076606E-01 9.207601651E-02 -5.374017196E-01
 2.634273611E-01 9.129355296E-02 -5.075650731E-01
 2.405008901E-01 9.311677906E-02 -4.772501941E-01
 2.267162911E-01 -7.428460747E-02 -5.205749311E-01
 4.352706896E-01 -7.542375222E-02 -6.008048211E-01
 4.235779215E-01 -7.392077940E-02 -6.393402165E-01
 2.793341976E-01 -7.639815486E-02 -6.094596089E-01
 2.648491076E-01 7.544255040E-02 -5.254171482E-01
 6.602291696E-01 6.728920793E-02 -5.599741261E-01
 3.135038987E-01 -7.579182746E-02 -6.634518407E-01
 3.019241279E-01 -7.586942647E-02 -6.463555867E-01
 2.401683479E-01 7.436728328E-02 -4.975150662E-01
 1.627310378E+00 3.378660248E-01 -4.043907631E-03
 1.449710287E+00 5.644270490E-01 -2.460908671E-02
 3.583194731E-01 1.037152377E-01 -5.922304470E-01
 8.984962009E-01 3.374041180E-02 -5.779224362E-02
 9.226867852E-01 2.720615163E-02 1.393746230E-02
 1.125756156E-01 -5.654787675E-02 -3.305929412E-01
 2.527102897E-01 -8.731625061E-02 -5.431959506E-01
 5.357206348E-01 -6.436677987E-02 -2.671926572E-01
 4.849174510E-01 -7.120798440E-02 -4.281419475E-01
 3.287121921E-01 7.994861416E-02 -5.917791179E-01
 2.147976206E-01 7.154652407E-02 -4.679027636E-01
 1.088358431E-01 5.509007344E-02 -2.843568045E-01
 9.935510177E-01 5.913613172E-01 -1.116020714E-01
 5.607082726E-01 -6.112347871E-02 -1.962719954E-01
 9.614979186E-01 -5.102795252E-02 3.303314824E-01
 3.802259860E-01 7.888663151E-02 -6.446925374E-01
 3.901967614E-01 7.865777249E-02 -6.540865767E-01
 -6.293759548E-04 -2.992381100E-02 4.632054108E-01
 5.079853186E-03 -1.445887661E-02 4.981657808E-01
 -1.206730263E-02 -1.618396765E-02 7.897687472E-01
 -2.250527895E-03 -8.325591686E-03 7.963402244E-01
 -1.961532299E-03 -1.696494171E-02 6.797086517E-01
 4.373483067E-03 -2.287453446E-02 4.701801179E-01
 1.117591939E-02 -2.659391213E-02 3.319091075E-01
 8.745720529E-01 -9.684952518E-02 2.602080015E-01
 2.045745089E-01 -6.965483176E-02 -4.905132538E-01
 1.928918280E-01 -6.809200588E-02 -4.706189870E-01
 2.534415794E-01 -7.446828919E-02 -5.673573402E-01
 4.387771885E-01 -1.094104461E-01 -5.375862950E-01
 9.517859710E-01 2.417389146E-02 9.657832225E-02
 1.348715320E-01 -6.055050508E-02 -3.781703826E-01
 -2.267339247E-01 -4.157216833E-01 1.293014283E-01
 8.084076208E-01 -2.129525805E-02 2.510898083E-01
 1.508184111E+00 -5.122582442E-01 4.340220818E-02
 7.334564621E-01 1.899177378E-01 -3.392363318E-01
 6.351134385E-01 1.997408104E-01 -5.197334922E-01
 1.145151765E-01 -7.169979677E-02 -3.077843337E-01
 2.770395175E+00 -1.122909524E-01 7.611082766E-03
 2.916215354E-01 7.649900337E-02 -5.538876359E-01
 3.018812223E-01 7.699731824E-02 -5.649939278E-01
 4.043472374E-01 9.750425736E-02 -6.397025733E-01
 4.466867373E-01 -8.634673441E-02 -5.493125354E-01
 5.303189650E-01 1.994763306E-01 -5.855190613E-01
 9.057916418E-01 2.140127757E-01 -7.554738326E-02
 8.870583437E-02 -5.098136363E-02 -2.645643058E-01
 8.027502484E-02 -4.792623131E-02 -2.381499237E-01
 2.928130752E-01 -8.815363579E-02 -6.105859395E-01
 6.475104422E-01 -4.795573596E-01 -5.475183490E-02
 4.278240753E-01 2.068346824E-01 -5.322470834E-01
 2.123284107E-01 -8.447729111E-02 -4.762109806E-01
 3.167125281E-01 2.133829501E-01 -4.257352015E-01
 1.974955553E-01 2.137005470E-01 -2.877918641E-01
 4.163762075E-01 8.352872954E-02 -6.683219747E-01
 4.288825190E-01 8.133556322E-02 -6.854827846E-01
 97 658 659 659
 513 89 515 515
 101 659 660 660
 84 481 516 516
 551 263 556 556
 267 286 296 296
 331 3 430 430
 297 298 332 332
 330 350 356 356
 238 256 472 472
 213 237 651 651
 502 499 564 564
 264 112 558 558
 306 309 317 317
 167 216 544 544
 453 222 641 641
 232 201 361 361
 394 10 642 642
 310 307 360 360
 425 424 647 647
 488 225 489 489
 574 586 587 587
 244 597 608 608
 455 450 465 465
 509 495 541 541
 114 264 556 556
 322 315 325 325
 364 167 544 544
 198 253 670 670
 484 474 485 485
 415 364 416 416
 494 459 495 495
 431 391 546 546
 79 78 520 520
 301 306 365 365
 582 446 588 588
 467 469 525 525
 244 596 597 597
 311 315 322 322
 350 351 356 356
 405 338 566 566
 245 202 672 672
 221 627 628 628
 311 313 315 315
 267 285 286 286
 503 441 543 543
 437 473 474 474
 452 627 678 678
 232 320 360 360
 213 214 237 237
 107 279 662 662
 321 317 340 340
 441 503 590 590
 366 407 417 417
 200 201 232 232
 404 338 405 405
 541 443 635 635
 303 382 433 433
 253 233 411 411
 262 266 271 271
 254 253 411 411
 558 272 559 559
 158 157 567 567
 202 229 672 672
 238 215 256 256
 199 233 253 253
 381 302 382 382
 343 359 568 568
 481 511 548 548
 541 444 600 600
 432 425 625 625
 514 276 658 658
 292 401 413 413
 198 192 253 253
 467 257 563 563
 436 437 463 463
 229 247 248 248
 229 203 247 247
 286 290 339 339
 401 292 414 414
 286 287 290 290
 412 292 413 413
 554 123 669 669
 305 389 539 539
 290 293 342 342
 401 414 685 685
 215 195 256 256
 557 264 558 558
 386 385 667 667
 471 525 526 526
 195 196 620 620
 192 199 253 253
 306 317 321 321
 372 123 554 554
 471 467 525 525
 487 225 488 488
 513 512 514 514
 504 497 505 505
 279 657 661 661
 263 114 556 556
 626 453 641 641
 228 442 589 589
 293 295 297 297
 323 383 399 399
 505 443 541 541
 201 245 361 361
 424 289 647 647
 577 462 578 578
 272 107 662 662
 572 574 587 587
 351 243 682 682
 574 461 575 575
 259 250 280 280
 76 507 601 601
 199 200 233 233
 414 292 636 636
 214 215 238 238
 408 216 547 547
 452 626 627 627
 212 242 640 640
 392 546 599 599
 337 405 566 566
 471 527 580 580
 517 481 548 548
 222 583 641 641
 470 76 601 601
 77 470 520 520
 342 368 667 667
 258 79 520 520
 315 316 326 326
 476 494 509 509
 332 337 421 421
 262 271 276 276
 304 334 360 360
 343 330 429 429
 465 448 493 493
 483 475 488 488
 202 203 229 229
 211 212 230 230
 201 202 245 245
 229 248 542 542
 494 495 509 509
 382 362 433 433
 251 335 428 428
 466 257 467 467
 335 251 639 639
 253 254 265 265
 441 590 592 592
 474 476 485 485
 605 555 606 606
 583 222 654 654
 368 367 424 424
 260 259 280 280
 212 213 242 242
 405 337 407 407
 511 258 519 519
 575 582 588 588
 424 425 432 432
 327 329 330 330
 320 310 360 360
 366 363 409 409
 293 297 368 368
 226 504 564 564
 400 218 423 423
 421 219 567 567
 459 447 498 498
 363 362 382 382
 446 582 692 692
 230 212 640 640
 398 323 399 399
 329 336 350 350
 217 433 545 545
 248 250 251 251
 499 502 503 503
 501 497 504 504
 219 158 567 567
 298 300 417 417
 309 310 434 434
 619 257 620 620
 397 305 539 539
 555 560 606 606
 296 286 374 374
 209 210 260 260
 247 241 249 249
 297 295 298 298
 317 309 663 663
 204 241 247 247
 340 539 540 540
 203 204 247 247
 300 301 417 417
 350 243 351 351
 453 626 648 648
 440 459 494 494
 211 230 259 259
 455 465 594 594
 353 352 438 438
 574 575 586 586
 290 342 347 347
 301 304 306 306
 553 282 602 602
 336 335 639 639
 196 197 255 255
 197 198 252 252
 356 390 391 391
 165 164 547 547
 282 370 602 602
 262 265 266 266
 317 323 344 344
 465 493 595 595
 347 342 385 385
 530 524 535 535
 390 353 436 436
 248 251 428 428
 306 307 309 309
 353 390 682 682
 323 318 383 383
 451 462 577 577
 499 503 543 543
 449 461 574 574
 433 362 545 545
 210 259 260 260
 278 559 656 656
 345 290 347 347
 339 290 345 345
 437 438 473 473
 378 419 538 538
 261 252 262 262
 439 352 537 537
 559 272 662 662
 382 302 416 416
 527 526 534 534
 393 436 477 477
 427 333 646 646
 265 254 284 284
 273 276 514 514
 267 254 285 285
 508 476 509 509
 330 329 350 350
 490 479 514 514
 207 208 231 231
 214 238 595 595
 484 483 488 488
 242 213 651 651
 234 554 669 669
 342 293 368 368
 310 311 434 434
 183 182 423 423
 474 484 488 488
 340 317 344 344
 175 174 569 569
 407 366 408 408
 534 457 629 629
 248 247 249 249
 286 285 287 287
 204 205 241 241
 406 407 408 408
 318 379 383 383
 385 342 667 667
 248 249 250 250
 325 326 343 343
 444 541 635 635
 320 232 361 361
 290 287 293 293
 332 298 337 337
 216 408 544 544
 364 409 416 416
 397 323 398 398
 402 401 685 685
 209 260 603 603
 496 498 502 502
 369 349 624 624
 210 211 259 259
 456 471 580 580
 469 468 480 480
 297 332 367 367
 315 313 316 316
 629 457 638 638
 457 534 649 649
 482 474 488 488
 223 599 642 642
 626 452 648 648
 346 388 622 622
 273 262 276 276
 206 207 275 275
 240 532 535 535
 478 273 479 479
 581 577 641 641
 511 519 548 548
 322 325 357 357
 465 238 594 594
 575 576 582 582
 289 424 426 426
 301 366 417 417
 350 336 420 420
 231 260 280 280
 373 374 403 403
 477 463 608 608
 509 541 600 600
 311 312 313 313
 207 231 275 275
 219 421 566 566
 319 377 395 395
 393 597 598 598
 492 491 506 506
 599 223 643 643
 498 447 571 571
 321 340 362 362
 420 336 640 640
 233 348 410 410
 393 477 597 597
 468 478 479 479
 233 200 435 435
 325 343 568 568
 529 523 531 531
 147 146 631 631
 288 427 646 646
 586 575 588 588
 406 408 547 547
 438 439 673 673
 657 660 661 661
 356 391 431 431
 460 449 574 574
 9 8 642 642
 660 656 661 661
 271 274 277 277
 370 296 371 371
 461 451 577 577
 293 294 295 295
 644 283 675 675
 436 353 437 437
 340 344 539 539
 495 496 505 505
 314 312 623 623
 309 318 663 663
 231 280 676 676
 597 477 608 608
 409 364 544 544
 322 357 653 653
 561 268 630 630
 378 319 419 419
 627 584 628 628
 482 488 489 489
 463 437 482 482
 268 561 645 645
 249 241 676 676
 173 172 433 433
 508 220 613 613
 345 347 388 388
 194 209 603 603
 208 194 603 603
 357 325 568 568
 551 283 683 683
 587 228 589 589
 339 345 401 401
 377 319 378 378
 263 551 684 684
 439 440 673 673
 205 193 611 611
 193 206 611 611
 504 502 564 564
 519 518 548 548
 325 315 326 326
 255 261 478 478
 365 363 366 366
 335 369 428 428
 528 629 638 638
 248 428 542 542
 436 463 477 477
 440 445 674 674
 373 403 561 561
 598 394 642 642
 550 551 556 556
 356 351 390 390
 532 530 535 535
 554 234 675 675
 438 352 439 439
 59 58 677 677
 267 370 618 618
 288 426 427 427
 372 555 605 605
 400 378 538 538
 256 257 472 472
 326 327 330 330
 440 439 445 445
 243 352 682 682
 185 184 538 538
 430 429 431 431
 468 479 480 480
 312 320 623 623
 445 447 674 674
 493 439 537 537
 321 362 363 363
 447 448 681 681
 22 21 354 354
 437 474 482 482
 525 523 530 530
 260 231 603 603
 168 167 364 364
 243 420 651 651
 454 583 655 655
 399 400 423 423
 505 497 610 610
 355 508 613 613
 469 480 491 491
 257 468 563 563
 344 323 397 397
 301 365 366 366
 495 459 496 496
 390 351 682 682
 494 473 673 673
 557 558 559 559
 500 572 590 590
 447 445 448 448
 271 277 278 278
 352 353 682 682
 27 26 600 600
 577 578 641 641
 259 230 617 617
 189 188 375 375
 443 505 610 610
 448 449 681 681
 474 473 476 476
 542 246 672 672
 576 577 581 581
 43 42 591 591
 220 509 600 600
 171 170 381 381
 261 262 273 273
 190 189 308 308
 220 508 509 509
 216 165 547 547
 286 339 374 374
 512 517 548 548
 318 309 434 434
 218 400 538 538
 486 489 570 570
 275 231 676 676
 219 566 616 616
 388 236 622 622
 188 187 395 395
 449 448 450 450
 450 451 687 687
 297 367 368 368
 358 380 568 568
 498 500 503 503
 144 143 384 384
 355 485 508 508
 432 625 680 680
 330 356 429 429
 496 459 498 498
 281 274 550 550
 242 420 640 640
 377 375 395 395
 489 225 570 570
 178 177 389 389
 449 450 687 687
 578 579 626 626
 363 382 416 416
 579 584 627 627
 528 628 629 629
 462 456 580 580
 267 296 370 370
 271 266 274 274
 333 427 565 565
 567 157 652 652
 359 358 568 568
 391 393 599 599
 21 20 483 483
 36 35 499 499
 403 536 645 645
 679 454 691 691
 197 252 261 261
 283 551 552 552
 255 197 261 261
 299 406 604 604
 250 249 280 280
 251 250 617 617
 333 565 652 652
 301 300 304 304
 298 295 300 300
 306 321 365 365
 379 549 653 653
 628 584 629 629
 38 37 441 441
 495 505 541 541
 233 410 411 411
 138 137 292 292
 463 482 489 489
 12 11 596 596
 399 383 400 400
 262 252 265 265
 49 48 691 691
 526 525 532 532
 374 339 402 402
 386 667 680 680
 163 162 299 299
 143 142 609 609
 566 338 616 616
 407 337 417 417
 540 341 671 671
 583 581 641 641
 536 270 645 645
 238 465 595 595
 393 390 436 436
 250 259 617 617
 257 256 620 620
 590 442 592 592
 362 340 545 545
 367 332 427 427
 291 386 632 632
 324 399 423 423
 455 456 689 689
 466 467 690 690
 496 504 505 505
 555 371 560 560
 217 545 569 569
 360 334 686 686
 23 22 593 593
 34 33 226 226
 257 466 472 472
 523 239 531 531
 37 36 543 543
 326 316 327 327
 19 18 487 487
 276 271 278 278
 493 237 595 595
 231 208 603 603
 180 179 396 396
 232 360 686 686
 306 304 307 307
 206 275 611 611
 35 34 564 564
 525 530 532 532
 126 125 235 235
 169 168 415 415
 53 52 222 222
 16 15 486 486
 289 426 612 612
 579 580 584 584
 391 390 393 393
 584 527 629 629
 6 5 392 392
 331 430 431 431
 241 275 676 676
 437 353 438 438
 379 318 549 549
 246 369 624 624
 309 307 310 310
 451 450 455 455
 26 25 220 220
 589 442 590 590
 507 522 601 601
 55 54 453 453
 160 159 616 616
 39 38 592 592
 552 282 553 553
 40 39 442 442
 373 296 374 374
 161 160 338 338
 228 587 591 591
 549 322 653 653
 172 171 303 303
 478 468 619 619
 254 267 284 284
 383 378 400 400
 8 7 223 223
 241 205 611 611
 476 473 494 494
 121 120 234 234
 387 236 388 388
 370 282 618 618
 136 135 637 637
 426 288 612 612
 534 458 649 649
 556 264 557 557
 371 296 373 373
 13 12 244 244
 429 356 431 431
 554 553 555 555
 658 656 660 660
 274 282 550 550
 463 607 608 608
 72 71 531 531
 50 49 454 454
 80 79 258 258
 630 269 688 688
 401 345 413 413
 32 31 497 497
 349 314 624 624
 77 76 470 470
 57 56 452 452
 7 6 643 643
 371 373 560 560
 179 178 305 305
 471 526 527 527
 31 30 610 610
 311 310 312 312
 503 500 590 590
 166 165 216 216
 132 131 666 666
 14 13 615 615
 184 183 218 218
 125 124 605 605
 150 149 425 425
 74 73 650 650
 58 57 678 678
 174 173 217 217
 516 481 517 517
 162 161 404 404
 177 176 341 341
 278 277 559 559
 140 139 346 346
 324 398 399 399
 148 147 227 227
 447 459 674 674
 500 460 572 572
 129 128 269 269
 227 147 631 631
 60 59 221 221
 124 123 372 372
 459 440 674 674
 576 581 679 679
 191 190 422 422
 562 560 688 688
 18 17 225 225
 15 14 464 464
 8 223 642 642
 344 397 539 539
 224 633 685 685
 187 186 319 319
 599 598 642 642
 44 43 573 573
 239 522 650 650
 522 507 650 650
 182 181 324 324
 45 44 585 585
 532 240 533 533
 328 349 369 369
 137 136 636 636
 176 175 671 671
 149 148 625 625
 456 455 466 466
 572 589 590 590
 275 241 611 611
 73 72 239 239
 46 45 614 614
 352 243 537 537
 403 402 536 536
 572 460 574 574
 62 61 528 528
 61 60 634 634
 170 169 302 302
 159 158 219 219
 48 47 692 692
 451 455 689 689
 20 19 475 475
 30 29 443 443
 492 522 523 523
 29 28 635 635
 181 180 418 418
 236 387 609 609
 302 415 416 416
 68 67 240 240
 580 527 584 584
 17 16 570 570
 142 141 236 236
 42 41 228 228
 135 134 224 224
 186 185 419 419
 153 152 612 612
 340 540 545 545
 156 155 333 333
 155 154 646 646
 134 133 633 633
 626 579 627 627
 24 23 355 355
 154 153 288 288
 522 239 523 523
 492 523 525 525
 66 65 458 458
 64 63 457 457
 174 217 569 569
 65 64 649 649
 70 69 524 524
 533 458 534 534
 320 361 623 623
 151 150 647 647
 139 138 412 412
 47 46 446 446
 69 68 535 535
 576 461 577 577
 152 151 289 289
 372 554 555 555
 5 4 668 668
 318 323 663 663
 299 405 406 406
 388 346 413 413
 469 467 563 563
 2 1 430 430
 145 144 291 291
 376 357 380 380
 33 32 501 501
 157 156 652 652
 295 294 334 334
 533 240 621 621
 67 66 621 621
 25 24 613 613
 539 341 540 540
 1 191 358 358
 336 639 640 640
 131 130 268 268
 229 542 672 672
 379 378 383 383
 266 265 284 284
 11 10 394 394
 348 435 686 686
 456 466 690 690
 128 127 664 664
 458 533 621 621
 91 90 513 513
 130 129 630 630
 293 287 294 294
 575 461 576 576
 578 462 579 579
 489 486 607 607
 218 183 423 423
 469 491 492 492
 4 3 331 331
 146 145 632 632
 376 375 377 377
 141 140 622 622
 243 350 420 420
 520 470 521 521
 587 573 591 591
 335 328 369 369
 321 363 365 365
 440 494 673 673
 523 529 530 530
 313 312 314 314
 164 163 604 604
 461 449 687 687
 109 108 272 272
 119 118 283 283
 63 62 638 638
 238 472 594 594
 127 126 665 665
 56 55 648 648
 348 233 435 435
 270 536 633 633
 597 394 598 598
 527 534 629 629
 323 317 663 663
 28 27 444 444
 118 117 683 683
 502 498 503 503
 387 384 609 609
 71 70 529 529
 291 385 386 386
 133 132 270 270
 122 121 669 669
 468 257 619 619
 579 462 580 580
 546 392 668 668
 75 74 507 507
 375 188 395 395
 311 322 434 434
 277 557 559 559
 52 51 654 654
 354 485 593 593
 449 460 681 681
 546 391 599 599
 451 461 687 687
 560 373 688 688
 251 617 639 639
 221 59 677 677
 277 281 557 557
 485 355 593 593
 282 274 618 618
 583 454 679 679
 329 335 336 336
 582 679 691 691
 408 366 409 409
 279 661 662 662
 485 476 508 508
 308 189 375 375
 537 243 651 651
 339 401 402 402
 217 173 433 433
 346 412 413 413
 380 358 422 422
 369 246 428 428
 347 387 388 388
 468 469 563 563
 221 628 634 634
 51 50 655 655
 42 228 591 591
 283 552 675 675
 82 81 511 511
 496 502 504 504
 253 265 670 670
 235 605 606 606
 462 451 689 689
 572 587 589 589
 284 267 618 618
 252 198 670 670
 374 402 403 403
 588 446 614 614
 308 380 422 422
 120 119 644 644
 667 432 680 680
 578 626 641 641
 398 324 418 418
 361 245 623 623
 354 484 485 485
 585 588 614 614
 182 324 423 423
 354 21 483 483
 617 230 639 639
 172 303 433 433
 329 328 335 335
 628 528 634 634
 103 102 657 657
 428 246 542 542
 545 540 569 569
 334 294 348 348
 480 479 490 490
 196 255 620 620
 222 52 654 654
 187 319 395 395
 480 490 510 510
 408 409 544 544
 261 273 478 478
 471 456 690 690
 586 573 587 587
 168 364 415 415
 190 308 422 422
 561 630 688 688
 175 569 671 671
 318 434 549 549
 331 431 546 546
 277 274 281 281
 444 27 600 600
 518 520 521 521
 116 115 263 263
 526 533 534 534
 303 171 381 381
 117 116 684 684
 396 398 418 418
 184 218 538 538
 111 110 558 558
 22 354 593 593
 441 37 543 543
 20 475 483 483
 491 480 518 518
 266 284 618 618
 631 386 680 680
 500 498 571 571
 565 567 652 652
 113 112 264 264
 84 83 481 481
 170 302 381 381
 419 185 538 538
 547 164 604 604
 377 378 379 379
 492 506 522 522
 86 85 516 516
 287 285 410 410
 445 439 493 493
 142 236 609 609
 177 341 389 389
 88 87 515 515
 385 384 387 387
 285 254 411 411
 300 295 334 334
 345 388 413 413
 454 49 691 691
 34 226 564 564
 406 405 407 407
 307 304 360 360
 585 586 588 588
 639 230 640 640
 460 571 681 681
 312 310 320 320
 396 397 398 398
 456 462 689 689
 466 455 594 594
 480 510 518 518
 100 99 659 659
 337 298 417 417
 555 553 602 602
 623 245 624 624
 519 258 520 520
 450 448 465 465
 36 499 543 543
 463 489 607 607
 305 178 389 389
 308 376 380 380
 38 441 592 592
 280 249 676 676
 244 12 596 596
 276 278 658 658
 442 39 592 592
 420 242 651 651
 473 438 673 673
 281 550 556 556
 15 464 486 486
 159 219 616 616
 302 169 415 415
 499 35 564 564
 327 328 329 329
 294 287 410 410
 354 483 484 484
 223 7 643 643
 518 510 548 548
 434 322 549 549
 299 162 404 404
 163 299 604 604
 536 402 685 685
 180 396 418 418
 355 23 593 593
 18 225 487 487
 475 19 487 487
 179 305 396 396
 608 464 615 615
 244 608 615 615
 269 128 664 664
 370 371 602 602
 427 332 565 565
 510 490 512 512
 313 314 349 349
 225 17 570 570
 235 125 605 605
 384 143 609 609
 677 58 678 678
 334 348 686 686
 314 623 624 624
 106 105 279 279
 16 486 570 570
 328 316 349 349
 467 471 690 690
 161 338 404 404
 347 385 387 387
 357 376 653 653
 291 144 384 384
 303 381 382 382
 226 33 501 501
 13 244 615 615
 410 285 411 411
 464 14 615 615
 607 464 608 608
 308 375 376 376
 497 31 610 610
 625 227 680 680
 44 573 585 585
 561 403 645 645
 446 46 614 614
 30 443 610 610
 389 341 539 539
 331 546 668 668
 148 227 625 625
 573 43 591 591
 292 137 636 636
 341 176 671 671
 631 146 632 632
 24 355 613 613
 424 367 426 426
 636 136 637 637
 396 305 397 397
 645 270 666 666
 26 220 600 600
 135 224 637 637
 60 221 634 634
 324 181 418 418
 126 235 665 665
 327 316 328 328
 138 292 412 412
 319 186 419 419
 338 160 616 616
 32 497 501 501
 237 493 537 537
 239 72 531 531
 421 337 566 566
 269 664 688 688
 57 452 678 678
 435 232 686 686
 124 372 605 605
 45 585 614 614
 552 553 675 675
 11 394 596 596
 156 333 652 652
 299 404 405 405
 220 25 613 613
 268 645 666 666
 691 48 692 692
 240 67 621 621
 152 289 612 612
 316 313 349 349
 633 536 685 685
 236 141 622 622
 47 446 692 692
 358 191 422 422
 333 155 646 646
 486 464 607 607
 425 149 625 625
 368 432 667 667
 392 5 668 668
 624 245 672 672
 475 487 488 488
 371 555 602 602
 528 61 634 634
 50 454 655 655
 472 466 594 594
 409 363 416 416
 68 240 535 535
 234 644 675 675
 28 444 635 635
 348 294 410 410
 458 65 649 649
 133 270 633 633
 346 139 412 412
 154 288 646 646
 150 425 647 647
 377 379 653 653
 66 458 621 621
 129 269 630 630
 73 239 650 650
 55 453 648 648
 270 132 666 666
 64 457 649 649
 443 29 635 635
 268 130 630 630
 140 346 622 622
 145 291 632 632
 585 573 586 586
 507 74 650 650
 226 501 504 504
 246 624 672 672
 288 153 612 612
 376 377 653 653
 121 234 669 669
 332 421 565 565
 6 392 643 643
 553 554 675 675
 460 500 571 571
 457 63 638 638
 224 134 633 633
 452 56 648 648
 289 151 647 647
 62 528 638 638
 71 529 531 531
 368 424 432 432
 373 561 688 688
 518 519 520 520
 596 394 597 597
 524 69 535 535
 291 384 385 385
 506 491 521 521
 234 120 644 644
 131 268 666 666
 565 421 567 567
 510 512 548 548
 70 524 529 529
 426 367 427 427
 1 358 359 359
 521 470 601 601
 393 598 599 599
 227 631 680 680
 656 559 662 662
 265 252 670 670
 664 562 688 688
 119 283 644 644
 283 118 683 683
 491 518 521 521
 581 583 679 679
 529 524 530 530
 512 490 514 514
 664 127 665 665
 571 447 681 681
 551 550 552 552
 255 619 620 620
 237 537 651 651
 406 547 604 604
 255 478 619 619
 380 357 568 568
 582 576 679 679
 522 506 601 601
 274 266 618 618
 654 51 655 655
 278 656 658 658
 526 532 533 533
 683 117 684 684
 4 331 668 668
 281 556 557 557
 414 637 685 685
 386 631 632 632
 569 540 671 671
 235 606 665 665
 550 282 552 552
 116 263 684 684
 627 677 678 678
 560 562 606 606
 582 691 692 692
 606 562 665 665
 506 521 601 601
 637 224 685 685
 414 636 637 637
 661 656 662 662
 583 654 655 655
 562 664 665 665
 551 683 684 684
 3 2 430 430
 279 104 657 657
 112 111 558 558
 123 122 669 669
 343 1 359 359
 1 343 430 430
 10 9 642 642
 41 40 228 228
 228 40 442 442
 54 53 453 453
 53 222 453 453
 76 75 507 507
 78 77 520 520
 81 80 511 511
 80 258 511 511
 83 82 481 481
 481 82 511 511
 85 84 516 516
 87 86 515 515
 515 86 516 516
 89 88 515 515
 90 89 513 513
 92 91 513 513
 93 92 513 513
 94 93 514 514
 93 513 514 514
 95 94 514 514
 96 95 514 514
 97 96 658 658
 96 514 658 658
 98 97 659 659
 99 98 659 659
 101 100 659 659
 102 101 657 657
 657 101 660 660
 104 103 657 657
 105 104 279 279
 107 106 279 279
 108 107 272 272
 110 109 272 272
 110 272 558 558
 114 113 264 264
 115 114 263 263
 167 166 216 216
 256 195 620 620
 200 232 435 435
 237 214 595 595
 627 221 677 677
 479 273 514 514
 304 300 334 334
 326 330 343 343
 343 429 430 430
 392 599 643 643
 448 445 493 493
 469 492 525 525
 512 513 515 515
 512 515 517 517
 515 516 517 517
 659 658 660 660
