TITLE     = "Visualization of the solution"
VARIABLES = "x"
"y"
"Pressure_Coefficient"
ZONE T="Zone"
 STRANDID=0, SOLUTIONTIME=0
 Nodes=702, Elements=1189, ZONETYPE=FEQuadrilateral
 DATAPACKING=POINT
 DT=(DOUBLE DOUBLE DOUBLE )
 9.998257160E-01 5.275991862E-04 2.887238349E-01
 9.862897396E-01 2.882273169E-03 2.267838705E-01
 9.740176797E-01 4.984322470E-03 1.307033847E-01
 9.599765539E-01 7.363220211E-03 9.373421544E-02
 9.464417100E-01 9.577574208E-03 4.514332152E-02
 9.346757531E-01 1.160182152E-02 -3.893941235E-03
 9.236768484E-01 1.338355616E-02 -3.294033594E-02
 9.108983278E-01 1.538843755E-02 -6.978021648E-02
 8.992310166E-01 1.721523888E-02 -1.036393262E-01
 8.864291310E-01 1.908399351E-02 -1.252755394E-01
 8.736090660E-01 2.087097056E-02 -1.415938216E-01
 8.613458276E-01 2.252086252E-02 -1.560734375E-01
 8.488724232E-01 2.415492386E-02 -1.690800975E-01
 8.368368745E-01 2.568407357E-02 -1.822570056E-01
 8.248209953E-01 2.718074620E-02 -1.983972566E-01
 8.119007945E-01 2.875945717E-02 -2.068968512E-01
 7.987285852E-01 3.028664552E-02 -2.145480302E-01
 7.869006991E-01 3.167022020E-02 -2.338010679E-01
 7.745010257E-01 3.311726451E-02 -2.477110981E-01
 7.619920969E-01 3.450014815E-02 -2.600546396E-01
 7.491376996E-01 3.592704982E-02 -2.769958938E-01
 7.354679108E-01 3.740034625E-02 -2.909605917E-01
 7.243929505E-01 3.856385127E-02 -3.076848306E-01
 7.129812837E-01 3.975648433E-02 -3.282579263E-01
 7.011681795E-01 4.095987231E-02 -3.459701923E-01
 6.873267293E-01 4.230029508E-02 -3.642876038E-01
 6.742984056E-01 4.352948070E-02 -3.821410714E-01
 6.636226177E-01 4.449031875E-02 -3.989137328E-01
 6.516346931E-01 4.554996267E-02 -4.173290590E-01
 6.407560706E-01 4.646444693E-02 -4.333232386E-01
 6.287885308E-01 4.742809385E-02 -4.506133272E-01
 6.175582409E-01 4.829141870E-02 -4.674552141E-01
 6.064376831E-01 4.910124838E-02 -4.846218260E-01
 5.941768289E-01 4.994379729E-02 -5.028889833E-01
 5.821713805E-01 5.071359500E-02 -5.180746606E-01
 5.685509443E-01 5.150107294E-02 -5.344201162E-01
 5.557763577E-01 5.218736455E-02 -5.450607340E-01
 5.430344939E-01 5.277423561E-02 -5.485295481E-01
 5.317612886E-01 5.323303118E-02 -5.555741058E-01
 5.198412538E-01 5.368881300E-02 -5.589453798E-01
 5.068335533E-01 5.407075584E-02 -5.604238499E-01
 4.960863590E-01 5.435542762E-02 -5.608059368E-01
 4.831507802E-01 5.461458117E-02 -5.587140575E-01
 4.705040753E-01 5.480032042E-02 -5.548842854E-01
 4.564677477E-01 5.492427945E-02 -5.479106803E-01
 4.425781965E-01 5.495250225E-02 -5.395613929E-01
 4.294610620E-01 5.491151288E-02 -5.304369125E-01
 4.161833823E-01 5.479246378E-02 -5.237984008E-01
 4.040126204E-01 5.463560298E-02 -5.158169080E-01
 3.912219405E-01 5.438838899E-02 -5.049316453E-01
 3.789549470E-01 5.409209430E-02 -4.957140559E-01
 3.679497540E-01 5.378369987E-02 -4.829440888E-01
 3.551760614E-01 5.335312709E-02 -4.719377930E-01
 3.433988094E-01 5.291786790E-02 -4.630835547E-01
 3.314214945E-01 5.241260305E-02 -4.555188384E-01
 3.212735653E-01 5.194964260E-02 -4.466582356E-01
 3.096551895E-01 5.136406422E-02 -4.342206593E-01
 2.967731059E-01 5.065220594E-02 -4.238799656E-01
 2.831846476E-01 4.985360056E-02 -4.132565156E-01
 2.701453269E-01 4.900210723E-02 -4.022576829E-01
 2.582195699E-01 4.817995429E-02 -3.914572249E-01
 2.455164343E-01 4.724577069E-02 -3.788275540E-01
 2.323133647E-01 4.620582610E-02 -3.660134200E-01
 2.199174166E-01 4.517289624E-02 -3.552820777E-01
 2.080161273E-01 4.412469640E-02 -3.448878726E-01
 1.965045482E-01 4.305450618E-02 -3.332299418E-01
 1.838563234E-01 4.180746898E-02 -3.213128251E-01
 1.718745530E-01 4.056568071E-02 -3.098746025E-01
 1.595764458E-01 3.922009468E-02 -3.000211807E-01
 1.474416107E-01 3.783198446E-02 -2.931121149E-01
 1.363022178E-01 3.647727147E-02 -2.823904111E-01
 1.250046939E-01 3.503219038E-02 -2.719176739E-01
 1.134536788E-01 3.347047418E-02 -2.625019309E-01
 1.027176529E-01 3.194415197E-02 -2.539724226E-01
 9.263679385E-02 3.042581864E-02 -2.409725693E-01
 8.151206374E-02 2.864127234E-02 -2.290642368E-01
 6.996560097E-02 2.665057965E-02 -2.211455295E-01
 6.055584922E-02 2.490260452E-02 -2.057304033E-01
 5.130532011E-02 2.304234914E-02 -1.926238061E-01
 4.255186766E-02 2.112303860E-02 -1.771867162E-01
 3.515304625E-02 1.933590136E-02 -1.568286271E-01
 2.879404649E-02 1.764685661E-02 -1.551546569E-01
 2.331697941E-02 1.603503339E-02 -1.475072303E-01
 1.936177723E-02 1.475321595E-02 -1.125471791E-01
 1.570840925E-02 1.344319060E-02 -9.989363069E-02
 1.307320967E-02 1.240501087E-02 -7.888988646E-02
 1.081106067E-02 1.143174618E-02 -4.372053954E-02
 9.162724949E-03 1.065441407E-02 -2.725673003E-02
 7.610073779E-03 9.864388965E-03 -8.870271811E-04
 6.114946678E-03 9.026522748E-03 2.637956029E-02
 4.145015962E-03 7.780937944E-03 9.381559036E-02
 2.468561288E-03 6.515031215E-03 1.783584542E-01
 1.009245054E-03 5.162687507E-03 5.978374776E-01
 -4.091045412E-04 3.366903868E-03 5.378036113E-01
 -1.176354592E-03 1.893170993E-03 1.026182810E+00
 -1.547830296E-03 6.957235746E-04 9.739239601E-01
 -1.718960004E-03 -8.172499947E-04 1.036520526E+00
 -1.510054921E-03 -2.726426348E-03 8.699190864E-01
 -7.661627606E-04 -4.840821959E-03 8.788397291E-01
 6.162334466E-04 -7.158913650E-03 7.598189224E-01
 2.681203187E-03 -9.625312872E-03 7.110150840E-01
 4.577312153E-03 -1.143716369E-02 5.440065173E-01
 6.810085382E-03 -1.327223890E-02 4.966669580E-01
 8.427824825E-03 -1.445425581E-02 4.233904487E-01
 1.045811735E-02 -1.582233608E-02 3.820311488E-01
 1.287837327E-02 -1.730757765E-02 3.237785721E-01
 1.610035449E-02 -1.910531335E-02 2.495798433E-01
 1.934189908E-02 -2.074901387E-02 1.911173776E-01
 2.339852415E-02 -2.263141051E-02 1.375055810E-01
 2.889692038E-02 -2.492072992E-02 7.657379613E-02
 3.457049280E-02 -2.705966122E-02 1.653751486E-02
 4.183147103E-02 -2.952876501E-02 -4.434540954E-02
 4.946253449E-02 -3.186575696E-02 -9.997522872E-02
 5.823823437E-02 -3.431561962E-02 -1.461132337E-01
 6.704835594E-02 -3.655523062E-02 -1.899217028E-01
 7.754389197E-02 -3.899083659E-02 -2.217590010E-01
 8.760319650E-02 -4.114401713E-02 -2.526132936E-01
 9.848229587E-02 -4.328874499E-02 -2.807608206E-01
 1.096224114E-01 -4.532673955E-02 -3.049187868E-01
 1.216074303E-01 -4.736887291E-02 -3.260204349E-01
 1.330847293E-01 -4.918051884E-02 -3.499631803E-01
 1.437712014E-01 -5.075900257E-02 -3.710664738E-01
 1.548798978E-01 -5.230110884E-02 -3.849420923E-01
 1.666998565E-01 -5.384760350E-02 -4.016806589E-01
 1.783659607E-01 -5.526573211E-02 -4.202585344E-01
 1.901611537E-01 -5.660229549E-02 -4.396116399E-01
 2.007095814E-01 -5.772586912E-02 -4.596979972E-01
 2.120656967E-01 -5.884261429E-02 -4.794047410E-01
 2.244477868E-01 -5.998336524E-02 -4.999048800E-01
 2.367736697E-01 -6.100953370E-02 -5.222121229E-01
 2.487408370E-01 -6.191345677E-02 -5.429489939E-01
 2.612410486E-01 -6.275372207E-02 -5.631799041E-01
 2.726558745E-01 -6.344889104E-02 -5.870680707E-01
 2.853667736E-01 -6.410463899E-02 -6.106992407E-01
 2.978242636E-01 -6.463591754E-02 -6.318619368E-01
 3.106445372E-01 -6.507320702E-02 -6.506526477E-01
 3.222601414E-01 -6.535799056E-02 -6.687810461E-01
 3.345657885E-01 -6.556973606E-02 -6.873526508E-01
 3.449348211E-01 -6.562718004E-02 -7.057743668E-01
 3.561862409E-01 -6.562361121E-02 -7.180542006E-01
 3.673098087E-01 -6.549915671E-02 -7.301513308E-01
 3.778960705E-01 -6.527908146E-02 -7.360224700E-01
 3.894792199E-01 -6.494832784E-02 -7.380674202E-01
 4.015791714E-01 -6.446015835E-02 -7.340533709E-01
 4.135114551E-01 -6.385564059E-02 -7.162870702E-01
 4.266636670E-01 -6.307746470E-02 -6.901736336E-01
 4.389858246E-01 -6.216882914E-02 -6.547786996E-01
 4.522215128E-01 -6.108635664E-02 -6.089958031E-01
 4.647216797E-01 -5.993489549E-02 -5.647802321E-01
 4.772459567E-01 -5.867089704E-02 -5.225910127E-01
 4.891133010E-01 -5.735131726E-02 -4.762378393E-01
 5.011722445E-01 -5.596015602E-02 -4.277210052E-01
 5.144393444E-01 -5.431824178E-02 -3.822732676E-01
 5.277854800E-01 -5.257877707E-02 -3.347795068E-01
 5.406245589E-01 -5.080766231E-02 -2.871968446E-01
 5.546597838E-01 -4.886990786E-02 -2.439215094E-01
 5.671510100E-01 -4.707121104E-02 -2.123414315E-01
 5.804832578E-01 -4.510587454E-02 -1.750792223E-01
 5.932434201E-01 -4.323038459E-02 -1.441545234E-01
 6.056140661E-01 -4.135392234E-02 -1.151278467E-01
 6.183806062E-01 -3.940235078E-02 -8.256377288E-02
 6.324226856E-01 -3.725947067E-02 -5.505974070E-02
 6.455097795E-01 -3.522720188E-02 -2.728546175E-02
 6.591666937E-01 -3.313013911E-02 4.401580454E-04
 6.729772091E-01 -3.103318624E-02 2.108412548E-02
 6.855220795E-01 -2.910207957E-02 4.234213692E-02
 6.980537772E-01 -2.716910094E-02 6.807491956E-02
 7.126351595E-01 -2.495488524E-02 9.441823118E-02
 7.258560061E-01 -2.302050032E-02 1.117532560E-01
 7.372954488E-01 -2.130940370E-02 1.276279555E-01
 7.494126558E-01 -1.950611174E-02 1.539502610E-01
 7.626137137E-01 -1.764851622E-02 1.705364283E-01
 7.753949761E-01 -1.582840458E-02 1.851672344E-01
 7.874080539E-01 -1.415091939E-02 2.079259356E-01
 7.997965217E-01 -1.247472595E-02 2.268698445E-01
 8.110542893E-01 -1.100444328E-02 2.419503350E-01
 8.221440911E-01 -9.569207206E-03 2.598737867E-01
 8.341680169E-01 -8.089141920E-03 2.795295524E-01
 8.466647863E-01 -6.684013642E-03 2.922200561E-01
 8.585484028E-01 -5.381896626E-03 3.067616435E-01
 8.701263666E-01 -4.199994728E-03 3.255541139E-01
 8.823288679E-01 -3.105880460E-03 3.374905751E-01
 8.954293132E-01 -2.046703594E-03 3.456945927E-01
 9.055739045E-01 -1.340629067E-03 3.558986242E-01
 9.157574773E-01 -7.219663239E-04 3.604422402E-01
 9.258392453E-01 -2.278426255E-04 3.627839811E-01
 9.354524612E-01 1.565087296E-04 3.669416696E-01
 9.486365318E-01 5.267932429E-04 3.620072460E-01
 9.630611539E-01 7.490058779E-04 3.678215811E-01
 9.774752855E-01 7.938271156E-04 3.683785152E-01
 9.896944165E-01 6.902738824E-04 3.694062637E-01
 -5.000000000E-01 -1.000000000E+00 4.677375330E-02
 3.500000000E+00 -1.000000000E+00 1.061584969E-02
 3.500000000E+00 1.000000000E+00 1.837498479E-03
 -5.000000000E-01 1.000000000E+00 4.559473574E-02
 -5.000000000E-01 5.000000000E-01 8.877786304E-02
 -5.000000000E-01 2.752797990E-12 1.401296203E-01
 -5.000000000E-01 -5.000000000E-01 9.328305135E-02
 -9.421907698E-13 -1.000000000E+00 2.029328714E-02
 5.000000000E-01 -1.000000000E+00 -3.842782096E-02
 1.000000000E+00 -1.000000000E+00 -1.643013334E-02
 1.500000000E+00 -1.000000000E+00 1.877834013E-02
 2.000000000E+00 -1.000000000E+00 2.145627170E-02
 2.500000000E+00 -1.000000000E+00 1.506402654E-02
 3.000000000E+00 -1.000000000E+00 1.139835271E-02
 3.500000000E+00 -5.000000000E-01 1.131418495E-02
 3.500000000E+00 -2.752797990E-12 1.129275112E-02
 3.500000000E+00 5.000000000E-01 7.268625608E-03
 3.000000000E+00 1.000000000E+00 -3.743179178E-03
 2.500000000E+00 1.000000000E+00 -1.080243597E-02
 2.000000000E+00 1.000000000E+00 -2.360685263E-02
 1.500000000E+00 1.000000000E+00 -5.675653093E-02
 1.000000000E+00 1.000000000E+00 -1.015301991E-01
 5.000000000E-01 1.000000000E+00 -6.493367740E-02
 1.733724275E-12 1.000000000E+00 1.424936956E-02
 6.798310823E-01 -4.249290737E-02 3.077634490E-02
 7.838760095E-01 -2.406611160E-02 1.951674138E-01
 9.035065386E-01 -1.172483728E-02 3.377139014E-01
 7.066981696E-01 4.976983007E-02 -3.322864793E-01
 2.760215022E-01 5.882561005E-02 -3.982499292E-01
 2.775859331E-01 -7.818306838E-02 -5.698213514E-01
 8.091231775E-01 4.320075280E-02 -2.025839151E-01
 9.077381022E-01 2.506872856E-02 -7.549493976E-02
 6.137225441E-01 6.183828000E-02 -4.627002402E-01
 5.734106897E-01 -5.820257239E-02 -1.948004435E-01
 4.215579532E-01 6.467037128E-02 -5.154147361E-01
 5.129653635E-01 6.596182555E-02 -5.460208368E-01
 4.115706230E-01 -8.108449721E-02 -6.849892521E-01
 1.787327350E+00 -5.315664108E-01 2.195359697E-02
 1.790707486E+00 6.612036325E-01 -1.593767428E-02
 3.031185916E+00 2.156792422E-01 5.830570079E-03
 7.870752990E-01 -5.756478692E-01 -6.112553031E-03
 4.862503175E-01 -7.298758012E-02 -4.698785018E-01
 3.106136214E-01 -7.380508052E-01 -6.173826628E-02
 1.289526794E-01 -5.906305713E-02 -3.228476360E-01
 1.918270678E-01 -6.611060673E-02 -4.294873881E-01
 7.557698633E-01 5.618922954E-01 -1.592289585E-01
 2.734822187E+00 -5.327173641E-01 9.982011020E-03
 1.161142724E+00 6.393020085E-01 -5.105456971E-02
 1.004735013E+00 3.501231990E-01 -2.972180429E-02
 1.254638960E+00 -6.455267430E-01 3.952631312E-02
 1.504766439E+00 -2.686374413E-01 3.136897781E-02
 3.326350982E-01 6.146966943E-01 -1.004683078E-01
 1.049790398E-01 4.259984718E-02 -2.397891009E-01
 1.642264135E-01 5.343977973E-02 -2.909678802E-01
 2.240743121E+00 -5.773556073E-01 1.322651120E-02
 2.023286835E+00 -1.956753063E-01 9.468913586E-03
 2.420082923E+00 -1.843861117E-01 6.286672015E-03
 2.184532860E+00 1.580194491E-01 1.814684185E-03
 1.786287725E+00 9.294501408E-02 8.060378965E-03
 -2.735844496E-01 2.319126497E-01 1.511258825E-01
 -9.922959848E-02 6.201739134E-01 3.200195631E-02
 2.425236851E-02 3.354186931E-01 2.194901649E-02
 4.311778811E-02 3.082886823E-02 -1.181993610E-01
 -2.713587450E-01 -2.368815976E-01 1.602264777E-01
 -1.461005383E-01 -6.016856566E-01 4.567461174E-02
 1.120235638E-01 -3.916941927E-01 -5.210100244E-02
 6.896762096E-02 -4.944750668E-02 -1.551120110E-01
 2.240855957E+00 5.565613269E-01 -6.132209918E-03
 2.746311931E+00 5.964101119E-01 -8.057756638E-04
 -2.351257742E-01 -4.747155610E-03 2.031073095E-01
 -1.270261214E-01 1.260224420E-01 2.163234446E-01
 -1.096799281E-01 -1.274278085E-01 2.422567916E-01
 -8.076565130E-02 -3.242652663E-01 9.438383068E-02
 9.534527624E-04 -1.833321071E-01 1.226094830E-01
 4.030007141E-02 -3.580863343E-02 -1.307846279E-02
 1.643114071E-01 -2.273366259E-01 -1.953446260E-01
 3.399962269E-01 -7.765227292E-02 -6.702937108E-01
 3.137176796E-01 -7.790649252E-02 -6.295209232E-01
 -2.635001539E-02 -1.045724153E-01 2.904270995E-01
 -1.096767464E-01 -2.374159529E-02 3.380415401E-01
 -6.997804866E-02 5.469494703E-02 3.516886762E-01
 3.452959536E-02 -1.131029875E-01 8.953548304E-02
 3.109346070E+00 -2.612974392E-01 9.753470293E-03
 -5.095148899E-02 -3.925297463E-02 4.202012934E-01
 -5.068113954E-02 1.093523746E-02 5.297194635E-01
 -2.010132660E-02 5.459323585E-02 3.576915966E-01
 2.393152905E-02 2.119652410E-02 -9.889084929E-02
 -3.844110941E-02 1.019796416E-01 2.498987252E-01
 2.604372351E-02 1.014551269E-01 5.724026323E-02
 7.368659892E-02 4.152786478E-02 -1.865144772E-01
 -5.053039736E-03 1.877378893E-01 1.027014697E-01
 8.668301824E-02 1.654506815E-01 -7.481933534E-02
 2.131835583E-01 5.744966451E-02 -3.359621555E-01
 1.760933640E-01 2.851200629E-01 -1.431969213E-01
 3.630201806E-01 6.509494824E-02 -4.684810748E-01
 3.251980919E-01 6.546907462E-02 -4.366766914E-01
 1.890219145E-01 5.567909306E-02 -3.127911684E-01
 2.035234542E-01 1.713898917E-01 -2.390432268E-01
 2.879794013E-01 2.519324161E-01 -2.722347255E-01
 3.167668627E-01 1.676051048E-01 -3.383586647E-01
 3.745108394E-01 1.979371546E-01 -3.539499938E-01
 3.734291722E-01 1.380365903E-01 -4.091943594E-01
 4.408831647E-01 1.756755896E-01 -4.172704825E-01
 5.634550113E-01 6.566394600E-02 -5.243284366E-01
 5.369455293E-01 6.547727184E-02 -5.384586574E-01
 4.781172717E-01 6.461453937E-02 -5.455371597E-01
 4.505259977E-01 2.593400454E-01 -3.455788544E-01
 5.337449949E-01 2.043856516E-01 -4.019381145E-01
 5.432636985E-01 3.420170109E-01 -3.071545664E-01
 6.356509826E-01 2.611126974E-01 -3.110216240E-01
 6.588347331E-01 5.688944812E-02 -3.987147731E-01
 6.214973445E-01 1.591708531E-01 -3.867075734E-01
 7.196533044E-01 1.809757928E-01 -2.693766595E-01
 7.550148318E-01 4.485712810E-02 -2.656052853E-01
 7.423254989E-01 2.701428203E-01 -2.215379220E-01
 8.214870501E-01 1.981151084E-01 -1.591729554E-01
 8.556212403E-01 3.536027746E-02 -1.563010809E-01
 8.812808689E-01 3.011727775E-02 -1.241609294E-01
 8.329710175E-01 3.866350894E-02 -1.822770593E-01
 7.771821914E-01 1.329754837E-01 -2.158059018E-01
 8.765458086E-01 1.329947897E-01 -1.025813980E-01
 9.519930916E-01 2.316793965E-02 5.428189831E-02
 9.316546292E-01 2.161007079E-02 -1.167123431E-02
 6.819862794E-01 1.200847465E-01 -3.355390669E-01
 5.496140774E-01 1.363827787E-01 -4.625074117E-01
 2.423706205E-01 1.209218346E-01 -3.175270097E-01
 1.479121495E-01 1.268964200E-01 -2.098339721E-01
 5.957642157E-01 1.100002587E-01 -4.498804085E-01
 5.897831833E-01 6.444538897E-02 -4.955468007E-01
 8.355685793E-01 9.194040542E-02 -1.614222771E-01
 3.270214645E-01 1.164608122E-01 -3.921059888E-01
 4.287507865E-01 1.158958230E-01 -4.658395889E-01
 3.890939393E-01 9.765218910E-02 -4.596586314E-01
 3.837431490E-01 6.317845789E-02 -4.895582212E-01
 9.238831674E-01 2.205089507E-01 -6.342808954E-02
 9.494451814E-01 1.364691041E-01 -9.530449984E-03
 9.158772160E-01 9.040981875E-02 -4.864113961E-02
 9.655224099E-01 7.560912887E-02 4.398932081E-02
 1.020745041E+00 1.117860882E-01 7.434840516E-02
 1.007437538E+00 2.030014515E-01 1.271266668E-02
 1.094630076E+00 1.457332682E-01 6.722782658E-02
 1.112667035E+00 6.239218075E-02 1.057231548E-01
 1.217682612E+00 1.299823159E-01 5.837736573E-02
 1.165077393E+00 2.540216139E-01 2.578338842E-02
 1.199710881E+00 7.878706961E-05 8.061965051E-02
 1.350560564E+00 6.471165955E-02 3.808063206E-02
 1.102798264E+00 -5.940078017E-02 1.434493077E-01
 9.746116485E-01 -1.092766555E-02 3.423212013E-01
 1.195232316E+00 -1.159922588E-01 8.961737813E-02
 1.100263390E+00 -1.485033270E-01 1.423935864E-01
 1.371483592E+00 2.408143196E-01 2.276956354E-02
 1.008437997E+00 5.496198069E-02 1.431876711E-01
 9.857721271E-01 1.569680545E-02 1.881085135E-01
 1.069126068E+00 2.627559423E-03 1.572457578E-01
 1.004293299E+00 -1.017539159E-01 2.246638486E-01
 9.955364343E-01 -2.160741385E-01 1.546381768E-01
 8.424500133E-01 -1.804239552E-02 2.786106284E-01
 8.998641469E-01 -1.498498154E-01 1.893732142E-01
 8.836582426E-01 -2.809986978E-01 1.159499270E-01
 7.881383280E-01 -1.897826389E-01 1.114609190E-01
 7.320586101E-01 -3.232379102E-02 1.172937328E-01
 7.563456025E-01 -2.894743890E-02 1.563176670E-01
 1.017670395E+00 -3.671436079E-01 9.192805750E-02
 8.229116390E-01 -1.071344308E-01 1.766744021E-01
 7.332398470E-01 -1.206140663E-01 7.868107677E-02
 6.991962477E-01 -1.996712684E-01 9.855311716E-03
 6.261806950E-01 -5.105142857E-02 -6.904787726E-02
 6.547325361E-01 -5.063020528E-02 -1.451284169E-02
 6.502833585E-01 -1.402871869E-01 -4.526618215E-02
 6.080261871E-01 -1.903461386E-01 -1.064454984E-01
 5.668243399E-01 -1.464472480E-01 -1.914735684E-01
 5.317708089E-01 -2.135298608E-01 -2.813352271E-01
 5.225858676E-01 -6.475367424E-02 -3.444085654E-01
 5.524616381E-01 -6.136993647E-02 -2.478998843E-01
 4.841785935E-01 -1.515056862E-01 -4.151076510E-01
 4.473370059E-01 -7.687220841E-02 -5.992472189E-01
 6.020430009E-01 -2.795748035E-01 -1.408134222E-01
 4.474194485E-01 -3.049420843E-01 -3.009040586E-01
 7.458509480E-01 -3.376551133E-01 1.398679030E-02
 1.172690509E+00 -2.555543517E-01 9.491975519E-02
 8.772909448E-01 -8.358958325E-02 2.454607468E-01
 6.048797870E-01 -1.020289881E-01 -1.202565172E-01
 6.010538071E-01 -5.300544716E-02 -1.267400434E-01
 7.747935684E-01 -8.884889465E-02 1.465009673E-01
 6.855427142E-01 -9.581291450E-02 2.046783305E-02
 5.715112928E-01 -4.368202465E-01 -1.460507730E-01
 5.188547162E-01 -1.210534799E-01 -3.273807784E-01
 8.381995959E-01 -6.458256274E-02 2.306350193E-01
 8.163936561E-01 -2.309801097E-02 2.413556865E-01
 8.010399227E-01 -5.838602061E-02 1.963341045E-01
 4.868547168E-01 1.286137088E-01 -4.735727268E-01
 6.822827624E-01 3.837513180E-01 -2.311658227E-01
 3.575181198E-01 9.694038491E-02 -4.336647836E-01
 1.039900264E+00 -4.512001759E-02 2.150067704E-01
 1.438545745E-01 4.509111807E-01 -4.807568273E-02
 5.222454451E-01 1.036528486E-01 -5.005317472E-01
 -7.967918624E-03 -6.065439893E-02 3.924721780E-01
 9.295136710E-03 -1.958490385E-02 4.259492073E-01
 1.954878130E-02 -2.795185593E-02 2.227386565E-01
 4.258263897E-01 3.928106371E-01 -2.557834263E-01
 4.631681559E-01 9.322224672E-02 -5.065889427E-01
 4.495350068E-01 7.083521309E-02 -5.257406607E-01
 3.095107243E-02 -7.188568070E-02 1.178227668E-01
 5.401686857E-02 -4.253352355E-02 -9.028280702E-02
 8.689115022E-01 -4.792420446E-02 2.707621133E-01
 9.065401236E-01 -4.937965803E-02 2.880034830E-01
 9.280737458E-01 -1.171269249E-02 3.476877167E-01
 8.767530211E-01 -1.409236656E-02 3.147564606E-01
 5.596003543E-01 1.031380960E-01 -4.856924956E-01
 9.264683249E-01 -8.839083809E-02 2.542830037E-01
 9.517666554E-01 -5.148493311E-02 3.003084829E-01
 9.982186361E-01 -4.471564803E-02 2.787298405E-01
 1.890355460E-02 6.129447458E-02 8.814051589E-02
 5.738787793E-02 7.295925041E-02 -9.095049986E-02
 5.619936195E-01 5.138015391E-01 -2.201048020E-01
 8.910284750E-01 -1.432491141E-02 3.261624372E-01
 9.317872466E-01 5.764537308E-02 -1.526934588E-02
 9.023909686E-01 5.865633986E-02 -7.244469959E-02
 3.507824932E-01 6.244055770E-02 -4.601720162E-01
 4.898410297E-01 6.558903686E-02 -5.462757749E-01
 4.820304129E-01 7.899755766E-02 -5.294384161E-01
 4.387285525E-01 8.558174806E-02 -5.035595295E-01
 5.029602488E-01 8.005913355E-02 -5.302165921E-01
 3.960256628E-01 7.079956482E-02 -4.913616901E-01
 7.961618389E-01 -2.407494079E-02 2.136557186E-01
 1.336518475E+00 -1.863323928E-01 5.534055356E-02
 1.335514009E+00 -3.595638542E-01 4.776631176E-02
 1.499564022E+00 -5.847095402E-02 2.982151683E-02
 1.027007672E+00 2.100348568E-02 1.879773733E-01
 1.020789513E+00 -1.479360937E-02 2.723683514E-01
 1.000603361E+00 2.737802262E-02 1.915920471E-01
 9.807972769E-01 3.947534831E-02 1.070779717E-01
 8.958918096E-01 3.263328720E-02 -9.690395907E-02
 8.844127433E-01 -2.972099157E-02 3.052944433E-01
 8.606830103E-01 -2.521868456E-02 2.900170355E-01
 9.188280249E-01 2.420428501E-02 -4.098262957E-02
 4.330110045E-01 6.873855405E-02 -5.188497143E-01
 9.680192886E-01 2.275913765E-02 1.032997377E-01
 5.017373109E-01 6.400723588E-02 -5.493301265E-01
 3.743228513E-01 6.294382323E-02 -4.811173071E-01
 4.099565083E-01 6.569242220E-02 -5.085370414E-01
 4.666371117E-01 6.956569278E-02 -5.351536547E-01
 9.558655071E-01 4.432594400E-02 5.481217566E-02
 8.698905381E-01 3.448752861E-02 -1.385819236E-01
 8.622601637E-01 5.475239135E-02 -1.388233250E-01
 8.738837389E-01 8.591752044E-02 -1.153574580E-01
 8.452170478E-01 4.912406162E-02 -1.643993377E-01
 8.267621868E-01 5.690425065E-02 -1.810867661E-01
 8.042636752E-01 6.454402433E-02 -2.032605075E-01
 7.828994174E-01 4.157650006E-02 -2.344904316E-01
 7.785307620E-01 6.861828374E-02 -2.331383663E-01
 7.317130266E-01 1.105396903E-01 -2.748999905E-01
 7.006124218E-01 8.782444132E-02 -3.233977075E-01
 6.810138273E-01 5.450292121E-02 -3.672408094E-01
 6.721522908E-01 8.623873001E-02 -3.641238822E-01
 7.283550184E-01 7.282694737E-02 -2.923637687E-01
 7.337368696E-01 5.115108025E-02 -2.909082285E-01
 7.444690139E-01 4.651893417E-02 -2.778425772E-01
 7.515241351E-01 6.146519217E-02 -2.652622720E-01
 4.167320582E-01 8.129009607E-02 -4.952630562E-01
 7.705809375E-01 4.872535288E-02 -2.470157148E-01
 7.952533080E-01 4.470351606E-02 -2.174181587E-01
 9.153597884E-01 3.981384298E-02 -5.042770083E-02
 2.836365919E-04 3.670730340E-02 2.778185042E-01
 8.573925030E-03 1.361158661E-02 5.616747338E-02
 -1.501579354E-02 1.785322087E-02 6.716752845E-01
 -1.175660456E-01 2.665903631E-01 1.207327391E-01
 2.563177218E+00 2.042520169E-01 1.644806689E-03
 7.184546812E-01 5.304024151E-02 -3.129750187E-01
 8.510404609E-01 3.486076541E-01 -1.323204571E-01
 -2.025408838E-02 -3.146472020E-02 5.599391020E-01
 4.421779483E-03 -1.390227129E-02 5.752251124E-01
 -2.203210655E-02 -7.411307031E-03 7.762928972E-01
 8.439037206E-01 3.459736909E-02 -1.702392251E-01
 1.729566330E+00 -1.642452155E-01 1.695938975E-02
 9.495691246E-01 -2.792790681E-02 3.275823344E-01
 9.276641680E-01 -2.934937634E-02 3.220506760E-01
 9.159693889E-01 -1.685779839E-02 3.369343346E-01
 9.416948515E-01 2.059848937E-02 2.107940663E-02
 6.948800987E-01 5.360474285E-02 -3.475993543E-01
 6.873352444E-01 6.924092385E-02 -3.499820387E-01
 6.707890324E-01 6.710145194E-02 -3.770063841E-01
 6.504843476E-01 7.136502880E-02 -4.027069514E-01
 6.365003670E-01 5.925359113E-02 -4.305442723E-01
 6.285945906E-01 7.139781846E-02 -4.341910285E-01
 6.055986727E-01 7.953748820E-02 -4.609049975E-01
 6.365825345E-01 9.968498911E-02 -4.026741820E-01
 5.771630874E-01 8.062474061E-02 -4.941840622E-01
 6.476420423E-01 5.590449553E-02 -4.159691513E-01
 5.490743121E-01 8.030809241E-02 -5.162009145E-01
 5.243491906E-01 6.360416039E-02 -5.454848116E-01
 9.193649720E-01 -7.819958670E-03 3.513344574E-01
 5.234640634E-01 7.741035682E-02 -5.292658879E-01
 1.050991667E+00 5.977000191E-02 1.345812278E-01
 1.260644236E-03 -3.958950982E-02 4.649323573E-01
 1.729666073E-02 -4.945593728E-02 2.754516048E-01
 1.157150143E+00 -4.419782913E-01 6.262028628E-02
 1.012844261E+00 -5.800582965E-01 4.975928922E-02
 9.033960582E-01 -2.659900261E-02 3.228852940E-01
 7.719786257E-01 -5.483921047E-02 1.594819014E-01
 7.403452523E-01 -6.632249956E-02 1.142568871E-01
 7.080475114E-01 -3.583081330E-02 8.177055852E-02
 7.082575589E-01 -6.942469627E-02 6.891365197E-02
 5.901994819E-01 -7.005145774E-01 -9.208157654E-02
 8.434747844E-01 -3.650858830E-02 2.596435898E-01
 8.218722475E-01 -4.160570855E-02 2.329271790E-01
 8.428778376E-02 -1.775760923E-01 -7.745797404E-02
 9.618243065E-02 -1.144490473E-01 -1.617230947E-01
 1.594996818E-01 -6.293540274E-02 -3.767036248E-01
 5.987104049E-02 -2.723554463E-01 -1.089964988E-03
 2.812110082E-01 -3.095105211E-01 -2.650790240E-01
 2.668604131E-01 -2.001758963E-01 -3.778801889E-01
 2.094281346E-01 -1.531278046E-01 -3.475374625E-01
 2.440242296E-01 -7.290392993E-02 -5.160961168E-01
 2.685245961E-01 -1.343190527E-01 -4.666403619E-01
 3.335201705E-01 -1.563254175E-01 -5.010123101E-01
 3.760218361E-01 -7.936292857E-02 -7.025875658E-01
 3.479579750E-01 -2.299331044E-01 -4.071522256E-01
 4.200388187E-01 -1.856136366E-01 -4.607660394E-01
 3.893890781E-01 -1.331646538E-01 -5.806793747E-01
 3.131497193E-01 -1.150745218E-01 -5.588814575E-01
 2.293003006E-01 -1.146491924E-01 -4.274436361E-01
 2.131047249E-01 -7.263668774E-02 -4.597205984E-01
 1.839231220E-01 -1.097210120E-01 -3.490276641E-01
 1.453184993E-01 -1.490670644E-01 -2.426434287E-01
 2.616132130E-01 -1.021744320E-01 -5.033900254E-01
 2.583706821E-01 -8.223756820E-02 -5.287873101E-01
 2.885843046E-01 -9.928637719E-02 -5.499721837E-01
 2.952032212E-01 -8.241864764E-02 -5.981605234E-01
 7.964045818E-01 9.376451387E-02 -2.043542954E-01
 3.751965933E-01 7.700658251E-02 -4.672621716E-01
 7.056296122E-01 6.489558819E-02 -3.265713746E-01
 7.202874627E-01 -3.585628343E-02 1.009042175E-01
 3.312238653E-01 8.513073576E-02 -4.224880041E-01
 3.034319484E-01 6.338433706E-02 -4.181609888E-01
 2.993511481E-01 9.540636755E-02 -3.866079163E-01
 2.676428883E-01 9.808414718E-02 -3.584048593E-01
 2.368592868E-01 5.884150084E-02 -3.586912665E-01
 2.493469142E-01 5.761826609E-02 -3.736810203E-01
 2.449082780E-01 7.816094550E-02 -3.533455256E-01
 2.086835086E-01 9.757514194E-02 -2.918100744E-01
 1.686866237E-01 8.962400347E-02 -2.576874115E-01
 2.882071648E-01 6.244033711E-02 -4.066456944E-01
 2.216270803E-01 7.045662853E-02 -3.361022984E-01
 2.621108928E-01 6.102370813E-02 -3.843177868E-01
 1.967930664E-01 7.055993406E-02 -3.083576962E-01
 2.762928420E-01 7.593028842E-02 -3.849489032E-01
 6.697117232E-01 5.330272414E-02 -3.841971835E-01
 7.708031543E-01 -3.269612797E-02 1.726916795E-01
 9.370395435E-01 3.568193469E-02 1.396025449E-03
 3.493042502E-01 -4.937991350E-01 -1.645621191E-01
 9.923135464E-01 -1.703829798E-02 3.693720014E-01
 6.940784071E-01 -3.976502915E-02 5.729890773E-02
 6.881914496E-01 -6.123637691E-02 3.658573160E-02
 6.638923808E-01 -7.289855176E-02 -5.102467051E-03
 4.369559654E-01 -1.272541130E-01 -5.466100301E-01
 4.742095542E-01 -1.107983587E-01 -4.655133489E-01
 4.991256336E-01 -9.432698015E-02 -4.126905434E-01
 4.685111301E-01 -8.531100977E-02 -5.146817398E-01
 5.056684962E-01 -7.503993475E-02 -3.966899542E-01
 5.235250803E-01 -8.845021909E-02 -3.235697113E-01
 5.569974657E-01 -9.894867612E-02 -2.270090356E-01
 4.096404842E-01 -1.055836021E-01 -6.325088820E-01
 5.807954405E-01 -8.503413929E-02 -1.752970873E-01
 5.649161501E-01 -7.250440537E-02 -2.143688152E-01
 5.419184150E-01 -7.388370714E-02 -2.735845187E-01
 3.847860133E-01 -1.006206239E-01 -6.478447894E-01
 4.281566014E-01 -8.943846108E-02 -6.248141525E-01
 3.493592631E-01 -1.137548265E-01 -6.030136164E-01
 3.944392026E-01 -8.288123967E-02 -6.953917022E-01
 6.388880003E-01 -4.787084552E-02 -4.280483734E-02
 6.401892960E-01 -6.446791553E-02 -4.524082961E-02
 6.164437028E-01 -6.774574494E-02 -8.992313392E-02
 6.429382784E-01 -9.286680090E-02 -4.292016179E-02
 1.277366591E+00 4.364041513E-01 -1.385986130E-03
 1.472463745E+00 6.150034260E-01 -1.704527824E-02
 2.823344590E-01 3.991329149E-01 -1.845994697E-01
 8.211156343E-01 3.894174315E-02 -1.955046245E-01
 5.762247214E-01 6.258974870E-02 -5.142258810E-01
 9.576775724E-01 -1.305840217E-02 3.513769992E-01
 9.401202111E-02 1.114038408E-01 -1.483670589E-01
 9.578363058E-02 7.533617711E-02 -1.827923277E-01
 5.506225560E-02 5.114593191E-02 -1.200447758E-01
 7.441463407E-02 5.780779493E-02 -1.545779056E-01
 1.246929096E-01 6.270672291E-02 -2.358058582E-01
 1.399272145E-01 5.056552383E-02 -2.698758848E-01
 9.148768893E-02 5.050415305E-02 -2.054320701E-01
 1.507959793E-01 6.724028987E-02 -2.631988034E-01
 1.523935328E-01 4.965953451E-02 -2.828784595E-01
 1.294112144E-01 4.546647115E-02 -2.632724678E-01
 1.746532369E-01 6.584036786E-02 -2.899700135E-01
 1.489541459E+00 -5.448164882E-01 3.254718482E-02
 5.903136353E-01 -6.824223354E-02 -1.524486444E-01
 9.628353203E-01 5.545124241E-01 -8.552812548E-02
 2.116622287E-01 -9.381842592E-02 -4.337969800E-01
 7.448484461E-01 -3.174413826E-02 1.360891436E-01
 7.530513244E-01 -4.539152987E-02 1.427428818E-01
 7.886769047E-01 -3.790985228E-02 1.915588284E-01
 3.078077579E-01 -9.282764025E-02 -5.948217146E-01
 3.281765103E-01 -9.171085959E-02 -6.227256643E-01
 3.133974596E+00 6.339745962E-01 1.487363086E-03
 3.277432693E-01 -7.563947033E-02 -6.551999421E-01
 6.140022537E-01 -5.066843446E-02 -9.554948666E-02
 6.708754017E-01 -5.405133993E-02 1.229165457E-02
 6.019437824E-01 6.097324057E-02 -4.811362585E-01
 6.250328547E-01 5.764184043E-02 -4.490306583E-01
 1.767264882E-01 5.146647807E-02 -3.044820832E-01
 1.177858247E-01 4.621900690E-02 -2.493547701E-01
 1.069458187E-01 5.547318143E-02 -2.248530579E-01
 8.469674975E-01 7.094595139E-02 -1.527136295E-01
 3.133974596E+00 -6.339745962E-01 9.826917008E-03
 3.628656835E-01 -9.296061046E-02 -6.615746726E-01
 3.560839943E-01 -7.675516246E-02 -6.919335939E-01
 3.472963356E-01 -9.056674638E-02 -6.500703552E-01
 1.954143613E+00 3.593745421E-01 -5.651254203E-03
 1.591271791E+00 3.604735847E-01 -1.670210627E-03
 4.519568146E-01 -9.631491077E-02 -5.560862684E-01
 2.390949612E-01 -8.950563613E-02 -4.814197915E-01
 2.030122493E-01 -6.733339016E-02 -4.512093917E-01
 1.973541758E-01 -8.135117294E-02 -4.175163817E-01
 1.781518166E-01 -7.671772080E-02 -3.875280217E-01
 1.592344704E-01 -8.684515078E-02 -3.396898227E-01
 1.409538577E-01 -7.501044789E-02 -3.250446868E-01
 1.192496196E-01 -8.046626355E-02 -2.606098096E-01
 1.007405066E-01 -5.599006866E-02 -2.585467504E-01
 9.321157594E-02 -7.487426480E-02 -1.962267995E-01
 1.373659830E-01 -1.072945390E-01 -2.735561736E-01
 1.122307039E-01 -6.051487777E-02 -2.815771156E-01
 1.316317252E+00 -5.920103180E-02 5.477398560E-02
 2.281846001E-01 -7.497626311E-02 -4.826182354E-01
 -1.436808691E-03 1.960812194E-02 4.411617961E-01
 2.006910333E-03 1.004943385E-02 2.490888341E-01
 3.017306421E-01 -7.243790991E-02 -6.224175647E-01
 8.059745440E-01 -3.411436299E-02 2.170402771E-01
 8.058761700E-01 -2.095329680E-02 2.294070551E-01
 2.648510100E-01 -7.154510338E-02 -5.580451228E-01
 2.554455614E-01 -7.027075607E-02 -5.415941594E-01
 2.247801413E-01 5.562530324E-02 -3.502120009E-01
 7.793557453E-01 -1.267669344E-01 1.299583974E-01
 7.342956410E-01 -4.384116832E-02 1.152517551E-01
 7.133576118E-01 -5.032526670E-02 8.019731450E-02
 3.441050110E-02 4.705486884E-02 -5.446180769E-02
 3.234203246E-02 3.277935640E-02 -7.397354822E-02
 5.557689950E-02 3.576615083E-02 -1.513054026E-01
 3.394963390E-01 6.607170250E-02 -4.486664338E-01
 3.115537365E-01 7.484167948E-02 -4.158722743E-01
 5.625198544E-01 -5.760360662E-02 -2.216435594E-01
 5.498331859E-01 6.331715273E-02 -5.347585901E-01
 6.676208989E-01 -4.262564672E-02 9.720462421E-03
 8.300838016E-01 -2.281884208E-02 2.589916369E-01
 2.007038429E-01 5.417357884E-02 -3.267395540E-01
 1.410563880E-01 2.008531972E-01 -1.542772975E-01
 8.460641981E-02 2.349161048E-01 -5.004579870E-02
 8.415104218E-03 2.479971118E-02 1.224991651E-01
 1.655386964E-02 1.683461667E-02 -5.513113435E-02
 4.636199860E-03 1.658191844E-02 1.794750040E-01
 6.035685227E-03 1.108131466E-02 8.823008866E-02
 1.994953950E-02 3.230870186E-02 1.604074647E-03
 1.025046168E-02 1.684656875E-02 4.346031109E-02
 -1.969950995E-01 4.082594147E-01 8.973765173E-02
 3.142225063E-01 6.140175960E-02 -4.298683141E-01
 5.080207308E-01 -6.324377347E-02 -3.989981333E-01
 9.706928639E-01 -2.752547561E-02 3.161514785E-01
 2.845160848E-01 1.271361149E-01 -3.511813696E-01
 2.670312847E-01 1.677970724E-01 -2.968865025E-01
 3.708271968E-02 2.652826015E-02 -1.318032437E-01
 -2.096954159E-03 -2.247977128E-02 5.960508656E-01
 -1.209439148E-02 -1.188967517E-02 8.377936045E-01
 -4.936076435E-03 -1.109936997E-02 8.479621378E-01
 1.519833539E+00 1.400947248E-01 1.555532219E-02
 -2.408825661E-01 -4.277631320E-01 1.048731735E-01
 6.920655419E-01 -1.390963590E-01 2.119192058E-02
 1.303417269E-01 9.113830426E-02 -2.133951508E-01
 8.547386905E-01 -1.400210382E-02 2.931044192E-01
 4.223410848E-01 -7.565089814E-02 -6.765644050E-01
 4.331306855E-01 -7.317664930E-02 -6.523589168E-01
 8.641698983E-01 -1.257900926E-02 3.058581983E-01
 9.433782802E-01 -1.101112148E-02 3.461909996E-01
 2.771722863E+00 -1.116939312E-01 6.395007323E-03
 7.598732675E-01 8.659925619E-02 -2.473885102E-01
 8.658892547E-02 3.824020139E-02 -2.208840999E-01
 4.711113633E-01 -7.089712805E-02 -5.265071661E-01
 4.603819014E-01 -7.070874730E-02 -5.627921604E-01
 6.075034181E-01 -1.447773904E-01 -1.031582406E-01
 5.270399735E-01 -1.582508837E-01 -2.898196288E-01
 1.511313126E-02 -3.731719082E-02 2.827488239E-01
 3.731484302E-02 -4.891359025E-02 4.864863783E-02
 5.379173845E-02 -6.047076849E-02 -5.212710463E-02
 2.757727156E-02 -3.591822841E-02 1.207936652E-01
 1.013197580E-02 -2.917881652E-02 3.797087388E-01
 7.199709416E-02 -6.515341288E-02 -1.383344940E-01
 6.344391783E-02 -8.332269361E-02 -7.149823834E-02
 8.550659743E-02 -5.269840739E-02 -2.144699969E-01
 1.462001996E-02 -2.369358990E-02 2.887396854E-01
 1.120117357E+00 2.930532744E-03 1.133485230E-01
 8.811658115E-01 -4.345157313E-01 6.546691303E-02
 9.120344562E-01 -7.693037947E-03 3.490385190E-01
 9.568202019E-02 3.874283445E-02 -2.331167147E-01
 3.534673170E-01 7.619373975E-02 -4.504864219E-01
 8.822876995E-01 4.942882385E-02 -1.122907995E-01
 7.887456217E-01 5.608148479E-02 -2.249282743E-01
 2.912635089E-01 -7.215528481E-02 -6.064064328E-01
 2.957673680E-01 7.440060192E-02 -4.025350302E-01
 8.245989332E-01 1.344033938E-01 -1.646584808E-01
 4.968963446E-01 -6.569849751E-02 -4.357950047E-01
 4.923252496E-01 9.899341537E-02 -5.091637485E-01
 6.321839051E-01 7.876412786E-01 -1.549307055E-01
 8.927936018E-01 7.268228746E-01 -1.185437489E-01
 1.321513351E-01 -5.750615177E-01 -2.879368893E-02
 2.954215224E-02 2.496593341E-02 -1.051665009E-01
 1.069758455E+00 9.492038476E-02 1.011902578E-01
 622 94 623 623
 389 104 463 463
 349 346 401 401
 327 312 328 328
 125 500 612 612
 341 347 371 371
 83 278 646 646
 144 143 561 561
 392 393 433 433
 514 586 621 621
 421 1 543 543
 385 345 421 421
 267 503 504 504
 228 559 666 666
 550 233 673 673
 351 349 355 355
 199 234 700 700
 346 338 385 385
 549 233 550 550
 290 298 391 391
 198 256 662 662
 359 562 563 563
 111 110 680 680
 232 201 489 489
 374 158 584 584
 101 100 660 660
 304 303 315 315
 304 315 443 443
 280 277 404 404
 365 155 557 557
 122 235 614 614
 158 225 584 584
 155 364 557 557
 343 329 423 423
 456 647 648 648
 116 258 684 684
 100 99 660 660
 263 265 270 270
 243 252 386 386
 448 449 450 450
 311 304 443 443
 344 1 422 422
 548 378 549 549
 110 390 680 680
 143 508 561 561
 517 221 518 518
 382 323 392 392
 236 125 612 612
 450 305 452 452
 240 335 566 566
 554 228 561 561
 237 383 461 461
 313 429 434 434
 139 268 604 604
 316 299 382 382
 369 363 510 510
 658 463 660 660
 500 122 614 614
 553 373 555 555
 531 532 535 535
 243 215 252 252
 520 269 624 624
 303 299 316 316
 357 368 370 370
 307 304 311 311
 566 342 607 607
 195 196 252 252
 531 530 536 536
 198 192 256 256
 443 315 444 444
 315 303 478 478
 506 507 512 512
 252 196 651 651
 509 369 510 510
 229 246 247 247
 229 203 246 246
 299 294 382 382
 289 318 532 532
 107 389 685 685
 502 257 542 542
 240 331 335 335
 233 549 551 551
 514 610 611 611
 293 291 322 322
 502 369 509 509
 389 681 685 685
 242 229 466 466
 212 239 567 567
 215 195 252 252
 646 278 649 649
 192 199 256 256
 647 623 648 648
 267 502 503 503
 201 241 489 489
 540 353 588 588
 331 332 335 335
 424 223 454 454
 324 415 451 451
 646 645 650 650
 616 617 619 619
 531 536 538 538
 347 354 371 371
 482 296 484 484
 636 410 690 690
 303 316 319 319
 292 291 293 293
 232 370 377 377
 344 423 429 429
 301 299 303 303
 86 646 650 650
 200 201 495 495
 262 279 282 282
 259 249 459 459
 355 372 379 379
 199 200 234 234
 88 456 648 648
 356 492 494 494
 415 432 451 451
 214 215 243 243
 563 564 565 565
 401 346 402 402
 229 242 583 583
 108 107 685 685
 202 229 583 583
 241 202 583 583
 402 346 403 403
 398 468 669 669
 294 293 323 323
 296 481 484 484
 1 420 422 422
 439 222 569 569
 263 270 275 275
 290 289 656 656
 118 117 684 684
 415 324 522 522
 412 392 433 433
 217 540 589 589
 219 460 523 523
 316 382 387 387
 479 295 570 570
 202 203 229 229
 211 212 230 230
 586 609 621 621
 201 202 241 241
 79 78 635 635
 355 349 372 372
 546 359 563 563
 551 364 653 653
 319 477 478 478
 334 337 342 342
 141 140 604 604
 325 415 522 522
 448 447 460 460
 256 257 264 264
 317 289 532 532
 427 314 541 541
 77 281 635 635
 373 564 584 584
 228 554 559 559
 507 510 511 511
 559 367 667 667
 260 259 459 459
 578 281 672 672
 212 213 239 239
 228 144 561 561
 518 221 627 627
 303 319 478 478
 510 366 547 547
 329 328 408 408
 515 613 618 618
 577 576 581 581
 590 512 591 591
 556 365 557 557
 335 334 342 342
 226 428 451 451
 239 240 566 566
 678 266 680 680
 295 479 481 481
 229 247 466 466
 476 224 597 597
 525 287 636 636
 297 412 433 433
 477 320 596 596
 367 550 674 674
 247 249 250 250
 326 312 327 327
 579 577 580 580
 504 503 506 506
 380 497 641 641
 452 441 692 692
 264 257 501 501
 420 1 421 421
 567 566 607 607
 221 517 519 519
 246 238 248 248
 209 210 260 260
 230 212 567 567
 460 447 523 523
 258 395 679 679
 323 324 451 451
 470 313 541 541
 240 239 585 585
 461 240 585 585
 508 558 561 561
 560 558 603 603
 204 238 246 246
 286 431 522 522
 245 579 580 580
 203 204 246 246
 442 450 452 452
 359 546 595 595
 211 230 259 259
 481 387 484 484
 409 424 454 454
 301 303 304 304
 393 392 413 413
 237 461 585 585
 196 197 251 251
 633 254 635 635
 493 544 632 632
 197 198 255 255
 263 264 265 265
 347 346 349 349
 429 423 434 434
 330 329 343 343
 350 349 351 351
 280 405 572 572
 270 273 388 388
 531 317 532 532
 515 513 586 586
 492 491 588 588
 395 266 678 678
 320 479 570 570
 191 339 543 543
 210 259 260 260
 348 426 665 665
 376 356 494 494
 251 261 262 262
 474 475 480 480
 277 276 457 457
 396 397 425 425
 437 321 601 601
 261 255 263 263
 559 547 608 608
 283 280 572 572
 397 402 468 468
 344 422 423 423
 323 293 324 324
 437 436 691 691
 469 398 483 483
 207 208 231 231
 587 352 631 631
 447 448 450 450
 351 355 630 630
 320 477 479 479
 564 373 565 565
 362 373 553 553
 356 375 492 492
 290 391 568 568
 327 330 331 331
 542 257 700 700
 247 246 248 248
 527 538 694 694
 327 328 329 329
 391 300 406 406
 204 205 238 238
 499 516 618 618
 576 577 579 579
 512 560 591 591
 247 248 249 249
 338 345 385 385
 300 383 406 406
 218 469 688 688
 254 79 635 635
 266 111 680 680
 209 260 592 592
 426 399 668 668
 319 316 400 400
 210 211 259 259
 247 250 466 466
 336 333 686 686
 341 338 346 346
 504 506 513 513
 267 257 502 502
 290 291 292 292
 515 612 613 613
 537 288 642 642
 244 578 689 689
 294 323 382 382
 206 207 274 274
 221 519 520 520
 552 553 557 557
 271 263 275 275
 357 356 663 663
 256 199 700 700
 574 405 633 633
 231 260 459 459
 558 508 603 603
 207 231 274 274
 393 413 428 428
 544 545 632 632
 375 355 381 381
 525 636 690 690
 528 317 531 531
 222 440 453 453
 285 289 290 290
 302 474 480 480
 292 293 294 294
 240 326 331 331
 252 253 386 386
 413 323 451 451
 425 399 426 426
 306 304 307 307
 281 574 635 635
 645 646 649 649
 293 322 384 384
 309 424 691 691
 146 145 666 666
 424 409 691 691
 262 261 271 271
 234 200 495 495
 273 498 499 499
 475 476 597 597
 579 245 582 582
 511 547 554 554
 444 446 472 472
 540 491 589 589
 222 439 440 440
 272 271 276 276
 351 357 370 370
 614 615 618 618
 554 547 559 559
 231 459 670 670
 617 615 619 619
 455 457 622 622
 527 322 655 655
 224 476 477 477
 403 421 543 543
 233 551 696 696
 506 503 507 507
 454 427 541 541
 613 614 618 618
 369 502 542 542
 288 537 582 582
 26 25 471 471
 419 250 661 661
 564 374 584 584
 468 398 469 469
 356 351 630 630
 525 527 637 637
 307 311 695 695
 248 238 670 670
 497 496 641 641
 508 141 604 604
 332 330 702 702
 475 474 476 476
 194 209 592 592
 208 194 592 592
 213 698 699 699
 254 634 657 657
 324 293 384 384
 677 390 681 681
 205 193 602 602
 193 206 602 602
 355 379 381 381
 366 378 548 548
 515 611 612 612
 269 520 590 590
 647 456 650 650
 302 473 474 474
 553 556 557 557
 360 357 663 663
 150 149 673 673
 400 387 481 481
 496 348 641 641
 370 232 687 687
 328 312 437 437
 291 290 656 656
 224 477 596 596
 351 356 357 357
 458 253 651 651
 439 321 440 440
 361 360 675 675
 409 437 691 691
 183 182 407 407
 336 338 340 340
 446 315 478 478
 376 546 565 565
 257 256 700 700
 379 372 396 396
 298 294 299 299
 472 446 473 473
 367 559 608 608
 649 278 701 701
 586 514 611 611
 250 419 466 466
 603 508 604 604
 581 576 599 599
 499 617 683 683
 617 616 684 684
 362 361 675 675
 371 354 488 488
 357 360 361 361
 491 540 588 588
 390 677 680 680
 419 337 620 620
 516 515 618 618
 616 118 684 684
 169 168 524 524
 168 167 493 493
 555 373 584 584
 260 231 592 592
 254 633 634 634
 286 522 690 690
 279 277 280 280
 300 299 301 301
 546 545 595 595
 273 499 683 683
 609 505 621 621
 507 509 510 510
 405 404 633 633
 572 405 573 573
 617 682 683 683
 22 21 449 449
 188 187 669 669
 213 214 698 698
 492 631 632 632
 262 282 458 458
 340 338 341 341
 287 525 637 637
 507 511 560 560
 243 406 698 698
 391 243 568 568
 505 518 628 628
 376 545 546 546
 574 281 575 575
 284 537 642 642
 330 343 485 485
 259 230 606 606
 438 436 601 601
 27 26 445 445
 436 437 601 601
 363 362 676 676
 289 285 643 643
 373 360 565 565
 495 377 542 542
 331 330 332 332
 261 263 271 271
 338 336 686 686
 312 321 437 437
 591 560 605 605
 218 407 490 490
 41 40 227 227
 615 235 619 619
 270 265 273 273
 274 231 670 670
 43 42 411 411
 528 531 538 538
 388 394 487 487
 253 282 644 644
 366 363 676 676
 53 52 286 286
 546 563 565 565
 282 280 283 283
 588 587 631 631
 364 551 552 552
 29 28 302 302
 282 283 644 644
 8 7 427 427
 417 419 620 620
 390 108 685 685
 532 533 537 537
 548 549 550 550
 116 115 258 258
 214 243 698 698
 313 434 541 541
 172 171 353 353
 251 197 261 261
 312 307 695 695
 558 554 561 561
 361 362 363 363
 156 155 365 365
 173 172 540 540
 527 528 538 538
 612 500 613 613
 307 312 326 326
 162 161 358 358
 578 244 600 600
 197 255 261 261
 378 362 553 553
 249 248 459 459
 55 54 636 636
 379 396 496 496
 250 249 606 606
 486 487 677 677
 376 494 545 545
 4 3 429 429
 230 567 607 607
 333 332 702 702
 34 33 596 596
 17 16 222 222
 504 515 516 516
 435 309 691 691
 285 290 568 568
 327 329 330 330
 284 535 537 537
 171 170 587 587
 573 576 664 664
 134 133 221 221
 334 333 336 336
 263 255 264 264
 443 444 447 447
 360 376 565 565
 347 349 350 350
 396 372 397 397
 506 512 519 519
 249 259 606 606
 167 166 544 544
 10 9 424 424
 311 443 671 671
 31 30 475 475
 175 174 416 416
 442 452 692 692
 57 56 652 652
 50 49 415 415
 326 327 331 331
 319 400 479 479
 537 533 582 582
 59 58 534 534
 225 556 584 584
 164 163 359 359
 128 127 610 610
 231 208 592 592
 575 281 578 578
 62 61 530 530
 73 72 599 599
 36 35 570 570
 38 37 639 639
 206 274 602 602
 48 47 226 226
 80 79 254 254
 447 450 671 671
 158 157 225 225
 45 44 433 433
 163 162 562 562
 310 439 569 569
 275 388 462 462
 238 274 670 670
 503 502 509 509
 447 444 523 523
 497 380 625 625
 11 10 309 309
 582 245 598 598
 253 252 651 651
 417 242 419 419
 138 137 593 593
 547 548 608 608
 350 351 370 370
 468 467 669 669
 392 412 697 697
 258 682 684 684
 103 102 463 463
 67 66 288 288
 5 4 313 313
 269 136 624 624
 60 59 220 220
 408 409 454 454
 282 253 458 458
 148 147 367 367
 165 164 640 640
 428 413 451 451
 318 283 572 572
 425 397 490 490
 74 73 244 244
 63 62 529 529
 51 50 325 325
 30 29 480 480
 239 213 699 699
 238 205 602 602
 517 506 519 519
 288 582 598 598
 178 177 641 641
 324 384 522 522
 69 68 245 245
 547 366 548 548
 550 367 608 608
 120 119 619 619
 257 267 501 501
 46 45 393 393
 129 128 514 514
 25 24 219 219
 42 41 430 430
 243 386 568 568
 243 391 406 406
 58 57 526 526
 499 615 617 617
 81 80 657 657
 552 378 553 553
 326 240 461 461
 70 69 580 580
 267 504 516 516
 504 513 515 515
 49 48 432 432
 166 165 216 216
 112 111 266 266
 13 12 308 308
 174 173 217 217
 184 183 218 218
 381 379 497 497
 130 129 621 621
 12 11 435 435
 444 315 446 446
 47 46 428 428
 157 156 638 638
 397 401 402 402
 481 296 639 639
 9 8 223 223
 154 153 364 364
 21 20 305 305
 350 370 687 687
 511 510 547 547
 604 268 605 605
 151 150 233 233
 511 558 560 560
 306 307 461 461
 19 18 441 441
 121 120 235 235
 274 238 602 602
 18 17 453 453
 61 60 536 536
 24 23 460 460
 404 277 455 455
 179 178 348 348
 573 578 600 600
 77 76 281 281
 145 144 228 228
 33 32 224 224
 392 323 413 413
 387 414 484 484
 54 53 410 410
 521 311 671 671
 426 348 496 496
 341 346 347 347
 20 19 452 452
 182 181 399 399
 160 159 374 374
 453 440 692 692
 258 679 682 682
 35 34 320 320
 250 607 661 661
 607 342 661 661
 16 15 569 569
 494 492 632 632
 137 136 269 269
 15 14 310 310
 14 13 465 465
 340 371 417 417
 40 39 482 482
 170 169 352 352
 66 65 642 642
 404 455 649 649
 37 36 295 295
 23 22 448 448
 614 235 615 615
 585 239 699 699
 275 270 388 388
 127 126 236 236
 44 43 297 297
 579 533 664 664
 634 633 649 649
 161 160 594 594
 375 491 492 492
 145 228 666 666
 301 304 306 306
 176 175 626 626
 295 481 639 639
 3 2 344 344
 419 242 466 466
 513 506 517 517
 177 176 380 380
 316 387 400 400
 477 319 479 479
 131 130 505 505
 6 5 470 470
 285 253 644 644
 307 326 461 461
 402 403 654 654
 180 179 665 665
 365 556 638 638
 518 505 609 609
 28 27 539 539
 233 150 673 673
 132 131 628 628
 486 388 487 487
 124 123 500 500
 181 180 668 668
 52 51 431 431
 613 500 614 614
 521 321 695 695
 65 64 284 284
 353 587 588 588
 186 185 483 483
 32 31 597 597
 72 71 581 581
 76 75 672 672
 119 118 616 616
 409 328 437 437
 525 322 527 527
 136 135 624 624
 387 382 697 697
 335 342 566 566
 187 186 398 398
 71 70 577 577
 142 141 508 508
 310 438 439 439
 68 67 598 598
 153 152 653 653
 147 146 667 667
 133 132 627 627
 109 108 390 390
 189 188 571 571
 633 404 649 649
 512 507 560 560
 64 63 629 629
 395 678 679 679
 332 333 334 334
 114 113 395 395
 375 381 491 491
 267 498 501 501
 372 349 401 401
 85 84 646 646
 287 637 652 652
 139 138 268 268
 185 184 688 688
 75 74 689 689
 25 219 471 471
 272 276 277 277
 39 38 296 296
 408 328 409 409
 234 542 700 700
 7 6 314 314
 106 105 389 389
 591 268 593 593
 234 495 542 542
 152 151 696 696
 322 291 655 655
 149 148 674 674
 187 398 669 669
 298 299 300 300
 346 385 403 403
 469 218 490 490
 221 520 693 693
 196 251 651 651
 507 503 509 509
 292 294 298 298
 276 275 464 464
 250 606 607 607
 334 336 337 337
 232 377 495 495
 538 534 694 694
 301 306 383 383
 300 301 383 383
 473 302 539 539
 611 236 612 612
 487 678 680 680
 352 169 524 524
 354 350 687 687
 678 394 679 679
 396 425 426 426
 262 272 279 279
 368 363 369 369
 522 384 690 690
 273 265 498 498
 253 285 386 386
 241 488 489 489
 499 498 516 516
 573 405 575 575
 422 343 423 423
 321 439 601 601
 56 55 287 287
 269 591 593 593
 479 400 481 481
 227 414 430 430
 442 521 671 671
 528 527 655 655
 256 264 662 662
 220 534 538 538
 255 198 662 662
 221 133 627 627
 445 26 471 471
 615 499 618 618
 269 590 591 591
 218 183 407 407
 445 473 539 539
 337 419 661 661
 535 532 537 537
 318 289 643 643
 599 576 600 600
 606 230 607 607
 450 442 671 671
 373 362 675 675
 637 526 652 652
 436 435 691 691
 462 388 486 486
 574 633 635 635
 383 237 406 406
 345 338 686 686
 352 524 631 631
 360 373 675 675
 340 341 371 371
 658 486 681 681
 83 82 278 278
 403 385 421 421
 488 354 489 489
 279 280 282 282
 374 564 594 594
 417 371 418 418
 329 408 434 434
 217 173 540 540
 553 555 556 556
 576 573 600 600
 289 317 656 656
 347 350 354 354
 318 572 664 664
 573 575 578 578
 414 411 430 430
 340 417 620 620
 82 81 701 701
 377 369 542 542
 440 442 692 692
 314 470 541 541
 545 494 632 632
 564 358 594 594
 397 372 401 401
 407 425 490 490
 166 216 544 544
 576 579 664 664
 359 163 562 562
 448 22 449 449
 298 300 391 391
 440 321 521 521
 468 469 490 490
 442 440 521 521
 242 417 418 418
 239 566 567 567
 172 353 540 540
 493 167 544 544
 364 552 557 557
 491 381 589 589
 9 223 424 424
 375 356 630 630
 272 277 279 279
 251 262 458 458
 232 489 687 687
 376 360 663 663
 27 445 539 539
 364 153 653 653
 33 224 596 596
 386 285 568 568
 271 275 276 276
 170 352 587 587
 342 337 661 661
 168 493 524 524
 414 387 697 697
 135 134 693 693
 513 517 609 609
 586 513 609 609
 309 10 424 424
 515 586 611 611
 280 404 405 405
 420 343 422 422
 353 171 587 587
 162 358 562 562
 244 73 599 599
 445 472 473 473
 459 248 670 670
 244 599 600 600
 216 165 640 640
 355 375 630 630
 368 369 377 377
 242 418 583 583
 535 284 629 629
 164 359 640 640
 321 312 695 695
 302 28 539 539
 361 363 368 368
 382 392 697 697
 476 474 478 478
 227 482 484 484
 634 649 701 701
 283 318 643 643
 356 376 663 663
 21 305 449 449
 127 236 610 610
 29 302 480 480
 11 309 435 435
 589 381 625 625
 88 87 456 456
 35 320 570 570
 545 216 595 595
 17 222 453 453
 529 535 629 629
 438 310 465 465
 332 334 335 335
 220 59 534 534
 156 365 638 638
 190 189 339 339
 223 8 427 427
 48 226 432 432
 53 286 410 410
 563 358 564 564
 308 438 465 465
 423 329 434 434
 439 438 601 601
 15 310 569 569
 182 399 407 407
 473 446 474 474
 489 354 687 687
 475 30 480 480
 174 217 416 416
 311 521 695 695
 595 216 640 640
 415 49 432 432
 275 462 464 464
 325 50 415 415
 384 322 525 525
 3 344 429 429
 412 411 414 414
 226 47 428 428
 286 52 431 431
 526 637 694 694
 46 393 428 428
 225 157 638 638
 408 454 541 541
 58 526 534 534
 44 297 433 433
 160 374 594 594
 336 340 620 620
 445 471 472 472
 411 42 430 430
 313 4 429 429
 41 227 430 430
 414 227 484 484
 265 264 501 501
 393 45 433 433
 443 447 671 671
 339 571 654 654
 572 573 664 664
 682 617 684 684
 268 138 593 593
 529 62 530 530
 268 591 605 605
 471 219 523 523
 219 24 460 460
 343 420 485 485
 60 220 536 536
 464 462 659 659
 222 16 569 569
 308 436 438 438
 418 371 488 488
 69 245 580 580
 227 40 482 482
 359 595 640 640
 177 380 641 641
 296 38 639 639
 337 336 620 620
 308 12 435 435
 245 68 598 598
 530 61 536 536
 358 161 594 594
 659 658 660 660
 396 426 496 496
 287 55 636 636
 56 287 652 652
 224 32 597 597
 384 525 690 690
 402 467 468 468
 511 554 558 558
 320 34 596 596
 305 20 452 452
 444 472 523 523
 462 486 658 658
 146 666 667 667
 498 265 501 501
 449 305 450 450
 498 267 516 516
 13 308 465 465
 645 647 650 650
 297 43 411 411
 51 325 431 431
 7 314 427 427
 418 241 583 583
 175 416 626 626
 529 531 535 535
 134 221 693 693
 295 36 570 570
 362 378 676 676
 441 18 453 453
 505 130 621 621
 31 475 597 597
 367 147 667 667
 407 399 425 425
 148 367 674 674
 19 441 452 452
 223 427 454 454
 23 448 460 460
 5 313 470 470
 129 514 621 621
 235 120 619 619
 92 91 623 623
 380 176 626 626
 544 216 545 545
 562 358 563 563
 514 128 610 610
 416 589 625 625
 310 14 465 465
 74 244 689 689
 67 288 598 598
 151 233 696 696
 577 70 580 580
 80 254 657 657
 534 526 694 694
 536 220 538 538
 673 149 674 674
 412 414 697 697
 381 497 625 625
 137 269 593 593
 54 410 636 636
 410 286 690 690
 119 616 619 619
 556 555 584 584
 406 237 698 698
 288 66 642 642
 308 435 436 436
 72 581 599 599
 416 217 589 589
 184 218 688 688
 378 366 676 676
 330 485 702 702
 131 505 628 628
 63 529 629 629
 679 394 683 683
 399 181 668 668
 625 380 626 626
 179 348 665 665
 284 64 629 629
 37 295 639 639
 432 226 451 451
 379 496 497 497
 529 530 531 531
 474 446 478 478
 297 411 412 412
 416 625 626 626
 643 285 644 644
 65 284 642 642
 533 579 582 582
 549 378 552 552
 90 89 648 648
 526 57 652 652
 180 665 668 668
 533 318 664 664
 348 178 641 641
 241 418 488 488
 455 277 457 457
 283 643 644 644
 431 325 522 522
 520 519 590 590
 39 296 482 482
 610 236 611 611
 281 76 672 672
 571 467 654 654
 317 528 655 655
 71 577 581 581
 397 468 490 490
 314 6 470 470
 398 186 483 483
 551 549 552 552
 264 255 662 662
 524 493 632 632
 483 185 688 688
 682 679 683 683
 517 518 609 609
 672 75 689 689
 345 420 421 421
 441 453 692 692
 677 487 680 680
 434 408 541 541
 543 339 654 654
 653 152 696 696
 472 471 523 523
 317 655 656 656
 237 585 699 699
 278 82 701 701
 251 458 651 651
 631 524 632 632
 571 188 669 669
 345 333 485 485
 455 645 649 649
 486 677 681 681
 81 657 701 701
 457 276 464 464
 645 622 647 647
 556 225 638 638
 627 132 628 628
 492 588 631 631
 550 673 674 674
 333 345 686 686
 637 527 694 694
 487 394 678 678
 666 559 667 667
 519 512 590 590
 420 345 485 485
 560 603 605 605
 548 550 608 608
 405 574 575 575
 698 237 699 699
 394 273 683 683
 455 622 645 645
 462 658 659 659
 339 189 571 571
 603 604 605 605
 655 291 656 656
 467 402 654 654
 624 135 693 693
 657 634 701 701
 403 543 654 654
 467 571 669 669
 485 333 702 702
 518 627 628 628
 551 653 696 696
 665 426 668 668
 520 624 693 693
 469 483 688 688
 578 672 689 689
 2 1 344 344
 1 191 543 543
 78 77 635 635
 84 83 646 646
 86 85 646 646
 87 86 456 456
 456 86 650 650
 89 88 648 648
 91 90 648 648
 623 91 648 648
 93 92 623 623
 94 93 623 623
 95 94 457 457
 457 94 622 622
 96 95 464 464
 95 457 464 464
 97 96 659 659
 96 464 659 659
 98 97 659 659
 99 98 660 660
 98 659 660 660
 102 101 463 463
 463 101 660 660
 104 103 463 463
 105 104 389 389
 107 106 389 389
 110 109 390 390
 113 112 266 266
 113 266 395 395
 115 114 395 395
 258 115 395 395
 117 116 684 684
 122 121 235 235
 123 122 500 500
 125 124 500 500
 126 125 236 236
 140 139 604 604
 143 142 508 508
 155 154 364 364
 159 158 374 374
 191 190 339 339
 201 232 495 495
 262 271 272 272
 388 273 394 394
 290 292 298 298
 383 306 461 461
 532 318 533 533
 357 361 368 368
 363 366 510 510
 370 368 377 377
 389 463 658 658
 389 658 681 681
 681 390 685 685
 477 476 478 478
 622 623 647 647
