TITLE     = "Visualization of the solution"
VARIABLES = "x"
"y"
"Pressure_Coefficient"
ZONE T="Zone"
 STRANDID=0, SOLUTIONTIME=0
 Nodes=696, Elements=1177, ZONETYPE=FEQuadrilateral
 DATAPACKING=POINT
 DT=(DOUBLE DOUBLE DOUBLE )
 1.000191689E+00 5.328794359E-04 2.942171811E-01
 9.860876799E-01 2.760779345E-03 2.239093747E-01
 9.741068482E-01 4.581316840E-03 1.473614117E-01
 9.616823792E-01 6.533020176E-03 9.058686767E-02
 9.494503140E-01 8.380485699E-03 5.797176045E-02
 9.389731884E-01 9.946365841E-03 2.328006193E-02
 9.288060069E-01 1.146910992E-02 -1.798752011E-02
 9.164043665E-01 1.327945385E-02 -4.741987768E-02
 9.041506648E-01 1.491443999E-02 -7.243368543E-02
 8.906387687E-01 1.671394147E-02 -9.951924952E-02
 8.772941232E-01 1.837137528E-02 -1.189077026E-01
 8.651255965E-01 1.984151639E-02 -1.335933458E-01
 8.518903852E-01 2.133815736E-02 -1.452768961E-01
 8.393335938E-01 2.274205908E-02 -1.528617674E-01
 8.266261220E-01 2.408314310E-02 -1.620530222E-01
 8.130190372E-01 2.553795464E-02 -1.747736754E-01
 7.998234630E-01 2.688789181E-02 -1.853856783E-01
 7.885487676E-01 2.804112807E-02 -1.944522023E-01
 7.760611176E-01 2.927524969E-02 -2.069626658E-01
 7.638084888E-01 3.049751185E-02 -2.256332152E-01
 7.511947155E-01 3.171753138E-02 -2.391582910E-01
 7.377069592E-01 3.296962753E-02 -2.503314477E-01
 7.265398502E-01 3.398590907E-02 -2.638393995E-01
 7.147882581E-01 3.504841030E-02 -2.767720159E-01
 7.027847171E-01 3.608605638E-02 -2.916987836E-01
 6.892548800E-01 3.724287450E-02 -3.106435010E-01
 6.758214831E-01 3.833598644E-02 -3.266650817E-01
 6.646593809E-01 3.920761496E-02 -3.402110752E-01
 6.525112987E-01 4.011400416E-02 -3.545933990E-01
 6.420502067E-01 4.087302461E-02 -3.677010434E-01
 6.296355128E-01 4.172209650E-02 -3.802057068E-01
 6.183679104E-01 4.244980961E-02 -3.945101167E-01
 6.070782542E-01 4.314518720E-02 -4.077130791E-01
 5.943195820E-01 4.386495799E-02 -4.197972097E-01
 5.819641948E-01 4.450855404E-02 -4.305483451E-01
 5.680180788E-01 4.515932128E-02 -4.409798275E-01
 5.545504689E-01 4.571592435E-02 -4.499413783E-01
 5.411508679E-01 4.619008303E-02 -4.593119901E-01
 5.299924016E-01 4.653975368E-02 -4.619329807E-01
 5.174224973E-01 4.684893414E-02 -4.614806158E-01
 5.043867230E-01 4.711678997E-02 -4.667200861E-01
 4.939925373E-01 4.729035124E-02 -4.675314559E-01
 4.812278152E-01 4.742898047E-02 -4.643697463E-01
 4.689499736E-01 4.749314114E-02 -4.615025424E-01
 4.551008046E-01 4.751255363E-02 -4.531229525E-01
 4.404468834E-01 4.741819575E-02 -4.437516855E-01
 4.272415340E-01 4.728735983E-02 -4.365089994E-01
 4.138205051E-01 4.708735645E-02 -4.291846096E-01
 4.017073512E-01 4.685774073E-02 -4.210737732E-01
 3.886215389E-01 4.654526711E-02 -4.131683570E-01
 3.768271506E-01 4.622223228E-02 -4.055073150E-01
 3.658865690E-01 4.587921128E-02 -3.964048827E-01
 3.529201448E-01 4.542671517E-02 -3.883467177E-01
 3.412985206E-01 4.497871548E-02 -3.780205626E-01
 3.296041191E-01 4.448439181E-02 -3.707063173E-01
 3.199583292E-01 4.405578226E-02 -3.613955093E-01
 3.088814318E-01 4.351765290E-02 -3.520956181E-01
 2.967179120E-01 4.290168732E-02 -3.425176761E-01
 2.835351229E-01 4.217604920E-02 -3.330967477E-01
 2.708080709E-01 4.143660888E-02 -3.253641618E-01
 2.587652206E-01 4.069741443E-02 -3.154924232E-01
 2.461750656E-01 3.987061605E-02 -3.061120129E-01
 2.330980748E-01 3.897981346E-02 -2.994123588E-01
 2.212509364E-01 3.812116385E-02 -2.916125474E-01
 2.098280042E-01 3.726478666E-02 -2.862696888E-01
 1.986260265E-01 3.637947887E-02 -2.787078894E-01
 1.862914562E-01 3.535838425E-02 -2.741190870E-01
 1.744850278E-01 3.433924913E-02 -2.715453670E-01
 1.626621485E-01 3.327365965E-02 -2.651323320E-01
 1.506301612E-01 3.212877363E-02 -2.619216725E-01
 1.396397352E-01 3.103959747E-02 -2.591924826E-01
 1.284815669E-01 2.987583727E-02 -2.573631204E-01
 1.172038317E-01 2.863891423E-02 -2.581692598E-01
 1.062804759E-01 2.737833187E-02 -2.606618171E-01
 9.636523575E-02 2.616866864E-02 -2.642335696E-01
 8.536851406E-02 2.474502102E-02 -2.626719994E-01
 7.389755547E-02 2.314439416E-02 -2.668445679E-01
 6.439449638E-02 2.172260173E-02 -2.681044323E-01
 5.538475886E-02 2.026019990E-02 -2.635286587E-01
 4.659985751E-02 1.870442927E-02 -2.592672397E-01
 3.856441379E-02 1.712782681E-02 -2.683800309E-01
 3.195174783E-02 1.569509134E-02 -2.719760568E-01
 2.601556852E-02 1.425234228E-02 -2.652625204E-01
 2.166876756E-02 1.307464018E-02 -2.740702060E-01
 1.773307845E-02 1.189161930E-02 -2.687784286E-01
 1.504713669E-02 1.099354401E-02 -2.472787671E-01
 1.275754627E-02 1.015454810E-02 -2.145030625E-01
 1.109933481E-02 9.495370090E-03 -1.831806347E-01
 9.455265477E-03 8.784786798E-03 -1.901202191E-01
 7.812527940E-03 8.006692864E-03 -2.138807624E-01
 5.691670347E-03 6.859972607E-03 -1.895259225E-01
 3.904639743E-03 5.721152294E-03 -1.210856292E-01
 2.410538262E-03 4.565775394E-03 1.913780820E-01
 8.530955529E-04 3.017753595E-03 3.989994898E-01
 -1.072487648E-04 1.686322037E-03 3.242137889E-01
 -6.719512166E-04 5.727964453E-04 9.785759010E-01
 -1.115592197E-03 -9.214668535E-04 9.795556717E-01
 -1.205840730E-03 -2.993089147E-03 8.942144443E-01
 -7.218268001E-04 -5.223756190E-03 1.073836965E+00
 5.078552058E-04 -7.822701707E-03 8.405911758E-01
 2.371771028E-03 -1.044791378E-02 7.944302617E-01
 4.223017022E-03 -1.248611137E-02 7.314787144E-01
 6.460280623E-03 -1.457110047E-02 6.634215932E-01
 8.062410168E-03 -1.589565910E-02 5.935483901E-01
 1.001530793E-02 -1.737928204E-02 5.203528485E-01
 1.239122264E-02 -1.903552189E-02 4.687555749E-01
 1.547321491E-02 -2.098417655E-02 3.965369370E-01
 1.889734715E-02 -2.295547538E-02 3.253813842E-01
 2.304353379E-02 -2.512500808E-02 2.364833553E-01
 2.849814668E-02 -2.770352177E-02 1.800913801E-01
 3.394029662E-02 -3.004109859E-02 1.028551338E-01
 4.108889028E-02 -3.281075880E-02 3.992267046E-02
 4.842158407E-02 -3.540122136E-02 -2.520027331E-02
 5.700650811E-02 -3.814684972E-02 -8.434222509E-02
 6.562472135E-02 -4.067565128E-02 -1.350002404E-01
 7.626280189E-02 -4.352110252E-02 -1.725371114E-01
 8.611425012E-02 -4.593842104E-02 -2.199670839E-01
 9.736157954E-02 -4.848882556E-02 -2.590658360E-01
 1.084498093E-01 -5.080689117E-02 -2.949293497E-01
 1.211320981E-01 -5.326955020E-02 -3.277510938E-01
 1.325391829E-01 -5.531769618E-02 -3.613615762E-01
 1.431840658E-01 -5.710424855E-02 -3.852781770E-01
 1.543931365E-01 -5.887056142E-02 -4.077103619E-01
 1.660256237E-01 -6.059510633E-02 -4.328650174E-01
 1.772699952E-01 -6.214498356E-02 -4.566850923E-01
 1.888884455E-01 -6.363330036E-02 -4.828046907E-01
 1.991263926E-01 -6.486403942E-02 -5.058852366E-01
 2.101616263E-01 -6.610637903E-02 -5.276627181E-01
 2.223609537E-01 -6.737620384E-02 -5.504923292E-01
 2.342917323E-01 -6.851656735E-02 -5.763465182E-01
 2.462160736E-01 -6.954582036E-02 -6.033522333E-01
 2.587442994E-01 -7.052794844E-02 -6.310863398E-01
 2.704772353E-01 -7.133659720E-02 -6.625340870E-01
 2.833887041E-01 -7.210657001E-02 -6.911303341E-01
 2.963996530E-01 -7.276064903E-02 -7.187763535E-01
 3.088365197E-01 -7.325732708E-02 -7.475537377E-01
 3.205976486E-01 -7.364702225E-02 -7.801563445E-01
 3.324783146E-01 -7.389523089E-02 -8.130497914E-01
 3.424794078E-01 -7.400570065E-02 -8.375413449E-01
 3.540004194E-01 -7.405413687E-02 -8.584955301E-01
 3.655183613E-01 -7.398582250E-02 -8.877212775E-01
 3.765923977E-01 -7.379285246E-02 -9.143530167E-01
 3.884663582E-01 -7.348208874E-02 -9.393143131E-01
 4.003945291E-01 -7.302003354E-02 -9.478590930E-01
 4.123260975E-01 -7.244568318E-02 -9.391109466E-01
 4.258062541E-01 -7.162890583E-02 -9.026388894E-01
 4.384343624E-01 -7.070121169E-02 -8.359295521E-01
 4.526937604E-01 -6.952276826E-02 -7.570797395E-01
 4.662089646E-01 -6.821948290E-02 -6.873954638E-01
 4.789793193E-01 -6.687916070E-02 -6.205173752E-01
 4.911286235E-01 -6.547242403E-02 -5.584455229E-01
 5.027161837E-01 -6.403791159E-02 -4.962417331E-01
 5.159482360E-01 -6.234745681E-02 -4.450570965E-01
 5.291790962E-01 -6.050968915E-02 -3.968306797E-01
 5.415008664E-01 -5.873219296E-02 -3.448845244E-01
 5.561605096E-01 -5.655618757E-02 -3.002782727E-01
 5.684925318E-01 -5.466386303E-02 -2.625802103E-01
 5.820518732E-01 -5.251125246E-02 -2.244249054E-01
 5.952609777E-01 -5.039060488E-02 -1.888198215E-01
 6.077577472E-01 -4.834837839E-02 -1.595029586E-01
 6.197524071E-01 -4.638324305E-02 -1.327388487E-01
 6.328820586E-01 -4.418731481E-02 -1.053523853E-01
 6.451445818E-01 -4.210713133E-02 -7.259688423E-02
 6.590203643E-01 -3.980656341E-02 -4.724287795E-02
 6.728141904E-01 -3.746071458E-02 -2.452504470E-02
 6.853255630E-01 -3.532358259E-02 6.511004679E-03
 6.979032755E-01 -3.320911154E-02 3.042837631E-02
 7.127479315E-01 -3.071158007E-02 5.086294195E-02
 7.258067727E-01 -2.850117348E-02 7.675560684E-02
 7.371094823E-01 -2.660243772E-02 9.862855211E-02
 7.490176558E-01 -2.462607808E-02 1.227541582E-01
 7.625454664E-01 -2.243633382E-02 1.410949316E-01
 7.755758166E-01 -2.030220628E-02 1.608432510E-01
 7.879000902E-01 -1.835582033E-02 1.834009753E-01
 7.999006510E-01 -1.642706245E-02 2.062244738E-01
 8.113014102E-01 -1.474203821E-02 2.231356338E-01
 8.220314384E-01 -1.313351374E-02 2.338089716E-01
 8.333922625E-01 -1.145905722E-02 2.575255454E-01
 8.450160027E-01 -9.819235653E-03 2.791240421E-01
 8.568629622E-01 -8.242471144E-03 2.958640727E-01
 8.683150411E-01 -6.810130551E-03 3.135108540E-01
 8.800289631E-01 -5.451574456E-03 3.270895427E-01
 8.925687075E-01 -4.096024204E-03 3.436816783E-01
 9.027118087E-01 -3.147677053E-03 3.556564982E-01
 9.130616188E-01 -2.281671390E-03 3.598799158E-01
 9.233288169E-01 -1.542717335E-03 3.663715162E-01
 9.338521957E-01 -9.078501607E-04 3.664341360E-01
 9.477390051E-01 -2.569448261E-04 3.686238443E-01
 9.625532627E-01 2.203075710E-04 3.602286515E-01
 9.777343869E-01 4.770880914E-04 3.676076430E-01
 9.907108545E-01 5.298393080E-04 3.715612028E-01
 -5.000000000E-01 -1.000000000E+00 4.668708219E-02
 3.500000000E+00 -1.000000000E+00 9.128122512E-03
 3.500000000E+00 1.000000000E+00 4.654238405E-03
 -5.000000000E-01 1.000000000E+00 4.503652005E-02
 -5.000000000E-01 5.000000000E-01 9.178949223E-02
 -5.000000000E-01 2.752797990E-12 1.420896324E-01
 -5.000000000E-01 -5.000000000E-01 9.637895294E-02
 -9.421907698E-13 -1.000000000E+00 1.522827612E-02
 5.000000000E-01 -1.000000000E+00 -5.857380804E-02
 1.000000000E+00 -1.000000000E+00 -4.700986386E-02
 1.500000000E+00 -1.000000000E+00 2.084282613E-03
 2.000000000E+00 -1.000000000E+00 1.199779234E-02
 2.500000000E+00 -1.000000000E+00 9.652547456E-03
 3.000000000E+00 -1.000000000E+00 8.290526631E-03
 3.500000000E+00 -5.000000000E-01 1.070554726E-02
 3.500000000E+00 -2.752797990E-12 1.133475194E-02
 3.500000000E+00 5.000000000E-01 8.934469797E-03
 3.000000000E+00 1.000000000E+00 -1.340577860E-04
 2.500000000E+00 1.000000000E+00 -5.238537054E-03
 2.000000000E+00 1.000000000E+00 -1.385234575E-02
 1.500000000E+00 1.000000000E+00 -4.040157844E-02
 1.000000000E+00 1.000000000E+00 -8.123480786E-02
 5.000000000E-01 1.000000000E+00 -5.195594001E-02
 1.733724275E-12 1.000000000E+00 1.881967665E-02
 7.077436972E-01 5.051424482E-02 -2.804649092E-01
 6.678545161E-01 -5.002479718E-02 -3.399389436E-02
 7.733624869E-01 -3.563616007E-02 1.522211253E-01
 8.870060034E-01 -1.423405013E-02 3.230726889E-01
 5.774456445E-01 -7.090324843E-02 -2.358275588E-01
 2.778359566E-01 5.440586817E-02 -3.214679128E-01
 8.068104741E-01 3.832027407E-02 -1.767273199E-01
 8.988700769E-01 2.689221034E-02 -7.796806687E-02
 2.730674475E-01 -8.405531141E-02 -6.436454449E-01
 6.026216118E-01 5.850620552E-02 -3.986321528E-01
 4.191413334E-01 6.193960536E-02 -4.194386577E-01
 5.115970086E-01 6.027652543E-02 -4.520905342E-01
 4.032719537E-01 -8.455094204E-02 -9.140189026E-01
 1.833219486E+00 -6.047431218E-01 1.552402112E-02
 1.777467460E+00 6.395297222E-01 -6.819278227E-03
 3.031198568E+00 2.156734505E-01 6.587915014E-03
 7.500000000E-01 5.669872981E-01 -1.303595770E-01
 7.702037555E-01 -5.552091118E-01 -4.764027181E-02
 4.859474707E-01 -7.928002081E-02 -5.683935593E-01
 3.563815991E-01 -6.243175391E-01 -1.322580369E-01
 1.261145468E-01 -6.514546268E-02 -3.214866764E-01
 1.908433376E-01 -7.366180931E-02 -4.690227554E-01
 2.734790693E+00 -5.327488036E-01 7.587355017E-03
 1.247351215E+00 -6.683615433E-01 2.476220424E-02
 1.504796272E+00 -2.690851650E-01 2.631512236E-02
 1.167815066E+00 6.144367920E-01 -3.712497159E-02
 9.921589363E-01 3.389994077E-01 -2.235610210E-02
 3.046541340E-01 6.388073457E-01 -6.681693313E-02
 9.407665395E-02 3.722887348E-02 -2.413507965E-01
 1.676515562E-01 4.403654031E-02 -2.575628455E-01
 2.248364196E+00 -5.895949721E-01 9.354482927E-03
 1.981250528E+00 -2.204651790E-01 8.958882009E-03
 2.412785669E+00 -1.882839197E-01 5.058006159E-03
 2.184425901E+00 1.577683582E-01 3.683144723E-03
 1.788568680E+00 1.156899538E-01 7.456126728E-03
 -2.728176555E-01 2.317150966E-01 1.507454608E-01
 -1.017149712E-01 6.232719565E-01 3.626579894E-02
 3.698507165E-02 3.266407374E-01 1.110551208E-02
 4.733505086E-02 2.922055549E-02 -2.258095637E-01
 -2.717429016E-01 -2.372310006E-01 1.638292314E-01
 -1.461859521E-01 -6.030996128E-01 4.276130936E-02
 1.373061026E-01 -3.760026233E-01 -8.490146486E-02
 2.238965064E+00 5.534224291E-01 -2.005634403E-03
 2.746002377E+00 5.958845157E-01 1.472062694E-03
 -2.349646089E-01 -5.080351180E-03 2.082602992E-01
 -1.260632307E-01 1.255353360E-01 2.142300911E-01
 -1.102329308E-01 -1.283110595E-01 2.522822947E-01
 6.933851905E-02 -5.341003511E-02 -1.151386259E-01
 3.559508212E-02 -3.902154787E-02 1.050033455E-01
 -7.429919200E-02 -3.225486262E-01 1.002769822E-01
 2.715555723E-03 -1.823269083E-01 1.497855130E-01
 1.552893403E-01 -2.113810046E-01 -2.255696066E-01
 3.527719713E-01 -8.735052187E-02 -8.276828679E-01
 3.128728272E-01 -8.727090606E-02 -7.298158866E-01
 -2.336494465E-02 -1.003767110E-01 3.061514289E-01
 -1.097567636E-01 -2.416201635E-02 3.400581409E-01
 -6.923717924E-02 5.400786178E-02 3.366934940E-01
 3.103543570E-02 -1.185393388E-01 1.460905000E-01
 3.109328420E+00 -2.613249149E-01 8.902363127E-03
 -5.104323261E-02 -4.015995980E-02 4.605025180E-01
 -5.011886220E-02 1.004743915E-02 5.442903703E-01
 -1.888746182E-02 5.246647866E-02 3.228021688E-01
 2.438466589E-02 1.916831876E-02 -2.165616208E-01
 -3.724398154E-02 1.010699707E-01 2.248976903E-01
 2.764825896E-02 1.006559141E-01 1.841135636E-02
 -1.959816104E-02 1.813313557E-01 1.106897514E-01
 7.007388567E-02 1.754741477E-01 -5.097316751E-02
 2.097636980E-01 3.046103374E-01 -1.402338180E-01
 3.610926717E-01 5.928443865E-02 -3.827565937E-01
 3.242242198E-01 5.572273896E-02 -3.572045182E-01
 2.104448177E-01 1.526753647E-01 -2.171683498E-01
 2.012957061E-01 4.619911089E-02 -2.749168382E-01
 2.253902438E-01 5.070831822E-02 -2.880903687E-01
 8.753726474E-02 1.038059417E-01 -1.554226152E-01
 1.340529171E-01 3.840764519E-02 -2.503343330E-01
 6.311766637E-02 7.155061188E-02 -1.676721753E-01
 7.684578371E-02 3.587786320E-02 -2.405737305E-01
 1.562705639E-01 4.576402294E-01 -4.021022489E-02
 -8.697114001E-03 -6.209591639E-02 4.768732519E-01
 9.155400565E-03 -2.004423215E-02 5.476590664E-01
 1.923781306E-02 -2.735146013E-02 3.562965717E-01
 2.845475727E-02 -7.595432898E-02 1.882124947E-01
 5.352396702E-02 -4.404394321E-02 -4.342981671E-02
 3.213957676E-01 4.080504663E-01 -1.650839440E-01
 3.383948941E-01 2.500040829E-01 -2.455417932E-01
 4.551623238E-01 3.033433346E-01 -2.576044498E-01
 3.153741127E-01 1.542331215E-01 -2.914972139E-01
 4.172736874E-01 2.182465487E-01 -3.008647388E-01
 4.623756500E-01 6.293199958E-02 -4.417912125E-01
 5.407611289E-01 2.186428387E-01 -3.065438206E-01
 3.927826257E-01 1.331504256E-01 -3.474645442E-01
 4.842476753E-01 1.461902077E-01 -3.692079349E-01
 5.650898153E-01 6.062906717E-02 -4.288393092E-01
 5.359235303E-01 6.010277137E-02 -4.466259436E-01
 5.798140841E-01 1.558954052E-01 -3.369538205E-01
 6.238830341E-01 2.076586551E-01 -2.832794917E-01
 6.524531171E-01 5.047782221E-02 -3.484934857E-01
 6.722716259E-01 5.301535570E-02 -3.232143687E-01
 6.565006720E-01 1.393818877E-01 -2.953161305E-01
 7.604666843E-01 4.483370149E-02 -2.234164079E-01
 7.083143103E-01 1.772791969E-01 -2.380239152E-01
 7.354554933E-01 1.283046113E-01 -2.238250945E-01
 7.829638172E-01 1.849157569E-01 -1.669106243E-01
 8.123156797E-01 1.213534280E-01 -1.514848844E-01
 8.589046956E-01 3.108164277E-02 -1.333078343E-01
 8.342365397E-01 3.454891973E-02 -1.526699256E-01
 8.623180592E-01 1.557919399E-01 -1.007369510E-01
 9.572544836E-01 1.992135307E-02 7.146253150E-02
 9.354719814E-01 2.263345055E-02 9.874127545E-03
 8.860732645E-01 1.031501201E-01 -7.530136535E-02
 9.323192330E-01 1.530792951E-01 -2.321087722E-02
 9.594474227E-01 9.335549405E-02 3.595754209E-02
 1.005005015E+00 1.485756008E-01 5.130283745E-02
 7.392919871E-01 2.766653159E-01 -1.864938799E-01
 5.914732073E-01 3.167881146E-01 -2.417877511E-01
 6.920822236E-01 9.949984519E-02 -2.783905000E-01
 5.295786086E-01 1.094706848E-01 -4.023401672E-01
 6.063020115E-01 1.084133210E-01 -3.557303414E-01
 5.269848463E-01 4.796468891E-01 -1.840251427E-01
 9.195018153E-01 7.345919205E-02 -2.659095738E-02
 7.694406173E-01 9.094575907E-02 -2.009421422E-01
 8.428298541E-01 8.942066478E-02 -1.294019393E-01
 7.058891778E-02 -9.430864219E-02 -5.525668432E-02
 1.021794387E-01 -5.902216134E-02 -2.525263885E-01
 8.298192588E-02 -1.613401390E-01 -6.290008411E-02
 4.495047739E-02 -5.578130019E-02 4.464891615E-02
 1.122245836E-01 -1.079292482E-01 -2.130975707E-01
 1.621210447E-01 -7.079824605E-02 -4.022683180E-01
 9.117903862E-01 2.543543121E-02 -4.879307152E-02
 9.061945329E-01 4.511140366E-02 -5.420195383E-02
 8.868312780E-01 4.417857106E-02 -9.078604334E-02
 9.276373640E-01 3.883560901E-02 -1.037870758E-02
 9.461045299E-01 3.230713690E-02 3.729214139E-02
 9.694362192E-01 3.494165504E-02 9.625915035E-02
 9.810375094E-01 1.753554980E-02 1.512276373E-01
 9.921732180E-01 3.422708849E-02 1.483244907E-01
 9.997691923E-01 1.439972169E-02 2.302563703E-01
 9.751493866E-01 5.599125093E-02 8.209142113E-02
 1.013403605E+00 5.797628897E-02 1.259675932E-01
 1.077378521E+00 1.130238497E-01 9.474765416E-02
 8.222116492E-01 3.853348862E-02 -1.624917433E-01
 8.138141213E-01 5.190966866E-02 -1.667907763E-01
 7.840739330E-01 4.103270734E-02 -1.967208565E-01
 7.969994706E-01 5.071933594E-02 -1.826766288E-01
 7.769920945E-01 5.859449307E-02 -2.005068925E-01
 7.543986479E-01 6.498873673E-02 -2.237357378E-01
 7.323538814E-01 4.570026450E-02 -2.536480892E-01
 7.458160943E-01 4.531561182E-02 -2.390067056E-01
 7.952537942E-01 3.727608365E-02 -1.871277266E-01
 9.643880181E-02 7.075612267E-02 -2.013205302E-01
 1.349867050E-01 8.473762622E-02 -2.033535784E-01
 5.958513605E-02 4.605684419E-02 -2.073096455E-01
 2.839340550E-02 5.779550766E-02 -2.910284861E-02
 3.176825618E-02 3.745338506E-02 -1.353860763E-01
 5.227427334E-03 3.769461402E-02 1.607675004E-01
 1.008450639E-02 1.211412668E-02 -9.055386946E-02
 -1.169749038E-02 1.515110555E-02 5.789583190E-01
 1.483237068E-02 2.641775039E-02 -5.924545687E-02
 1.525855849E-02 1.342924860E-02 -2.207450926E-01
 3.349006542E-04 2.088753082E-02 2.252684229E-01
 3.865510347E-03 7.754063408E-03 -9.607155254E-02
 1.598245955E-02 1.755284892E-02 -1.171771468E-01
 5.861913093E-02 2.881882660E-02 -2.428136688E-01
 9.687034879E-01 1.670257899E-02 1.138351388E-01
 7.722804637E-01 4.084673269E-02 -2.105669343E-01
 5.702867825E-01 7.020193063E-01 -1.259450334E-01
 -1.172632704E-01 2.632877864E-01 1.189812507E-01
 9.239914813E-01 2.187100033E-02 -2.507520326E-02
 2.561564040E+00 2.029275490E-01 2.804208971E-03
 7.963045837E-02 -7.062992515E-02 -1.350042920E-01
 6.793839260E-02 3.050514790E-02 -2.470980329E-01
 8.955951013E-02 -5.897278397E-02 -2.035477253E-01
 8.063154038E-01 7.395946005E-02 -1.681935944E-01
 8.865518916E-01 2.435188590E-01 -7.766641552E-02
 8.529315798E-01 3.704179561E-01 -1.032727842E-01
 9.625908902E-01 5.137507658E-01 -6.002808074E-02
 1.304655304E+00 3.457736973E-01 1.448658186E-02
 1.099669696E+00 2.466687638E-01 3.372779001E-02
 1.215283128E+00 1.346855556E-01 5.770889741E-02
 1.197825692E+00 5.175121534E-03 7.743774985E-02
 1.321296663E+00 5.308620820E-03 5.017978297E-02
 1.263224864E+00 -1.221906437E-01 6.912296964E-02
 1.102795462E+00 -1.573660698E-01 1.329337308E-01
 9.564182700E-01 -1.551128574E-02 3.432883682E-01
 9.285823726E-01 -1.410062967E-02 3.469030102E-01
 1.177092195E+00 -2.760698413E-01 8.202459902E-02
 1.039657017E+00 -2.840780715E-01 1.078948922E-01
 9.816324799E-01 -1.555579907E-01 1.781196466E-01
 8.267526935E-01 -2.496517264E-02 2.368196531E-01
 8.522694264E-01 -1.902333584E-02 2.798673045E-01
 9.013210382E-01 -2.604255119E-01 1.138476969E-01
 8.443273108E-01 -1.507173089E-01 1.580167462E-01
 7.195941395E-01 -4.259740041E-02 6.058268826E-02
 7.710533226E-01 -2.491694209E-01 2.516012490E-02
 7.447319016E-01 -3.566647362E-02 1.058099431E-01
 7.274869695E-01 -1.649161942E-01 2.594812106E-02
 6.706595349E-01 -2.006230272E-01 -6.163701197E-02
 6.322594426E-01 -1.489302337E-01 -1.147306229E-01
 5.867299970E-01 -2.033946651E-01 -1.961648305E-01
 5.385457925E-01 -7.623587907E-02 -3.507035044E-01
 6.154569342E-01 -5.775349091E-02 -1.432162016E-01
 6.425210132E-01 -5.628237155E-02 -8.157237606E-02
 6.134757920E-01 -2.943346091E-01 -1.548981752E-01
 5.096127660E-01 -2.557962662E-01 -3.570249156E-01
 9.063659521E-01 -9.677956037E-02 2.318431788E-01
 4.792182873E-01 -1.751462837E-01 -5.214549230E-01
 4.162043710E-01 -2.234283298E-01 -5.430191026E-01
 4.453521367E-01 -8.331858340E-02 -7.736418812E-01
 7.916700224E-01 -1.039801503E-01 1.294642389E-01
 5.744272884E-01 -1.358426015E-01 -2.200353271E-01
 5.214022801E-01 -1.242028405E-01 -3.895211797E-01
 5.097318447E-01 -7.645902495E-02 -4.583313243E-01
 7.034234766E-01 -1.124388195E-01 8.473585847E-03
 3.998120681E-01 -3.535130359E-01 -3.450024991E-01
 4.191581136E-01 -1.473836628E-01 -7.058281360E-01
 3.614233084E-01 -1.746781433E-01 -6.356050483E-01
 1.039039114E+00 -8.164569174E-02 2.020447002E-01
 3.782300604E-01 -1.274309700E-01 -7.731427229E-01
 3.712224965E-01 -8.347973429E-02 -8.756944724E-01
 9.390215631E-01 -4.339512719E-01 4.739735625E-02
 3.304150770E-01 -1.302270589E-01 -6.807159271E-01
 2.995547846E-01 -1.795081244E-01 -5.329958410E-01
 2.411161796E-01 -7.998085080E-02 -5.752719637E-01
 3.319988991E-01 -2.563015611E-01 -4.591817617E-01
 6.112579186E-01 -1.081325846E-01 -1.526949880E-01
 4.687097792E-01 -1.189981225E-01 -6.250069714E-01
 2.835960314E-01 -1.320994945E-01 -5.842854237E-01
 2.354828885E-01 -1.597155637E-01 -4.306766233E-01
 2.378931270E-01 -2.584635392E-01 -3.412018356E-01
 1.739032860E-01 -1.442053988E-01 -3.343002663E-01
 2.077134015E-01 -1.199112783E-01 -4.431648117E-01
 2.147378723E-01 -7.976112443E-02 -5.163214669E-01
 1.516382153E-01 -1.114204270E-01 -3.073345545E-01
 4.613803673E-01 -8.180236706E-02 -6.911313666E-01
 5.142805143E-01 -4.248882106E-01 -2.282269334E-01
 1.107585002E+00 3.677625007E-02 1.203068118E-01
 1.042673640E+00 2.007824894E-02 1.776008070E-01
 2.660012852E-01 -4.078836532E-01 -2.346536665E-01
 4.567595781E-01 -9.557675937E-02 -7.061713842E-01
 4.350318926E-01 -1.017047881E-01 -7.913629269E-01
 4.745251149E-01 -9.238880955E-02 -6.130276825E-01
 4.968595529E-01 -9.371857629E-02 -4.980346560E-01
 2.482865890E-01 -1.173270343E-01 -5.280913406E-01
 4.329108083E-01 -8.213225388E-02 -8.457228589E-01
 4.074709368E-01 -1.069443207E-01 -8.406930545E-01
 3.892042047E-01 -9.728778066E-02 -8.676737582E-01
 6.977248132E-01 4.056923173E-01 -1.797137557E-01
 5.786466796E-01 -9.823518729E-02 -2.243820985E-01
 5.485145481E-01 -1.007982369E-01 -2.970263477E-01
 1.794711597E-01 -1.043284005E-01 -3.934772678E-01
 1.373918852E-01 -9.101182191E-02 -3.106748928E-01
 1.746451177E-01 -8.257073300E-02 -4.242726623E-01
 1.992618675E-01 -9.053558697E-02 -4.642596540E-01
 2.278736297E-01 -9.440914721E-02 -5.174022816E-01
 2.553773491E-01 -9.323361113E-02 -5.826416281E-01
 1.460373770E+00 5.805971704E-01 -4.171616652E-03
 5.225178261E-01 -7.293058770E-02 -4.097894685E-01
 5.229286407E-01 -9.072419091E-02 -3.915424984E-01
 5.588810870E-01 -8.117202467E-02 -2.848999290E-01
 1.630162136E+00 3.577085877E-01 4.296868085E-03
 8.057401518E-01 -3.989968967E-01 1.351004702E-02
 1.117615545E+00 -5.317835255E-02 1.287689402E-01
 -2.027476888E-02 -3.260455470E-02 5.521378575E-01
 3.693834031E-03 -1.616655215E-02 7.166482226E-01
 -1.604250038E-02 -8.701812428E-03 8.240570691E-01
 -3.299430229E-03 -1.854901094E-02 8.190692958E-01
 3.020155063E-03 -3.793711892E-02 5.236810306E-01
 1.013967120E+00 2.631140633E-02 1.988972264E-01
 2.278626539E-01 -7.811477086E-02 -5.458023863E-01
 9.710930913E-01 -6.638624167E-01 1.312041593E-03
 1.448955762E+00 -8.353778897E-02 3.233722319E-02
 1.655960779E+00 -1.147082669E-01 1.706792473E-02
 5.973832042E-01 -8.083572385E-02 -1.832036821E-01
 6.230493078E-01 -7.824915427E-02 -1.285969353E-01
 1.120395855E+00 -4.540035502E-01 5.692824191E-02
 2.141555344E-02 -5.456763314E-02 2.755096072E-01
 1.020571559E-02 -3.194052467E-02 4.421079186E-01
 2.093626565E-02 -4.029046268E-02 3.150332275E-01
 5.342781237E-01 -1.788765314E-01 -3.298483034E-01
 9.454508995E-01 1.863775841E-02 4.128974283E-02
 1.179826727E-01 6.132046096E-02 -2.138364950E-01
 1.139279150E-01 4.506703705E-02 -2.395015689E-01
 6.640430153E-01 -4.308896977E-01 -1.006236134E-01
 5.803382499E-01 -5.737072154E-01 -1.596817682E-01
 6.775877084E-02 -2.564527047E-01 -4.084005898E-03
 8.358772707E-01 5.382593179E-02 -1.446003581E-01
 8.649434693E-01 6.145239310E-02 -1.111597418E-01
 8.927088720E-01 6.547033601E-02 -7.443620594E-02
 8.705683157E-01 3.569230410E-02 -1.163904369E-01
 7.312510304E-01 8.229484217E-02 -2.446285651E-01
 3.496132109E-01 -1.064206684E-01 -7.726950847E-01
 6.022857779E-01 -6.440590641E-02 -1.682315942E-01
 1.394022598E-01 1.393617488E-01 -1.698997813E-01
 1.560240288E-01 2.155474931E-01 -1.276199262E-01
 1.813972701E-01 1.103140719E-01 -2.143933284E-01
 2.409613388E-01 1.083651974E-01 -2.551364642E-01
 2.127639764E-01 8.453499181E-02 -2.566620025E-01
 1.787608427E-01 7.629668639E-02 -2.387529869E-01
 2.444444560E-01 7.484871815E-02 -2.851137187E-01
 2.736702336E-01 9.072130288E-02 -2.976753481E-01
 3.030377984E-01 5.474846099E-02 -3.403610966E-01
 2.526016756E-01 5.453010229E-02 -3.021559305E-01
 2.914179388E-01 5.247909926E-02 -3.317932321E-01
 2.918069782E-01 6.831892938E-02 -3.226340768E-01
 3.142126744E-01 6.534118947E-02 -3.426032724E-01
 3.329381951E-01 7.008748215E-02 -3.563122050E-01
 3.164124739E-01 9.562431845E-02 -3.224451616E-01
 3.497564290E-01 9.172778631E-02 -3.554065631E-01
 1.559555250E-01 6.380173326E-02 -2.397457707E-01
 1.838914263E-01 5.504886234E-02 -2.579113921E-01
 1.510539461E-01 4.964238419E-02 -2.460092850E-01
 2.109933226E-01 6.317995028E-02 -2.676503636E-01
 2.777262428E-01 1.340087269E-01 -2.726347437E-01
 2.647403517E-01 1.964290935E-01 -2.230750934E-01
 7.039766229E-01 7.080646084E-02 -2.771565488E-01
 6.785583004E-01 7.298432666E-02 -3.060323183E-01
 6.908122919E-01 5.718031538E-02 -2.988511709E-01
 7.229245162E-01 5.966269792E-02 -2.595609556E-01
 6.594415090E-01 6.659795923E-02 -3.318750836E-01
 6.409628123E-01 6.354363403E-02 -3.539785742E-01
 6.263291991E-01 5.404958384E-02 -3.757497572E-01
 6.199173962E-01 7.170869997E-02 -3.711962050E-01
 5.971282154E-01 7.670663167E-02 -3.900063417E-01
 5.845864181E-01 5.994915177E-02 -4.142653056E-01
 5.742202988E-01 8.241792602E-02 -4.009671445E-01
 5.479355183E-01 7.852578173E-02 -4.202020845E-01
 5.242272162E-01 7.675434329E-02 -4.320212099E-01
 4.997721140E-01 7.317241996E-02 -4.397426330E-01
 4.877495177E-01 6.032990077E-02 -4.531654211E-01
 4.772167501E-01 7.841473848E-02 -4.306233389E-01
 4.524048371E-01 8.420576038E-02 -4.173358989E-01
 4.994995801E-01 5.763719748E-02 -4.565562831E-01
 4.751444591E-01 5.809398351E-02 -4.520286379E-01
 6.514030686E-01 8.871864024E-02 -3.285850455E-01
 4.645883295E-01 1.144375031E-01 -3.938512117E-01
 4.262713530E-01 1.081188576E-01 -3.834813936E-01
 4.449950319E-01 6.495643201E-02 -4.319660998E-01
 6.148628744E-01 5.397189723E-02 -3.891030019E-01
 6.377323647E-01 5.047742004E-02 -3.654823823E-01
 4.300814152E-01 7.585589536E-02 -4.132798554E-01
 4.047949846E-01 7.708082985E-02 -3.974742987E-01
 3.771921386E-01 5.836691665E-02 -3.958426248E-01
 3.942390639E-01 6.025075796E-02 -4.053942042E-01
 4.067406477E-01 5.864325807E-02 -4.144624673E-01
 4.323812396E-01 5.949149766E-02 -4.285779059E-01
 8.459885985E-01 3.517730748E-02 -1.428186675E-01
 6.307302497E-01 -6.005643934E-02 -1.115938553E-01
 4.733032704E-01 -7.772431895E-02 -6.322377075E-01
 2.387147596E-01 5.394900917E-02 -2.919790619E-01
 2.661637450E-01 6.682931283E-02 -3.060039230E-01
 9.471862215E-01 5.614096255E-02 3.472740490E-02
 4.194696572E-01 -8.656781561E-02 -8.841411598E-01
 6.564579775E-01 -1.049815901E-01 -6.777887352E-02
 6.498006222E-01 -7.586253996E-02 -7.438548967E-02
 6.791501965E-01 -7.345423464E-02 -1.735362186E-02
 6.948151679E-01 -4.379268451E-02 2.069802174E-02
 7.201488588E-01 -7.934236828E-02 4.719157969E-02
 7.055586080E-01 -4.208997807E-02 3.759371076E-02
 6.837820266E-01 -5.003252122E-02 -4.507987608E-03
 1.480697493E+00 1.087029085E-01 2.414287474E-02
 3.133974596E+00 6.339745962E-01 3.819931913E-03
 3.824275561E-01 9.971419443E-02 -3.672107114E-01
 7.476597453E-01 -1.116883205E-01 7.105118318E-02
 7.508970912E-01 -7.008370340E-02 1.027985771E-01
 7.908958997E-01 -6.699670148E-02 1.530828532E-01
 8.255743925E-01 -8.427401719E-02 1.867137039E-01
 7.970228246E-01 -2.805511245E-02 1.907486659E-01
 8.162544062E-01 -5.340750978E-02 1.980602299E-01
 8.472709476E-01 -5.201694534E-02 2.371349830E-01
 8.135889358E-01 -3.344378553E-02 2.075996621E-01
 7.843249761E-01 -2.970948160E-02 1.708184628E-01
 8.646033239E-01 -8.378755820E-02 2.188299089E-01
 8.845833693E-01 -5.231480258E-02 2.751066336E-01
 9.188837773E-01 -5.569176888E-02 2.945602724E-01
 9.032111246E-01 -3.139635352E-02 3.098061883E-01
 9.127338684E-01 -1.281823485E-02 3.438992048E-01
 8.647808052E-01 -3.128964242E-02 2.780052867E-01
 8.978605968E-01 -1.620882162E-02 3.304488630E-01
 9.213786947E-01 -2.989090147E-02 3.207048018E-01
 9.418310027E-01 -3.581795696E-02 3.167460296E-01
 9.719637563E-01 -3.572517125E-02 3.062170209E-01
 9.848689393E-01 -1.572679795E-02 3.256817194E-01
 1.002857275E+00 -3.418144683E-02 2.758700094E-01
 9.707077230E-01 -1.325317186E-02 3.508895445E-01
 9.897312940E-01 -7.932011625E-02 2.389914016E-01
 1.053652631E+00 -3.249449111E-02 1.775416224E-01
 1.026490669E+00 -1.667925362E-02 2.612846358E-01
 7.896119753E-01 -4.590092238E-02 1.706275669E-01
 9.992702981E-01 -1.584708179E-02 3.918261197E-01
 9.504233007E-01 -8.920475174E-02 2.478093066E-01
 8.848405125E-01 2.836968045E-02 -1.015576445E-01
 1.135343048E-01 -6.442250352E-02 -2.828092965E-01
 9.958838945E-02 -7.663279839E-02 -2.127617498E-01
 3.742894223E-01 1.746257354E-01 -3.124509694E-01
 3.133974596E+00 -6.339745962E-01 8.227908994E-03
 7.034782265E-01 -5.884885043E-02 2.970152994E-02
 1.310848010E-01 -1.461389206E-01 -2.367808966E-01
 6.065071442E-02 -6.829592857E-02 -3.199796866E-02
 3.675414538E-01 7.797602580E-02 -3.740654912E-01
 3.462683884E-02 2.664694860E-02 -2.079379737E-01
 4.987314823E-01 1.088329188E-01 -4.059344329E-01
 1.963596751E+00 3.585388789E-01 -1.173528507E-03
 4.972767351E-01 -7.579359153E-02 -5.135315379E-01
 1.337751140E-01 5.337675929E-02 -2.340167208E-01
 2.652349337E-01 5.157986132E-02 -3.136768287E-01
 3.277990121E-01 -1.036533286E-01 -7.294099505E-01
 3.039678335E-01 -1.081071894E-01 -6.684373443E-01
 2.909040800E-01 -8.790159851E-02 -6.775746824E-01
 2.758665551E-01 -1.037873732E-01 -6.127641900E-01
 1.248105645E-02 -2.535741489E-02 4.576745837E-01
 7.208700406E-01 4.498230532E-02 -2.664069450E-01
 3.340874847E-01 -8.660619696E-02 -7.862421806E-01
 8.854132056E-01 -2.718080029E-02 3.034552621E-01
 8.750373341E-01 -1.764113148E-02 3.068241612E-01
 8.637015762E-01 -1.698560235E-02 2.943718026E-01
 8.303876486E-01 -3.944805055E-02 2.281396423E-01
 5.749146267E-01 5.256152357E-02 -4.287778715E-01
 5.876121912E-03 -2.499914229E-02 5.430033942E-01
 7.727235797E-01 -5.218408029E-02 1.357261744E-01
 7.345085192E-01 -5.367553821E-02 7.728105215E-02
 2.031549307E-01 -7.515246280E-02 -4.964787953E-01
 9.090982833E-01 -1.620549599E-01 1.833301251E-01
 1.018103457E+00 7.770624272E-03 2.123918796E-01
 5.238325308E-01 5.810446558E-02 -4.514323695E-01
 8.045542574E-02 5.238251712E-02 -2.188052950E-01
 5.489300401E-01 5.823272553E-02 -4.430807281E-01
 3.516534613E-01 7.140360744E-02 -3.681096661E-01
 3.469385566E-01 5.794230430E-02 -3.738044478E-01
 5.908854955E-01 -6.380934721E-02 -1.989342858E-01
 1.441846643E-01 4.075804375E-02 -2.536967972E-01
 3.140628907E-01 5.267716492E-02 -3.508568575E-01
 2.137516426E-01 4.709466598E-02 -2.835634933E-01
 7.380330170E-01 5.912195217E-02 -2.429889353E-01
 1.581217756E-01 -8.881479293E-02 -3.686365554E-01
 1.418078448E-01 -7.112580622E-02 -3.510696179E-01
 1.060260192E+00 5.696365943E-02 1.479636143E-01
 8.422238156E-01 -2.807962953E-02 2.573188476E-01
 8.079671085E-01 -2.312931767E-02 2.116656875E-01
 6.166249504E-01 1.528373172E-01 -3.188831356E-01
 3.353497894E-01 5.487538062E-02 -3.668050639E-01
 6.850072346E-01 4.649032812E-02 -3.120234633E-01
 6.980881748E-01 1.361163853E-01 -2.603944125E-01
 -1.949222255E-01 4.067640556E-01 9.127418621E-02
 7.803639982E-01 -1.559220717E-01 9.412634603E-02
 8.508842144E-01 1.174290382E-01 -1.140872826E-01
 3.852390394E-01 7.467774494E-02 -3.871587170E-01
 7.323501631E-01 -3.740860469E-02 8.628576124E-02
 5.316853692E-01 1.528342244E-01 -3.635607458E-01
 -2.402722141E-01 -4.280119592E-01 1.095712220E-01
 9.243354339E-01 1.057610253E-01 -2.029499586E-02
 6.951205642E-01 4.550276384E-02 -2.983486456E-01
 5.615893151E-01 1.145928905E-01 -3.814463576E-01
 1.105377978E+00 4.119258853E-01 -6.523313724E-03
 6.815935375E-01 -1.473289128E-01 -3.691535448E-02
 8.163283173E-01 -2.188276556E-02 2.235482048E-01
 5.518056621E-01 -6.792995123E-02 -3.096784823E-01
 5.632344590E-01 -6.659203470E-02 -2.758140694E-01
 2.769933478E+00 -1.127513278E-01 5.707453452E-03
 1.244549671E-01 3.879814677E-02 -2.483278448E-01
 2.264613517E-01 6.544419753E-02 -2.768197689E-01
 7.750439019E-01 1.313798888E-01 -1.826706051E-01
 1.559561123E-01 3.995310275E-02 -2.584513333E-01
 1.518739825E+00 -5.074730635E-01 2.365516829E-02
 1.317521946E+00 -3.871023074E-01 4.457454137E-02
 1.725882580E+00 -3.369735258E-01 1.533709707E-02
 3.702931158E-01 -1.018386848E-01 -8.255665605E-01
 6.560755266E-01 -6.012923471E-02 -5.500837581E-02
 3.551737700E-01 1.248459303E-01 -3.339289717E-01
 2.386460491E-02 -3.297173924E-02 2.642837853E-01
 1.205971212E-01 -8.194362006E-02 -2.828885779E-01
 9.831409543E-01 2.261683853E-01 3.023962959E-03
 7.588504457E-01 -4.230291412E-02 1.209594331E-01
 4.364574618E-01 1.575905982E-01 -3.472173288E-01
 4.775979411E-01 1.994746254E-01 -3.250315367E-01
 9.424263038E-01 -1.031566101E-02 3.510028582E-01
 8.251154564E-01 7.328656937E-01 -1.014560163E-01
 6.827751801E-01 -7.716987051E-01 -9.620496635E-02
 8.554683732E-01 4.544487991E-02 -1.292892510E-01
 1.227006070E-01 -6.022606857E-01 -3.618622795E-02
 4.178154025E-02 2.292494004E-02 -2.448505321E-01
 9.971162624E-02 5.262790234E-02 -2.233023992E-01
 90 371 376 376
 375 94 376 376
 371 375 376 376
 224 132 470 470
 228 143 461 461
 328 327 354 354
 143 434 461 461
 132 438 470 470
 295 479 633 633
 400 186 591 591
 292 244 640 640
 434 268 681 681
 532 313 656 656
 408 573 611 611
 179 178 652 652
 556 551 577 577
 417 562 569 569
 284 557 614 614
 373 278 615 615
 74 73 497 497
 221 519 565 565
 84 278 377 377
 340 267 612 612
 328 355 393 393
 67 287 525 525
 198 256 664 664
 397 401 679 679
 199 235 694 694
 164 163 682 682
 524 245 525 525
 267 443 445 445
 408 611 635 635
 429 235 450 450
 221 518 519 519
 245 67 525 525
 135 134 623 623
 367 254 378 378
 235 429 453 453
 216 532 666 666
 394 355 451 451
 237 125 467 467
 415 474 671 671
 311 329 330 330
 254 615 695 695
 371 86 374 374
 403 398 432 432
 540 333 667 667
 430 455 460 460
 243 252 293 293
 172 171 687 687
 368 277 370 370
 555 551 556 556
 515 522 528 528
 1 191 604 604
 392 394 575 575
 269 135 623 623
 352 1 638 638
 431 430 433 433
 511 510 512 512
 294 270 297 297
 415 472 473 473
 509 286 529 529
 254 367 369 369
 474 220 672 672
 525 287 527 527
 409 418 498 498
 537 535 549 549
 243 215 252 252
 262 266 270 270
 539 308 632 632
 430 441 455 455
 195 196 252 252
 108 107 625 625
 438 469 470 470
 198 192 256 256
 35 34 539 539
 229 246 247 247
 229 203 246 246
 107 295 625 625
 125 343 467 467
 602 1 604 604
 397 395 477 477
 252 196 658 658
 298 264 341 341
 121 236 650 650
 215 195 252 252
 584 592 652 652
 192 199 256 256
 537 225 553 553
 263 298 341 341
 598 601 602 602
 405 592 630 630
 425 413 440 440
 441 426 457 457
 253 282 509 509
 329 318 389 389
 585 582 603 603
 82 81 615 615
 312 313 534 534
 220 488 644 644
 240 397 679 679
 261 279 281 281
 510 366 513 513
 201 239 485 485
 348 349 566 566
 513 525 527 527
 394 396 575 575
 588 589 590 590
 258 249 384 384
 395 394 451 451
 217 570 574 574
 199 200 235 235
 253 281 282 282
 463 220 474 474
 422 421 430 430
 244 74 497 497
 409 407 659 659
 85 84 377 377
 137 269 627 627
 397 240 486 486
 506 268 627 627
 571 574 611 611
 214 215 243 243
 414 413 425 425
 212 241 471 471
 456 441 457 457
 412 411 669 669
 280 277 368 368
 267 257 444 444
 46 45 552 552
 333 537 549 549
 499 235 692 692
 464 415 473 473
 328 393 686 686
 202 229 678 678
 406 403 637 637
 398 397 477 477
 220 463 488 488
 301 300 303 303
 286 508 510 510
 445 443 446 446
 481 482 633 633
 239 202 678 678
 489 416 507 507
 596 595 605 605
 237 467 468 468
 262 270 275 275
 202 203 229 229
 211 212 230 230
 201 202 239 239
 264 111 684 684
 522 523 683 683
 2 1 352 352
 515 519 522 522
 139 138 627 627
 407 420 587 587
 123 122 650 650
 366 365 496 496
 259 258 384 384
 212 213 241 241
 256 257 265 265
 538 333 540 540
 421 419 494 494
 415 464 474 474
 134 224 623 623
 581 407 587 587
 582 585 653 653
 292 367 386 386
 436 433 506 506
 515 514 565 565
 424 407 581 581
 590 591 593 593
 405 179 652 652
 163 417 682 682
 491 264 493 493
 230 212 471 471
 247 249 250 250
 229 247 680 680
 625 295 633 633
 402 398 403 403
 430 421 441 441
 328 354 355 355
 282 280 289 289
 178 404 652 652
 426 425 464 464
 640 244 696 696
 246 238 248 248
 209 210 259 259
 356 321 501 501
 570 217 682 682
 160 159 507 507
 574 570 611 611
 597 598 604 604
 204 238 246 246
 579 424 580 580
 203 204 246 246
 34 225 539 539
 403 600 605 605
 584 588 592 592
 299 283 300 300
 211 230 258 258
 517 514 564 564
 308 539 540 540
 522 302 528 528
 196 197 251 251
 334 330 462 462
 374 85 377 377
 433 430 460 460
 341 264 491 491
 360 315 380 380
 400 595 690 690
 197 198 255 255
 543 542 616 616
 443 267 444 444
 562 489 569 569
 419 414 494 494
 349 353 566 566
 226 556 559 559
 262 265 266 266
 245 524 526 526
 251 260 261 261
 350 349 379 379
 416 489 562 562
 289 280 291 291
 385 338 608 608
 210 258 259 259
 535 536 554 554
 596 597 599 599
 232 334 462 462
 403 432 600 600
 302 522 683 683
 588 420 589 589
 265 257 500 500
 555 226 560 560
 260 255 262 262
 12 11 504 504
 228 460 567 567
 110 109 684 684
 406 407 409 409
 476 409 498 498
 207 208 231 231
 35 539 632 632
 572 428 578 578
 270 273 297 297
 303 300 609 609
 277 276 372 372
 501 321 561 561
 171 410 687 687
 247 246 248 248
 412 413 414 414
 204 205 238 238
 217 164 682 682
 388 357 501 501
 247 248 249 249
 247 250 487 487
 593 219 628 628
 580 581 583 583
 409 411 412 412
 286 510 511 511
 595 589 605 605
 451 355 651 651
 267 340 500 500
 410 635 687 687
 191 597 604 604
 209 259 576 576
 519 520 522 522
 475 250 617 617
 351 350 352 352
 210 211 258 258
 216 530 532 532
 314 333 549 549
 369 370 373 373
 457 427 618 618
 585 404 670 670
 268 506 681 681
 531 313 532 532
 252 253 293 293
 361 336 505 505
 300 302 609 609
 422 430 431 431
 300 283 529 529
 393 355 394 394
 206 207 274 274
 214 381 691 691
 543 544 547 547
 432 598 600 600
 586 218 603 603
 231 259 384 384
 225 537 538 538
 407 406 637 637
 541 309 641 641
 583 584 631 631
 207 231 274 274
 230 475 617 617
 492 493 684 684
 318 317 676 676
 278 373 377 377
 278 82 615 615
 156 155 671 671
 333 310 667 667
 419 421 422 422
 226 555 556 556
 551 306 577 577
 254 369 615 615
 271 262 275 275
 218 172 687 687
 369 373 615 615
 519 515 565 565
 256 199 694 694
 315 361 363 363
 45 304 552 552
 475 392 575 575
 263 385 387 387
 311 310 654 654
 322 319 660 660
 326 325 665 665
 400 594 595 595
 261 260 271 271
 411 409 659 659
 316 314 657 657
 346 502 504 504
 452 354 483 483
 361 505 648 648
 611 572 635 635
 338 342 608 608
 421 426 441 441
 349 350 351 351
 508 366 510 510
 272 271 276 276
 336 360 388 388
 545 304 548 548
 231 384 673 673
 373 375 377 377
 214 243 381 381
 614 557 661 661
 305 311 330 330
 183 182 219 219
 413 412 669 669
 308 540 541 541
 542 227 639 639
 309 542 639 639
 340 266 500 500
 308 541 641 641
 320 504 693 693
 402 403 406 406
 269 621 627 627
 479 481 633 633
 450 235 499 499
 331 314 549 549
 512 513 527 527
 355 354 651 651
 248 238 673 673
 579 580 634 634
 382 253 658 658
 513 524 525 525
 489 440 568 568
 325 322 660 660
 598 432 601 601
 54 53 643 643
 504 502 693 693
 650 236 685 685
 605 420 637 637
 194 209 576 576
 208 194 576 576
 551 550 688 688
 469 438 484 484
 446 458 469 469
 327 326 665 665
 299 300 301 301
 339 387 608 608
 457 426 473 473
 205 193 610 610
 193 206 610 610
 314 311 654 654
 443 442 458 458
 570 572 611 611
 400 591 594 594
 330 329 462 462
 530 216 533 533
 286 511 528 528
 317 316 657 657
 442 436 622 622
 313 531 534 534
 597 596 598 598
 309 541 542 542
 213 214 691 691
 544 545 548 548
 544 543 545 545
 31 30 554 554
 325 337 502 502
 296 108 625 625
 315 360 361 361
 621 269 622 622
 283 253 509 509
 453 257 694 694
 360 359 388 388
 200 201 692 692
 621 506 627 627
 322 325 326 326
 357 356 501 501
 488 489 507 507
 536 537 553 553
 316 317 318 318
 168 167 573 573
 497 73 674 674
 311 314 316 316
 283 509 529 529
 536 535 537 537
 431 437 439 439
 451 452 601 601
 182 181 629 629
 583 585 603 603
 305 310 311 311
 329 389 390 390
 310 305 663 663
 545 543 616 616
 437 443 444 444
 259 231 576 576
 416 160 507 507
 433 460 461 461
 261 281 382 382
 346 345 503 503
 279 277 280 280
 53 52 284 284
 396 395 397 397
 318 319 322 322
 444 257 453 453
 319 318 676 676
 337 388 501 501
 326 327 328 328
 227 543 547 547
 602 452 638 638
 587 420 588 588
 351 352 483 483
 257 256 694 694
 258 230 617 617
 469 458 470 470
 22 21 363 363
 227 542 543 543
 1 602 638 638
 578 424 579 579
 343 123 650 650
 293 283 299 299
 235 200 692 692
 304 545 546 546
 55 54 655 655
 431 433 436 436
 362 533 626 626
 325 502 503 503
 319 336 388 388
 317 331 505 505
 600 596 605 605
 445 446 465 465
 552 555 560 560
 237 468 636 636
 146 145 567 567
 460 228 461 461
 417 569 682 682
 274 231 673 673
 191 190 597 597
 437 436 442 442
 109 296 684 684
 514 517 565 565
 401 398 402 402
 260 262 271 271
 533 216 626 626
 572 578 579 579
 268 139 627 627
 622 269 623 623
 50 49 558 558
 302 300 529 529
 590 593 628 628
 337 319 388 388
 460 455 567 567
 505 533 648 648
 233 435 476 476
 251 197 260 260
 399 596 599 599
 541 332 542 542
 17 16 222 222
 609 306 688 688
 281 280 282 282
 485 239 490 490
 489 568 569 569
 381 232 691 691
 120 119 607 607
 162 161 562 562
 511 514 515 515
 16 15 356 356
 38 37 641 641
 572 579 635 635
 619 497 674 674
 312 535 554 554
 564 514 675 675
 10 9 223 223
 312 534 535 535
 270 266 273 273
 471 392 475 475
 34 33 225 225
 63 62 564 564
 428 411 578 578
 508 286 509 509
 335 345 347 347
 584 587 588 588
 428 568 669 669
 249 248 384 384
 148 147 423 423
 425 440 463 463
 250 249 617 617
 327 335 566 566
 59 58 518 518
 393 242 686 686
 435 485 490 490
 197 255 260 260
 635 579 687 687
 306 551 688 688
 580 424 581 581
 235 453 694 694
 486 487 575 575
 367 368 369 369
 569 570 682 682
 320 12 504 504
 628 219 629 629
 336 317 505 505
 57 56 646 646
 370 372 375 375
 158 157 220 220
 284 614 642 642
 294 297 491 491
 243 293 299 299
 601 452 602 602
 27 26 656 656
 45 44 304 304
 531 331 549 549
 349 323 379 379
 13 12 320 320
 418 414 419 419
 367 292 640 640
 249 258 617 617
 241 213 691 691
 262 255 265 265
 425 463 464 464
 43 42 544 544
 48 47 226 226
 180 179 405 405
 41 40 227 227
 289 365 366 366
 454 441 456 456
 622 623 624 624
 241 392 471 471
 253 252 658 658
 447 469 484 484
 542 332 616 616
 341 297 613 613
 305 301 689 689
 556 558 559 559
 324 347 383 383
 397 398 401 401
 9 8 344 344
 492 482 493 493
 348 323 349 349
 173 172 218 218
 367 378 386 386
 225 538 539 539
 165 164 217 217
 190 189 599 599
 103 102 479 479
 231 208 576 576
 663 332 667 667
 290 619 674 674
 206 274 610 610
 334 232 381 381
 347 324 348 348
 501 561 693 693
 8 7 383 383
 153 152 427 427
 147 146 459 459
 58 57 516 516
 335 325 503 503
 446 443 458 458
 342 448 466 466
 468 447 636 636
 238 274 673 673
 426 464 473 473
 77 76 292 292
 128 127 636 636
 281 253 382 382
 353 327 566 566
 348 324 495 495
 234 457 618 618
 482 492 633 633
 392 393 394 394
 448 445 465 465
 616 332 663 663
 425 426 494 494
 257 267 500 500
 301 303 689 689
 301 305 330 330
 149 148 449 449
 406 409 476 476
 603 218 634 634
 134 133 224 224
 154 153 472 472
 14 13 561 561
 527 287 647 647
 49 48 559 559
 420 407 637 637
 369 368 370 370
 19 18 358 358
 238 205 610 610
 455 423 459 459
 424 578 659 659
 157 156 672 672
 523 577 683 683
 591 590 594 594
 537 333 538 538
 263 341 613 613
 169 168 408 408
 308 36 632 632
 60 59 221 221
 221 565 620 620
 51 50 557 557
 4 3 379 379
 487 250 575 575
 289 291 365 365
 174 173 586 586
 15 14 321 321
 267 445 612 612
 175 174 582 582
 5 4 323 323
 304 546 552 552
 427 457 473 473
 26 25 666 666
 275 294 478 478
 152 151 618 618
 565 517 620 620
 234 456 457 457
 223 346 606 606
 447 468 469 469
 347 344 383 383
 464 463 474 474
 323 348 495 495
 301 330 334 334
 25 24 216 216
 435 233 485 485
 151 150 234 234
 556 577 661 661
 550 307 688 688
 129 128 447 447
 18 17 364 364
 3 2 350 350
 595 399 690 690
 21 20 315 315
 288 527 647 647
 62 61 517 517
 61 60 620 620
 399 595 596 596
 80 79 254 254
 456 234 563 563
 69 68 245 245
 520 285 521 521
 439 444 453 453
 181 180 630 630
 439 437 444 444
 178 177 404 404
 297 338 613 613
 118 117 387 387
 274 238 610 610
 493 264 684 684
 511 512 514 514
 458 442 624 624
 37 36 308 308
 24 23 626 626
 28 27 313 313
 46 552 560 560
 145 144 228 228
 121 120 236 236
 392 241 668 668
 167 166 571 571
 42 41 547 547
 521 285 655 655
 20 19 380 380
 75 74 244 244
 161 160 416 416
 437 442 443 443
 64 63 288 288
 32 31 536 536
 338 340 342 342
 47 46 560 560
 440 413 568 568
 11 10 606 606
 155 154 415 415
 170 169 662 662
 163 162 417 417
 33 32 553 553
 184 183 593 593
 166 165 574 574
 579 634 687 687
 176 175 653 653
 266 265 500 500
 358 360 380 380
 150 149 563 563
 188 187 690 690
 116 115 263 263
 30 29 312 312
 230 471 475 475
 171 170 410 410
 219 182 629 629
 44 43 548 548
 557 558 661 661
 66 65 287 287
 363 361 648 648
 23 22 362 362
 289 366 508 508
 635 410 662 662
 185 184 591 591
 275 270 294 294
 127 126 237 237
 36 35 632 632
 488 507 644 644
 140 139 268 268
 65 64 647 647
 72 71 290 290
 130 129 484 484
 570 428 572 572
 224 470 624 624
 79 78 378 378
 422 431 439 439
 404 585 631 631
 514 512 675 675
 247 487 680 680
 394 395 396 396
 485 233 692 692
 124 123 343 343
 449 456 563 563
 431 436 437 437
 583 581 584 584
 461 434 681 681
 350 2 352 352
 177 176 670 670
 463 440 488 488
 358 359 360 360
 619 290 645 645
 429 439 453 453
 512 510 513 513
 131 130 438 438
 390 232 462 462
 112 111 264 264
 345 335 503 503
 142 141 434 434
 245 526 677 677
 481 478 482 482
 483 352 638 638
 408 635 662 662
 78 77 386 386
 159 158 644 644
 223 345 346 346
 546 551 555 555
 299 301 334 334
 523 521 642 642
 73 72 674 674
 137 136 269 269
 106 105 295 295
 272 276 277 277
 114 113 298 298
 467 465 468 468
 433 461 681 681
 109 108 296 296
 196 251 658 658
 454 423 455 455
 598 602 604 604
 550 545 616 616
 568 413 669 669
 477 451 601 601
 569 568 570 570
 236 607 685 685
 345 344 347 347
 580 583 603 603
 261 272 279 279
 81 80 695 695
 342 466 685 685
 189 188 399 399
 623 224 624 624
 482 294 491 491
 276 275 480 480
 201 485 692 692
 396 397 486 486
 582 586 603 603
 419 422 429 429
 407 424 659 659
 432 398 477 477
 524 366 619 619
 432 477 601 601
 6 5 495 495
 40 39 639 639
 253 283 293 293
 534 531 549 549
 546 550 551 551
 250 475 575 575
 290 71 645 645
 558 556 661 661
 360 336 361 361
 39 38 309 309
 522 521 523 523
 480 478 481 481
 387 385 608 608
 244 497 696 696
 232 390 391 391
 412 414 418 418
 429 422 439 439
 511 515 528 528
 7 6 324 324
 70 69 677 677
 502 346 503 503
 286 528 529 529
 155 415 671 671
 183 219 593 593
 465 467 649 649
 615 81 695 695
 482 491 493 493
 119 118 339 339
 414 425 494 494
 584 581 587 587
 533 362 648 648
 53 284 643 643
 71 70 645 645
 307 663 689 689
 56 55 285 285
 255 198 664 664
 273 266 340 340
 365 291 640 640
 590 589 594 594
 285 520 646 646
 402 406 435 435
 588 590 628 628
 505 331 530 530
 256 265 664 664
 403 605 637 637
 486 240 487 487
 552 546 555 555
 401 490 679 679
 418 419 450 450
 279 280 281 281
 568 428 570 570
 310 663 667 667
 385 263 613 613
 187 186 400 400
 83 82 278 278
 426 421 494 494
 243 299 334 334
 331 317 657 657
 367 291 368 368
 222 16 356 356
 449 454 456 456
 30 312 554 554
 478 294 482 482
 329 390 462 462
 649 343 650 650
 467 343 649 649
 520 516 646 646
 223 9 344 344
 526 619 645 645
 504 11 606 606
 411 428 669 669
 366 496 619 619
 507 159 644 644
 578 411 659 659
 291 280 368 368
 594 589 595 595
 54 643 655 655
 15 321 356 356
 391 241 691 691
 530 531 532 532
 316 318 329 329
 349 351 353 353
 156 671 672 672
 314 331 657 657
 526 524 619 619
 502 501 693 693
 145 228 567 567
 251 261 382 382
 167 571 573 573
 354 452 651 651
 222 359 364 364
 333 314 654 654
 58 516 518 518
 313 27 656 656
 629 181 630 630
 539 538 540 540
 401 402 490 490
 272 277 279 279
 322 326 389 389
 307 616 663 663
 359 358 364 364
 470 458 624 624
 436 621 622 622
 180 405 630 630
 354 351 483 483
 220 157 672 672
 362 22 363 363
 271 275 276 276
 285 55 655 655
 335 347 566 566
 17 222 364 364
 643 521 655 655
 173 218 586 586
 557 50 558 558
 395 451 477 477
 335 327 665 665
 408 168 573 573
 423 147 459 459
 86 85 374 374
 48 226 559 559
 384 248 673 673
 10 223 606 606
 455 459 567 567
 558 49 559 559
 310 333 654 654
 148 423 449 449
 321 14 561 561
 597 190 599 599
 546 545 550 550
 225 33 553 553
 221 59 518 518
 21 315 363 363
 25 216 666 666
 240 678 680 680
 338 273 340 340
 288 63 564 564
 222 357 359 359
 512 527 675 675
 592 628 629 629
 161 416 562 562
 577 523 614 614
 419 429 450 450
 304 44 548 548
 519 516 520 520
 536 31 554 554
 234 150 563 563
 435 406 476 476
 459 146 567 567
 13 320 561 561
 656 26 666 666
 527 288 675 675
 396 486 575 575
 325 335 665 665
 520 521 522 522
 127 237 636 636
 634 218 687 687
 165 217 574 574
 535 534 549 549
 309 38 641 641
 347 348 566 566
 332 541 667 667
 275 478 480 480
 344 8 383 383
 582 174 586 586
 389 242 390 390
 226 47 560 560
 3 350 379 379
 337 325 660 660
 151 234 618 618
 418 450 498 498
 353 351 354 354
 415 154 472 472
 158 220 644 644
 417 162 562 562
 153 427 472 472
 577 306 683 683
 466 650 685 685
 222 356 357 357
 498 450 499 499
 62 517 564 564
 92 91 376 376
 60 221 620 620
 284 642 643 643
 488 440 489 489
 336 319 676 676
 303 609 688 688
 427 152 618 618
 149 449 563 563
 315 20 380 380
 573 571 611 611
 517 61 620 620
 448 465 649 649
 319 337 660 660
 358 18 364 364
 23 362 626 626
 282 289 508 508
 56 285 646 646
 317 336 676 676
 448 342 612 612
 243 334 381 381
 175 582 653 653
 232 391 691 691
 236 120 607 607
 362 363 648 648
 242 393 668 668
 390 242 391 391
 323 4 379 379
 69 245 677 677
 19 358 380 380
 518 516 519 519
 88 87 371 371
 216 24 626 626
 492 625 633 633
 468 446 469 469
 223 344 345 345
 465 446 468 468
 32 536 553 553
 359 357 388 388
 571 166 574 574
 449 423 454 454
 307 550 616 616
 516 57 646 646
 43 544 548 548
 404 177 670 670
 187 400 690 690
 472 427 473 473
 487 240 680 680
 608 342 685 685
 404 631 652 652
 287 65 647 647
 176 653 670 670
 496 497 619 619
 589 420 605 605
 544 42 547 547
 288 564 675 675
 77 292 386 386
 41 227 547 547
 242 389 686 686
 442 622 624 624
 37 308 641 641
 402 435 490 490
 282 508 509 509
 410 170 662 662
 254 79 378 378
 7 324 383 383
 391 242 668 668
 129 447 484 484
 505 530 533 533
 591 184 593 593
 561 320 693 693
 297 273 338 338
 64 288 647 647
 169 408 662 662
 447 128 636 636
 530 331 531 531
 496 365 696 696
 337 501 502 502
 598 596 600 600
 541 540 667 667
 663 305 689 689
 119 339 607 607
 5 323 495 495
 678 240 679 679
 72 290 674 674
 528 302 529 529
 233 499 692 692
 80 254 695 695
 372 276 480 480
 642 521 643 643
 438 130 484 484
 39 309 639 639
 490 239 679 679
 291 367 640 640
 497 496 696 696
 688 307 689 689
 378 78 386 386
 607 608 685 685
 326 328 686 686
 189 399 599 599
 265 255 664 664
 585 583 631 631
 241 391 668 668
 436 506 621 621
 577 614 661 661
 297 341 491 491
 227 40 639 639
 614 523 642 642
 370 277 372 372
 609 302 683 683
 233 498 499 499
 607 339 608 608
 592 588 628 628
 339 118 387 387
 251 382 658 658
 592 629 630 630
 506 433 681 681
 324 6 495 495
 631 584 652 652
 678 229 680 680
 346 504 606 606
 389 326 686 686
 233 476 498 498
 445 448 612 612
 399 188 690 690
 342 340 612 612
 466 448 649 649
 239 678 679 679
 393 392 668 668
 373 370 375 375
 466 649 650 650
 306 609 683 683
 452 451 651 651
 671 474 672 672
 580 603 634 634
 303 688 689 689
 532 656 666 666
 645 70 677 677
 365 640 696 696
 338 385 613 613
 452 483 638 638
 653 585 670 670
 526 645 677 677
 84 83 278 278
 295 104 479 479
 125 124 343 343
 132 131 438 438
 143 142 434 434
 29 28 312 312
 312 28 313 313
 52 51 557 557
 284 52 557 557
 67 66 287 287
 68 67 245 245
 76 75 244 244
 76 244 292 292
 87 86 371 371
 89 88 371 371
 90 89 371 371
 91 90 376 376
 93 92 376 376
 94 93 376 376
 95 94 372 372
 372 94 375 375
 96 95 372 372
 97 96 480 480
 96 372 480 480
 98 97 480 480
 99 98 480 480
 100 99 481 481
 99 480 481 481
 101 100 481 481
 102 101 479 479
 479 101 481 481
 104 103 479 479
 105 104 295 295
 107 106 295 295
 111 110 684 684
 113 112 264 264
 113 264 298 298
 115 114 298 298
 263 115 298 298
 117 116 263 263
 117 263 387 387
 122 121 650 650
 126 125 237 237
 133 132 224 224
 136 135 269 269
 138 137 627 627
 141 140 434 434
 140 268 434 434
 144 143 228 228
 186 185 591 591
 261 271 272 272
 492 296 625 625
 296 492 684 684
 311 316 329 329
 318 322 389 389
 327 353 354 354
 513 366 524 524
 371 374 377 377
 375 371 377 377
 592 405 652 652
 409 412 418 418
 441 454 455 455
