TITLE     = "Visualization of the solution"
VARIABLES = "x"
"y"
"Mach"
ZONE T="Zone"
 STRANDID=0, SOLUTIONTIME=0
 Nodes=692, Elements=1169, ZONETYPE=FEQuadrilateral
 DATAPACKING=POINT
 DT=(DOUBLE DOUBLE DOUBLE )
 9.996603131E-01 5.179747241E-04 5.760127078E-01
 9.868990183E-01 2.875682898E-03 6.270674434E-01
 9.747052193E-01 5.169085227E-03 6.626549729E-01
 9.595776796E-01 7.946310565E-03 6.849446270E-01
 9.458443522E-01 1.050142013E-02 7.044316194E-01
 9.322134852E-01 1.295291819E-02 7.202855527E-01
 9.210608006E-01 1.500482205E-02 7.362443935E-01
 9.088550210E-01 1.717490889E-02 7.529265298E-01
 8.971673250E-01 1.922160946E-02 7.677719780E-01
 8.848705292E-01 2.127236314E-02 7.784380083E-01
 8.722277284E-01 2.327422053E-02 7.843592810E-01
 8.598815203E-01 2.517037839E-02 7.915838016E-01
 8.474521637E-01 2.707558125E-02 8.000862168E-01
 8.358928561E-01 2.876526676E-02 8.072821212E-01
 8.240928054E-01 3.046753444E-02 8.127283617E-01
 8.110669851E-01 3.226546571E-02 8.186689062E-01
 7.982474566E-01 3.403594717E-02 8.259124782E-01
 7.859939337E-01 3.566773981E-02 8.321178471E-01
 7.735589147E-01 3.729830310E-02 8.394614755E-01
 7.615881562E-01 3.883444145E-02 8.462073204E-01
 7.484787107E-01 4.046284035E-02 8.523586732E-01
 7.347692847E-01 4.212470725E-02 8.598387736E-01
 7.238450646E-01 4.342043027E-02 8.685388251E-01
 7.126739621E-01 4.473085329E-02 8.767113175E-01
 7.007549405E-01 4.605504498E-02 8.849891594E-01
 6.873863339E-01 4.753606394E-02 8.943699815E-01
 6.741199493E-01 4.891848937E-02 9.019745494E-01
 6.636960506E-01 4.996641725E-02 9.100669950E-01
 6.518232226E-01 5.113794282E-02 9.193160242E-01
 6.402456164E-01 5.221057311E-02 9.288044473E-01
 6.283466220E-01 5.328221619E-02 9.374362408E-01
 6.169463396E-01 5.423974246E-02 9.434071618E-01
 6.059095860E-01 5.510945246E-02 9.508041685E-01
 5.935673118E-01 5.605966970E-02 9.608667413E-01
 5.817632675E-01 5.688435584E-02 9.682730517E-01
 5.684137344E-01 5.774246901E-02 9.734369997E-01
 5.557945371E-01 5.846742913E-02 9.778603970E-01
 5.435246229E-01 5.912319571E-02 9.814964675E-01
 5.324006081E-01 5.963241681E-02 9.830792985E-01
 5.207298398E-01 6.012239307E-02 9.842007439E-01
 5.081061125E-01 6.056189910E-02 9.852002805E-01
 4.971083105E-01 6.090353802E-02 9.842620292E-01
 4.840858579E-01 6.120397523E-02 9.823845300E-01
 4.711970687E-01 6.144895777E-02 9.798552895E-01
 4.573192596E-01 6.160476059E-02 9.758271497E-01
 4.439282119E-01 6.167588010E-02 9.711227519E-01
 4.310536087E-01 6.167821214E-02 9.667830207E-01
 4.180808365E-01 6.160142645E-02 9.627059765E-01
 4.057591856E-01 6.146482006E-02 9.582659223E-01
 3.933312893E-01 6.125273928E-02 9.530118755E-01
 3.810000420E-01 6.097411737E-02 9.475953670E-01
 3.696283996E-01 6.065851450E-02 9.432658168E-01
 3.568033874E-01 6.025470793E-02 9.401472022E-01
 3.447879553E-01 5.981201306E-02 9.359909359E-01
 3.322870135E-01 5.928567797E-02 9.313818411E-01
 3.214958608E-01 5.876484886E-02 9.259346376E-01
 3.093448281E-01 5.815038085E-02 9.198228869E-01
 2.962558568E-01 5.739229545E-02 9.143918417E-01
 2.825554311E-01 5.654925480E-02 9.081833508E-01
 2.698886395E-01 5.567262322E-02 9.020876375E-01
 2.578370273E-01 5.478245765E-02 8.960320602E-01
 2.451801300E-01 5.378980190E-02 8.889011306E-01
 2.324092686E-01 5.271364376E-02 8.827654537E-01
 2.200923264E-01 5.160514265E-02 8.759364752E-01
 2.081934214E-01 5.045938119E-02 8.693918411E-01
 1.965276301E-01 4.927133396E-02 8.634120052E-01
 1.839613914E-01 4.792457819E-02 8.579472946E-01
 1.717535853E-01 4.652060941E-02 8.523802392E-01
 1.599487960E-01 4.510600492E-02 8.470660679E-01
 1.477870643E-01 4.354945570E-02 8.394903705E-01
 1.367867589E-01 4.205163568E-02 8.322240496E-01
 1.251625270E-01 4.039635509E-02 8.250193732E-01
 1.135332063E-01 3.862557560E-02 8.183673347E-01
 1.027055308E-01 3.687988967E-02 8.125854852E-01
 9.267479926E-02 3.516874090E-02 8.057725142E-01
 8.144070208E-02 3.311677650E-02 7.973344805E-01
 6.979694963E-02 3.083193861E-02 7.828606708E-01
 6.007455289E-02 2.875687741E-02 7.670455629E-01
 5.058122054E-02 2.657094784E-02 7.523033975E-01
 4.194502905E-02 2.439153381E-02 7.381157827E-01
 3.460456803E-02 2.235755324E-02 7.284423826E-01
 2.825248800E-02 2.042593993E-02 7.190025001E-01
 2.278170735E-02 1.859316602E-02 7.029421846E-01
 1.886821538E-02 1.714443043E-02 6.875181576E-01
 1.523692161E-02 1.566808671E-02 6.711725621E-01
 1.250307821E-02 1.445086300E-02 6.674366245E-01
 1.007310301E-02 1.325858850E-02 6.639681154E-01
 8.320513181E-03 1.231924165E-02 6.695048805E-01
 6.716372911E-03 1.138300356E-02 6.487810684E-01
 5.232536700E-03 1.042861491E-02 5.971709926E-01
 3.284339327E-03 8.994854987E-03 5.135629357E-01
 1.621545176E-03 7.521838881E-03 4.403967988E-01
 2.528776822E-04 5.989170168E-03 4.026284269E-01
 -1.051142346E-03 3.893462941E-03 3.213640196E-01
 -1.638786751E-03 2.229672158E-03 1.737949351E-01
 -1.845501596E-03 8.702584892E-04 9.054507828E-02
 -1.787360990E-03 -6.895673578E-04 1.054425836E-01
 -1.373869716E-03 -2.456229879E-03 2.226979983E-01
 -4.601181136E-04 -4.494872876E-03 2.814891008E-01
 1.007822226E-03 -6.664555054E-03 3.416287233E-01
 3.073190572E-03 -8.946332149E-03 3.819098311E-01
 4.924851470E-03 -1.062067598E-02 4.186850011E-01
 7.090309169E-03 -1.231069583E-02 4.527266366E-01
 8.750488050E-03 -1.347318292E-02 4.977110732E-01
 1.083600149E-02 -1.480257511E-02 5.291863216E-01
 1.323873084E-02 -1.620882750E-02 5.557359922E-01
 1.652220637E-02 -1.794383116E-02 5.790987838E-01
 1.961335540E-02 -1.942967065E-02 6.070030027E-01
 2.356683090E-02 -2.116601169E-02 6.317258683E-01
 2.899888903E-02 -2.331704274E-02 6.595224742E-01
 3.474373370E-02 -2.536143735E-02 6.841842225E-01
 4.196374863E-02 -2.767236531E-02 7.159660084E-01
 4.957618564E-02 -2.986986004E-02 7.409057410E-01
 5.844290927E-02 -3.218914196E-02 7.577252316E-01
 6.726915389E-02 -3.429336101E-02 7.709927968E-01
 7.757537067E-02 -3.654456511E-02 7.826681605E-01
 8.760482073E-02 -3.855760023E-02 7.940662422E-01
 9.817095101E-02 -4.051896930E-02 8.053870363E-01
 1.092617735E-01 -4.243446141E-02 8.185970224E-01
 1.208888143E-01 -4.430256039E-02 8.292965277E-01
 1.325428486E-01 -4.604463279E-02 8.372038963E-01
 1.433285326E-01 -4.755498096E-02 8.454807288E-01
 1.545696855E-01 -4.903063551E-02 8.534003784E-01
 1.665412933E-01 -5.051224306E-02 8.621978749E-01
 1.782935262E-01 -5.186427012E-02 8.710691243E-01
 1.902919263E-01 -5.314693600E-02 8.794979973E-01
 2.010124177E-01 -5.422301963E-02 8.865448855E-01
 2.123992443E-01 -5.528811365E-02 8.957901984E-01
 2.246911526E-01 -5.634802207E-02 9.027996842E-01
 2.372629941E-01 -5.733933672E-02 9.115152119E-01
 2.495561689E-01 -5.821849033E-02 9.201641630E-01
 2.620418370E-01 -5.900702253E-02 9.297022001E-01
 2.731795907E-01 -5.961838737E-02 9.389444352E-01
 2.859557569E-01 -6.024606526E-02 9.481344713E-01
 2.985094488E-01 -6.074289232E-02 9.586187435E-01
 3.112947643E-01 -6.113792956E-02 9.677659975E-01
 3.229473829E-01 -6.138280407E-02 9.751187623E-01
 3.354876339E-01 -6.156660244E-02 9.832955182E-01
 3.461660743E-01 -6.161699444E-02 9.913633429E-01
 3.574361503E-01 -6.156488881E-02 9.972962450E-01
 3.685353994E-01 -6.142493337E-02 1.000103046E+00
 3.792599440E-01 -6.117281690E-02 1.001440160E+00
 3.909211457E-01 -6.081530079E-02 1.000575034E+00
 4.036249220E-01 -6.027956307E-02 9.956987065E-01
 4.157997072E-01 -5.964134634E-02 9.846376124E-01
 4.287144840E-01 -5.882553756E-02 9.685734739E-01
 4.414173365E-01 -5.790929869E-02 9.522509423E-01
 4.539507031E-01 -5.685726553E-02 9.362992969E-01
 4.660539925E-01 -5.573736131E-02 9.178086268E-01
 4.783688188E-01 -5.447783321E-02 8.982932071E-01
 4.901148379E-01 -5.320631713E-02 8.801813120E-01
 5.024800301E-01 -5.179176480E-02 8.637815580E-01
 5.159336329E-01 -5.013599619E-02 8.467251895E-01
 5.294900537E-01 -4.841477796E-02 8.309262052E-01
 5.425211191E-01 -4.666154832E-02 8.142198839E-01
 5.556240082E-01 -4.484592006E-02 7.983243640E-01
 5.687747598E-01 -4.302969947E-02 7.863075585E-01
 5.819153786E-01 -4.114782065E-02 7.746907919E-01
 5.942234397E-01 -3.934931010E-02 7.605782457E-01
 6.065886617E-01 -3.752592206E-02 7.478143186E-01
 6.203781366E-01 -3.554578498E-02 7.386674636E-01
 6.344310641E-01 -3.346624225E-02 7.276671503E-01
 6.481811404E-01 -3.141895682E-02 7.159727063E-01
 6.616505980E-01 -2.945543639E-02 7.066118647E-01
 6.749514341E-01 -2.746821381E-02 6.963404429E-01
 6.874687672E-01 -2.564868703E-02 6.869425548E-01
 7.000608444E-01 -2.384604141E-02 6.796371586E-01
 7.145083547E-01 -2.178538963E-02 6.716178330E-01
 7.275046110E-01 -1.996361651E-02 6.632290159E-01
 7.393165827E-01 -1.830940694E-02 6.551756441E-01
 7.520909905E-01 -1.654869877E-02 6.479776561E-01
 7.647756934E-01 -1.487292722E-02 6.412219861E-01
 7.775371075E-01 -1.316017471E-02 6.341383757E-01
 7.896878719E-01 -1.164477784E-02 6.271688243E-01
 8.020383716E-01 -1.008830406E-02 6.190662917E-01
 8.130829930E-01 -8.767985739E-03 6.116421803E-01
 8.244677186E-01 -7.455236744E-03 6.050502367E-01
 8.371085525E-01 -6.085131317E-03 5.993263344E-01
 8.494166732E-01 -4.818871617E-03 5.933358286E-01
 8.616662025E-01 -3.671511076E-03 5.878453837E-01
 8.731989861E-01 -2.662036801E-03 5.822305804E-01
 8.848700523E-01 -1.745893504E-03 5.776656472E-01
 8.980780244E-01 -8.634645492E-04 5.747395390E-01
 9.081365466E-01 -2.926843008E-04 5.722542953E-01
 9.186099768E-01 1.928703714E-04 5.714066499E-01
 9.286473393E-01 5.524464068E-04 5.711771303E-01
 9.380505681E-01 8.091740310E-04 5.714405666E-01
 9.504990578E-01 1.027081395E-03 5.703933408E-01
 9.638555646E-01 1.107293530E-03 5.699306836E-01
 9.777032733E-01 1.025670907E-03 5.668204152E-01
 9.901371002E-01 8.129192283E-04 5.814412272E-01
 -5.000000000E-01 -1.000000000E+00 7.109249735E-01
 3.500000000E+00 -1.000000000E+00 7.308878041E-01
 3.500000000E+00 1.000000000E+00 7.288136219E-01
 -5.000000000E-01 1.000000000E+00 7.111379737E-01
 -5.000000000E-01 5.000000000E-01 6.998911339E-01
 -5.000000000E-01 2.752797990E-12 6.878343019E-01
 -5.000000000E-01 -5.000000000E-01 6.986484120E-01
 -9.421907698E-13 -1.000000000E+00 7.248907583E-01
 5.000000000E-01 -1.000000000E+00 7.456985421E-01
 1.000000000E+00 -1.000000000E+00 7.326728148E-01
 1.500000000E+00 -1.000000000E+00 7.213175409E-01
 2.000000000E+00 -1.000000000E+00 7.235519398E-01
 2.500000000E+00 -1.000000000E+00 7.271562689E-01
 3.000000000E+00 -1.000000000E+00 7.288919203E-01
 3.500000000E+00 -5.000000000E-01 7.332635477E-01
 3.500000000E+00 -2.752797990E-12 7.349400878E-01
 3.500000000E+00 5.000000000E-01 7.325300342E-01
 3.000000000E+00 1.000000000E+00 7.271776242E-01
 2.500000000E+00 1.000000000E+00 7.296765887E-01
 2.000000000E+00 1.000000000E+00 7.346092164E-01
 1.500000000E+00 1.000000000E+00 7.472355089E-01
 1.000000000E+00 1.000000000E+00 7.701827500E-01
 5.000000000E-01 1.000000000E+00 7.673827043E-01
 1.733724275E-12 1.000000000E+00 7.289555640E-01
 6.841224234E-01 -3.917150235E-02 6.994377456E-01
 7.861768231E-01 -2.451051080E-02 6.399226402E-01
 9.031805779E-01 -9.735338324E-03 5.831756496E-01
 6.942857569E-01 6.064334440E-02 8.913619466E-01
 6.008997930E-01 6.842587567E-02 9.542522394E-01
 2.745209736E-01 6.572148276E-02 9.073601652E-01
 2.784810014E-01 -7.528897911E-02 9.484579236E-01
 9.061145682E-01 2.871551888E-02 7.589543413E-01
 7.934916168E-01 5.090306360E-02 8.320656329E-01
 5.762570728E-01 -5.554493329E-02 7.856603131E-01
 4.077564408E-01 -7.436451764E-02 9.905110996E-01
 4.232301631E-01 7.132359198E-02 9.629583422E-01
 1.710138406E+00 -5.390182021E-01 7.268940387E-01
 1.782537160E+00 6.618024829E-01 7.432516733E-01
 3.031194304E+00 2.156753036E-01 7.378072294E-01
 7.497971790E-01 -5.891176970E-01 7.425149074E-01
 4.862423224E-01 -6.648249109E-02 8.907803313E-01
 2.823188651E-01 -6.935774793E-01 7.630382706E-01
 1.141322327E-01 -5.821600365E-02 8.407914726E-01
 1.798296729E-01 -6.462915248E-02 8.849980012E-01
 7.372372257E-01 5.607645665E-01 8.182567316E-01
 5.030070611E-01 7.745088085E-02 9.801038513E-01
 2.734802000E+00 -5.327376796E-01 7.333486802E-01
 1.201486170E+00 6.276319159E-01 7.574061141E-01
 9.772224207E-01 3.628552597E-01 7.675387077E-01
 1.298610903E+00 -6.546077406E-01 7.200847957E-01
 1.504765717E+00 -2.685857716E-01 7.269843903E-01
 3.219939477E-01 6.371877210E-01 7.873023249E-01
 1.074552574E-01 4.980932518E-02 8.238406100E-01
 1.671838606E-01 5.711120691E-02 8.558551585E-01
 3.504122863E-01 7.043902995E-02 9.370542496E-01
 2.227860605E+00 -5.786250706E-01 7.313456430E-01
 2.012455577E+00 -2.121457277E-01 7.347902129E-01
 2.414581992E+00 -1.850443226E-01 7.370772579E-01
 2.184465736E+00 1.578580888E-01 7.402440848E-01
 1.785484778E+00 1.019281585E-01 7.365456431E-01
 -2.742562849E-01 2.319272164E-01 6.811017361E-01
 -1.024493282E-01 6.243305725E-01 7.249178514E-01
 2.051596112E-02 3.370560024E-01 7.291577426E-01
 5.418107696E-02 3.539150091E-02 7.661649714E-01
 -2.710065859E-01 -2.366750203E-01 6.795175957E-01
 -6.894952280E-02 -6.056280788E-01 7.251123271E-01
 8.533618982E-02 -3.891348076E-01 7.526975589E-01
 2.239690012E+00 5.566197306E-01 7.396541064E-01
 2.746121510E+00 5.964181590E-01 7.359962548E-01
 -2.351834558E-01 -4.614338761E-03 6.598957289E-01
 -1.278412329E-01 1.264400527E-01 6.505055112E-01
 -1.191019683E-01 -1.417218352E-01 6.526977176E-01
 6.312099220E-02 -4.207215888E-02 7.752435773E-01
 -7.182199266E-02 -3.262330919E-01 7.026116289E-01
 6.063119153E-03 -1.814115946E-01 6.974424487E-01
 1.618053919E-01 -2.167394930E-01 8.243842932E-01
 3.443417169E-01 -7.134816825E-02 9.894125700E-01
 3.725583392E-01 -7.418510935E-02 9.994577355E-01
 3.136053391E-01 -7.415890317E-02 9.713354804E-01
 2.290650162E-01 -6.627553648E-02 9.124902489E-01
 -3.699488575E-02 -9.775777389E-02 6.221081465E-01
 3.116475144E-02 -3.005904241E-02 6.895243297E-01
 -1.093430119E-01 -2.390705663E-02 6.015162058E-01
 -7.065728367E-02 5.547290484E-02 5.846522443E-01
 1.998582970E-02 2.137642003E-02 6.936636969E-01
 2.592750583E-02 -1.064442700E-01 7.086199543E-01
 3.109334797E+00 -2.613153071E-01 7.361957618E-01
 -4.630242007E-02 -3.641948989E-02 5.489587226E-01
 -5.098970952E-02 1.155892219E-02 5.282935528E-01
 -2.163787184E-02 5.432834313E-02 5.867269074E-01
 -3.904999194E-02 1.031367477E-01 6.322700494E-01
 2.644333199E-02 1.033911318E-01 7.077970149E-01
 -6.205752132E-03 1.897081915E-01 7.006876628E-01
 8.144053467E-02 1.624241216E-01 7.691723378E-01
 2.125365091E-01 6.423440750E-02 8.786542928E-01
 1.726175526E-01 2.901067230E-01 8.013363496E-01
 1.867339609E-01 6.159718742E-02 8.656098938E-01
 2.032165222E-01 1.775022636E-01 8.469001361E-01
 2.873219639E-01 2.608166413E-01 8.623310415E-01
 3.075502377E-01 1.566355929E-01 8.994501541E-01
 3.752188277E-01 2.037715529E-01 9.050586447E-01
 3.095728993E-01 7.106475646E-02 9.226013627E-01
 3.784247351E-01 1.445381304E-01 9.281846632E-01
 4.464512412E-01 1.857537481E-01 9.333770716E-01
 5.506003650E-01 7.045365902E-02 9.770202865E-01
 5.278651595E-01 7.117323733E-02 9.803198385E-01
 4.649838198E-01 8.057417869E-02 9.733416931E-01
 4.537627613E-01 2.732033495E-01 8.968293623E-01
 5.424694387E-01 2.180479737E-01 9.223738846E-01
 3.859421668E-01 7.331964412E-02 9.485436746E-01
 5.483456839E-01 3.628911681E-01 8.747522582E-01
 6.485047310E-01 2.802785960E-01 8.757623516E-01
 6.481631919E-01 6.304282881E-02 9.227036097E-01
 6.355347361E-01 1.692023009E-01 9.107785892E-01
 7.250681857E-01 2.079022735E-01 8.561809486E-01
 7.429489727E-01 5.439686065E-02 8.590408862E-01
 7.196278271E-01 5.684085838E-02 8.747821927E-01
 7.656346674E-01 3.118840232E-01 8.275073835E-01
 5.600313671E-01 1.470054823E-01 9.522597571E-01
 7.091860369E-01 1.374634286E-01 8.780796365E-01
 7.698433748E-01 1.467081996E-01 8.410222382E-01
 8.548948253E-01 3.846617715E-02 7.973351465E-01
 8.787860409E-01 3.653704192E-02 7.828112532E-01
 8.328583598E-01 4.183069130E-02 8.101214241E-01
 2.516870855E-01 1.333180300E-01 8.837236699E-01
 1.470416608E-01 1.308858306E-01 8.262286928E-01
 6.090147265E-01 1.168351037E-01 9.435177303E-01
 4.399290933E-01 1.303411482E-01 9.515537220E-01
 3.391893603E-01 1.148817389E-01 9.254183896E-01
 7.441045852E-01 1.023974689E-01 8.617283307E-01
 7.873116945E-01 9.607148946E-02 8.373442082E-01
 8.330901621E-01 1.340436393E-01 8.100554240E-01
 7.678979582E-01 5.215832549E-02 8.455615376E-01
 8.146120509E-01 2.127472205E-01 8.132995947E-01
 8.979364540E-01 1.832493443E-01 7.751343743E-01
 9.703302118E-01 1.610258438E-02 6.766893616E-01
 9.395010951E-01 2.127482425E-02 7.166691634E-01
 9.141496321E-01 1.092990896E-01 7.626467402E-01
 9.706171919E-01 1.414965206E-01 7.367778225E-01
 9.694283353E-01 9.178248658E-02 7.220039347E-01
 1.031077244E+00 1.212938474E-01 7.083928952E-01
 8.627842174E-01 8.575873488E-02 7.947252846E-01
 9.341753695E-01 6.923396423E-02 7.427021300E-01
 8.854540280E-02 1.062613309E-01 7.928782493E-01
 1.289509392E-01 9.014653014E-02 8.341655549E-01
 1.444295173E-01 5.403598262E-02 8.450733874E-01
 4.959229637E-01 1.404817899E-01 9.589047283E-01
 1.388927002E-01 4.596409170E-01 7.667089802E-01
 5.716335150E-01 1.095494357E-01 9.622106421E-01
 5.761711272E-01 7.011069333E-02 9.680219184E-01
 6.820416372E-01 4.245063189E-01 8.403093260E-01
 -2.134108688E-03 -5.807856589E-02 6.202748160E-01
 1.088749797E-02 -1.747037143E-02 5.385367319E-01
 1.687865296E-01 9.181771651E-02 8.585802696E-01
 3.743630031E-01 1.039909991E-01 9.382022873E-01
 4.078270576E-01 1.083647564E-01 9.484517029E-01
 1.837408917E-02 6.265979309E-02 6.956113160E-01
 3.724830938E-02 2.979559231E-02 7.393356981E-01
 3.470271796E-02 -6.986206869E-02 7.398298112E-01
 4.617113255E-02 -3.707239371E-02 7.392682872E-01
 7.861267485E-02 -9.127416386E-02 8.027571377E-01
 7.971175975E-02 -4.880930540E-02 8.011717544E-01
 9.116978694E-02 -1.566484998E-01 7.853418062E-01
 1.473210141E-01 -6.078284365E-02 8.649478824E-01
 1.306352630E-01 -1.128860036E-01 8.478791981E-01
 9.633311973E-01 5.221837991E-02 7.096210325E-01
 1.004734520E+00 5.819442161E-02 6.849425450E-01
 1.075141138E+00 6.423659973E-02 6.878217951E-01
 1.120046550E+00 1.567651084E-01 7.155253636E-01
 1.186835942E+00 6.815717707E-02 7.050159520E-01
 1.263154514E+00 1.878117753E-01 7.270342806E-01
 1.114206174E+00 -6.440452343E-02 6.846985230E-01
 9.839403815E-01 -1.217691461E-02 5.865120901E-01
 9.572444201E-01 -1.010743235E-02 5.843163925E-01
 9.324913453E-01 -8.808052442E-03 5.802347659E-01
 1.215937808E+00 -3.534773903E-02 7.005299971E-01
 1.189081003E+00 -1.466001090E-01 7.035366128E-01
 1.072400127E+00 -1.441683368E-01 6.826426708E-01
 1.108840249E+00 -2.452842917E-01 6.967436548E-01
 9.900393700E-01 -2.171319995E-01 6.762566123E-01
 8.480855216E-01 -1.986516376E-02 6.097123756E-01
 1.030635367E+00 -3.818651142E-01 7.004544382E-01
 9.481602577E-01 -1.254249898E-01 6.528249361E-01
 8.789622099E-01 -1.903523876E-01 6.735870976E-01
 8.506166173E-01 -1.018275017E-01 6.579509479E-01
 7.345130495E-01 -2.894574789E-02 6.677946613E-01
 7.733137346E-01 -1.621865283E-01 6.956080854E-01
 7.854986223E-01 -9.584314288E-02 6.793877484E-01
 7.836076030E-01 -2.500319214E-01 7.001409437E-01
 6.840698230E-01 -2.091162394E-01 7.332656853E-01
 6.302478478E-01 -4.516831485E-02 7.385722831E-01
 6.972981672E-01 -1.246644444E-01 7.246357866E-01
 5.952939283E-01 -1.748933124E-01 7.846839697E-01
 5.932765594E-01 -2.721089983E-01 7.738364036E-01
 5.140374262E-01 -2.026891430E-01 8.384031604E-01
 5.432252666E-01 -1.341487998E-01 8.275933347E-01
 5.386207347E-01 -5.745648869E-02 8.253083438E-01
 4.655795156E-01 -1.528224266E-01 8.990806837E-01
 4.269750021E-01 -2.130225473E-01 8.944266647E-01
 4.485798064E-01 -6.805521019E-02 9.443586709E-01
 3.838038277E-01 -1.531436876E-01 9.465920035E-01
 1.040391348E+00 -6.144754586E-02 6.594656093E-01
 1.064222876E+00 -5.668739060E-03 6.580681546E-01
 1.034321355E+00 2.653002686E-02 6.575102071E-01
 5.964180255E-01 -1.144200099E-01 7.882335470E-01
 9.059916400E-01 -8.091338460E-02 6.385423791E-01
 8.176106540E-01 -6.141936323E-02 6.534204596E-01
 8.101917382E-01 -2.035914897E-02 6.249707445E-01
 4.881368347E-01 -3.067651252E-01 8.278793315E-01
 3.511770167E-01 -3.066967488E-01 8.551430851E-01
 1.271647052E+00 -2.651688664E-01 7.152214789E-01
 1.019853350E+00 2.164143031E-01 7.403810285E-01
 5.014011832E-01 -1.106717959E-01 8.718549346E-01
 5.097817692E-01 -6.381705694E-02 8.600388370E-01
 1.126410215E+00 3.500196820E-01 7.448596425E-01
 1.349663354E+00 3.924253890E-01 7.433145574E-01
 4.216714440E-01 -1.207491937E-01 9.522545818E-01
 7.418530835E-01 -3.576980723E-01 7.265080693E-01
 5.649313063E-01 -9.678741994E-02 8.115977713E-01
 1.477422975E+00 1.772016017E-01 7.335169250E-01
 1.029955382E+00 -2.573198364E-02 6.288508841E-01
 9.919006250E-01 -5.786472046E-02 6.311546565E-01
 7.863031428E-01 -6.086922704E-02 6.651758834E-01
 7.608688397E-01 -2.922178397E-02 6.558075625E-01
 7.534875568E-01 -6.946607414E-02 6.829883911E-01
 7.063539690E-01 9.546318740E-02 8.860034529E-01
 6.590167938E-01 1.059598047E-01 9.143377996E-01
 6.313853667E-01 9.332026897E-02 9.342326756E-01
 6.247827947E-01 6.561058547E-02 9.380320052E-01
 4.722805132E-01 1.067770559E-01 9.678148644E-01
 5.024036503E-01 1.029419950E-01 9.730481861E-01
 9.291085561E-01 2.273371016E-02 7.287632356E-01
 1.006823293E+00 -1.063448204E-01 6.565232134E-01
 9.559334948E-01 2.419340395E-02 7.000379277E-01
 4.241056504E-01 4.118068669E-01 8.511784130E-01
 5.162682825E-01 7.081100206E-02 9.816652136E-01
 5.203394290E-01 8.628545095E-02 9.772922812E-01
 4.852268823E-01 8.524931084E-02 9.760114072E-01
 4.415598981E-01 9.431501097E-02 9.631573402E-01
 5.361525203E-01 1.077599935E-01 9.696089025E-01
 7.443272039E-01 -1.052230254E-01 7.008500716E-01
 3.637138722E-01 7.247592000E-02 9.411763704E-01
 6.831547728E-01 7.531012805E-02 9.002550431E-01
 6.703260668E-01 6.123374015E-02 9.065531424E-01
 9.360955924E-01 3.808936385E-02 7.290232333E-01
 4.894563472E-01 7.145923806E-02 9.802851235E-01
 5.792798828E-02 7.690427958E-02 7.745642670E-01
 8.444645105E-02 4.656307074E-02 8.085559428E-01
 1.482589906E+00 6.150727684E-01 7.478460686E-01
 6.818545760E-01 5.872835318E-02 8.992872554E-01
 4.789899952E-01 7.198713212E-02 9.785576995E-01
 4.506841390E-01 7.301360232E-02 9.701361890E-01
 5.523391400E-01 5.595346490E-01 8.356089696E-01
 6.605079916E-01 7.506962765E-02 9.147954686E-01
 5.912534663E-01 -5.275715113E-02 7.713774030E-01
 5.885436173E-01 -6.656323054E-02 7.824030019E-01
 6.085593170E-01 -6.524259152E-02 7.657328747E-01
 5.637452248E-01 -5.509520557E-02 7.962589417E-01
 4.128309921E-01 7.091803807E-02 9.597968205E-01
 6.430606211E-01 -4.422638255E-02 7.288132995E-01
 6.336932635E-01 -6.231126574E-02 7.460766748E-01
 6.603949748E-01 -5.788211236E-02 7.263579303E-01
 6.580405192E-01 -9.003018645E-02 7.422742253E-01
 6.841372712E-01 -7.556444680E-02 7.223049046E-01
 7.081392034E-01 -3.543086059E-02 6.856205867E-01
 6.240687944E-01 -9.096524967E-02 7.646388044E-01
 6.425315429E-01 -1.340149070E-01 7.570294715E-01
 6.589033047E-01 6.009011134E-02 9.144452181E-01
 6.368083940E-01 6.222599050E-02 9.311977596E-01
 6.135141761E-01 8.208992569E-02 9.432781984E-01
 5.890184622E-01 8.572802954E-02 9.592958064E-01
 4.367649600E-01 7.350437856E-02 9.658190897E-01
 6.694692326E-01 -4.188545637E-02 7.101387209E-01
 6.565513134E-01 -4.097366890E-02 7.176192698E-01
 7.231716473E-01 -3.354028055E-02 6.768088077E-01
 7.154375246E-01 -4.825983303E-02 6.912885795E-01
 6.968963795E-01 -5.188998777E-02 7.023261942E-01
 7.986245536E-01 -2.013142916E-02 6.305310621E-01
 8.030902083E-01 -3.522503439E-02 6.426332516E-01
 8.221250310E-01 -3.343531412E-02 6.313530100E-01
 8.462583810E-01 -4.549218554E-02 6.325636667E-01
 8.809680971E-01 -1.103435830E-02 5.903435515E-01
 8.635778330E-01 -2.796297034E-02 6.138189822E-01
 7.747500072E-01 -4.258350343E-02 6.592028806E-01
 8.770543747E-01 -5.397341384E-02 6.293822647E-01
 9.092235237E-01 -4.155067721E-02 6.135181795E-01
 9.472400837E-01 -6.297708987E-02 6.289892630E-01
 1.358523981E+00 -1.266721603E-01 7.179167469E-01
 1.549968745E+00 -5.646549386E-02 7.271012873E-01
 5.241776212E-01 -6.081994480E-02 8.408803415E-01
 5.193733936E-01 -8.080036415E-02 8.527624022E-01
 4.989244478E-01 -7.825270113E-02 8.768416379E-01
 4.776054215E-01 -8.303227294E-02 9.057291523E-01
 7.725756196E-01 -2.459090047E-02 6.466207750E-01
 4.626152015E-01 -6.862526731E-02 9.257235917E-01
 4.580492321E-01 -8.304090285E-02 9.335781607E-01
 4.374205923E-01 -8.742128177E-02 9.561073130E-01
 4.602878981E-01 -1.062896456E-01 9.233351472E-01
 6.953314342E-01 -3.530799453E-02 6.907776373E-01
 6.122408643E-01 6.445719886E-02 9.455880369E-01
 8.577231515E-01 -1.407505192E-02 6.002641362E-01
 -1.914458010E-02 -3.036093939E-02 5.130727981E-01
 4.179248336E-03 -1.394763369E-02 4.425794365E-01
 -1.940450986E-02 -5.843397567E-03 3.621677332E-01
 -8.260371972E-03 1.506941052E-02 4.459994157E-01
 7.081749884E-01 7.042722409E-02 8.845926276E-01
 7.304789511E-01 7.178294542E-02 8.699851333E-01
 7.569772654E-01 7.081266427E-02 8.535805740E-01
 5.506402126E-01 -5.706702491E-02 8.101771158E-01
 2.562015240E+00 2.041120148E-01 7.399701151E-01
 4.013106026E-01 7.388477058E-02 9.546877686E-01
 9.117108987E-01 4.608330803E-02 7.558002664E-01
 8.683043234E-01 -1.312588130E-02 5.968551605E-01
 5.390583351E-01 8.250630878E-02 9.763573697E-01
 7.071034950E-01 5.573946503E-02 8.821917168E-01
 1.329065621E+00 4.584926896E-02 7.170183166E-01
 6.790040563E-01 -5.327870113E-02 7.126249900E-01
 -1.190040077E-01 2.674511244E-01 6.899995751E-01
 7.182078563E-01 -7.454997013E-02 7.036477946E-01
 4.846944642E-02 -5.015228194E-02 7.633160600E-01
 3.045989426E-02 -4.749190545E-02 7.023501147E-01
 1.206359977E-02 -3.841620792E-02 6.284469651E-01
 1.749011902E-02 -2.253921500E-02 5.997233899E-01
 6.633691702E-02 -6.158585524E-02 7.974042745E-01
 9.302084648E-02 -6.309250412E-02 8.286184912E-01
 -1.517840137E-03 -3.098802511E-02 5.466026388E-01
 2.043499086E-02 -3.103863223E-02 6.493587026E-01
 7.570164814E-03 -2.459396396E-02 5.478622825E-01
 1.162020882E-01 -7.940559296E-02 8.529112510E-01
 1.294287765E-01 -6.519079425E-02 8.600741157E-01
 1.483447543E-01 -8.390258853E-02 8.749809259E-01
 1.693426986E-01 -1.106789777E-01 8.797389691E-01
 1.639806175E-01 -6.988287195E-02 8.811000501E-01
 1.815498119E-01 -8.573740202E-02 8.956789261E-01
 2.081078997E-01 -1.173343698E-01 8.973932351E-01
 2.068299985E-01 -6.606324288E-02 9.010782806E-01
 9.534799377E-02 7.672185970E-02 8.175941068E-01
 5.622083017E-01 8.516217557E-02 9.700973428E-01
 3.562704669E-01 8.869458837E-02 9.366485318E-01
 3.364773136E-01 8.575041125E-02 9.314381994E-01
 3.135409966E-01 9.764931511E-02 9.201188616E-01
 2.955144045E-01 7.998193299E-02 9.165909178E-01
 3.745787118E-01 8.302291228E-02 9.432265600E-01
 2.783525224E-01 1.027556409E-01 9.059677313E-01
 2.497082603E-01 8.679860073E-02 8.980935403E-01
 2.119495626E-01 1.046492619E-01 8.716057391E-01
 2.378320670E-01 6.689512788E-02 8.922727765E-01
 2.506374508E-01 6.539348122E-02 8.975799833E-01
 3.936238750E-01 8.845825002E-02 9.489482587E-01
 9.364051861E-01 -3.722051015E-02 6.097468842E-01
 9.667075798E-01 -2.977685077E-02 6.007146838E-01
 4.404039161E-01 -4.541996129E-01 8.065056019E-01
 2.758106513E-01 -4.577661461E-01 7.896943510E-01
 9.212066816E-02 -4.836862030E-02 8.122529662E-01
 1.020949628E-01 -5.086472246E-02 8.235459104E-01
 8.917207316E-01 -3.166932707E-01 6.944795713E-01
 7.304181545E-01 5.273357726E-02 8.662641198E-01
 8.922563076E-01 -1.193960255E-02 5.885638586E-01
 8.848206482E-01 -2.628987509E-02 6.057334110E-01
 1.002988333E+00 2.721020148E-02 6.527254936E-01
 9.960744651E-01 1.114010875E-02 6.265998068E-01
 1.013019034E+00 1.316093135E-02 6.337166055E-01
 9.827882635E-01 1.458252378E-02 6.528662458E-01
 9.796419948E-01 3.162196161E-02 6.785110555E-01
 4.126963561E-01 -9.544495394E-02 9.809105337E-01
 3.922231595E-01 -8.485184067E-02 9.953579246E-01
 3.889529767E-01 -1.162528085E-01 9.779705158E-01
 3.392684376E-01 -1.268179081E-01 9.610913344E-01
 3.431066926E-01 -1.965918974E-01 9.140137012E-01
 2.897134152E-01 -1.572322947E-01 9.168443995E-01
 2.645498402E-01 -2.243025705E-01 8.693255793E-01
 2.948702158E-01 -1.130355498E-01 9.516580641E-01
 3.651837683E-01 -9.561171724E-02 9.911389326E-01
 3.568149830E-01 -7.982365030E-02 9.960315546E-01
 3.404241282E-01 -9.051020196E-02 9.858035584E-01
 2.531492081E-01 -1.176284209E-01 9.237203460E-01
 2.561829589E-01 -6.809488087E-02 9.304368544E-01
 2.288138883E-01 -1.642631898E-01 8.787942080E-01
 1.694388678E-01 -1.497301003E-01 8.522594503E-01
 3.173774100E-01 -9.501752250E-02 9.735846635E-01
 2.977755568E-01 -8.327577175E-02 9.610626386E-01
 2.767778860E-01 -9.477336437E-02 9.480089959E-01
 8.878217862E-01 2.887229875E-01 7.843644847E-01
 7.819194500E-01 6.416329888E-02 8.406982469E-01
 8.046609725E-01 6.855505726E-02 8.285048507E-01
 8.112093734E-01 5.069961768E-02 8.227992808E-01
 8.285807300E-01 6.123496151E-02 8.148432797E-01
 8.480473140E-01 5.335073805E-02 8.038960516E-01
 8.669596055E-01 5.054401974E-02 7.920848387E-01
 8.895537587E-01 5.482992513E-02 7.780807693E-01
 1.640220183E+00 3.845032661E-01 7.441443213E-01
 5.439027490E-01 -7.477563834E-02 8.264800941E-01
 5.114030861E-01 -6.225961292E-01 7.742244032E-01
 8.355598513E-01 4.161706708E-01 8.040798903E-01
 8.244063000E-01 8.896282687E-02 8.192831311E-01
 7.555782126E-01 5.133302644E-02 8.516797281E-01
 1.724619766E+00 -2.117377456E-01 7.320965592E-01
 7.913766396E-02 -2.718475285E-01 7.589622755E-01
 2.090224871E-01 -8.637856479E-02 9.098668328E-01
 2.325627486E-01 -9.284897017E-02 9.223316745E-01
 6.416355241E-01 7.729733811E-02 9.286620786E-01
 1.026753773E+00 -6.215098825E-01 7.183584349E-01
 5.882348202E-01 6.751122328E-02 9.626732878E-01
 5.345667797E-01 -9.943680362E-02 8.379988391E-01
 3.290306019E-01 -7.566403373E-02 9.805558921E-01
 8.947005201E-01 3.444329443E-02 7.711236992E-01
 4.236046103E-01 -7.384748847E-02 9.748358296E-01
 7.535750075E-01 -4.691579375E-02 6.710110717E-01
 2.784536818E-01 4.101452360E-01 8.191062343E-01
 -7.980160040E-03 -1.625327888E-02 3.817264472E-01
 -3.600340398E-05 -1.006133453E-02 3.561522160E-01
 5.629448493E-01 6.742434359E-02 9.736441204E-01
 3.133974596E+00 6.339745962E-01 7.324673327E-01
 9.188242395E-01 2.796693864E-02 7.435471490E-01
 4.357873800E-01 -6.836996752E-02 9.596134801E-01
 3.133974596E+00 -6.339745962E-01 7.322751910E-01
 2.667753029E-01 -6.977726654E-02 9.383556942E-01
 2.588302769E-01 -8.424605363E-02 9.370724323E-01
 9.067669837E-01 7.427388674E-02 7.678077398E-01
 4.741771513E-01 -6.567104517E-02 9.086252108E-01
 4.975086815E-01 -6.271006622E-02 8.745974125E-01
 8.665499441E-01 3.479836754E-02 7.894889641E-01
 7.807632121E-01 4.777762365E-02 8.381253669E-01
 7.460392269E-01 -3.112056845E-02 6.633744989E-01
 1.953954207E+00 3.622213152E-01 7.438349855E-01
 1.207140248E-01 6.410109194E-02 8.372804686E-01
 1.500714133E-01 7.348502384E-02 8.532574900E-01
 1.739074083E-01 7.284800174E-02 8.647678858E-01
 1.969312055E-01 7.657256420E-02 8.755831815E-01
 2.229443892E-01 7.862596771E-02 8.884359540E-01
 9.424697315E-02 5.914888287E-02 8.216956508E-01
 2.409033840E-01 -7.278024191E-02 9.227907280E-01
 9.218558543E-01 -2.380854933E-02 5.953111997E-01
 3.260776165E-01 7.319563774E-02 9.283655703E-01
 3.380084371E-01 6.969655399E-02 9.333501716E-01
 9.630580234E-02 4.551398187E-02 8.154688162E-01
 5.843188355E-04 3.831960214E-02 6.174600352E-01
 7.690356214E-03 2.426901652E-02 6.312589763E-01
 6.727958185E-03 1.320553085E-02 6.346994928E-01
 1.773363253E-02 4.153508839E-02 6.915149282E-01
 2.487331263E-02 3.183069632E-02 7.121318908E-01
 1.041996474E-02 1.593017786E-02 6.395866319E-01
 4.218011321E-02 4.893849425E-02 7.556882560E-01
 5.044369399E-01 -1.500433876E-01 8.603358945E-01
 3.749726385E-01 7.009022165E-02 9.445424180E-01
 4.170171767E-01 8.445252714E-02 9.583828894E-01
 8.208205640E-01 4.276319983E-02 8.156376988E-01
 8.963093306E-01 -4.712966643E-01 7.124621501E-01
 6.162516638E-01 -4.951149976E-02 7.491394664E-01
 1.947560524E-01 -6.836305297E-02 8.959453870E-01
 9.044760469E-01 -2.080969116E-02 5.965952678E-01
 2.618239571E-01 6.837106881E-02 9.028311844E-01
 2.174785705E-01 -6.879865084E-02 9.076411545E-01
 7.219194792E-02 6.024134507E-02 8.036222808E-01
 6.737287347E-02 4.251385434E-02 7.911996663E-01
 9.164134615E-01 -9.694335838E-03 5.820062883E-01
 9.559848688E-01 5.589573234E-01 7.847008933E-01
 1.193081021E-01 4.865592585E-02 8.290232813E-01
 1.292801860E-01 4.984819824E-02 8.347521421E-01
 1.002171961E+00 -3.055736119E-02 6.142119170E-01
 2.251629121E-01 6.281485790E-02 8.844005189E-01
 8.316501059E-01 -1.987197238E-02 6.165671547E-01
 8.438291038E-01 3.789769090E-02 8.042880849E-01
 2.001845454E-01 6.042697486E-02 8.707085569E-01
 -1.985227313E-01 4.092876048E-01 7.021941334E-01
 1.383493877E-01 2.039978628E-01 8.079313539E-01
 8.308271724E-02 2.430619503E-01 7.641993073E-01
 1.696102799E-01 -5.918913580E-02 8.751083600E-01
 1.604045781E-01 -5.787954599E-02 8.688540983E-01
 5.386898181E-01 6.857776353E-02 9.798460855E-01
 5.916585218E-01 -8.482782529E-02 7.859111126E-01
 -2.279445253E-01 -4.171340478E-01 6.963260440E-01
 9.441772458E-01 -1.874607290E-02 5.920399373E-01
 2.747780842E-01 7.868026558E-02 9.094116075E-01
 2.770385667E+00 -1.118619982E-01 7.380657754E-01
 2.057446526E-01 -3.091413824E-01 8.130868152E-01
 1.397004736E+00 -4.298026316E-01 7.209175548E-01
 4.249785841E-01 -1.609534918E-01 9.338646212E-01
 6.033753097E-01 -4.887729491E-02 7.583716676E-01
 1.199861602E+00 -4.216325771E-01 7.115618390E-01
 8.203035174E-01 -1.797793159E-02 6.177893150E-01
 1.267079992E-01 -5.392766777E-02 8.444866856E-01
 1.358658342E-01 -5.470018388E-02 8.508589737E-01
 2.433111625E-02 -2.562398881E-02 6.471467610E-01
 3.960392422E-01 -7.028661353E-02 9.982582316E-01
 3.860489880E-01 -7.050791031E-02 1.000776868E+00
 9.700475069E-01 -9.502728665E-03 5.784599347E-01
 7.358708911E-01 -4.678197938E-02 6.807334432E-01
 8.769901164E-01 1.280877020E-01 7.884857176E-01
 2.949179855E-02 2.621399445E-02 7.198756533E-01
 2.249656080E-01 -7.885125922E-02 9.175412360E-01
 6.723075175E-01 7.625193948E-01 8.055682893E-01
 2.930210396E-01 -7.018180182E-02 9.567034934E-01
 3.028412297E-01 -6.989945972E-02 9.637492707E-01
 2.847249500E-01 6.766504632E-02 9.121347738E-01
 1.030104321E+00 1.097823052E-03 6.246181514E-01
 5.866261652E-01 -4.172728204E-01 7.758480539E-01
 2.624439523E-01 1.820681319E-01 8.732738000E-01
 8.959326812E-01 -1.246295659E-01 6.550114699E-01
 1.129118274E+00 8.247314556E-03 6.825748822E-01
 5.685255292E-01 -7.009446827E-02 8.002487790E-01
 629 91 630 630
 344 104 494 494
 99 601 602 602
 601 494 602 602
 85 629 633 633
 85 276 629 629
 223 503 597 597
 412 1 651 651
 264 114 351 351
 343 512 513 513
 255 77 646 646
 472 376 476 476
 58 293 533 533
 645 634 646 646
 542 364 678 678
 222 572 684 684
 343 277 350 350
 380 409 547 547
 312 311 321 321
 274 272 279 279
 425 327 555 555
 237 429 437 437
 289 317 537 537
 290 299 426 426
 198 257 663 663
 201 241 593 593
 243 253 339 339
 590 527 641 641
 537 345 620 620
 294 291 320 320
 263 266 272 272
 386 384 387 387
 331 329 334 334
 434 219 497 497
 422 237 428 428
 237 427 428 428
 470 217 475 475
 305 300 310 310
 430 347 637 637
 518 514 519 519
 366 186 647 647
 338 319 421 421
 241 228 668 668
 553 1 687 687
 306 305 311 311
 383 378 432 432
 1 364 651 651
 257 233 544 544
 532 291 535 535
 200 201 231 231
 424 413 478 478
 337 617 650 650
 228 242 668 668
 416 475 599 599
 199 233 257 257
 17 16 577 577
 298 430 443 443
 243 215 253 253
 202 228 241 241
 398 376 472 472
 236 648 683 683
 421 298 429 429
 140 268 565 565
 349 255 634 634
 322 499 575 575
 195 196 253 253
 367 368 479 479
 328 425 436 436
 393 394 412 412
 198 192 257 257
 253 196 656 656
 487 488 489 489
 630 87 633 633
 228 247 248 248
 228 203 247 247
 237 422 429 429
 378 376 379 379
 387 384 396 396
 617 244 649 649
 58 533 686 686
 224 575 614 614
 374 371 424 424
 379 376 398 398
 269 140 565 565
 418 318 419 419
 471 472 653 653
 215 195 253 253
 222 608 609 609
 269 557 677 677
 192 199 257 257
 381 378 383 383
 572 270 685 685
 381 383 458 458
 292 291 294 294
 188 366 664 664
 364 542 651 651
 557 226 676 676
 393 363 394 394
 425 357 436 436
 420 460 592 592
 310 300 338 338
 531 532 625 625
 298 421 430 430
 495 95 496 496
 431 505 529 529
 375 374 690 690
 326 403 574 574
 1 412 687 687
 300 295 338 338
 514 344 519 519
 316 289 537 537
 524 235 659 659
 369 363 393 393
 617 337 618 618
 262 282 284 284
 461 420 592 592
 240 406 648 648
 387 396 410 410
 303 300 305 305
 337 245 618 618
 455 383 510 510
 352 356 520 520
 376 397 476 476
 259 250 501 501
 290 289 689 689
 632 349 634 634
 199 200 233 233
 305 310 318 318
 311 305 418 418
 214 215 243 243
 488 408 489 489
 479 480 507 507
 448 452 640 640
 333 578 579 579
 295 294 319 319
 354 267 570 570
 212 239 440 440
 552 551 554 554
 530 320 531 531
 470 398 471 471
 291 316 535 535
 469 217 470 470
 330 329 331 331
 473 504 550 550
 401 390 560 560
 454 383 455 455
 202 203 228 228
 211 212 229 229
 429 298 442 442
 388 481 583 583
 201 202 241 241
 350 352 515 515
 243 444 683 683
 227 463 637 637
 257 258 265 265
 512 273 518 518
 293 532 533 533
 547 409 639 639
 351 273 512 512
 320 291 532 532
 434 435 441 441
 416 414 475 475
 467 510 679 679
 314 580 613 613
 235 525 641 641
 260 259 501 501
 357 425 555 555
 366 624 664 664
 212 213 239 239
 77 76 646 646
 523 356 570 570
 417 418 434 434
 502 450 637 637
 322 321 499 499
 384 381 458 458
 245 288 619 619
 386 387 635 635
 270 571 596 596
 557 269 564 564
 285 283 335 335
 326 323 680 680
 452 382 640 640
 353 516 545 545
 371 369 424 424
 404 482 483 483
 317 335 336 336
 244 617 622 622
 390 392 560 560
 480 411 507 507
 445 418 592 592
 248 250 251 251
 324 499 587 587
 401 560 562 562
 224 17 577 577
 305 318 418 418
 372 472 474 474
 373 593 671 671
 247 238 249 249
 209 210 260 260
 572 222 573 573
 516 234 546 546
 561 559 563 563
 242 228 588 588
 204 238 247 247
 239 213 648 648
 648 213 683 683
 229 212 440 440
 310 338 431 431
 665 221 686 686
 203 204 247 247
 536 538 539 539
 211 229 259 259
 503 581 597 597
 368 402 479 479
 372 474 492 492
 267 562 569 569
 228 248 588 588
 623 271 682 682
 303 305 306 306
 196 197 252 252
 197 198 256 256
 365 542 678 678
 333 580 581 581
 234 516 520 520
 263 265 266 266
 239 406 407 407
 306 311 312 312
 624 366 647 647
 593 373 639 639
 536 537 621 621
 486 484 611 611
 559 558 564 564
 319 294 347 347
 358 357 555 555
 234 520 521 521
 365 188 664 664
 210 259 260 260
 662 447 692 692
 333 579 580 580
 341 462 529 529
 272 277 343 343
 261 256 263 263
 333 581 610 610
 414 398 470 470
 423 436 605 605
 410 662 692 692
 265 258 589 589
 251 480 588 588
 353 515 516 516
 538 536 621 621
 461 318 462 462
 252 261 262 262
 379 398 414 414
 363 367 691 691
 527 590 644 644
 231 409 688 688
 525 590 641 641
 482 404 595 595
 521 355 674 674
 368 363 369 369
 235 524 525 525
 207 208 230 230
 564 269 565 565
 438 348 634 634
 375 376 378 378
 56 55 625 625
 528 438 645 645
 248 251 588 588
 267 354 589 589
 426 302 444 444
 290 426 600 600
 567 563 573 573
 248 247 249 249
 332 331 358 358
 146 145 598 598
 204 205 238 238
 346 320 530 530
 374 424 478 478
 248 249 250 250
 575 224 576 576
 503 223 605 605
 185 184 647 647
 397 374 478 478
 183 182 549 549
 383 432 510 510
 302 342 444 444
 209 260 604 604
 533 665 686 686
 343 350 512 512
 609 568 623 623
 402 242 479 479
 210 211 259 259
 371 374 375 375
 385 384 386 386
 206 207 278 278
 318 340 462 462
 622 528 645 645
 417 497 498 498
 292 294 295 295
 286 620 655 655
 290 291 292 292
 481 482 583 583
 230 260 501 501
 462 341 594 594
 393 412 651 651
 207 230 278 278
 463 430 637 637
 452 448 457 457
 312 323 325 325
 318 310 340 340
 226 556 598 598
 353 264 515 515
 234 521 673 673
 335 283 438 438
 340 431 529 529
 295 319 338 338
 73 72 649 649
 233 200 584 584
 355 524 660 660
 411 251 582 582
 581 314 597 597
 262 261 274 274
 432 416 510 510
 554 551 555 555
 418 419 592 592
 325 323 326 326
 436 503 605 605
 582 251 616 616
 401 562 667 667
 559 564 566 566
 367 479 507 507
 471 398 472 472
 287 289 290 290
 230 501 666 666
 631 629 632 632
 516 352 520 520
 575 324 614 614
 543 584 688 688
 499 324 575 575
 294 346 347 347
 281 280 496 496
 478 413 542 542
 522 523 525 525
 580 314 581 581
 253 254 339 339
 294 320 346 346
 571 566 596 596
 161 160 640 640
 275 274 280 280
 178 177 653 653
 510 416 679 679
 326 329 330 330
 317 285 335 335
 504 474 550 550
 4 3 327 327
 620 286 621 621
 249 238 666 666
 578 333 586 586
 414 470 475 475
 406 239 648 648
 194 209 604 604
 208 194 604 604
 591 609 623 623
 367 363 368 368
 438 634 645 645
 321 417 498 498
 205 193 607 607
 193 206 607 607
 540 502 637 637
 403 360 406 406
 251 411 480 480
 319 347 430 430
 559 566 571 571
 357 334 436 436
 394 359 395 395
 408 488 556 556
 449 500 692 692
 584 231 688 688
 380 378 381 381
 556 226 557 557
 376 375 690 690
 571 270 572 572
 499 307 587 587
 536 316 537 537
 360 362 406 406
 347 346 540 540
 573 222 609 609
 383 454 458 458
 352 354 356 356
 354 266 589 589
 343 513 517 517
 263 272 274 274
 213 214 683 683
 551 358 555 555
 282 281 283 283
 144 143 676 676
 477 478 541 541
 511 350 515 515
 359 358 395 395
 618 245 619 619
 379 414 416 416
 389 386 635 635
 435 434 445 445
 239 407 440 440
 531 320 532 532
 563 559 571 571
 299 295 300 300
 260 230 604 604
 509 254 656 656
 312 321 322 322
 331 334 357 357
 476 477 550 550
 417 311 418 418
 419 318 461 461
 349 632 681 681
 392 390 669 669
 409 231 639 639
 321 311 417 417
 323 322 586 586
 261 263 274 274
 291 290 689 689
 259 229 616 616
 542 365 664 664
 168 167 456 456
 225 449 692 692
 505 296 529 529
 302 300 303 303
 138 137 596 596
 514 518 675 675
 417 434 497 497
 262 284 509 509
 284 283 285 285
 566 268 596 596
 345 336 618 618
 413 393 651 651
 560 559 561 561
 628 496 629 629
 6 5 328 328
 22 21 307 307
 278 230 666 666
 41 40 427 427
 214 243 683 683
 475 217 485 485
 498 308 548 548
 631 632 634 634
 576 224 577 577
 229 582 616 616
 550 477 642 642
 403 240 574 574
 53 52 433 433
 2 1 552 552
 27 26 441 441
 272 266 277 277
 307 498 548 548
 526 567 591 591
 329 333 610 610
 76 439 646 646
 632 276 681 681
 264 351 511 511
 329 326 680 680
 378 379 432 432
 577 16 638 638
 535 316 536 536
 370 369 371 371
 615 377 679 679
 395 358 551 551
 404 387 595 595
 599 415 615 615
 336 335 528 528
 252 197 261 261
 134 133 222 222
 484 486 487 487
 197 256 261 261
 434 418 445 445
 474 476 550 550
 420 461 491 491
 321 498 499 499
 498 307 499 499
 415 475 485 485
 250 249 501 501
 497 308 498 498
 289 287 657 657
 251 250 616 616
 408 389 489 489
 36 35 341 341
 59 58 686 686
 8 7 605 605
 315 578 638 638
 126 125 235 235
 5 4 425 425
 254 284 658 658
 396 384 458 458
 242 402 668 668
 263 256 265 265
 461 220 491 491
 513 518 519 519
 475 415 599 599
 593 241 671 671
 386 389 390 390
 410 396 662 662
 284 285 658 658
 250 259 616 616
 287 290 600 600
 484 232 611 611
 279 343 493 493
 331 357 358 358
 457 396 458 458
 431 428 505 505
 443 430 463 463
 26 25 219 219
 308 497 506 506
 451 453 465 465
 246 531 626 626
 10 9 597 597
 330 331 332 332
 407 362 411 411
 453 455 508 508
 43 42 437 437
 145 226 598 598
 536 539 643 643
 171 170 615 615
 220 461 462 462
 152 151 612 612
 175 174 469 469
 386 390 400 400
 332 358 359 359
 230 208 604 604
 544 401 667 667
 390 389 669 669
 206 278 607 607
 34 33 220 220
 404 483 484 484
 220 462 594 594
 446 448 670 670
 29 28 459 459
 136 135 685 685
 238 278 666 666
 591 623 682 682
 74 73 244 244
 312 322 323 323
 338 422 431 431
 567 526 569 569
 419 461 592 592
 244 73 649 649
 399 471 672 672
 522 356 523 523
 184 218 647 647
 620 288 655 655
 411 362 507 507
 169 168 466 466
 57 56 293 293
 497 219 506 506
 158 157 225 225
 35 34 594 594
 45 44 298 298
 135 134 684 684
 293 56 625 625
 19 18 614 614
 11 10 314 314
 392 558 559 559
 238 205 607 607
 218 642 647 647
 31 30 460 460
 406 362 407 407
 165 164 464 464
 341 529 603 603
 129 128 644 644
 48 47 227 227
 267 569 570 570
 173 172 485 485
 513 512 518 518
 306 312 325 325
 164 163 465 465
 154 153 481 481
 62 61 539 539
 529 296 603 603
 254 253 656 656
 162 161 382 382
 163 162 451 451
 132 131 568 568
 133 132 608 608
 67 66 288 288
 60 59 221 221
 153 152 405 405
 180 179 492 492
 157 156 449 449
 110 109 675 675
 422 421 429 429
 120 119 234 234
 143 142 677 677
 488 391 606 606
 16 15 638 638
 284 254 509 509
 400 390 401 401
 174 173 217 217
 166 165 216 216
 335 438 528 528
 184 183 218 218
 243 339 600 600
 51 50 301 301
 52 51 636 636
 533 535 665 665
 483 232 484 484
 350 277 352 352
 75 74 627 627
 18 17 224 224
 76 75 439 439
 9 8 223 223
 13 12 313 313
 55 54 626 626
 79 78 255 255
 46 45 443 443
 381 384 385 385
 317 336 345 345
 580 313 613 613
 565 268 566 566
 561 563 567 567
 182 181 473 473
 156 155 500 500
 172 171 415 415
 151 150 232 232
 619 288 620 620
 167 166 490 490
 47 46 463 463
 477 397 478 478
 148 147 391 391
 127 126 641 641
 150 149 611 611
 278 238 607 607
 644 590 682 682
 103 102 494 494
 61 60 643 643
 556 557 558 558
 421 319 430 430
 145 144 226 226
 462 340 529 529
 69 68 245 245
 63 62 538 538
 454 457 458 458
 556 488 598 598
 42 41 237 237
 542 413 651 651
 54 53 246 246
 130 129 271 271
 334 329 610 610
 32 31 420 420
 50 49 502 502
 131 130 623 623
 155 154 388 388
 170 169 377 377
 177 176 672 672
 44 43 442 442
 562 267 667 667
 38 37 296 296
 345 619 620 620
 40 39 297 297
 3 2 554 554
 348 628 631 631
 558 557 564 564
 348 281 628 628
 137 136 270 270
 14 13 654 654
 517 519 601 601
 439 622 645 645
 621 286 652 652
 279 272 343 343
 179 178 372 372
 20 19 324 324
 379 416 432 432
 30 29 304 304
 181 180 504 504
 176 175 399 399
 160 159 670 670
 333 323 586 586
 397 376 690 690
 426 243 600 600
 340 310 431 431
 342 309 585 585
 149 148 486 486
 25 24 506 506
 39 38 661 661
 66 65 655 655
 49 48 450 450
 218 183 549 549
 538 621 652 652
 216 468 490 490
 624 541 664 664
 101 100 602 602
 159 158 446 446
 451 452 453 453
 500 583 692 692
 385 386 400 400
 309 306 325 325
 189 188 365 365
 484 487 489 489
 15 14 315 315
 119 118 546 546
 453 454 455 455
 435 445 459 459
 7 6 423 423
 518 273 675 675
 267 589 667 667
 377 466 679 679
 325 326 574 574
 525 526 590 590
 128 127 527 527
 346 534 540 540
 440 407 582 582
 303 306 309 309
 121 120 673 673
 564 565 566 566
 231 593 639 639
 28 27 435 435
 33 32 491 491
 72 71 650 650
 12 11 613 613
 439 645 646 646
 240 403 406 406
 21 20 587 587
 336 617 618 618
 476 397 477 477
 381 385 409 409
 389 404 489 489
 468 456 490 490
 407 411 582 582
 355 521 522 522
 422 428 431 431
 71 70 337 337
 65 64 286 286
 287 254 658 658
 82 81 681 681
 64 63 652 652
 124 123 660 660
 139 138 268 268
 375 378 380 380
 446 447 448 448
 147 146 606 606
 394 363 691 691
 244 622 627 627
 316 291 689 689
 447 225 692 692
 24 23 308 308
 578 577 638 638
 123 122 355 355
 399 470 471 471
 380 381 409 409
 246 530 531 531
 232 483 612 612
 125 124 659 659
 23 22 548 548
 402 370 671 671
 562 561 569 569
 355 522 524 524
 81 80 349 349
 563 572 573 573
 445 304 459 459
 118 117 545 545
 579 313 580 580
 487 391 488 488
 309 574 585 585
 359 394 691 691
 392 408 558 558
 142 141 269 269
 361 359 691 691
 280 279 495 495
 266 265 589 589
 309 325 574 574
 511 351 512 512
 196 252 656 656
 299 300 302 302
 283 348 438 438
 218 549 642 642
 576 577 578 578
 37 36 603 603
 106 105 344 344
 292 295 299 299
 368 369 370 370
 4 327 425 425
 382 161 640 640
 480 242 588 588
 479 242 480 480
 302 303 342 342
 590 526 591 591
 493 343 517 517
 257 265 663 663
 87 86 633 633
 436 334 503 503
 117 116 353 353
 599 615 679 679
 254 287 339 339
 467 456 468 468
 256 198 663 663
 352 277 354 354
 370 373 671 671
 591 567 609 609
 535 536 665 665
 372 178 653 653
 243 426 444 444
 622 439 627 627
 303 309 342 342
 453 464 465 465
 370 371 373 373
 122 121 674 674
 583 482 595 595
 517 513 519 519
 113 112 351 351
 392 559 560 560
 327 3 554 554
 275 280 281 281
 395 551 553 553
 282 283 284 284
 474 472 476 476
 454 452 457 457
 360 361 362 362
 455 468 508 508
 338 421 422 422
 468 216 508 508
 111 110 273 273
 576 578 586 586
 190 189 678 678
 541 542 664 664
 262 275 282 282
 617 528 622 622
 226 144 676 676
 328 5 425 425
 187 186 366 366
 560 561 562 562
 533 532 535 535
 368 370 402 402
 367 361 691 691
 567 573 609 609
 483 405 612 612
 467 468 510 510
 393 413 424 424
 387 410 595 595
 374 397 690 690
 336 528 617 617
 515 352 516 516
 317 289 657 657
 551 552 553 553
 545 516 546 546
 360 359 361 361
 526 523 570 570
 361 367 507 507
 191 190 364 364
 477 541 624 624
 299 302 426 426
 590 591 682 682
 277 266 354 354
 301 534 636 636
 182 473 549 549
 525 523 526 526
 574 240 585 585
 6 328 423 423
 561 567 569 569
 534 433 636 636
 495 493 601 601
 578 315 579 579
 235 125 659 659
 404 484 489 489
 369 393 424 424
 453 452 454 454
 456 167 490 490
 9 223 597 597
 168 456 466 466
 274 279 280 280
 520 356 522 522
 151 232 612 612
 400 401 543 543
 435 27 441 441
 216 464 508 508
 134 222 684 684
 628 629 631 631
 237 41 427 427
 339 287 600 600
 221 59 686 686
 108 107 514 514
 501 249 666 666
 640 160 670 670
 252 262 509 509
 373 371 547 547
 387 404 635 635
 482 405 483 483
 275 281 282 282
 42 237 437 437
 170 377 615 615
 26 219 441 441
 115 114 264 264
 536 643 665 665
 625 55 626 626
 270 136 685 685
 333 329 680 680
 268 138 596 596
 222 133 608 608
 264 511 515 515
 304 445 592 592
 289 316 689 689
 216 165 464 464
 464 453 508 508
 146 598 606 606
 322 576 586 586
 464 164 465 465
 163 451 465 465
 468 455 510 510
 563 571 572 572
 20 324 587 587
 217 173 485 485
 174 217 469 469
 34 220 594 594
 285 317 657 657
 653 177 672 672
 246 53 433 433
 543 401 544 544
 371 375 547 547
 162 382 451 451
 362 361 507 507
 225 157 449 449
 314 10 597 597
 377 169 466 466
 552 1 553 553
 341 35 594 594
 399 175 469 469
 530 433 534 534
 223 8 605 605
 400 543 688 688
 74 244 627 627
 7 423 605 605
 279 493 495 495
 466 467 679 679
 40 297 427 427
 232 150 611 611
 172 415 485 485
 22 307 548 548
 449 156 500 500
 433 52 636 636
 457 448 662 662
 219 25 506 506
 166 216 490 490
 18 224 614 614
 135 684 685 685
 126 235 641 641
 388 154 481 481
 585 240 648 648
 258 544 667 667
 466 456 467 467
 298 44 442 442
 342 236 444 444
 437 429 442 442
 324 19 614 614
 301 502 540 540
 327 554 555 555
 158 225 446 446
 227 47 463 463
 137 270 596 596
 48 227 450 450
 46 443 463 463
 404 389 635 635
 415 171 615 615
 60 221 643 643
 537 620 621 621
 45 298 443 443
 153 405 481 481
 617 649 650 650
 180 492 504 504
 389 408 669 669
 11 314 613 613
 581 503 610 610
 155 388 500 500
 420 31 460 460
 132 568 608 608
 28 435 459 459
 43 437 442 442
 51 301 636 636
 15 315 638 638
 30 304 460 460
 676 143 677 677
 54 246 626 626
 539 61 643 643
 304 29 459 459
 84 83 276 276
 373 547 639 639
 405 152 612 612
 521 520 522 522
 649 72 650 650
 220 33 491 491
 451 382 452 452
 128 527 644 644
 148 391 486 486
 549 473 550 550
 473 181 504 504
 579 315 654 654
 534 301 540 540
 234 119 546 546
 323 333 680 680
 538 62 539 539
 179 372 492 492
 375 380 547 547
 301 50 502 502
 423 328 436 436
 2 552 554 554
 176 399 672 672
 391 147 606 606
 307 21 587 587
 149 486 611 611
 394 395 687 687
 568 131 623 623
 569 526 570 570
 322 575 576 576
 49 450 502 502
 130 271 623 623
 313 579 654 654
 313 12 613 613
 481 405 482 482
 642 624 647 647
 36 341 603 603
 330 332 403 403
 439 75 627 627
 89 88 630 630
 505 297 661 661
 332 359 360 360
 332 360 403 403
 399 469 470 470
 159 446 670 670
 412 394 687 687
 446 225 447 447
 142 269 677 677
 500 388 583 583
 296 37 603 603
 448 447 662 662
 297 39 661 661
 32 420 491 491
 315 14 654 654
 13 313 654 654
 288 66 655 655
 549 550 642 642
 120 234 673 673
 229 440 582 582
 271 129 644 644
 428 297 505 505
 527 127 641 641
 427 297 428 428
 246 433 530 530
 543 233 584 584
 345 618 619 619
 444 236 683 683
 71 337 650 650
 486 391 487 487
 408 392 669 669
 450 227 637 637
 347 540 637 637
 350 511 512 512
 460 304 592 592
 286 64 652 652
 285 657 658 658
 63 538 652 652
 296 505 661 661
 65 286 655 655
 38 296 661 661
 236 342 585 585
 24 308 506 506
 657 287 658 658
 541 478 542 542
 408 556 558 558
 608 568 609 609
 643 221 665 665
 265 256 663 663
 118 545 546 546
 123 355 660 660
 492 474 504 504
 416 599 679 679
 395 553 687 687
 346 530 534 534
 668 402 671 671
 308 23 548 548
 121 673 674 674
 271 644 682 682
 355 122 674 674
 409 385 688 688
 117 353 545 545
 589 258 667 667
 348 631 634 634
 81 349 681 681
 252 509 656 656
 659 124 660 660
 189 365 678 678
 273 110 675 675
 233 543 544 544
 385 400 688 688
 410 583 595 595
 236 585 648 648
 531 625 626 626
 477 624 642 642
 396 457 662 662
 583 410 692 692
 503 334 610 610
 598 488 606 606
 364 190 678 678
 557 676 677 677
 493 517 601 601
 281 496 628 628
 448 640 670 670
 280 495 496 496
 471 653 672 672
 684 572 685 685
 241 668 671 671
 524 659 660 660
 673 521 674 674
 109 108 514 514
 114 113 351 351
 1 191 364 364
 58 57 293 293
 68 67 245 245
 245 67 288 288
 70 69 337 337
 69 245 337 337
 78 77 255 255
 80 79 349 349
 79 255 349 349
 83 82 276 276
 276 82 681 681
 85 84 276 276
 86 85 633 633
 88 87 630 630
 90 89 630 630
 91 90 630 630
 92 91 496 496
 496 91 629 629
 93 92 496 496
 94 93 496 496
 95 94 496 496
 96 95 495 495
 97 96 495 495
 98 97 601 601
 97 495 601 601
 99 98 601 601
 100 99 602 602
 102 101 494 494
 494 101 602 602
 104 103 494 494
 105 104 344 344
 107 106 344 344
 107 344 514 514
 109 514 675 675
 112 111 273 273
 112 273 351 351
 116 115 264 264
 116 264 353 353
 140 139 268 268
 141 140 269 269
 186 185 647 647
 188 187 366 366
 200 231 584 584
 231 201 593 593
 219 434 441 441
 634 255 646 646
 258 257 544 544
 262 274 275 275
 629 276 632 632
 283 281 348 348
 290 292 299 299
 532 293 625 625
 317 345 537 537
 326 330 403 403
 344 494 519 519
 356 354 570 570
 472 372 653 653
 519 494 601 601
 524 522 525 525
 629 630 633 633
