TITLE     = "Visualization of the solution"
VARIABLES = "x"
"y"
"Mach"
ZONE T="Zone"
 STRANDID=0, SOLUTIONTIME=0
 Nodes=710, Elements=1205, ZONETYPE=FEQuadrilateral
 DATAPACKING=POINT
 DT=(DOUBLE DOUBLE DOUBLE )
 9.996526241E-01 5.283328355E-04 5.924301688E-01
 9.862449169E-01 2.971655456E-03 6.334412033E-01
 9.739283919E-01 5.129183643E-03 6.708926236E-01
 9.601511955E-01 7.640911732E-03 6.938918928E-01
 9.470881224E-01 9.980732575E-03 7.144672994E-01
 9.345260859E-01 1.207789686E-02 7.267925507E-01
 9.236891866E-01 1.397729572E-02 7.402421801E-01
 9.114006758E-01 1.605973206E-02 7.592932392E-01
 9.001439810E-01 1.797685213E-02 7.766226777E-01
 8.876950145E-01 1.991650462E-02 7.860986176E-01
 8.751718998E-01 2.177151106E-02 7.935786033E-01
 8.632781506E-01 2.351645567E-02 8.020112916E-01
 8.506941199E-01 2.525727823E-02 8.067459950E-01
 8.386741281E-01 2.685113065E-02 8.101815876E-01
 8.267917633E-01 2.840609290E-02 8.146636549E-01
 8.138235807E-01 3.006304614E-02 8.201661526E-01
 8.007589579E-01 3.170258924E-02 8.257749808E-01
 7.885627151E-01 3.318835422E-02 8.315221565E-01
 7.757729292E-01 3.473200649E-02 8.385863876E-01
 7.634237409E-01 3.620053083E-02 8.437045658E-01
 7.499498725E-01 3.771253303E-02 8.492452802E-01
 7.362701297E-01 3.927062824E-02 8.570184183E-01
 7.251229882E-01 4.049009457E-02 8.623168779E-01
 7.133411169E-01 4.172274098E-02 8.678368412E-01
 7.015865445E-01 4.297002032E-02 8.763357934E-01
 6.879016161E-01 4.434547946E-02 8.846323348E-01
 6.747516990E-01 4.563813284E-02 8.919119551E-01
 6.638767123E-01 4.665596411E-02 8.987514223E-01
 6.521071196E-01 4.773268104E-02 9.054944422E-01
 6.410203576E-01 4.869691283E-02 9.116429822E-01
 6.289409399E-01 4.970289767E-02 9.187369407E-01
 6.175635457E-01 5.061644688E-02 9.256402209E-01
 6.066281199E-01 5.143524334E-02 9.318967003E-01
 5.943379402E-01 5.232086033E-02 9.376766381E-01
 5.823095441E-01 5.310796946E-02 9.444574123E-01
 5.688030124E-01 5.396474525E-02 9.516264816E-01
 5.559284687E-01 5.467939004E-02 9.569202558E-01
 5.431344509E-01 5.533299223E-02 9.609042697E-01
 5.317113400E-01 5.584910512E-02 9.638721425E-01
 5.196942687E-01 5.634060875E-02 9.669177332E-01
 5.068382025E-01 5.680219829E-02 9.680135167E-01
 4.957542419E-01 5.710793287E-02 9.670780843E-01
 4.827818871E-01 5.743183196E-02 9.661888249E-01
 4.698108733E-01 5.765243247E-02 9.657379730E-01
 4.559215307E-01 5.784140155E-02 9.653711075E-01
 4.420563579E-01 5.792682990E-02 9.639264171E-01
 4.291318357E-01 5.794097856E-02 9.615855082E-01
 4.159447551E-01 5.788135156E-02 9.594363773E-01
 4.037908614E-01 5.776889250E-02 9.557333158E-01
 3.910235167E-01 5.756549537E-02 9.518700551E-01
 3.791198730E-01 5.733188987E-02 9.479030570E-01
 3.679149449E-01 5.703890324E-02 9.438475484E-01
 3.549708128E-01 5.666044354E-02 9.406382276E-01
 3.430434465E-01 5.624381453E-02 9.371669220E-01
 3.309878707E-01 5.576278642E-02 9.327360976E-01
 3.207304478E-01 5.529683456E-02 9.286110444E-01
 3.089344800E-01 5.473263934E-02 9.243695337E-01
 2.961918712E-01 5.404015258E-02 9.197600233E-01
 2.824624777E-01 5.323151872E-02 9.142047892E-01
 2.696592510E-01 5.238385499E-02 9.087185594E-01
 2.577945590E-01 5.156091973E-02 9.041926212E-01
 2.451788783E-01 5.061588436E-02 8.991777047E-01
 2.320468277E-01 4.955740646E-02 8.938273512E-01
 2.196843177E-01 4.849532992E-02 8.888737156E-01
 2.077493072E-01 4.739519954E-02 8.836058221E-01
 1.962123662E-01 4.627444968E-02 8.790599669E-01
 1.837139726E-01 4.499625042E-02 8.746916834E-01
 1.717009246E-01 4.368840903E-02 8.683192822E-01
 1.597091705E-01 4.229887202E-02 8.622458719E-01
 1.476962566E-01 4.083014280E-02 8.576638452E-01
 1.367030442E-01 3.942605108E-02 8.529017674E-01
 1.253534108E-01 3.787400573E-02 8.468770786E-01
 1.138695255E-01 3.622773662E-02 8.413373247E-01
 1.029867530E-01 3.457010537E-02 8.348126899E-01
 9.304628521E-02 3.296196833E-02 8.272891339E-01
 8.194883913E-02 3.105148301E-02 8.191199212E-01
 7.033947110E-02 2.890130132E-02 8.118617747E-01
 6.064444408E-02 2.695641853E-02 8.044787791E-01
 5.128126219E-02 2.492986806E-02 7.982361644E-01
 4.241133854E-02 2.283230238E-02 7.983745877E-01
 3.486861289E-02 2.087473311E-02 7.979767187E-01
 2.839158103E-02 1.901310310E-02 7.907129251E-01
 2.289503813E-02 1.726659946E-02 7.746699484E-01
 1.893804781E-02 1.588655263E-02 7.537251544E-01
 1.527910214E-02 1.447606552E-02 7.210017995E-01
 1.261914056E-02 1.334704179E-02 6.991404792E-01
 1.030698046E-02 1.226833649E-02 6.964123093E-01
 8.619874716E-03 1.141580380E-02 7.143979243E-01
 7.058173418E-03 1.054934319E-02 7.122673983E-01
 5.581703968E-03 9.656410664E-03 6.963247402E-01
 3.620835254E-03 8.301107213E-03 6.571513045E-01
 1.991649857E-03 6.947296206E-03 6.387631592E-01
 6.052438403E-04 5.517482758E-03 5.895162245E-01
 -7.321501616E-04 3.601645818E-03 4.229745904E-01
 -1.404065173E-03 2.040795283E-03 2.702819816E-01
 -1.698786626E-03 7.643220597E-04 1.892402469E-01
 -1.763079898E-03 -8.152034716E-04 7.832085731E-02
 -1.428365358E-03 -2.759715309E-03 8.004435230E-02
 -5.437264917E-04 -4.956753924E-03 1.831802601E-01
 9.521519532E-04 -7.307677064E-03 3.364584892E-01
 3.089245642E-03 -9.773645550E-03 4.758057467E-01
 5.064541940E-03 -1.162461005E-02 5.040446019E-01
 7.394087967E-03 -1.350549981E-02 5.512501871E-01
 9.104675613E-03 -1.474184450E-02 5.886621823E-01
 1.121915504E-02 -1.614480093E-02 6.115374128E-01
 1.370545197E-02 -1.765781268E-02 6.274225416E-01
 1.704972237E-02 -1.950710639E-02 6.507491135E-01
 2.034442499E-02 -2.116836235E-02 6.743968632E-01
 2.447061799E-02 -2.306958660E-02 6.981745175E-01
 2.996978909E-02 -2.536168136E-02 7.219907585E-01
 3.578848392E-02 -2.755039558E-02 7.449009311E-01
 4.303979874E-02 -3.002578393E-02 7.646696214E-01
 5.077739805E-02 -3.241024539E-02 7.887443924E-01
 5.966201425E-02 -3.489553556E-02 8.074361226E-01
 6.861124933E-02 -3.717664257E-02 8.220895728E-01
 7.927235216E-02 -3.966269642E-02 8.339376688E-01
 8.927259594E-02 -4.180605710E-02 8.456195048E-01
 1.001108810E-01 -4.396431148E-02 8.559789011E-01
 1.114316359E-01 -4.604633898E-02 8.660523688E-01
 1.232517958E-01 -4.805869237E-02 8.747805927E-01
 1.350383759E-01 -4.993606359E-02 8.843706318E-01
 1.457632780E-01 -5.152030289E-02 8.934353798E-01
 1.570224464E-01 -5.307887867E-02 9.017073514E-01
 1.689965576E-01 -5.463486537E-02 9.091032459E-01
 1.807804406E-01 -5.606183410E-02 9.169991845E-01
 1.925664842E-01 -5.739386752E-02 9.260573328E-01
 2.030364275E-01 -5.848207697E-02 9.341444193E-01
 2.143854648E-01 -5.959422514E-02 9.412966968E-01
 2.265433818E-01 -6.067783013E-02 9.494220754E-01
 2.387165874E-01 -6.167459488E-02 9.582876000E-01
 2.506651580E-01 -6.254845113E-02 9.675108026E-01
 2.632713914E-01 -6.337878108E-02 9.773386507E-01
 2.744579017E-01 -6.401842833E-02 9.877835025E-01
 2.869000435E-01 -6.462652981E-02 9.968863870E-01
 2.991967499E-01 -6.512276083E-02 1.006535314E+00
 3.118263483E-01 -6.552188843E-02 1.016510631E+00
 3.232861161E-01 -6.575861573E-02 1.026045364E+00
 3.353517056E-01 -6.590951979E-02 1.034732523E+00
 3.456436694E-01 -6.594239175E-02 1.043866971E+00
 3.567871749E-01 -6.587847322E-02 1.051219525E+00
 3.677897155E-01 -6.572630256E-02 1.057446687E+00
 3.783846200E-01 -6.546215713E-02 1.059437949E+00
 3.897580802E-01 -6.508041918E-02 1.057139127E+00
 4.021324813E-01 -6.455568224E-02 1.050676958E+00
 4.139762521E-01 -6.389274448E-02 1.036035964E+00
 4.268349707E-01 -6.306520104E-02 1.015392844E+00
 4.390863180E-01 -6.215746328E-02 9.936378408E-01
 4.518315792E-01 -6.105548888E-02 9.714518954E-01
 4.641621709E-01 -5.990336463E-02 9.524717837E-01
 4.767503440E-01 -5.861235783E-02 9.359857463E-01
 4.885035753E-01 -5.729335174E-02 9.172517553E-01
 5.006524324E-01 -5.586460605E-02 8.978518804E-01
 5.139156580E-01 -5.421198532E-02 8.798686920E-01
 5.274367332E-01 -5.245514959E-02 8.630641847E-01
 5.403555036E-01 -5.070780590E-02 8.480590374E-01
 5.542239547E-01 -4.878911376E-02 8.334681396E-01
 5.667971373E-01 -4.694206640E-02 8.168867719E-01
 5.801476240E-01 -4.500025138E-02 8.025051058E-01
 5.930177569E-01 -4.310255498E-02 7.921831169E-01
 6.057441831E-01 -4.119988903E-02 7.813634632E-01
 6.188185215E-01 -3.921321034E-02 7.689600250E-01
 6.328725815E-01 -3.707829118E-02 7.572327117E-01
 6.465036869E-01 -3.501515836E-02 7.472328688E-01
 6.600396037E-01 -3.296128660E-02 7.379215650E-01
 6.736627817E-01 -3.089349717E-02 7.287002412E-01
 6.863732338E-01 -2.896594815E-02 7.199988052E-01
 6.989101171E-01 -2.707546949E-02 7.110367159E-01
 7.137045860E-01 -2.483638376E-02 7.010024182E-01
 7.267117500E-01 -2.290263399E-02 6.916300668E-01
 7.382342815E-01 -2.122104354E-02 6.852830484E-01
 7.512344718E-01 -1.937947422E-02 6.791563819E-01
 7.638725638E-01 -1.754118688E-02 6.701670962E-01
 7.770693302E-01 -1.571055688E-02 6.621476061E-01
 7.894240618E-01 -1.404257212E-02 6.555334120E-01
 8.018550873E-01 -1.235433016E-02 6.475450462E-01
 8.133677244E-01 -1.089984644E-02 6.411924828E-01
 8.246939778E-01 -9.474423714E-03 6.353277095E-01
 8.368999362E-01 -7.995259948E-03 6.272903492E-01
 8.490855694E-01 -6.584102754E-03 6.194319737E-01
 8.610893488E-01 -5.276202224E-03 6.122949777E-01
 8.724101782E-01 -4.125406966E-03 6.063516149E-01
 8.843304515E-01 -3.039594740E-03 6.018394143E-01
 8.973894119E-01 -1.975706313E-03 5.972272613E-01
 9.075608850E-01 -1.251038047E-03 5.928256394E-01
 9.178451896E-01 -6.143118953E-04 5.901234476E-01
 9.280004501E-01 -1.113654362E-04 5.878245521E-01
 9.375839829E-01 2.759157505E-04 5.883258901E-01
 9.502155185E-01 6.367909955E-04 5.865206737E-01
 9.640993476E-01 8.469786844E-04 5.878565069E-01
 9.781357646E-01 8.733110153E-04 5.834229200E-01
 9.901955128E-01 7.413687999E-04 6.002692200E-01
 -5.000000000E-01 -1.000000000E+00 7.123095842E-01
 3.500000000E+00 -1.000000000E+00 7.305504695E-01
 3.500000000E+00 1.000000000E+00 7.289667041E-01
 -5.000000000E-01 1.000000000E+00 7.124281601E-01
 -5.000000000E-01 5.000000000E-01 6.998807888E-01
 -5.000000000E-01 2.752797990E-12 6.871162114E-01
 -5.000000000E-01 -5.000000000E-01 6.989046846E-01
 -9.421907698E-13 -1.000000000E+00 7.243969493E-01
 5.000000000E-01 -1.000000000E+00 7.488308326E-01
 1.000000000E+00 -1.000000000E+00 7.352330035E-01
 1.500000000E+00 -1.000000000E+00 7.235690938E-01
 2.000000000E+00 -1.000000000E+00 7.242055079E-01
 2.500000000E+00 -1.000000000E+00 7.270684079E-01
 3.000000000E+00 -1.000000000E+00 7.284835324E-01
 3.500000000E+00 -5.000000000E-01 7.331531663E-01
 3.500000000E+00 -2.752797990E-12 7.351191030E-01
 3.500000000E+00 5.000000000E-01 7.328298243E-01
 3.000000000E+00 1.000000000E+00 7.268752879E-01
 2.500000000E+00 1.000000000E+00 7.289321705E-01
 2.000000000E+00 1.000000000E+00 7.328670280E-01
 1.500000000E+00 1.000000000E+00 7.426276994E-01
 1.000000000E+00 1.000000000E+00 7.635949700E-01
 5.000000000E-01 1.000000000E+00 7.638219419E-01
 1.733724275E-12 1.000000000E+00 7.267983322E-01
 6.806665035E-01 -4.276319435E-02 7.252162228E-01
 7.859166463E-01 -2.693349247E-02 6.612212928E-01
 9.037271588E-01 -9.654869221E-03 5.988863290E-01
 5.876049617E-01 -5.739028371E-02 7.967721741E-01
 7.094061888E-01 5.139825976E-02 8.714002065E-01
 2.746484234E-01 6.603949205E-02 9.094291160E-01
 2.803316013E-01 -7.810357917E-02 9.825875805E-01
 9.084988574E-01 2.726342862E-02 7.670065745E-01
 8.080466153E-01 4.375238133E-02 8.241386459E-01
 5.992769414E-01 6.540813233E-02 9.339603803E-01
 4.235535158E-01 7.104315739E-02 9.581350290E-01
 4.206380587E-01 -7.384058117E-02 1.017278669E+00
 1.833238961E+00 -5.941473940E-01 7.288600300E-01
 1.794525455E+00 6.429047834E-01 7.428746026E-01
 3.031195150E+00 2.156749471E-01 7.384134627E-01
 7.556903805E-01 -5.614701475E-01 7.440767392E-01
 4.924154801E-01 -6.935709425E-02 9.088451960E-01
 3.649048983E-01 -7.221596990E-01 7.712010799E-01
 1.285541380E-01 -6.030074397E-02 8.698182462E-01
 1.859418690E-01 -6.868481360E-02 9.133900571E-01
 3.522634993E-01 -7.710060758E-02 1.036313785E+00
 7.529587246E-01 5.592109948E-01 8.068692079E-01
 5.024389287E-01 6.738092934E-02 9.646648733E-01
 2.734799669E+00 -5.327399543E-01 7.334661337E-01
 1.157062906E+00 6.914995870E-01 7.627369477E-01
 9.881604083E-01 3.324751212E-01 7.556477807E-01
 1.252685240E+00 -6.293829118E-01 7.203012854E-01
 1.486175574E+00 -2.256579376E-01 7.267196008E-01
 3.724143839E-01 6.243693544E-01 7.997457612E-01
 1.058710695E-01 4.790167186E-02 8.357770145E-01
 1.619731965E-01 5.347306319E-02 8.632732544E-01
 3.473972320E-01 6.538306603E-02 9.368665500E-01
 2.248375317E+00 -5.878165421E-01 7.316210997E-01
 1.990954268E+00 -2.111198316E-01 7.351930958E-01
 2.414414872E+00 -1.864103028E-01 7.374938663E-01
 2.184457355E+00 1.578396382E-01 7.410863642E-01
 1.818177733E+00 1.244081442E-01 7.384917828E-01
 -2.738322456E-01 2.321309456E-01 6.811757162E-01
 -1.340953759E-01 6.509601929E-01 7.217934674E-01
 3.088435839E-02 3.283122482E-01 7.308322708E-01
 4.193068541E-02 3.284192985E-02 7.755381090E-01
 -2.712401746E-01 -2.368546470E-01 6.794025035E-01
 -1.460336206E-01 -6.019061902E-01 7.168951257E-01
 9.400828480E-02 -4.129462142E-01 7.580982151E-01
 7.069916397E-02 -4.802622239E-02 8.099610391E-01
 2.241402375E+00 5.539168471E-01 7.398777335E-01
 2.746407216E+00 5.959675353E-01 7.363513586E-01
 -2.351732856E-01 -4.633867052E-03 6.596511223E-01
 -1.274041702E-01 1.262108643E-01 6.498108417E-01
 -1.095706593E-01 -1.273437388E-01 6.436650571E-01
 -8.011169600E-02 -3.271391785E-01 7.023428590E-01
 9.158945008E-03 -1.818353086E-01 7.016414719E-01
 3.747259986E-02 -3.447557246E-02 7.429932452E-01
 1.597190884E-01 -2.193539253E-01 8.244367884E-01
 2.295705943E-01 -7.572661911E-02 9.439538105E-01
 -2.182041889E-02 -9.884414825E-02 6.293832857E-01
 -1.095800773E-01 -2.358491485E-02 6.072013281E-01
 -6.947905554E-02 5.499122693E-02 5.904968390E-01
 3.349202106E-02 -1.158063728E-01 7.077231896E-01
 3.109333478E+00 -2.613172586E-01 7.364243424E-01
 -5.082713871E-02 -3.912392680E-02 5.540757092E-01
 -5.665002246E-02 2.082636784E-03 5.495633193E-01
 -1.504517987E-02 6.506854603E-02 6.237008074E-01
 2.115225252E-02 2.370739943E-02 7.497778415E-01
 1.277162477E-02 1.665760640E-02 6.922317812E-01
 -3.732765301E-02 1.040694387E-01 6.446775310E-01
 2.589383756E-02 1.012369287E-01 7.140451207E-01
 7.308183438E-02 4.048411264E-02 8.092205179E-01
 -2.168373377E-02 1.824174843E-01 6.928559919E-01
 7.346225589E-02 1.934821404E-01 7.645243771E-01
 2.127057139E-01 5.985722250E-02 8.851543504E-01
 1.658874098E-01 2.858585491E-01 8.016040557E-01
 1.902641159E-01 6.034043023E-02 8.758730838E-01
 2.194847696E-01 1.824155637E-01 8.519882215E-01
 2.809172629E-01 2.563508977E-01 8.519303385E-01
 2.967431392E-01 1.576014925E-01 8.905218906E-01
 3.673225913E-01 2.161632801E-01 8.896935620E-01
 3.127436935E-01 6.784267493E-02 9.244864141E-01
 3.723004566E-01 1.408362549E-01 9.210436746E-01
 4.369939451E-01 1.784150212E-01 9.190926882E-01
 5.504089054E-01 6.766120975E-02 9.561921653E-01
 5.247486567E-01 6.949196274E-02 9.628464375E-01
 4.642148377E-01 6.823261640E-02 9.624750949E-01
 4.461610377E-01 2.686016803E-01 8.855090310E-01
 5.291452387E-01 2.040161872E-01 9.080645221E-01
 3.839520870E-01 6.982848955E-02 9.473711683E-01
 5.420564044E-01 3.382465104E-01 8.665616136E-01
 6.300627385E-01 2.554490598E-01 8.709188232E-01
 6.583581545E-01 5.891804832E-02 9.017163457E-01
 6.131975557E-01 1.570942359E-01 9.022676551E-01
 7.082980024E-01 1.757304997E-01 8.564415623E-01
 7.597966452E-01 5.001860199E-02 8.466906657E-01
 7.333495787E-01 2.637398528E-01 8.338681999E-01
 8.136095964E-01 1.952142019E-01 8.128603869E-01
 8.581368097E-01 3.971526154E-02 8.029371203E-01
 8.324586855E-01 4.205685372E-02 8.134773666E-01
 8.840413201E-01 3.020455220E-02 7.865029673E-01
 7.652203343E-01 1.401945778E-01 8.364477296E-01
 8.488146030E-01 1.222986198E-01 7.974533449E-01
 6.703722455E-01 1.225197987E-01 8.858503932E-01
 5.450390697E-01 1.365117828E-01 9.354009373E-01
 8.949676543E-01 1.895387849E-01 7.711873024E-01
 9.724650001E-01 2.343046642E-02 6.876705370E-01
 9.424758823E-01 2.610298528E-02 7.252448831E-01
 9.377387586E-01 1.200267040E-01 7.471072501E-01
 1.001873504E+00 1.955809981E-01 7.352634442E-01
 1.111781206E+00 2.643337137E-01 7.326793096E-01
 1.012389895E+00 1.138048595E-01 7.103274697E-01
 2.456530457E-01 1.197934891E-01 8.837269734E-01
 1.932268962E-01 1.251182156E-01 8.581503461E-01
 8.922772934E-01 9.146995650E-02 7.772812804E-01
 6.261131610E-01 1.074315508E-01 9.128170930E-01
 6.368333754E-01 6.015316086E-02 9.136119458E-01
 9.746533869E-01 7.530172051E-02 7.132810389E-01
 1.024611564E+00 6.020707533E-02 6.859012843E-01
 1.086659569E+00 9.883143357E-02 7.007740504E-01
 1.075653294E+00 2.803114850E-02 6.776465545E-01
 1.164619368E+00 5.220471598E-02 7.043163295E-01
 8.137370600E-01 8.815611441E-02 8.202230411E-01
 7.835469219E-01 4.577550624E-02 8.357615424E-01
 3.313482728E-01 1.128861054E-01 9.190921010E-01
 9.707715716E-02 1.076550104E-01 8.051238730E-01
 4.231011477E-01 1.206587969E-01 9.424421596E-01
 4.812290105E-01 1.270998259E-01 9.418401591E-01
 6.782823103E-01 3.788462072E-01 8.357607110E-01
 8.515272010E-01 3.278541141E-01 7.953088027E-01
 4.265013923E-01 4.044515724E-01 8.458794915E-01
 2.686535510E-01 3.878991038E-01 8.205308565E-01
 -7.861564594E-03 -6.055561898E-02 5.794922705E-01
 9.049137090E-03 -1.712045726E-02 5.640719462E-01
 2.106314572E-02 -2.725834503E-02 6.635409632E-01
 5.179917558E-01 1.056276793E-01 9.519605506E-01
 2.890744718E-02 -7.395293988E-02 6.907568259E-01
 5.479225996E-02 -4.384984340E-02 7.808370769E-01
 6.677652313E-02 -9.474177986E-02 7.708735890E-01
 1.004856684E-01 -5.769545761E-02 8.422427880E-01
 8.293037217E-02 -1.383474308E-01 7.737621466E-01
 1.123078773E-01 -1.047406653E-01 8.282817362E-01
 6.536418321E-01 9.153082588E-02 9.010387724E-01
 6.920262836E-01 8.917594632E-02 8.829152243E-01
 6.811517530E-01 5.772935488E-02 8.885033725E-01
 3.616205341E-01 1.033133743E-01 9.324817016E-01
 3.947994793E-01 1.002108272E-01 9.410426024E-01
 1.752733249E-02 6.189266050E-02 7.010789436E-01
 5.427882980E-02 7.398636103E-02 7.695816362E-01
 5.608606068E-01 5.227265337E-01 8.291455802E-01
 3.596376877E-01 6.867684986E-02 9.396331864E-01
 5.508754364E-01 1.040405506E-01 9.473068845E-01
 5.751658368E-01 6.584387074E-02 9.464923604E-01
 6.977182682E-01 5.581967288E-02 8.790960745E-01
 2.148387308E-01 9.249114844E-02 8.790827499E-01
 2.364666139E-01 6.230007917E-02 8.946158325E-01
 3.376104664E-01 6.471325627E-02 9.336947515E-01
 3.412094014E-01 8.085550796E-02 9.320437311E-01
 4.550293989E-01 1.041168026E-01 9.525205940E-01
 6.254266563E-01 5.892006770E-02 9.203971405E-01
 6.309904891E-01 7.363163149E-02 9.161507745E-01
 6.491867347E-01 6.933180207E-02 9.065211943E-01
 6.698989604E-01 7.160497788E-02 8.947204664E-01
 6.070101959E-01 8.324824250E-02 9.279346113E-01
 5.843037513E-01 1.068121807E-01 9.326955968E-01
 5.870272630E-01 6.314385175E-02 9.402479964E-01
 5.861047960E-01 7.746279240E-02 9.391477482E-01
 5.638447878E-01 8.032047643E-02 9.482970681E-01
 4.504728399E-01 7.145587601E-02 9.612220909E-01
 4.371767713E-01 8.765388099E-02 9.552463407E-01
 3.273092680E-01 6.841853945E-02 9.293678601E-01
 3.196381018E-01 8.627320760E-02 9.228953204E-01
 3.002440161E-01 7.961542195E-02 9.178910005E-01
 4.112282261E-01 6.783311769E-02 9.560558367E-01
 4.123279208E-01 8.521170853E-02 9.517542303E-01
 6.475011484E-01 5.696652102E-02 9.078538975E-01
 6.696074558E-01 5.610929560E-02 8.954402986E-01
 3.987199950E-01 7.031220730E-02 9.519109466E-01
 2.511719492E-01 6.395980369E-02 9.005096711E-01
 2.433787611E-01 8.435991110E-02 8.937166879E-01
 2.667905882E-01 9.605125134E-02 9.007798972E-01
 2.632416215E-01 7.571304232E-02 9.036304398E-01
 4.364782641E-01 6.920414457E-02 9.604051820E-01
 4.851835162E-01 9.269384583E-02 9.567445962E-01
 7.202962066E-01 5.127780629E-02 8.648655577E-01
 7.129100963E-01 6.760489432E-02 8.714627774E-01
 7.338130644E-01 6.411905057E-02 8.603900245E-01
 7.253389379E-01 1.002371535E-01 8.605217116E-01
 3.727050975E-01 8.402627911E-02 9.409560428E-01
 4.768084441E-01 7.186885561E-02 9.617725670E-01
 5.379926018E-01 8.391207544E-02 9.563285371E-01
 -1.199365474E-01 2.642994036E-01 6.896696877E-01
 6.144826581E-01 6.387662737E-02 9.261660646E-01
 3.726659380E-01 6.738048232E-02 9.437611023E-01
 2.227900790E-01 7.280375858E-02 8.876092809E-01
 7.319597507E-01 4.881303581E-02 8.602370257E-01
 7.578982553E-01 7.150477957E-02 8.493089908E-01
 7.836118395E-01 7.446648337E-02 8.371680349E-01
 7.449479530E-01 5.190643820E-02 8.542769045E-01
 5.375991910E-01 6.644946905E-02 9.605790237E-01
 5.628302022E-01 6.449393844E-02 9.524419877E-01
 2.562318070E+00 2.033541195E-01 7.407228050E-01
 -2.011700764E-02 -3.134108740E-02 4.771282662E-01
 1.979405608E-03 -1.391084497E-02 4.323447315E-01
 -2.898977372E-02 -6.771889689E-03 4.427446196E-01
 -1.261141388E-02 -1.486319684E-03 3.459079464E-01
 -3.065270940E-03 -5.031112385E-03 2.079776149E-01
 2.633031608E-01 6.193142255E-02 9.053593062E-01
 1.133245517E-03 -4.079901362E-02 5.550973458E-01
 2.032824639E-02 -5.115033701E-02 6.467994675E-01
 9.878080213E-01 4.566419844E-02 6.859970611E-01
 2.247387104E-01 5.860275932E-02 8.901723463E-01
 -1.099162802E-02 -1.528256822E-02 3.782170318E-01
 -1.973803213E-02 2.104661749E-02 4.991580480E-01
 -2.464262644E-05 1.040513378E-02 5.347638368E-01
 8.459146575E-02 7.046406652E-02 8.120352435E-01
 1.274787463E-01 8.561526739E-02 8.407824993E-01
 1.383482773E-01 5.037018553E-02 8.531921011E-01
 6.521107495E-02 5.404967721E-02 7.944362355E-01
 9.560878510E-01 4.424602948E-02 7.172356253E-01
 9.894086425E-01 2.423070831E-02 6.647729790E-01
 1.017865663E+00 2.057090147E-02 6.522566553E-01
 1.342424579E-01 -1.541897446E-01 8.312324800E-01
 1.610021072E-01 -1.120033408E-01 8.700204209E-01
 1.483081005E-01 -6.186030142E-02 8.855912996E-01
 1.893025407E-01 -1.582586810E-01 8.713416728E-01
 2.387325748E-01 -2.109340210E-01 8.807432749E-01
 2.825019112E-01 -1.542871520E-01 9.317711157E-01
 3.233270922E-01 -2.109237755E-01 9.217290151E-01
 3.148231821E-01 -7.600439258E-02 1.011244017E+00
 3.078298564E-01 -2.861754003E-01 8.780992524E-01
 4.016104580E-01 -2.702599696E-01 8.925623182E-01
 4.282784377E-01 -1.813794255E-01 9.250256886E-01
 5.010648366E-01 -2.404096777E-01 8.555484077E-01
 4.565589716E-01 -7.341487457E-02 9.571383713E-01
 5.246630952E-01 -1.602763108E-01 8.498762937E-01
 5.914340567E-01 -2.124256737E-01 7.934398407E-01
 5.479527573E-01 -6.246132970E-02 8.384503809E-01
 5.234401710E-01 -6.668034483E-02 8.670980247E-01
 5.032666854E-01 -3.707452244E-01 8.234561762E-01
 5.897990719E-01 -1.412123301E-01 7.955542829E-01
 6.410859701E-01 -5.238190675E-02 7.527493453E-01
 6.667133914E-01 -1.638253300E-01 7.489759626E-01
 7.330013969E-01 -3.372922569E-02 6.915850476E-01
 6.758846306E-01 -2.684370021E-01 7.499344476E-01
 7.559807365E-01 -2.085176704E-01 7.164772932E-01
 9.835457325E-01 -1.069908154E-02 6.018500133E-01
 9.420766504E-01 -1.253413467E-02 5.944496210E-01
 8.442052745E-01 -1.776005577E-02 6.283265179E-01
 8.215002080E-01 -2.120723173E-02 6.411760432E-01
 8.678073141E-01 -1.412892563E-02 6.142996326E-01
 7.423124716E-01 -1.219216695E-01 7.053358823E-01
 8.209555308E-01 -1.522009304E-01 6.838127438E-01
 8.463973641E-01 -2.227891418E-01 6.927385697E-01
 9.066606680E-01 -1.563992794E-01 6.649300218E-01
 9.641865677E-01 -2.652179594E-01 6.863877515E-01
 1.051204327E+00 -1.784983956E-01 6.794372486E-01
 8.029836315E-01 -9.281104610E-02 6.712091038E-01
 8.605093755E-01 -9.626047115E-02 6.527053794E-01
 9.375361917E-01 -8.379015494E-02 6.364386299E-01
 1.042269786E+00 -9.133538889E-02 6.643886475E-01
 1.153212461E+00 -1.251443208E-01 6.948350391E-01
 1.152003152E+00 -2.462320806E-01 6.993816708E-01
 3.323492445E-01 -1.466652413E-01 9.648843717E-01
 3.820278315E-01 -7.570420101E-02 1.048486711E+00
 6.784670822E-01 -1.058936714E-01 7.332397663E-01
 6.286186430E-01 -9.682142654E-02 7.666871803E-01
 6.138020230E-01 -5.455691927E-02 7.750381443E-01
 7.200359573E-01 -7.455836256E-02 7.075629984E-01
 7.097002848E-01 -3.843283105E-02 7.066052811E-01
 8.949020379E-01 -6.698377234E-02 6.316971313E-01
 4.637871987E-01 -1.318842610E-01 9.170879826E-01
 2.036933324E-01 -1.088015188E-01 9.041263588E-01
 2.072792735E-01 -7.079610494E-02 9.298630809E-01
 8.327482937E-01 -5.590834550E-02 6.474279973E-01
 8.656940064E-01 -5.164556115E-02 6.322180309E-01
 5.458537088E-01 -1.081350612E-01 8.352212039E-01
 1.103665467E+00 -4.234106905E-01 7.065126718E-01
 1.294119357E+00 -1.640477137E-01 7.153136850E-01
 7.783333389E-01 -3.165351993E-01 7.155399610E-01
 6.668965658E-01 -4.002448666E-01 7.561592597E-01
 3.018023185E-01 -1.178573730E-01 9.682509524E-01
 2.679144812E-01 -1.159004867E-01 9.462150211E-01
 2.586851766E-01 -7.245218638E-02 9.676273495E-01
 5.817789339E-01 -9.494001955E-02 8.016660659E-01
 7.992057837E-01 -5.579209938E-02 6.625545687E-01
 7.641529615E-01 -6.940835905E-02 6.829962302E-01
 7.590489052E-01 -2.912246193E-02 6.766731002E-01
 8.810370147E-01 -4.327655463E-01 7.144512575E-01
 9.767929979E-01 -6.345734399E-01 7.261014620E-01
 3.366343033E-01 -1.115080226E-01 9.959846605E-01
 3.723538692E-01 -1.254210446E-01 9.962769288E-01
 5.631949402E-01 -6.043647280E-02 8.215048096E-01
 5.589400848E-01 -7.921684350E-02 8.250102761E-01
 5.381270858E-01 -7.759386220E-02 8.482579471E-01
 5.171664305E-01 -8.630013291E-02 8.685448264E-01
 4.928210647E-01 -9.168065362E-02 9.019661462E-01
 5.111458286E-01 -1.192161893E-01 8.724634673E-01
 4.809087674E-01 -7.776687251E-02 9.220543377E-01
 4.641660178E-01 -9.139174830E-02 9.385922104E-01
 4.334876755E-01 -1.103870084E-01 9.696347396E-01
 4.425301171E-01 -8.589496680E-02 9.721320934E-01
 3.272890864E-01 -7.758206341E-02 1.019453564E+00
 5.776146328E-01 -7.055803863E-02 8.065722505E-01
 6.029857642E-01 -7.108657748E-02 7.854659128E-01
 6.860457878E-01 -7.311186818E-02 7.260134278E-01
 6.558341214E-01 -7.182516447E-02 7.448196934E-01
 5.354231816E-01 -6.256387934E-02 8.529060916E-01
 8.875798085E-01 -3.409878491E-02 6.169551040E-01
 9.169987779E-01 -4.368016304E-02 6.145466240E-01
 9.652040445E-01 -5.544491915E-02 6.215254807E-01
 9.242632152E-01 -7.874914460E-03 5.932302622E-01
 7.474730786E-01 -3.317086383E-02 6.838583189E-01
 7.416006403E-01 -5.121605842E-02 6.908045550E-01
 7.219342697E-01 -4.828692304E-02 7.013035317E-01
 3.430608647E-01 -4.276703266E-01 8.188301141E-01
 7.210104575E-01 -3.363759951E-02 6.981236372E-01
 8.574655888E-01 -1.782783714E-02 6.210623429E-01
 4.447573717E-01 -7.123817966E-02 9.768363228E-01
 4.337798726E-01 -7.366810475E-02 9.956978113E-01
 5.750718592E-01 -5.606542258E-02 8.080644142E-01
 8.789221089E-01 -1.670248671E-02 6.110885191E-01
 7.055172711E-01 -5.754412533E-02 7.133276105E-01
 5.445527140E-01 -5.451149324E-01 7.865988587E-01
 9.441189090E-01 -3.455184234E-02 6.108166739E-01
 9.691674907E-01 -2.782692848E-02 6.020402888E-01
 9.993724806E-01 -4.398545639E-02 6.247761710E-01
 9.331276119E-01 -8.217307714E-03 5.925469536E-01
 9.132420327E-01 -9.638447761E-03 5.965760997E-01
 6.571624485E-01 -4.900799281E-02 7.413319618E-01
 6.289145794E-01 -6.712178707E-02 7.641943435E-01
 8.081802352E-01 -2.317975745E-02 6.481670029E-01
 8.156533472E-01 -3.724240272E-02 6.492080855E-01
 7.981546587E-01 -3.547736351E-02 6.573555474E-01
 8.331380135E-01 -3.034162553E-02 6.384055837E-01
 7.967061379E-01 -2.239750314E-02 6.539528275E-01
 9.586976931E-01 -1.323533121E-02 5.982912822E-01
 9.707292057E-01 -1.000821031E-02 5.916815581E-01
 9.280210952E-01 -2.045412573E-02 6.000665491E-01
 1.237073422E+00 -3.491975328E-02 7.084547917E-01
 1.295576481E+00 1.068183453E-01 7.218730494E-01
 1.404506371E+00 -3.601160582E-02 7.234972733E-01
 1.507917577E+00 1.403123472E-01 7.327253153E-01
 1.311949878E+00 3.022655768E-01 7.359652053E-01
 1.447889510E+00 5.613614897E-01 7.475363290E-01
 3.788717018E-01 -1.800749321E-01 9.547882252E-01
 1.306090231E+00 -3.534907352E-01 7.173492847E-01
 6.724289779E-01 -5.667497440E-02 7.321058533E-01
 7.801503753E-01 -4.404804827E-02 6.687259188E-01
 7.609645883E-01 -4.436870820E-02 6.789259785E-01
 1.649904576E+00 -7.690999038E-02 7.321130754E-01
 9.311436182E-01 7.311704076E-02 7.479231235E-01
 9.050452370E-01 5.956764764E-02 7.694240777E-01
 8.743677080E-01 5.891554913E-02 7.920899806E-01
 9.287267093E-01 4.254635937E-02 7.452620081E-01
 9.192344022E-01 2.741674523E-02 7.518010994E-01
 8.935147455E-01 -1.466913868E-02 6.052310369E-01
 3.597899694E-01 -9.908881571E-02 1.021873695E+00
 3.675454100E-01 -8.302343476E-02 1.040605371E+00
 3.831593927E-01 -9.341318974E-02 1.029037802E+00
 4.019327462E-01 -8.939199677E-02 1.026559878E+00
 4.045054000E-01 -1.097374095E-01 1.003655537E+00
 -1.482190258E-03 -2.638160203E-02 4.847556697E-01
 7.725752623E-01 5.985102566E-02 8.409637999E-01
 2.349209923E-01 -1.400053365E-01 9.102224045E-01
 2.374488474E-01 -9.892020287E-02 9.354793693E-01
 2.638289043E-01 -8.676680909E-02 9.624532074E-01
 5.877093550E-01 -2.984524889E-01 7.910168736E-01
 7.976445789E-01 5.744844612E-02 8.304897477E-01
 8.193652685E-01 5.520755882E-02 8.196198470E-01
 8.434940703E-01 5.746926260E-02 8.089389086E-01
 1.374547041E-01 -8.900983826E-02 8.606627905E-01
 1.171336112E-01 -7.330334849E-02 8.481020307E-01
 9.559360116E-01 2.042079344E-02 7.098661448E-01
 1.821439058E-01 8.369235055E-02 8.673907047E-01
 9.949133310E-01 1.214222267E-02 6.419102493E-01
 2.874933236E-01 -9.561748269E-02 9.750926571E-01
 9.081400791E-01 -2.228277694E-02 6.053256433E-01
 2.986142695E-01 -7.696324161E-02 9.974583378E-01
 3.152814461E-01 -9.214913368E-02 9.970743979E-01
 8.505586912E-01 -3.423997821E-02 6.311760363E-01
 3.912746836E-01 8.277388821E-02 9.474153989E-01
 9.824288449E-01 -1.430979187E-01 6.612747502E-01
 1.824968817E-01 -9.325128148E-02 8.986566099E-01
 1.594620813E-01 -8.205665054E-02 8.840961608E-01
 1.703044341E-01 -7.038108532E-02 9.027877523E-01
 1.967320593E-01 -8.185498923E-02 9.158354332E-01
 5.067352061E-01 -7.068246950E-02 8.875292940E-01
 8.006146140E-02 -2.744879168E-01 7.579501170E-01
 6.951108886E-01 -4.164029277E-02 7.162014157E-01
 3.403136389E-01 -8.951135989E-02 1.017215060E+00
 5.125851440E-01 6.740150247E-02 9.651507541E-01
 5.083739218E-01 8.328084103E-02 9.609922649E-01
 8.958588540E-01 2.998340755E-02 7.783152479E-01
 1.387826550E-01 5.068790366E-01 7.661152681E-01
 1.295211353E-03 4.237782374E-02 6.297695116E-01
 5.043398445E-03 2.413503219E-02 6.169464501E-01
 7.088249689E-03 1.264320773E-02 6.606602241E-01
 1.733648558E+00 -3.036558740E-01 7.316140453E-01
 1.621435527E-01 7.585654465E-01 7.520348508E-01
 7.711704015E-01 -2.962074244E-02 6.694542136E-01
 9.581715767E-01 5.217794461E-01 7.763150247E-01
 2.154981623E-01 -8.557093146E-02 9.275607693E-01
 8.743733050E-01 3.671551136E-02 7.938515685E-01
 8.200971827E-01 3.989718658E-02 8.184535687E-01
 1.093584961E-01 6.869310553E-02 8.333407939E-01
 1.551922666E-01 7.161976362E-02 8.578542633E-01
 8.863736753E-02 5.227682802E-02 8.209518964E-01
 1.233388618E-01 4.945591633E-02 8.452062866E-01
 3.133974596E+00 6.339745962E-01 7.327802960E-01
 6.272632772E-01 -4.982619336E-02 7.634119341E-01
 2.012511722E-01 -3.031211692E-01 8.240750665E-01
 7.707773103E-01 4.570933836E-02 8.419418326E-01
 6.684336401E-01 -4.284536564E-02 7.330861562E-01
 2.682799687E-01 -7.318663600E-02 9.757151650E-01
 7.959913485E-01 4.320531727E-02 8.294434016E-01
 3.133974596E+00 -6.339745962E-01 7.320825850E-01
 2.966059186E-01 1.093897955E-01 9.075528314E-01
 3.401723199E-01 -7.520918848E-02 1.030822693E+00
 9.475087759E-02 -1.979965827E-01 7.794919755E-01
 4.918901566E-01 7.162737277E-02 9.625773757E-01
 9.300147155E-01 2.380517725E-02 7.369780988E-01
 4.078115912E-01 -7.456577415E-02 1.031892956E+00
 3.963537334E-01 -7.445022263E-02 1.042796961E+00
 1.963617193E+00 3.585785791E-01 7.440130054E-01
 1.741647303E-01 5.963504451E-02 8.694208230E-01
 2.026226006E-01 7.150412115E-02 8.797966669E-01
 8.320874820E-01 -1.735571934E-02 6.341961845E-01
 8.446915627E-01 3.826995735E-02 8.084591264E-01
 1.971112227E-01 -6.744237045E-02 9.237794873E-01
 2.189997983E-01 -7.017551316E-02 9.381254326E-01
 4.638533154E-01 8.386046641E-02 9.581982204E-01
 8.680045863E-01 -2.810726229E-02 6.210632399E-01
 2.464858780E-01 -7.634814391E-02 9.558614158E-01
 6.906106417E-01 6.939000075E-02 8.830960202E-01
 3.761496950E-02 4.840785366E-02 7.577561414E-01
 5.715767737E-02 3.665302304E-02 7.912145092E-01
 6.006309378E-01 -5.346724489E-02 7.863618163E-01
 1.494645628E-01 5.404844752E-02 8.577240133E-01
 1.618006005E-01 -6.315998542E-02 8.967961564E-01
 1.518639761E+00 -5.177224754E-01 7.256496238E-01
 8.951248215E-02 -7.550725446E-02 8.143904119E-01
 6.218208416E-02 -6.402101972E-02 7.742994776E-01
 8.284672063E-02 -5.714784680E-02 8.178344566E-01
 3.868050123E-02 -5.203535825E-02 7.230942737E-01
 2.458689986E-02 -3.828148719E-02 6.847949677E-01
 1.224487794E-02 -3.247500481E-02 5.996634913E-01
 1.422100136E-02 -2.250825508E-02 6.115340930E-01
 6.657696845E-03 -2.242607245E-02 5.351963055E-01
 1.130140145E+00 4.366672396E-01 7.506763976E-01
 2.808568074E-01 8.146344168E-02 9.098230585E-01
 2.900073147E-01 6.810278411E-02 9.154036826E-01
 3.016242751E-01 6.486673458E-02 9.206196286E-01
 1.465316549E-01 1.630595744E-01 8.238783282E-01
 1.895975735E-02 3.895754596E-02 7.150156693E-01
 3.116837776E-02 3.310002885E-02 7.632245330E-01
 3.716290379E-01 -7.272233900E-02 1.052023751E+00
 3.632029675E-01 -7.289023142E-02 1.047678930E+00
 9.856709593E-01 -9.067371082E-02 6.409231947E-01
 1.042881581E+00 -2.188679614E-02 6.463324150E-01
 1.161713699E-01 -5.708091628E-02 8.598409434E-01
 9.081013336E-01 3.882455449E-02 7.658338742E-01
 4.714746938E-01 -6.918829152E-02 9.379490005E-01
 -2.046400274E-01 4.315490481E-01 7.031401782E-01
 1.502751045E-01 1.061266970E-01 8.429381124E-01
 1.338635351E-01 6.330044765E-02 8.494830803E-01
 8.902979596E-01 4.236853706E-02 7.820064060E-01
 2.015975337E-01 5.715191675E-02 8.806922516E-01
 8.545381470E-01 8.366190048E-02 8.009147376E-01
 -2.406513824E-01 -4.282766843E-01 6.976624485E-01
 8.663080036E-02 3.997585558E-02 8.206010496E-01
 9.543445512E-02 4.153728583E-02 8.283372461E-01
 4.206693516E-01 -8.821226308E-02 1.003625041E+00
 1.078638927E+00 1.688371944E-01 7.155298362E-01
 1.174870905E+00 1.655484966E-01 7.189556864E-01
 6.879538858E-01 -5.434689101E-02 7.222827395E-01
 -6.836926496E-03 -1.502752808E-03 2.149470647E-01
 -3.729862632E-03 2.604946858E-03 2.974592006E-01
 2.770412248E+00 -1.122876898E-01 7.385316449E-01
 1.640679558E+00 3.549718200E-01 7.427952797E-01
 1.119284985E+00 -3.217506577E-02 6.839822011E-01
 8.999020683E-01 -1.008584195E-01 6.446778172E-01
 9.833920565E-01 1.358084730E-02 6.592101040E-01
 8.043602627E-01 1.305807534E-01 8.205185767E-01
 3.602174479E-01 3.087521254E-01 8.600618846E-01
 4.135473805E-01 -1.398140135E-01 9.693178975E-01
 9.145983399E-02 -4.975780096E-02 8.383738199E-01
 8.271013334E-02 -4.728012473E-02 8.294700423E-01
 1.379017470E-01 -7.298393688E-02 8.693043797E-01
 6.110827580E-01 6.978553005E-01 8.047928165E-01
 8.411081125E-01 7.558895733E-01 7.887802765E-01
 3.663082133E-02 2.750880081E-02 7.808972917E-01
 3.076810450E-02 2.457926197E-02 7.791311338E-01
 8.934495773E-01 1.308335163E-01 7.758956968E-01
 4.820105721E-01 -6.644359357E-02 9.248244657E-01
 7.750277816E-01 1.008566437E-01 8.379039673E-01
 6.903234984E-01 -7.438863698E-01 7.579534069E-01
 4.794483921E-01 -1.784874187E-01 8.959789966E-01
 1.318756740E-01 -5.906869923E-01 7.546736083E-01
 94 426 689 689
 415 100 418 418
 345 103 415 415
 426 90 609 609
 84 279 280 280
 87 280 609 609
 608 426 609 609
 426 425 689 689
 280 608 609 609
 306 315 399 399
 441 136 590 590
 586 618 637 637
 282 278 359 359
 339 338 370 370
 334 582 680 680
 527 442 623 623
 658 346 659 659
 291 289 324 324
 287 285 665 665
 313 306 399 399
 199 233 710 710
 344 271 348 348
 241 317 321 321
 577 578 645 645
 198 258 681 681
 369 362 400 400
 316 300 339 339
 458 537 538 538
 463 464 469 469
 306 305 315 315
 319 566 633 633
 232 508 599 599
 480 525 526 526
 454 477 478 478
 265 267 271 271
 521 471 536 536
 452 454 478 478
 480 498 525 525
 454 463 477 477
 323 320 329 329
 318 431 585 585
 237 340 341 341
 288 586 637 637
 608 279 666 666
 268 110 657 657
 514 591 602 602
 300 295 339 339
 427 430 619 619
 447 452 488 488
 467 465 491 491
 381 380 643 643
 71 429 620 620
 8 7 567 567
 195 196 254 254
 254 196 675 675
 417 418 688 688
 309 306 313 313
 297 402 604 604
 316 339 347 347
 658 659 660 660
 198 192 258 258
 332 330 433 433
 255 284 285 285
 310 565 582 582
 228 248 249 249
 242 202 652 652
 228 203 248 248
 377 225 378 378
 260 349 654 654
 73 72 620 620
 294 291 336 336
 202 228 652 652
 311 581 616 616
 330 329 422 422
 468 467 474 474
 247 362 369 369
 215 195 254 254
 483 508 511 511
 324 325 366 366
 565 310 615 615
 192 199 258 258
 290 289 291 291
 463 469 498 498
 665 337 676 676
 264 281 284 284
 305 300 316 316
 201 242 501 501
 439 475 493 493
 469 470 486 486
 415 574 660 660
 454 457 463 463
 431 319 585 585
 292 291 294 294
 453 518 541 541
 259 527 623 623
 260 654 655 655
 459 536 548 548
 212 240 556 556
 303 300 305 305
 261 251 413 413
 399 398 408 408
 199 200 233 233
 371 372 404 404
 295 294 338 338
 422 318 432 432
 501 231 708 708
 477 463 480 480
 546 486 592 592
 319 431 566 566
 443 444 557 557
 255 285 287 287
 77 283 648 648
 270 577 645 645
 380 298 643 643
 378 376 379 379
 470 466 693 693
 615 312 678 678
 265 271 276 276
 435 484 595 595
 353 435 583 583
 502 503 569 569
 202 203 228 228
 211 212 229 229
 447 448 452 452
 523 540 550 550
 365 220 397 397
 201 202 242 242
 656 268 657 657
 480 463 498 498
 375 225 404 404
 228 249 610 610
 245 619 683 683
 444 445 709 709
 258 259 266 266
 513 446 530 530
 418 417 424 424
 238 604 632 632
 349 268 656 656
 305 316 376 376
 688 97 689 689
 471 522 536 536
 262 261 413 413
 516 479 649 649
 212 213 240 240
 245 617 619 619
 355 354 374 374
 512 511 513 513
 385 386 389 389
 479 516 542 542
 229 212 556 556
 125 124 597 597
 341 241 613 613
 496 478 516 516
 315 305 327 327
 491 492 500 500
 285 282 337 337
 291 324 629 629
 318 422 431 431
 463 457 464 464
 464 466 470 470
 249 251 252 252
 440 443 557 557
 520 521 589 589
 659 345 660 660
 555 554 691 691
 527 259 710 710
 248 239 250 250
 209 210 262 262
 245 73 620 620
 218 568 589 589
 566 567 633 633
 135 134 590 590
 204 239 248 248
 482 471 521 521
 498 497 560 560
 595 235 597 597
 203 204 248 248
 372 375 404 404
 459 539 550 550
 289 287 665 665
 211 229 261 261
 303 305 306 306
 237 341 613 613
 399 408 707 707
 196 197 253 253
 555 556 661 661
 508 483 509 509
 321 320 323 323
 619 283 682 682
 265 266 267 267
 249 252 562 562
 570 476 668 668
 197 198 257 257
 271 274 348 348
 79 78 648 648
 439 440 475 475
 368 369 382 382
 225 375 378 378
 395 401 632 632
 469 464 470 470
 317 241 341 341
 490 243 553 553
 568 520 589 589
 392 391 393 393
 647 256 648 648
 356 374 388 388
 422 432 433 433
 210 261 262 262
 307 408 410 410
 253 263 264 264
 536 459 550 550
 263 257 265 265
 246 618 650 650
 236 569 570 570
 332 433 671 671
 189 188 548 548
 266 259 600 600
 223 8 567 567
 365 397 646 646
 207 208 230 230
 433 432 587 587
 474 489 558 558
 59 58 663 663
 436 234 700 700
 249 248 250 250
 204 205 239 239
 429 650 677 677
 302 340 361 361
 342 244 343 343
 315 327 354 354
 249 250 251 251
 249 562 610 610
 418 97 688 688
 342 302 361 361
 314 334 680 680
 256 667 703 703
 470 482 487 487
 488 505 506 506
 486 487 592 592
 477 480 517 517
 556 555 691 691
 209 262 621 621
 478 477 518 518
 436 596 651 651
 369 336 383 383
 508 507 599 599
 210 211 261 261
 581 311 582 582
 586 288 638 638
 415 424 574 574
 435 437 484 484
 655 351 698 698
 541 518 559 559
 376 363 379 379
 214 701 702 702
 201 501 708 708
 437 438 576 576
 499 524 561 561
 499 561 612 612
 614 270 642 642
 474 467 489 489
 206 207 275 275
 295 338 339 339
 293 384 664 664
 324 289 325 325
 188 187 459 459
 308 306 309 309
 272 265 276 276
 255 287 606 606
 476 571 635 635
 357 336 369 369
 338 294 358 358
 488 506 507 507
 432 318 694 694
 292 294 295 295
 290 291 292 292
 183 182 568 568
 230 262 413 413
 596 436 700 700
 258 199 710 710
 582 311 640 640
 207 230 275 275
 533 520 568 568
 654 653 655 655
 397 398 399 399
 518 453 542 542
 244 214 611 611
 334 580 581 581
 354 327 372 372
 569 236 602 602
 235 595 598 598
 188 459 548 548
 438 439 576 576
 489 242 558 558
 323 329 330 330
 287 343 606 606
 264 263 272 272
 191 190 458 458
 287 289 290 290
 488 496 505 505
 2 1 587 587
 235 125 597 597
 381 338 386 386
 230 413 690 690
 353 434 435 435
 389 386 593 593
 483 511 512 512
 337 282 360 360
 531 227 684 684
 486 470 487 487
 452 448 454 454
 671 472 692 692
 467 491 500 500
 324 366 391 391
 273 272 277 277
 241 321 322 322
 447 445 448 448
 444 443 445 445
 550 540 589 589
 544 486 546 546
 250 239 690 690
 190 189 549 549
 309 317 341 341
 324 391 392 392
 194 209 621 621
 208 194 621 621
 391 366 406 406
 452 478 496 496
 563 326 564 564
 293 382 383 383
 574 658 660 660
 205 193 628 628
 193 206 628 628
 584 234 672 672
 294 336 357 357
 350 353 653 653
 565 615 678 678
 577 270 614 614
 322 321 685 685
 299 295 300 300
 357 369 400 400
 462 529 644 644
 497 486 544 544
 168 167 481 481
 469 486 497 497
 554 553 562 562
 575 335 580 580
 536 537 548 548
 134 222 590 590
 403 255 675 675
 556 240 661 661
 397 355 646 646
 431 563 566 566
 375 376 378 378
 256 79 648 648
 395 370 643 643
 227 634 684 684
 408 398 410 410
 610 243 652 652
 441 590 591 591
 333 332 692 692
 302 300 303 303
 259 258 710 710
 281 278 282 282
 264 284 403 403
 510 232 706 706
 535 233 708 708
 283 430 648 648
 553 243 562 562
 293 383 384 384
 604 395 632 632
 238 603 604 604
 309 313 695 695
 479 542 622 622
 469 497 498 498
 516 478 542 542
 372 327 375 375
 351 584 672 672
 313 399 707 707
 494 493 588 588
 262 230 621 621
 657 346 658 658
 214 215 611 611
 605 223 673 673
 617 245 620 620
 234 584 700 700
 314 309 695 695
 454 456 457 457
 41 40 603 603
 296 379 402 402
 618 586 676 676
 200 201 708 708
 315 354 355 355
 53 52 362 362
 26 25 365 365
 466 467 594 594
 261 229 636 636
 213 214 702 702
 294 357 358 358
 329 320 563 563
 334 409 580 580
 525 498 561 561
 591 502 602 602
 542 453 622 622
 488 452 496 496
 374 356 646 646
 236 570 669 669
 263 265 272 272
 483 447 509 509
 337 427 617 617
 256 647 667 667
 285 337 665 665
 320 317 705 705
 271 267 274 274
 326 314 680 680
 284 282 285 285
 222 578 588 588
 320 326 563 563
 317 314 705 705
 446 511 674 674
 275 230 690 690
 309 314 317 317
 427 360 430 430
 508 232 510 510
 667 279 704 704
 551 333 692 692
 533 462 644 644
 370 381 643 643
 317 320 321 321
 308 309 341 341
 43 42 632 632
 520 482 521 521
 382 369 383 383
 254 255 606 606
 381 226 394 394
 464 465 466 466
 338 358 386 386
 116 115 260 260
 233 200 708 708
 316 363 376 376
 344 348 421 421
 22 21 410 410
 153 152 599 599
 27 26 356 356
 451 527 535 535
 10 9 605 605
 214 244 701 701
 511 446 513 513
 4 3 318 318
 502 475 503 503
 485 614 642 642
 252 554 562 562
 253 197 263 263
 607 425 608 608
 355 397 399 399
 331 330 332 332
 222 588 590 590
 538 472 671 671
 197 257 263 263
 251 250 413 413
 577 494 578 578
 5 4 585 585
 244 361 701 701
 428 337 617 617
 252 251 636 636
 36 35 364 364
 439 438 440 440
 354 372 373 373
 244 342 361 361
 34 33 225 225
 445 447 709 709
 360 359 647 647
 167 166 601 601
 524 525 561 561
 156 155 449 449
 233 527 710 710
 171 170 524 524
 265 257 266 266
 581 224 616 616
 561 560 612 612
 380 381 394 394
 126 125 235 235
 251 261 636 636
 146 145 227 227
 134 133 222 222
 402 347 604 604
 173 172 612 612
 31 30 328 328
 6 5 319 319
 138 137 514 514
 278 273 425 425
 331 333 686 686
 301 400 405 405
 154 153 450 450
 384 383 629 629
 29 28 304 304
 420 421 658 658
 286 406 638 638
 50 49 389 389
 492 231 500 500
 348 350 654 654
 74 73 245 245
 458 190 549 549
 230 208 621 621
 507 450 599 599
 55 54 368 368
 206 275 628 628
 48 47 226 226
 400 362 405 405
 402 297 411 411
 567 7 633 633
 21 20 307 307
 57 56 293 293
 493 475 502 502
 17 16 224 224
 11 10 312 312
 243 490 558 558
 276 344 414 414
 80 79 256 256
 132 131 495 495
 239 275 690 690
 571 572 635 635
 58 57 664 664
 221 59 663 663
 70 69 650 650
 62 61 390 390
 343 244 606 606
 13 12 310 310
 284 255 403 403
 435 434 437 437
 140 139 236 236
 169 168 528 528
 158 157 532 532
 508 510 511 511
 255 254 675 675
 480 526 534 534
 46 45 380 380
 355 374 646 646
 60 59 221 221
 180 179 529 529
 239 205 628 628
 148 147 530 530
 398 396 407 407
 12 11 615 615
 19 18 335 335
 175 174 547 547
 487 482 520 520
 467 468 594 594
 327 305 376 376
 401 395 643 643
 566 564 673 673
 152 151 232 232
 493 502 591 591
 358 357 400 400
 24 23 396 396
 165 164 625 625
 240 213 702 702
 605 673 678 678
 107 106 659 659
 162 161 622 622
 18 17 627 627
 473 490 551 551
 178 177 639 639
 654 349 656 656
 350 352 353 353
 67 66 288 288
 179 178 460 460
 363 347 402 402
 485 598 614 614
 181 180 462 462
 166 165 216 216
 147 146 531 531
 45 44 298 298
 483 512 697 697
 63 62 367 367
 182 181 533 533
 584 351 653 653
 186 185 523 523
 44 43 401 401
 437 269 438 438
 685 331 686 686
 560 217 612 612
 296 402 411 411
 14 13 640 640
 127 126 641 641
 174 173 217 217
 473 474 490 490
 520 533 644 644
 185 184 540 540
 507 508 509 509
 322 555 661 661
 47 46 394 394
 184 183 218 218
 172 171 499 499
 9 8 223 223
 25 24 220 220
 439 493 494 494
 121 120 234 234
 144 143 635 635
 68 67 637 637
 28 27 388 388
 155 154 519 519
 476 570 571 571
 56 55 382 382
 666 279 667 667
 32 31 371 371
 161 160 479 479
 578 222 626 626
 16 15 616 616
 69 68 246 246
 35 34 377 377
 38 37 296 296
 384 629 662 662
 275 239 628 628
 37 36 412 412
 187 186 539 539
 242 489 501 501
 51 50 301 301
 159 158 219 219
 112 111 268 268
 160 159 649 649
 75 74 683 683
 131 130 645 645
 273 277 425 425
 23 22 407 407
 128 127 485 485
 513 531 684 684
 163 162 453 453
 164 163 541 541
 440 442 443 443
 42 41 238 238
 54 53 247 247
 61 60 419 419
 40 39 297 297
 653 351 655 655
 578 494 588 588
 347 339 395 395
 76 75 682 682
 613 240 702 702
 77 76 283 283
 459 187 539 539
 219 516 649 649
 420 344 421 421
 573 503 697 697
 464 457 465 465
 527 233 535 535
 123 122 436 436
 488 507 509 509
 170 169 455 455
 150 149 674 674
 189 548 549 549
 374 304 388 388
 176 175 543 543
 228 610 652 652
 30 29 387 387
 303 306 308 308
 511 510 674 674
 130 129 270 270
 353 584 653 653
 334 695 707 707
 145 144 634 634
 276 271 344 344
 15 14 311 311
 534 481 601 601
 157 156 504 504
 49 48 385 385
 495 578 626 626
 498 560 561 561
 555 322 686 686
 177 176 461 461
 506 450 507 507
 143 142 476 476
 149 148 446 446
 124 123 651 651
 66 65 679 679
 218 183 568 568
 33 32 404 404
 430 360 647 647
 431 329 563 563
 336 291 629 629
 342 343 696 696
 64 63 423 423
 634 572 684 684
 370 338 381 381
 20 19 624 624
 620 429 677 677
 373 304 374 374
 489 467 500 500
 554 252 691 691
 39 38 411 411
 552 554 555 555
 7 6 633 633
 137 136 441 441
 500 231 501 501
 580 224 581 581
 129 128 642 642
 260 655 699 699
 52 51 405 405
 359 278 607 607
 267 266 600 600
 65 64 286 286
 416 417 425 425
 105 104 345 345
 487 520 644 644
 321 323 685 685
 71 70 429 429
 3 2 694 694
 650 618 677 677
 81 80 703 703
 109 108 346 346
 466 471 693 693
 552 555 686 686
 133 132 626 626
 219 515 516 516
 215 254 611 611
 518 517 559 559
 333 551 552 552
 602 236 630 630
 545 217 560 560
 497 544 545 545
 114 113 349 349
 353 352 434 434
 529 592 644 644
 434 269 437 437
 303 308 340 340
 559 216 625 625
 299 300 302 302
 526 481 534 534
 274 267 352 352
 451 492 579 579
 538 522 670 670
 477 517 518 518
 292 295 299 299
 339 370 395 395
 444 483 697 697
 139 138 630 630
 505 496 515 515
 316 347 363 363
 330 422 433 433
 475 440 557 557
 457 456 491 491
 302 303 340 340
 562 243 610 610
 337 360 427 427
 397 396 398 398
 596 595 597 597
 196 253 675 675
 492 451 535 535
 597 124 651 651
 142 141 668 668
 356 365 646 646
 226 381 386 386
 472 473 692 692
 277 276 416 416
 517 480 534 534
 340 237 361 361
 552 553 554 554
 119 118 351 351
 564 565 678 678
 151 150 706 706
 472 468 473 473
 409 408 575 575
 454 448 456 456
 582 565 680 680
 408 307 575 575
 617 427 619 619
 490 474 558 558
 421 656 657 657
 264 273 281 281
 563 564 566 566
 466 465 467 467
 325 665 676 676
 514 602 630 630
 347 395 604 604
 120 119 672 672
 258 266 681 681
 364 379 412 412
 430 647 648 648
 257 198 681 681
 414 344 420 420
 450 506 519 519
 537 522 538 538
 541 559 625 625
 141 140 669 669
 304 373 387 387
 42 238 632 632
 152 232 599 599
 447 488 509 509
 379 296 412 412
 287 290 343 343
 521 536 550 550
 331 332 333 333
 503 475 557 557
 506 449 519 519
 281 282 284 284
 221 393 419 419
 9 223 605 605
 576 494 577 577
 598 484 614 614
 373 328 387 387
 491 456 492 492
 25 220 365 365
 118 117 698 698
 472 538 670 670
 406 366 638 638
 83 82 279 279
 445 443 451 451
 443 442 527 527
 663 58 664 664
 238 41 603 603
 319 5 585 585
 356 26 365 365
 364 378 379 379
 421 657 658 658
 168 481 528 528
 484 576 577 577
 638 288 679 679
 526 455 528 528
 414 420 574 574
 460 546 592 592
 473 551 692 692
 227 145 634 634
 166 216 601 601
 375 327 376 376
 521 550 589 589
 564 326 565 565
 503 557 697 697
 525 455 526 526
 584 583 700 700
 393 390 419 419
 613 241 661 661
 551 490 553 553
 481 167 601 601
 408 409 707 707
 286 638 679 679
 323 330 331 331
 325 289 665 665
 224 580 627 627
 299 302 342 342
 580 335 627 627
 447 483 709 709
 241 322 661 661
 253 264 403 403
 182 533 568 568
 27 356 388 388
 386 358 593 593
 4 318 585 585
 407 22 410 410
 598 485 641 641
 465 457 491 491
 482 470 693 693
 352 267 631 631
 440 438 442 442
 273 278 281 281
 350 274 352 352
 229 556 691 691
 552 551 553 553
 476 142 668 668
 400 301 593 593
 504 515 532 532
 515 219 532 532
 450 153 599 599
 505 449 506 506
 252 636 691 691
 314 326 705 705
 216 165 625 625
 217 173 612 612
 272 276 277 277
 372 328 373 373
 595 484 598 598
 223 567 673 673
 351 118 698 698
 413 250 690 690
 11 312 615 615
 216 559 687 687
 364 35 377 377
 154 450 519 519
 312 10 605 605
 383 336 629 629
 572 571 573 573
 21 307 410 410
 57 293 664 664
 473 468 474 474
 481 526 528 528
 82 81 704 704
 462 180 529 529
 545 543 547 547
 247 53 362 362
 335 575 624 624
 290 292 696 696
 544 543 545 545
 332 671 692 692
 117 116 699 699
 499 171 524 524
 170 455 524 524
 461 546 639 639
 172 499 612 612
 326 320 705 705
 366 325 586 586
 536 522 537 537
 17 224 627 627
 596 597 651 651
 146 227 531 531
 449 155 519 519
 225 33 404 404
 512 573 697 697
 417 416 424 424
 269 600 623 623
 46 380 394 394
 34 225 377 377
 366 586 638 638
 181 462 533 533
 179 460 529 529
 607 608 666 666
 15 311 616 616
 362 52 405 405
 629 392 662 662
 312 605 678 678
 36 364 412 412
 575 307 624 624
 422 329 431 431
 461 544 546 546
 282 359 360 360
 310 12 615 615
 126 235 641 641
 583 596 700 700
 416 414 424 424
 226 47 394 394
 546 460 639 639
 489 500 501 501
 455 169 528 528
 161 479 622 622
 695 313 707 707
 217 545 547 547
 504 505 515 515
 2 587 694 694
 174 217 547 547
 156 449 504 504
 570 569 571 571
 471 466 594 594
 334 314 695 695
 6 319 633 633
 335 18 627 627
 318 3 694 694
 572 573 684 684
 484 437 576 576
 48 226 385 385
 409 575 580 580
 74 245 683 683
 636 229 691 691
 276 414 416 416
 177 461 639 639
 328 30 387 387
 406 286 423 423
 222 133 626 626
 184 218 540 540
 40 297 603 603
 391 390 393 393
 522 471 670 670
 31 328 371 371
 307 20 624 624
 530 147 531 531
 393 221 662 662
 358 400 593 593
 471 482 693 693
 246 68 637 637
 304 28 388 388
 298 44 401 401
 29 304 387 387
 478 518 542 542
 235 598 641 641
 45 298 380 380
 219 158 532 532
 19 335 624 624
 301 50 389 389
 186 523 539 539
 86 85 280 280
 102 101 415 415
 343 290 696 696
 350 653 654 654
 543 175 547 547
 60 221 419 419
 236 139 630 630
 558 242 652 652
 367 406 423 423
 429 70 650 650
 220 24 396 396
 523 185 540 540
 448 445 579 579
 49 385 389 389
 311 14 640 640
 293 56 382 382
 13 310 640 640
 55 368 382 382
 267 600 631 631
 292 299 696 696
 224 16 616 616
 157 504 532 532
 460 178 639 639
 569 503 571 571
 502 569 602 602
 159 219 649 649
 54 247 368 368
 163 453 541 541
 89 88 609 609
 548 537 549 549
 453 162 622 622
 396 23 407 407
 164 541 625 625
 606 244 611 611
 379 363 402 402
 390 61 419 419
 451 443 527 527
 301 389 593 593
 483 444 709 709
 367 62 390 390
 479 160 649 649
 401 43 632 632
 348 274 350 350
 524 455 525 525
 446 148 530 530
 492 456 579 579
 485 127 641 641
 128 485 642 642
 232 151 706 706
 409 334 707 707
 69 246 650 650
 32 371 404 404
 130 270 645 645
 662 221 663 663
 67 288 637 637
 132 495 626 626
 298 401 643 643
 495 131 645 645
 529 460 592 592
 123 436 651 651
 515 496 516 516
 361 237 701 701
 398 407 410 410
 296 37 412 412
 149 446 674 674
 137 441 514 514
 364 377 378 378
 461 176 543 543
 63 367 423 423
 367 391 406 406
 138 514 630 630
 333 552 686 686
 371 328 372 372
 143 476 635 635
 504 449 505 505
 574 420 658 658
 51 301 405 405
 140 236 669 669
 461 543 544 544
 150 674 706 706
 439 494 576 576
 368 247 369 369
 540 218 589 589
 231 492 535 535
 323 331 685 685
 80 256 703 703
 288 66 679 679
 38 296 411 411
 512 513 684 684
 682 75 683 683
 539 523 550 550
 99 98 418 418
 297 39 411 411
 220 396 397 397
 385 226 386 386
 586 325 676 676
 270 129 642 642
 438 269 623 623
 116 260 699 699
 367 390 391 391
 243 558 652 652
 468 472 594 594
 456 448 579 579
 445 451 579 579
 65 286 679 679
 231 535 708 708
 571 503 573 573
 534 601 687 687
 617 620 677 677
 583 435 596 596
 286 64 423 423
 354 373 374 374
 471 594 670 670
 434 352 631 631
 234 120 672 672
 299 342 696 696
 634 144 635 635
 484 577 614 614
 237 613 702 702
 266 257 681 681
 428 618 676 676
 601 216 687 687
 283 76 682 682
 517 534 687 687
 435 595 596 596
 573 512 684 684
 92 91 426 426
 119 351 672 672
 353 583 584 584
 497 545 560 560
 279 82 704 704
 348 654 656 656
 253 403 675 675
 359 607 666 666
 590 588 591 591
 424 414 574 574
 442 438 623 623
 278 425 607 607
 269 434 631 631
 701 237 702 702
 428 617 677 677
 384 663 664 664
 588 493 591 591
 254 606 611 611
 565 326 680 680
 594 472 670 670
 618 428 677 677
 668 141 669 669
 81 703 704 704
 513 530 531 531
 673 564 678 678
 592 487 644 644
 384 662 663 663
 600 259 623 623
 240 613 661 661
 647 666 667 667
 557 444 697 697
 421 348 656 656
 392 393 662 662
 96 95 689 689
 559 517 687 687
 567 566 673 673
 587 432 694 694
 600 269 631 631
 322 685 686 686
 647 359 666 666
 277 416 425 425
 698 117 699 699
 572 634 635 635
 674 510 706 706
 570 668 669 669
 703 667 704 704
 619 682 683 683
 655 698 699 699
 97 96 689 689
 1 191 458 458
 1 433 587 587
 433 1 671 671
 1 458 538 538
 1 538 671 671
 72 71 620 620
 78 77 648 648
 84 83 279 279
 85 84 280 280
 87 86 280 280
 88 87 609 609
 90 89 609 609
 91 90 426 426
 93 92 426 426
 94 93 426 426
 95 94 689 689
 98 97 418 418
 100 99 418 418
 101 100 415 415
 103 102 415 415
 104 103 345 345
 106 105 345 345
 106 345 659 659
 108 107 659 659
 346 108 659 659
 110 109 346 346
 111 110 268 268
 110 346 657 657
 113 112 268 268
 113 268 349 349
 115 114 349 349
 260 115 349 349
 122 121 436 436
 121 234 436 436
 136 135 590 590
 618 246 637 637
 264 272 273 273
 280 279 608 608
 430 283 619 619
 603 297 604 604
 340 308 341 341
 310 582 640 640
 315 355 399 399
 324 392 629 629
 334 581 582 582
 337 428 676 676
 345 415 660 660
 415 418 424 424
 425 417 689 689
 417 688 689 689
 425 426 608 608
 514 441 591 591
 537 458 549 549
 578 495 645 645
