TITLE     = "Visualization of the solution"
VARIABLES = "x"
"y"
"Mach"
ZONE T="Zone"
 STRANDID=0, SOLUTIONTIME=0
 Nodes=702, Elements=1189, ZONETYPE=FEQuadrilateral
 DATAPACKING=POINT
 DT=(DOUBLE DOUBLE DOUBLE )
 9.997891784E-01 5.133217783E-04 5.427700091E-01
 9.864999652E-01 3.272651462E-03 6.295745801E-01
 9.734761715E-01 6.022353191E-03 6.601232840E-01
 9.566888213E-01 9.478226304E-03 6.853760073E-01
 9.420840144E-01 1.251982059E-02 7.050002462E-01
 9.283128381E-01 1.530156098E-02 7.195998995E-01
 9.170578718E-01 1.766224392E-02 7.352948325E-01
 9.056062102E-01 1.994132809E-02 7.476841931E-01
 8.939003944E-01 2.227623947E-02 7.621285241E-01
 8.824014664E-01 2.455232665E-02 7.762802616E-01
 8.706921935E-01 2.678010240E-02 7.875362467E-01
 8.584024906E-01 2.906765603E-02 7.988332159E-01
 8.466050625E-01 3.124301322E-02 8.075288739E-01
 8.352602720E-01 3.321274370E-02 8.160413780E-01
 8.238237500E-01 3.525597230E-02 8.268523332E-01
 8.113081455E-01 3.736127540E-02 8.336479694E-01
 7.985069156E-01 3.946167603E-02 8.406791378E-01
 7.861037254E-01 4.148701206E-02 8.514961707E-01
 7.736616731E-01 4.348146170E-02 8.615670171E-01
 7.620133758E-01 4.528250918E-02 8.687635140E-01
 7.487646937E-01 4.727118462E-02 8.790741527E-01
 7.355358601E-01 4.924926162E-02 8.929185288E-01
 7.247467041E-01 5.080615729E-02 9.020864661E-01
 7.134160399E-01 5.236295611E-02 9.114919438E-01
 7.017279267E-01 5.396879837E-02 9.256959264E-01
 6.889366508E-01 5.566605181E-02 9.407156919E-01
 6.762901545E-01 5.726340786E-02 9.529937416E-01
 6.655972004E-01 5.856928229E-02 9.631342238E-01
 6.539482474E-01 5.992390588E-02 9.738268478E-01
 6.425122619E-01 6.122224778E-02 9.851260479E-01
 6.306751370E-01 6.246686354E-02 9.995514752E-01
 6.192401648E-01 6.365410239E-02 1.014466038E+00
 6.086894274E-01 6.463603675E-02 1.028312261E+00
 5.969055295E-01 6.571100652E-02 1.042734758E+00
 5.855528116E-01 6.667603552E-02 1.053477269E+00
 5.723415613E-01 6.769777834E-02 1.059750092E+00
 5.600799322E-01 6.857438385E-02 1.063156250E+00
 5.478845835E-01 6.935352832E-02 1.063905472E+00
 5.367729068E-01 6.998898089E-02 1.063749038E+00
 5.252246857E-01 7.060511410E-02 1.061342917E+00
 5.129123330E-01 7.114209235E-02 1.058740004E+00
 5.020062327E-01 7.158178091E-02 1.057645240E+00
 4.891368151E-01 7.201620936E-02 1.055592172E+00
 4.761838913E-01 7.236520201E-02 1.050360034E+00
 4.629538357E-01 7.262486219E-02 1.043267329E+00
 4.497820139E-01 7.279041409E-02 1.036499802E+00
 4.373285770E-01 7.288347930E-02 1.030376645E+00
 4.247186482E-01 7.290434837E-02 1.023955408E+00
 4.123952091E-01 7.285966724E-02 1.017473925E+00
 3.997854292E-01 7.272572815E-02 1.011307699E+00
 3.876551390E-01 7.253668457E-02 1.005732948E+00
 3.757153749E-01 7.229124755E-02 9.994413330E-01
 3.625335097E-01 7.192383707E-02 9.928258201E-01
 3.497925699E-01 7.151643187E-02 9.874027447E-01
 3.368497491E-01 7.101062685E-02 9.818091575E-01
 3.259087801E-01 7.051980495E-02 9.756632748E-01
 3.134017289E-01 6.989625096E-02 9.691725697E-01
 3.005902767E-01 6.917491555E-02 9.622635538E-01
 2.867805958E-01 6.829949468E-02 9.559835267E-01
 2.745839059E-01 6.745803356E-02 9.505532838E-01
 2.625883520E-01 6.655310094E-02 9.454366438E-01
 2.500481606E-01 6.553464383E-02 9.397749785E-01
 2.374945730E-01 6.440813839E-02 9.333276652E-01
 2.251681089E-01 6.322497129E-02 9.264267786E-01
 2.130662203E-01 6.196108833E-02 9.190103887E-01
 2.008423805E-01 6.059815362E-02 9.126442506E-01
 1.884679794E-01 5.912615731E-02 9.066809396E-01
 1.764696538E-01 5.757556483E-02 8.993105735E-01
 1.648073792E-01 5.597899854E-02 8.912343495E-01
 1.530306190E-01 5.425743759E-02 8.842298858E-01
 1.419616640E-01 5.253458396E-02 8.781428885E-01
 1.302385628E-01 5.058679357E-02 8.695509335E-01
 1.190428138E-01 4.858547822E-02 8.588153051E-01
 1.081878096E-01 4.651928693E-02 8.484101274E-01
 9.795597941E-02 4.444255307E-02 8.386259658E-01
 8.704254776E-02 4.206077754E-02 8.253386297E-01
 7.565634698E-02 3.937850147E-02 8.121846303E-01
 6.563705951E-02 3.681794554E-02 7.965835907E-01
 5.575507879E-02 3.407290205E-02 7.790415008E-01
 4.689870030E-02 3.138753027E-02 7.593045870E-01
 3.929380700E-02 2.886322886E-02 7.397254450E-01
 3.251688182E-02 2.641840093E-02 7.218453847E-01
 2.672289684E-02 2.412257157E-02 7.055774225E-01
 2.251733094E-02 2.231269516E-02 6.901997717E-01
 1.839410327E-02 2.038767561E-02 6.759879533E-01
 1.506988332E-02 1.868837699E-02 6.568898735E-01
 1.208110992E-02 1.702262275E-02 6.391429363E-01
 9.913371876E-03 1.569336839E-02 6.191056184E-01
 7.983622141E-03 1.441229228E-02 5.921451298E-01
 6.216311362E-03 1.311670616E-02 5.459900184E-01
 3.902776167E-03 1.117666438E-02 4.877610943E-01
 2.025658032E-03 9.279960766E-03 4.415960929E-01
 5.485661095E-04 7.386274170E-03 3.431287277E-01
 -8.882336551E-04 4.657066427E-03 2.822581796E-01
 -1.440883731E-03 2.597143175E-03 1.185132816E-01
 -1.557747019E-03 8.823754615E-04 1.000797524E-01
 -1.356407418E-03 -9.393395158E-04 1.316199505E-01
 -8.031394682E-04 -2.829616424E-03 2.599753821E-01
 3.097267472E-04 -5.120562855E-03 3.171259086E-01
 1.930229249E-03 -7.457919419E-03 3.707256087E-01
 4.066672642E-03 -9.835602716E-03 4.326019084E-01
 5.992595572E-03 -1.162170153E-02 4.970939800E-01
 8.235795423E-03 -1.344107278E-02 5.240241491E-01
 1.005233452E-02 -1.476059482E-02 5.595252141E-01
 1.230510138E-02 -1.626051031E-02 5.890081803E-01
 1.476811711E-02 -1.776744053E-02 6.142864841E-01
 1.816533878E-02 -1.965977438E-02 6.428400663E-01
 2.131167613E-02 -2.125366405E-02 6.696178684E-01
 2.531261928E-02 -2.311836742E-02 6.902606885E-01
 3.067430481E-02 -2.537959069E-02 7.161195904E-01
 3.645411506E-02 -2.758908086E-02 7.457490127E-01
 4.330003634E-02 -2.995883673E-02 7.701589575E-01
 5.097133666E-02 -3.236536309E-02 7.897103377E-01
 5.999595672E-02 -3.492581844E-02 8.095360381E-01
 6.891426444E-02 -3.722912446E-02 8.260324444E-01
 7.919356972E-02 -3.965813667E-02 8.401187144E-01
 8.919665217E-02 -4.183214530E-02 8.508340865E-01
 9.964658320E-02 -4.393362626E-02 8.614294357E-01
 1.109437421E-01 -4.604585096E-02 8.705371711E-01
 1.221828386E-01 -4.798975959E-02 8.796265376E-01
 1.341554821E-01 -4.991425201E-02 8.894868280E-01
 1.448802650E-01 -5.152032152E-02 8.986145741E-01
 1.563873738E-01 -5.313300714E-02 9.068338566E-01
 1.684654057E-01 -5.470864102E-02 9.143725256E-01
 1.801548153E-01 -5.612228811E-02 9.217935812E-01
 1.920379102E-01 -5.746395513E-02 9.297607205E-01
 2.029168755E-01 -5.859535933E-02 9.379727204E-01
 2.144157141E-01 -5.970959365E-02 9.449072040E-01
 2.266531587E-01 -6.079185754E-02 9.522640769E-01
 2.390195876E-01 -6.177988276E-02 9.607716967E-01
 2.510244250E-01 -6.264095753E-02 9.695561916E-01
 2.629976571E-01 -6.338520348E-02 9.777923544E-01
 2.739211619E-01 -6.398937106E-02 9.853434333E-01
 2.860175669E-01 -6.453974545E-02 9.920612028E-01
 2.980079651E-01 -6.499624997E-02 9.996128120E-01
 3.105170131E-01 -6.534691155E-02 1.008055761E+00
 3.220632672E-01 -6.555474550E-02 1.013257888E+00
 3.346047103E-01 -6.567999721E-02 1.018105029E+00
 3.453416228E-01 -6.569031626E-02 1.024462734E+00
 3.568149209E-01 -6.557473540E-02 1.027231786E+00
 3.676782548E-01 -6.536225230E-02 1.027050825E+00
 3.787076771E-01 -6.506550312E-02 1.025980448E+00
 3.904584050E-01 -6.462364644E-02 1.020469923E+00
 4.035561383E-01 -6.398501247E-02 1.008733931E+00
 4.159397185E-01 -6.327431649E-02 9.945340370E-01
 4.284194708E-01 -6.241967902E-02 9.776436523E-01
 4.407489300E-01 -6.145045906E-02 9.584826111E-01
 4.527316689E-01 -6.038784608E-02 9.390111727E-01
 4.645607471E-01 -5.924785510E-02 9.207954619E-01
 4.769749343E-01 -5.797735602E-02 9.059250027E-01
 4.888755679E-01 -5.666431785E-02 8.915891645E-01
 5.016655922E-01 -5.515298992E-02 8.738161278E-01
 5.153733492E-01 -5.345349386E-02 8.549767609E-01
 5.283598304E-01 -5.176591128E-02 8.384430679E-01
 5.412548780E-01 -5.005386099E-02 8.251134630E-01
 5.540565252E-01 -4.829135537E-02 8.112213991E-01
 5.678240061E-01 -4.635193571E-02 7.969449492E-01
 5.809625387E-01 -4.446012899E-02 7.843951289E-01
 5.938730240E-01 -4.259952530E-02 7.741535845E-01
 6.070272326E-01 -4.064674303E-02 7.631008185E-01
 6.213721037E-01 -3.850499541E-02 7.507152833E-01
 6.354607344E-01 -3.639393672E-02 7.397147157E-01
 6.500955224E-01 -3.420672566E-02 7.298912235E-01
 6.630594134E-01 -3.226537630E-02 7.209340244E-01
 6.764926314E-01 -3.025596775E-02 7.120748230E-01
 6.888080835E-01 -2.842367068E-02 7.039170909E-01
 7.010282278E-01 -2.660612762E-02 6.960874799E-01
 7.156366706E-01 -2.445746399E-02 6.872409499E-01
 7.286536098E-01 -2.254165523E-02 6.786740332E-01
 7.405933738E-01 -2.084239013E-02 6.722077320E-01
 7.542812228E-01 -1.888821460E-02 6.645210105E-01
 7.662916183E-01 -1.715850830E-02 6.556601426E-01
 7.802749872E-01 -1.528196968E-02 6.493388511E-01
 7.921186090E-01 -1.365749538E-02 6.419670351E-01
 8.049485087E-01 -1.198255271E-02 6.342787602E-01
 8.158566356E-01 -1.057079807E-02 6.265611050E-01
 8.271470666E-01 -9.152176790E-03 6.184540204E-01
 8.402655125E-01 -7.609053515E-03 6.109432928E-01
 8.526065946E-01 -6.194889080E-03 6.038809937E-01
 8.652956486E-01 -4.883333109E-03 5.972156733E-01
 8.760465384E-01 -3.799811238E-03 5.908447653E-01
 8.873909712E-01 -2.798497910E-03 5.853379036E-01
 9.000415802E-01 -1.773015130E-03 5.797249609E-01
 9.103140235E-01 -1.061327872E-03 5.753612299E-01
 9.215431213E-01 -4.217949463E-04 5.726942356E-01
 9.317060709E-01 5.934508590E-05 5.695681746E-01
 9.412333965E-01 4.067249247E-04 5.689532584E-01
 9.528650641E-01 7.103387616E-04 5.642754711E-01
 9.654676318E-01 8.776606992E-04 5.664205440E-01
 9.783588648E-01 8.872126928E-04 5.531782117E-01
 9.896243811E-01 7.519097999E-04 5.739920567E-01
 -5.000000000E-01 -1.000000000E+00 7.078915796E-01
 3.500000000E+00 -1.000000000E+00 7.313910744E-01
 3.500000000E+00 1.000000000E+00 7.274494542E-01
 -5.000000000E-01 1.000000000E+00 7.076760520E-01
 -5.000000000E-01 5.000000000E-01 6.949987997E-01
 -5.000000000E-01 2.752797990E-12 6.801557761E-01
 -5.000000000E-01 -5.000000000E-01 6.940817506E-01
 -9.421907698E-13 -1.000000000E+00 7.232743111E-01
 5.000000000E-01 -1.000000000E+00 7.455599184E-01
 1.000000000E+00 -1.000000000E+00 7.296361400E-01
 1.500000000E+00 -1.000000000E+00 7.201741399E-01
 2.000000000E+00 -1.000000000E+00 7.227114004E-01
 2.500000000E+00 -1.000000000E+00 7.268650458E-01
 3.000000000E+00 -1.000000000E+00 7.291075359E-01
 3.500000000E+00 -5.000000000E-01 7.341855923E-01
 3.500000000E+00 -2.752797990E-12 7.362001587E-01
 3.500000000E+00 5.000000000E-01 7.328973113E-01
 3.000000000E+00 1.000000000E+00 7.242656677E-01
 2.500000000E+00 1.000000000E+00 7.270645275E-01
 2.000000000E+00 1.000000000E+00 7.326669635E-01
 1.500000000E+00 1.000000000E+00 7.474974292E-01
 1.000000000E+00 1.000000000E+00 7.763561841E-01
 5.000000000E-01 1.000000000E+00 7.772445199E-01
 1.733724275E-12 1.000000000E+00 7.292359926E-01
 6.840924513E-01 -4.044847999E-02 7.103924316E-01
 7.885995529E-01 -2.342564864E-02 6.464924678E-01
 9.061837745E-01 -1.276066046E-02 5.842835893E-01
 5.861025741E-01 -5.617671622E-02 7.833843467E-01
 7.088174862E-01 6.361933470E-02 9.186117348E-01
 2.822098161E-01 8.483210221E-02 9.529111314E-01
 2.564102860E-01 -7.803436997E-02 9.650430225E-01
 9.122570122E-01 3.093834504E-02 7.466141485E-01
 8.202786496E-01 4.618596481E-02 8.304892232E-01
 5.910473410E-01 7.911443628E-02 1.044515020E+00
 3.817088804E-01 8.523689863E-02 1.001341207E+00
 4.115325274E-01 -7.595569041E-02 9.929761941E-01
 4.977818402E-01 8.587340063E-02 1.052158136E+00
 1.785724035E+00 -5.275935458E-01 7.278191786E-01
 1.725582864E+00 5.619769682E-01 7.462347870E-01
 3.031185098E+00 2.156796208E-01 7.395491695E-01
 7.360611905E-01 -6.109816471E-01 7.451325910E-01
 4.956832460E-01 -6.620438256E-02 8.821523007E-01
 3.108312673E-01 -6.285543865E-01 7.686625474E-01
 1.270336803E-01 -6.417979204E-02 8.757907269E-01
 1.848811374E-01 -6.622248065E-02 9.210267903E-01
 3.395991807E-01 -7.542723942E-02 1.014491619E+00
 7.422594072E-01 5.562755210E-01 8.448661246E-01
 3.337677814E-01 6.153506493E-01 8.039284433E-01
 1.229321339E-01 5.914412274E-02 8.586741713E-01
 1.810801607E-01 7.103428986E-02 8.991016133E-01
 2.734824201E+00 -5.327153478E-01 7.340096252E-01
 1.179528335E+00 6.310453717E-01 7.667083429E-01
 9.867357681E-01 3.448580008E-01 7.691824794E-01
 1.249897313E+00 -6.999546526E-01 7.165090964E-01
 1.506289588E+00 -2.709169296E-01 7.246453102E-01
 2.240477668E+00 -5.766907042E-01 7.313800250E-01
 2.021704192E+00 -1.897766179E-01 7.359460671E-01
 2.420091720E+00 -1.843803527E-01 7.382579825E-01
 2.184539657E+00 1.580355202E-01 7.429549045E-01
 1.806392877E+00 1.360894440E-01 7.401080928E-01
 -2.708322882E-01 -2.299841254E-01 6.701448743E-01
 -1.037210036E-01 -6.227903833E-01 7.210754723E-01
 2.619881282E-02 -3.310229181E-01 7.292993056E-01
 5.386963286E-02 -4.235340363E-02 7.945728459E-01
 -2.703305237E-01 2.391115255E-01 6.723190713E-01
 -1.024202184E-01 6.188835761E-01 7.237464993E-01
 4.682840197E-03 3.261697510E-01 7.249137628E-01
 4.626456774E-02 3.875971339E-02 7.518629644E-01
 2.191494362E+00 6.007655438E-01 7.411253434E-01
 2.738084630E+00 6.037776420E-01 7.366272689E-01
 -2.507794969E-01 7.933315454E-04 6.512314049E-01
 -1.334276607E-01 -1.099135459E-01 6.342975719E-01
 -1.435723706E-01 1.246708414E-01 6.433614225E-01
 -1.227315661E-01 3.271270943E-03 5.957648622E-01
 -5.750927800E-02 6.744937234E-02 5.820593684E-01
 2.333307933E-02 3.020079025E-02 6.750668546E-01
 -4.355592710E-02 1.769493089E-01 6.699137725E-01
 3.005581412E-03 9.783291022E-02 6.620584319E-01
 7.819610652E-02 5.031596480E-02 8.094680600E-01
 4.675485193E-02 1.656018444E-01 7.416771599E-01
 1.755058396E-01 2.655095745E-01 8.190863075E-01
 2.304274129E-01 7.744973799E-02 9.279211647E-01
 1.397565529E-01 1.664233988E-01 8.283816020E-01
 -1.674274210E-02 5.321235072E-02 5.597277959E-01
 1.201387624E-02 2.101893395E-02 6.236012218E-01
 -5.503396198E-02 1.351631446E-02 5.001459432E-01
 5.504871199E-02 1.070704447E-01 7.508715303E-01
 1.441000622E-01 4.348663118E-01 7.741917454E-01
 2.938047915E-01 3.609405052E-01 8.565437537E-01
 2.966190438E-01 2.289550499E-01 9.034109497E-01
 3.320050513E-01 8.181684853E-02 9.783378753E-01
 3.063788334E-01 8.049696884E-02 9.660247355E-01
 4.051088172E-01 2.607482811E-01 9.332198527E-01
 4.462157499E-01 8.806343828E-02 1.031963974E+00
 4.683284838E-01 8.241929246E-02 1.043402824E+00
 3.680341425E-01 1.751050573E-01 9.605076727E-01
 4.676189882E-01 1.901010346E-01 9.889681008E-01
 5.430038504E-01 8.100771398E-02 1.059361135E+00
 5.672957737E-01 8.053196388E-02 1.057393652E+00
 4.975133711E-01 2.819535274E-01 9.463304646E-01
 6.493833360E-01 7.381645071E-02 9.763269031E-01
 5.574139527E-01 1.942006104E-01 9.884972294E-01
 6.045451073E-01 3.013891555E-01 9.320519078E-01
 6.608627581E-01 2.023198314E-01 9.329812529E-01
 7.579876851E-01 5.815229562E-02 8.740318139E-01
 7.826026649E-01 5.325092644E-02 8.574751248E-01
 7.054032014E-01 3.002149514E-01 8.841881025E-01
 7.713130285E-01 2.087909993E-01 8.540084473E-01
 5.462432449E-01 3.946701151E-01 9.089720038E-01
 7.192461630E-01 1.449428626E-01 9.017859409E-01
 8.023646775E-01 1.327581764E-01 8.365747643E-01
 8.701972067E-01 4.013008666E-02 7.904116042E-01
 8.537055352E-01 1.952692793E-01 8.023977378E-01
 9.687990072E-01 2.068707652E-02 6.812915618E-01
 8.792588618E-01 1.349219782E-01 7.878763595E-01
 9.313199600E-01 1.769775106E-01 7.588960827E-01
 9.618733800E-01 1.072792686E-01 7.271271827E-01
 1.031366373E+00 1.698807045E-01 7.207862333E-01
 8.244225871E-01 3.339226002E-01 8.225626128E-01
 6.111823277E-01 1.518083302E-01 9.957778886E-01
 3.021192985E-01 1.485629451E-01 9.410571260E-01
 5.125139992E-01 1.459112246E-01 1.023895889E+00
 4.220223943E-01 1.452936895E-01 9.977347814E-01
 9.165072710E-01 7.979014438E-02 7.524157776E-01
 8.400350817E-01 9.759241541E-02 8.150884818E-01
 7.588111071E-01 1.148188313E-01 8.724018050E-01
 3.504437440E-01 1.273015539E-01 9.745779600E-01
 3.562326922E-01 8.411194550E-02 9.898396275E-01
 2.300952875E-01 1.648355962E-01 8.913665229E-01
 1.882557895E-01 1.223598324E-01 8.884484896E-01
 1.402131212E-01 1.124690021E-01 8.568556356E-01
 1.554438397E-01 6.728549265E-02 8.812661079E-01
 3.872851485E-01 1.198828277E-01 9.927179383E-01
 4.048884814E-01 8.480418128E-02 1.011770607E+00
 2.614861749E-01 1.229278239E-01 9.323131560E-01
 2.554163037E-01 7.981248076E-02 9.408235936E-01
 2.272501757E-01 1.177248658E-01 9.159930537E-01
 2.055177459E-01 7.492603125E-02 9.137596208E-01
 1.554123200E-02 6.100487461E-02 6.516461396E-01
 3.492389049E-02 3.569813212E-02 7.190027950E-01
 4.143782291E-02 7.568005192E-02 7.307416566E-01
 3.109347198E+00 -2.612956731E-01 7.376544314E-01
 7.429634714E-01 6.039785528E-02 8.871147533E-01
 7.535583480E-01 7.870440008E-02 8.805086153E-01
 7.320752829E-01 7.436956740E-02 8.980087549E-01
 7.832217247E-01 8.877734231E-02 8.588265142E-01
 7.725709270E-01 6.901253101E-02 8.656821392E-01
 8.109059194E-01 8.868486753E-02 8.400986422E-01
 7.968585430E-01 6.619188938E-02 8.487344607E-01
 3.177863539E-01 1.110765278E-01 9.656421611E-01
 7.314895933E-01 5.937139260E-02 8.982464400E-01
 7.091638447E-01 8.187102504E-02 9.205536808E-01
 6.745885228E-01 1.172229669E-01 9.478482462E-01
 6.848947763E-01 6.515129018E-02 9.449004511E-01
 6.344168362E-01 1.126447489E-01 9.883608740E-01
 6.189431886E-01 7.323012024E-02 1.013369299E+00
 -2.678770414E-02 2.540567848E-02 4.780112389E-01
 2.083318239E-03 1.539016514E-02 4.942298503E-01
 6.841902338E-01 9.461619779E-02 9.446678490E-01
 6.678718416E-01 8.051764069E-02 9.591542529E-01
 8.332419618E-01 4.655404012E-02 8.214374685E-01
 2.882115831E-01 1.100581734E-01 9.517854162E-01
 3.273504005E-03 4.165834860E-02 5.852957107E-01
 6.973186746E-01 6.666518344E-02 9.323221834E-01
 7.697672652E-01 5.383594479E-02 8.656359568E-01
 3.205387318E-01 7.945135570E-02 9.725548440E-01
 8.259652774E-01 6.569806777E-02 8.282977685E-01
 8.472725769E-01 5.567734662E-02 8.121097902E-01
 6.617899243E-01 6.812263892E-02 9.654683763E-01
 6.727529669E-01 6.789972918E-02 9.547967102E-01
 4.169498011E-01 8.274001874E-02 1.018143831E+00
 4.117051442E-01 9.941614059E-02 1.012185557E+00
 4.401106834E-01 1.077649847E-01 1.022570139E+00
 3.917430820E-01 9.596518104E-02 1.004030471E+00
 4.573073425E-01 8.343779107E-02 1.038257082E+00
 4.636524013E-01 9.918395533E-02 1.036105066E+00
 4.661338217E-01 1.333913904E-01 1.020997292E+00
 4.949134126E-01 1.079442691E-01 1.040789263E+00
 5.317070376E-01 1.131448036E-01 1.043801505E+00
 5.205136224E-01 8.201084092E-02 1.056158125E+00
 5.094276825E-01 8.114520017E-02 1.055030034E+00
 3.931562024E-01 8.225373474E-02 1.007074789E+00
 2.553582460E+00 2.128523765E-01 7.421621587E-01
 7.199514919E-01 6.373340552E-02 9.073995487E-01
 4.295047673E-01 8.729540167E-02 1.024224708E+00
 -9.078445009E-03 3.240654201E-02 4.986882844E-01
 7.529463723E-02 8.484193562E-02 7.929995758E-01
 1.050263648E-01 5.505009418E-02 8.426474034E-01
 6.367015273E-02 5.969714686E-02 7.805271654E-01
 1.648508958E-01 9.817736712E-02 8.835494213E-01
 5.635037869E-01 1.435775382E-01 1.028098375E+00
 5.660495566E-01 1.119192588E-01 1.043254098E+00
 5.981852738E-01 1.125467638E-01 1.026385139E+00
 8.431468313E-01 4.158253928E-02 8.117235043E-01
 8.721563469E-01 6.044252928E-02 7.929958918E-01
 8.910391511E-01 3.359718898E-02 7.693826673E-01
 8.977996296E-01 6.055876755E-02 7.693564665E-01
 8.562967525E-01 4.302386185E-02 8.032687089E-01
 8.802884634E-01 3.472130315E-02 7.806150946E-01
 3.683204081E-01 9.843187467E-02 9.930865087E-01
 7.064576467E-01 1.130653555E-01 9.232444980E-01
 9.444466901E-02 1.205923221E-01 8.065025566E-01
 1.072667203E-01 8.948706799E-02 8.339452186E-01
 5.143827693E-01 9.397047947E-02 1.050878543E+00
 5.322196326E-01 9.263338184E-02 1.053898306E+00
 6.573530953E-01 9.334855889E-02 9.689177184E-01
 6.336678012E-01 8.127334838E-02 9.929768329E-01
 6.167095570E-01 9.188155096E-02 1.015605536E+00
 5.795149751E-01 9.264729750E-02 1.046572873E+00
 2.945025692E-01 7.979854848E-02 9.593688477E-01
 2.663222345E-01 9.530347469E-02 9.439212127E-01
 1.370083233E-01 8.353910531E-02 8.659506998E-01
 5.535290105E-01 9.291773135E-02 1.053575999E+00
 1.365188706E-01 6.756297124E-02 8.698690754E-01
 5.791504925E-01 7.733350230E-02 1.053354546E+00
 9.131483690E-01 2.664668581E-01 7.774602983E-01
 1.093602888E+00 2.606118896E-01 7.355722209E-01
 1.150831348E+00 1.299828506E-01 7.103083821E-01
 1.273535123E+00 2.610028924E-01 7.341534871E-01
 1.310318603E+00 5.990241387E-02 7.149072563E-01
 1.169266925E+00 -4.436394518E-02 6.867435533E-01
 1.114502144E+00 4.163129011E-02 6.828276903E-01
 1.316255909E+00 -1.381719148E-01 7.109723528E-01
 1.164353472E+00 -1.740552976E-01 6.936784446E-01
 1.065432892E+00 -1.357701918E-01 6.649290199E-01
 9.605430287E-01 -1.164365747E-02 5.772727879E-01
 1.075312270E+00 -2.590847603E-01 6.844225456E-01
 9.549084380E-01 -2.186007716E-01 6.683404047E-01
 8.462430143E-01 -1.653047641E-02 6.119048313E-01
 9.605413249E-01 -1.102921166E-01 6.347310830E-01
 8.558951691E-01 -1.530659049E-01 6.633356328E-01
 7.372833204E-01 -3.394768288E-02 6.767198180E-01
 7.608363491E-01 -3.011842483E-02 6.623991179E-01
 8.439153221E-01 -2.758025356E-01 6.929234534E-01
 7.477605303E-01 -1.885779325E-01 7.059049967E-01
 7.810488033E-01 -1.122352923E-01 6.765202841E-01
 6.996834295E-01 -1.295426962E-01 7.184664561E-01
 6.494718874E-01 -1.926953532E-01 7.529119251E-01
 6.292020542E-01 -5.144829313E-02 7.499744067E-01
 6.249534632E-01 -1.265175086E-01 7.592989575E-01
 5.359797988E-01 -6.155331451E-02 8.322752480E-01
 5.625225820E-01 -5.855413439E-02 8.066500383E-01
 7.022890980E-01 -3.416396522E-01 7.380610255E-01
 5.825035475E-01 -2.898836500E-01 7.883743674E-01
 8.926825468E-01 -8.645557539E-02 6.300631649E-01
 1.500342095E+00 -2.631699329E-02 7.270540866E-01
 1.021150829E+00 -7.514545859E-02 6.363661183E-01
 9.883699692E-01 -3.579933179E-01 6.937416474E-01
 7.324933324E-01 -8.953035067E-02 6.936219655E-01
 7.128702823E-01 -3.943056016E-02 6.928052171E-01
 6.572526841E-01 -9.693466508E-02 7.369452161E-01
 6.558404209E-01 -4.834701460E-02 7.305389381E-01
 9.392304929E-01 -5.870470717E-02 6.083250990E-01
 9.832632034E-01 -4.855988566E-02 6.041147540E-01
 9.861081085E-01 -8.219828820E-03 5.720009050E-01
 1.031700587E+00 -3.330225833E-02 6.273300996E-01
 1.081400687E+00 -6.534862817E-02 6.622687070E-01
 1.004976386E+00 -5.709796583E-01 7.139687450E-01
 1.038300201E+00 9.060128222E-02 6.913793368E-01
 5.646244004E-01 -2.087396833E-01 8.016246647E-01
 4.861485365E-01 -2.704350857E-01 8.436472984E-01
 4.503847252E-01 -1.831941354E-01 8.930706647E-01
 3.858538185E-01 -2.383978775E-01 8.921547107E-01
 4.609366318E-01 -7.393892327E-02 9.227760988E-01
 4.346573222E-01 -7.451314061E-02 9.627702872E-01
 3.686545946E-01 -1.597857145E-01 9.467652701E-01
 3.028045993E-01 -7.556189147E-02 9.967364407E-01
 2.961018100E-01 -2.120956177E-01 9.012672475E-01
 3.737322638E-01 -7.773710253E-02 1.016661828E+00
 5.460157504E-01 -1.402301559E-01 8.162479881E-01
 2.658650885E-01 -3.242439964E-01 8.426613113E-01
 3.022237659E-01 -1.436934755E-01 9.479013172E-01
 2.393901755E-01 -1.718578733E-01 9.010917424E-01
 2.184728290E-01 -7.108772092E-02 9.423681209E-01
 4.188946546E-01 -1.280787941E-01 9.483896787E-01
 5.130626700E-01 -4.338047180E-01 7.977966667E-01
 5.819049658E-01 -1.035086877E-01 7.877178852E-01
 2.524154309E-01 -1.249878449E-01 9.345413474E-01
 2.027457115E-01 -1.295229184E-01 9.012031112E-01
 1.680400710E-01 -1.770923908E-01 8.564648197E-01
 1.332291089E-01 -1.316075619E-01 8.468014508E-01
 8.426785899E-02 -5.203997525E-02 8.401891723E-01
 1.063265248E-01 -5.853377764E-02 8.594674823E-01
 9.718802679E-02 -1.859536537E-01 7.873809574E-01
 5.245420482E-02 -1.264176450E-01 7.458721729E-01
 1.052532051E-02 -2.039460473E-01 7.117602670E-01
 3.500908920E-01 -1.146486718E-01 9.853553945E-01
 1.503970792E-01 -2.876647450E-01 8.042352191E-01
 1.579137009E-01 -4.432079510E-01 7.735282368E-01
 -9.740320656E-02 -2.385787253E-01 6.777950206E-01
 9.054325047E-01 -4.699790866E-02 6.065095133E-01
 8.835380103E-01 -1.531014269E-02 5.941285549E-01
 8.618568377E-01 -5.790023422E-02 6.255436052E-01
 9.349280018E-01 -3.199897069E-02 5.904193978E-01
 9.301058891E-01 -1.093545151E-02 5.778816247E-01
 9.779864974E-02 -1.004326393E-01 8.227138487E-01
 1.004913774E+00 -1.791954210E-02 5.830197996E-01
 1.026328222E+00 4.952153653E-03 6.189285107E-01
 1.014465540E+00 4.162941028E-02 6.621339548E-01
 9.990269582E-01 1.624866240E-02 6.356472961E-01
 9.801522090E-01 6.231046676E-02 6.930363165E-01
 9.415280987E-01 5.309631979E-02 7.247361517E-01
 9.378587671E-01 2.628205804E-02 7.181601902E-01
 1.695905549E-01 -1.061335539E-01 8.896220793E-01
 1.467044637E-01 -6.473335960E-02 8.932734761E-01
 -2.952834286E-02 -1.364492185E-01 6.569093586E-01
 2.693164868E-02 -3.021990071E-02 6.990509733E-01
 1.443856961E-02 -8.457258073E-02 6.692548191E-01
 -3.751949700E-02 -5.299459321E-02 5.501572921E-01
 9.517592296E-01 2.670589916E-02 7.030094380E-01
 8.347279424E-01 -1.952606255E-02 6.191247603E-01
 8.105988613E-01 -2.301872786E-02 6.334515217E-01
 8.479362908E-01 -3.344715391E-02 6.197051257E-01
 8.242576849E-01 -3.510800214E-02 6.317459562E-01
 8.319827573E-01 -5.503871731E-02 6.350108720E-01
 8.022591171E-01 -6.022998185E-02 6.521514446E-01
 8.376208719E-01 -8.748761767E-02 6.474559660E-01
 7.984521277E-01 -2.206962540E-02 6.401171656E-01
 6.422321854E-01 -4.718662119E-02 7.391945172E-01
 6.405535416E-01 -6.634208215E-02 7.448558039E-01
 6.164106403E-01 -6.698979778E-02 7.627967389E-01
 1.721927778E+00 -1.335316526E-01 7.324822966E-01
 1.529824076E+00 2.296832164E-01 7.393134304E-01
 1.386818109E+00 4.700520816E-01 7.506585035E-01
 6.155185328E-01 -5.068201245E-02 7.598386819E-01
 8.595221746E-01 -1.787769071E-02 6.067125627E-01
 1.228017969E+00 -3.722871903E-01 7.095918297E-01
 9.455526267E-01 -1.357383080E-02 5.768984121E-01
 9.152862905E-01 -2.343679058E-02 5.888914986E-01
 8.969871495E-01 -2.491963978E-02 5.947741896E-01
 2.855965317E-01 -1.087144116E-01 9.636284566E-01
 2.806701473E-01 -7.607545840E-02 9.832637752E-01
 3.144154962E-01 -1.059607643E-01 9.819444873E-01
 8.752717646E-01 -3.004323853E-02 6.069294014E-01
 3.166579098E-01 -8.240297919E-02 9.998494613E-01
 2.271810270E-01 -1.039104402E-01 9.314681235E-01
 5.715786076E-02 -8.340858703E-02 7.710789403E-01
 9.559751401E-01 -3.137295404E-02 5.916803546E-01
 9.735669703E-01 -2.310464533E-02 5.795274768E-01
 8.719348273E-01 -1.438284325E-02 5.992009129E-01
 8.225176382E-01 -1.947515348E-02 6.250217165E-01
 5.968508586E-01 -7.478474892E-02 7.787452454E-01
 3.368124492E-01 -8.823867176E-02 1.003481359E+00
 3.576434258E-01 -8.761895563E-02 1.008989136E+00
 3.782844500E-01 -9.620596267E-02 1.001590395E+00
 3.879599760E-01 -8.305234599E-02 1.009511423E+00
 4.011422123E-01 -9.469788110E-02 9.907251074E-01
 4.222646056E-01 -8.972717602E-02 9.719316944E-01
 4.596746075E-01 -1.207019899E-01 9.039346005E-01
 4.956886659E-01 -1.435310667E-01 8.609199350E-01
 4.945093429E-01 -1.037378682E-01 8.732647539E-01
 5.277769425E-01 -1.032547727E-01 8.398543798E-01
 5.563669991E-01 -8.678022829E-02 8.133539270E-01
 5.156019564E-01 -8.272679058E-02 8.552755193E-01
 3.834133607E-01 -1.186834048E-01 9.814756413E-01
 7.747716910E-01 -2.711798031E-02 6.535063598E-01
 7.744291097E-01 -4.502448445E-02 6.600820534E-01
 7.525277016E-01 -4.381147797E-02 6.712710925E-01
 7.317550909E-01 -5.253587014E-02 6.843243758E-01
 7.087840858E-01 -6.086984418E-02 6.999160569E-01
 7.621397224E-01 -6.882546796E-02 6.733510569E-01
 2.002281320E-01 -9.800026041E-02 9.167411075E-01
 2.390104578E-01 -8.551551243E-02 9.484343904E-01
 1.618513953E-01 -7.957129889E-02 8.989178009E-01
 1.374659312E-01 -9.071304316E-02 8.712246675E-01
 2.556589599E-01 -9.854799502E-02 9.534308006E-01
 9.657038996E-01 3.923630308E-02 6.979519424E-01
 9.848242507E-01 3.230910051E-02 6.679539969E-01
 2.044575589E-01 -7.532756715E-02 9.311146585E-01
 8.948282971E-01 -1.151239119E-02 5.880419080E-01
 9.825252706E-01 1.570796881E-02 6.512607989E-01
 7.491043935E-01 -2.952163808E-02 6.700350306E-01
 5.149887819E-01 -6.683351879E-01 7.759691774E-01
 3.212179480E-01 9.149059828E-02 9.715848661E-01
 3.417227265E-01 9.494141230E-02 9.816408146E-01
 1.190711110E+00 4.649276131E-02 6.987598151E-01
 6.666906111E-01 -6.779282247E-02 7.269465339E-01
 4.816661407E-01 8.663372148E-02 1.047423813E+00
 9.164154454E-01 4.872110502E-02 7.483651283E-01
 5.777088551E-01 -6.996329598E-02 7.947500628E-01
 6.555906256E-04 -5.209977257E-02 5.980233452E-01
 1.172004838E-02 -2.019850888E-02 5.863926632E-01
 7.252397948E-01 -3.458264648E-02 6.839060645E-01
 6.970407129E-01 -4.295996974E-02 7.030934970E-01
 8.825750784E-01 8.953064835E-02 7.833941185E-01
 7.960973223E-01 -3.594216698E-02 6.452865528E-01
 -1.416854419E-02 -3.196686817E-02 5.058672060E-01
 4.490769771E-03 -1.559239024E-02 5.000834852E-01
 1.165960790E-02 -3.599069074E-02 6.153879838E-01
 3.119777728E-02 -5.769603791E-02 7.150158442E-01
 1.918348986E-02 -2.507348436E-02 6.471641581E-01
 4.034918920E-02 -3.580215360E-02 7.564191086E-01
 9.164316386E-01 -9.780020362E-03 5.795316028E-01
 9.021624431E-01 4.172291359E-02 7.608714698E-01
 4.446895569E-01 -9.295341064E-02 9.388266741E-01
 4.709179998E-01 -9.236590769E-02 9.042549342E-01
 4.757662495E-01 -7.687111874E-02 9.026587709E-01
 9.301312274E-01 5.870321070E-01 7.983673657E-01
 6.721394458E-01 -4.684846615E-02 7.193074684E-01
 2.938906709E-01 -8.821255360E-02 9.841894540E-01
 6.919275483E-01 -8.444191907E-02 7.135899291E-01
 6.867791425E-01 -5.722691693E-02 7.129692217E-01
 3.689021731E-01 8.239916068E-02 9.952922889E-01
 3.133974596E+00 6.339745962E-01 7.321480083E-01
 2.428369450E-01 9.436172952E-02 9.320104209E-01
 2.160366811E-01 9.215888034E-02 9.163699041E-01
 1.880576260E-01 8.704570275E-02 9.018237868E-01
 6.052432685E-01 7.786134324E-02 1.029826082E+00
 5.981400831E-01 9.081027835E-02 1.034512542E+00
 7.313714463E-01 1.013016787E-01 8.995642794E-01
 5.315469396E-01 7.924920635E-02 1.059212185E+00
 5.543586300E-01 7.847706428E-02 1.060033954E+00
 9.255716722E-01 3.200027213E-02 7.330945894E-01
 3.133974596E+00 -6.339745962E-01 7.330034126E-01
 5.479502276E-01 -6.446514844E-02 8.202064719E-01
 3.291100104E-01 -7.536564242E-02 1.009438576E+00
 4.225627289E-01 -7.317800051E-02 9.803001756E-01
 2.922781899E-01 -7.387717978E-02 9.908396606E-01
 2.204200335E-01 -2.428234584E-01 8.601900149E-01
 6.026304771E-01 -5.531325728E-02 7.709939123E-01
 -1.359984703E-01 2.659036378E-01 6.801577853E-01
 2.694678557E-01 -7.432195881E-02 9.765807937E-01
 6.600593216E-01 1.457877480E-01 9.569303554E-01
 1.977002440E+00 3.642168691E-01 7.466078672E-01
 8.551223932E-01 -4.314793622E-01 7.104455060E-01
 -2.083570160E-01 4.107574307E-01 6.962441834E-01
 4.467528220E-01 -7.264875594E-02 9.449153601E-01
 1.665392787E-01 7.990780559E-02 8.874322445E-01
 1.927931785E-01 7.054606696E-02 9.068839385E-01
 3.897682150E-01 -3.463705909E-01 8.499326881E-01
 2.051406251E-02 4.341711341E-02 6.623239718E-01
 4.016887251E-02 5.147260225E-02 7.263265033E-01
 1.161189493E-02 3.316538537E-02 6.165817718E-01
 1.577920315E-02 2.718852745E-02 6.355496268E-01
 8.078011191E-01 5.084547023E-02 8.379132558E-01
 2.735369660E-01 -8.811996262E-02 9.716382177E-01
 8.744683423E-02 -7.236794388E-02 8.302410387E-01
 6.215537086E-02 -5.870272730E-02 8.010468000E-01
 4.440882208E-03 2.538947209E-02 5.585243006E-01
 -7.120341450E-03 1.444277118E-02 3.744077885E-01
 -1.742913515E-02 -4.998530167E-03 3.481918177E-01
 7.868973352E-03 1.667897141E-02 5.902098082E-01
 -3.528686285E-04 9.612316597E-03 3.845605796E-01
 2.682241224E-01 7.879183843E-02 9.467241672E-01
 1.690587550E-01 6.673876094E-02 8.920310040E-01
 3.959591137E-01 -7.297636300E-02 1.007745767E+00
 2.432446790E-01 7.631334610E-02 9.349769723E-01
 4.837633857E-01 -6.833637526E-02 8.959771850E-01
 8.536008722E-01 7.378820149E-02 8.083464158E-01
 1.160302111E-01 7.007944896E-02 8.484784261E-01
 2.928479751E-02 -4.096523856E-02 7.228920218E-01
 4.719998135E-01 -6.693091048E-02 9.092752609E-01
 9.724717909E-01 -8.684809078E-03 5.646547806E-01
 8.831793497E-02 6.572298915E-02 8.190591129E-01
 7.629337441E-01 1.503277174E-01 8.593811623E-01
 3.433205578E-01 8.067945301E-02 9.841188582E-01
 2.180432338E-01 7.394414184E-02 9.212053496E-01
 9.130778670E-02 5.151847575E-02 8.270858242E-01
 1.112143240E-01 -7.724543921E-02 8.551246934E-01
 4.356391241E-01 4.143285071E-01 8.907209030E-01
 5.344968700E-01 -7.707687515E-02 8.333435178E-01
 4.927935369E-01 -8.134952880E-02 8.823520057E-01
 5.099016915E-01 -6.698385420E-02 8.653747159E-01
 5.232855827E-01 -6.559337327E-02 8.460818037E-01
 -1.902693850E-01 -4.134729372E-01 6.939027141E-01
 1.953668410E-01 -6.776773600E-02 9.269841503E-01
 2.769806135E+00 -1.099718753E-01 7.397339045E-01
 8.434968356E-01 1.354503405E-01 8.094846072E-01
 7.402465239E-01 -1.299715679E-01 6.979824411E-01
 6.390596340E-01 6.969472760E-02 9.879011213E-01
 1.128569764E+00 4.455406835E-01 7.569735086E-01
 1.842144343E-01 -7.974778984E-02 9.139807712E-01
 6.653518542E-01 4.261085923E-01 8.796820199E-01
 5.621106903E-01 5.340526594E-01 8.668253346E-01
 1.472472370E+00 -5.550049002E-01 7.220080771E-01
 9.567744636E-02 -1.365800243E-01 8.106606345E-01
 5.085724157E-01 -1.892260254E-01 8.422178572E-01
 3.130013833E-01 -4.498003848E-01 8.166831135E-01
 9.164230466E-01 1.182879921E-01 7.608058206E-01
 1.120113494E+00 -1.048845157E-01 6.821465180E-01
 7.943745936E-01 5.024739483E-02 8.473041476E-01
 9.167502116E-02 2.309261422E-01 7.738036447E-01
 5.668187264E-02 4.449078992E-02 7.722455847E-01
 6.796830767E-02 4.614006972E-02 7.945917196E-01
 6.864940293E-02 -4.564406804E-02 8.216773185E-01
 6.586859930E-01 -1.351961416E-01 7.398574500E-01
 4.156960856E-01 1.928120156E-01 9.738456597E-01
 9.009930422E-01 2.969520303E-02 7.565693648E-01
 6.187324344E-01 -9.187224771E-02 7.629194642E-01
 4.337135354E-02 -4.710391220E-02 7.676174377E-01
 6.872718581E-01 7.714715567E-02 9.427658173E-01
 2.190438522E-01 -8.518163566E-02 9.357015212E-01
 3.002038349E-01 9.457875215E-02 9.616033991E-01
 3.511061057E-01 -7.640197069E-02 1.017409238E+00
 3.613949942E-01 -7.453900331E-02 1.020495268E+00
 1.420041432E+00 7.322485181E-01 7.566536617E-01
 1.055970056E+00 3.418096566E-02 6.645242662E-01
 1.078151941E+00 -7.642504185E-03 6.550476638E-01
 4.059469482E-01 -1.773641303E-01 9.313852630E-01
 6.698613879E-01 7.389177511E-01 8.282077886E-01
 5.933940934E-01 -1.543382778E-01 7.815818480E-01
 1.521927155E-04 -2.490901875E-02 5.142628402E-01
 -7.110319335E-03 -1.367841482E-02 3.773892122E-01
 9.912346716E-01 2.437589927E-01 7.479620560E-01
 3.853634871E-01 -7.269099222E-02 1.017696059E+00
 8.856072068E-01 4.519546487E-02 7.775442213E-01
 1.673745053E-01 -1.357321454E-01 8.755373636E-01
 1.613068119E-01 -6.347158771E-02 9.055288242E-01
 1.734790000E-01 -6.664068104E-02 9.126803221E-01
 2.436583815E-01 -7.263107103E-02 9.585535583E-01
 2.309763778E-01 -7.283128006E-02 9.492609821E-01
 573 104 579 579
 631 94 634 634
 267 331 622 622
 349 90 633 633
 422 421 436 436
 580 498 582 582
 240 405 641 641
 277 265 500 500
 284 281 287 287
 436 484 508 508
 338 297 340 340
 293 288 313 313
 489 490 491 491
 414 415 518 518
 281 272 320 320
 95 631 632 632
 137 136 526 526
 232 201 449 449
 344 301 614 614
 351 350 397 397
 258 268 271 271
 347 31 398 398
 526 458 591 591
 426 422 427 427
 488 446 530 530
 295 293 311 311
 253 234 480 480
 85 84 625 625
 238 589 691 691
 539 466 586 586
 246 229 513 513
 439 449 518 518
 276 630 633 633
 232 434 467 467
 235 474 650 650
 239 257 279 279
 285 364 376 376
 474 473 628 628
 299 295 301 301
 219 157 571 571
 246 414 518 518
 272 274 320 320
 280 272 281 281
 554 222 701 701
 157 433 571 571
 200 201 232 232
 493 494 501 501
 239 215 257 257
 349 630 631 631
 548 507 577 577
 199 234 253 253
 128 127 560 560
 274 271 393 393
 398 31 661 661
 576 316 640 640
 535 478 536 536
 195 196 257 257
 224 358 626 626
 70 323 405 405
 419 416 421 421
 418 439 518 518
 341 565 566 566
 496 555 699 699
 228 369 569 569
 198 192 253 253
 486 485 519 519
 276 85 625 625
 229 247 248 248
 229 203 247 247
 454 453 690 690
 302 337 339 339
 503 509 577 577
 497 476 499 499
 215 195 257 257
 507 548 552 552
 367 286 569 569
 470 469 527 527
 192 199 253 253
 443 510 511 511
 251 230 514 514
 429 431 692 692
 494 493 604 604
 613 222 627 627
 420 504 517 517
 265 263 500 500
 364 363 376 376
 269 266 275 275
 217 547 577 577
 482 521 525 525
 538 466 539 539
 312 320 326 326
 337 335 338 338
 320 274 321 321
 201 245 449 449
 287 281 312 312
 310 244 589 589
 629 473 676 676
 536 478 546 546
 260 250 374 374
 285 366 367 367
 1 488 489 489
 199 200 234 234
 517 504 525 525
 214 215 239 239
 276 625 630 630
 363 362 376 376
 319 391 566 566
 441 550 574 574
 258 271 673 673
 409 309 450 450
 263 497 500 500
 505 503 577 577
 380 270 645 645
 72 71 405 405
 283 357 565 565
 239 280 651 651
 586 455 618 618
 450 308 492 492
 321 322 381 381
 555 496 556 556
 202 229 666 666
 303 390 697 697
 427 507 552 552
 229 248 513 513
 245 202 666 666
 444 421 445 445
 303 386 389 389
 202 203 229 229
 211 212 230 230
 201 202 245 245
 1 446 488 488
 369 228 395 395
 629 255 681 681
 474 628 650 650
 542 545 653 653
 229 246 666 666
 198 253 656 656
 464 463 469 469
 421 438 445 445
 369 367 569 569
 254 475 477 477
 481 477 497 497
 261 260 374 374
 308 315 493 493
 403 323 619 619
 316 302 339 339
 343 220 375 375
 491 490 559 559
 287 312 318 318
 421 416 438 438
 239 279 280 280
 331 259 623 623
 351 292 360 360
 364 285 367 367
 358 340 626 626
 280 281 284 284
 434 232 616 616
 463 457 478 478
 537 536 538 538
 459 457 463 463
 136 458 526 526
 275 266 348 348
 542 541 543 543
 301 295 614 614
 535 460 686 686
 514 230 515 515
 380 623 674 674
 448 412 689 689
 370 396 404 404
 248 250 251 251
 544 433 606 606
 589 213 691 691
 511 512 680 680
 405 403 641 641
 361 345 682 682
 247 242 249 249
 209 210 261 261
 246 518 666 666
 556 235 650 650
 581 528 629 629
 314 287 324 324
 422 436 508 508
 268 266 269 269
 267 622 624 624
 408 410 662 662
 204 242 247 247
 291 288 293 293
 203 204 247 247
 323 403 405 405
 220 343 355 355
 451 429 692 692
 436 421 444 444
 211 230 260 260
 427 422 508 508
 310 238 664 664
 466 540 586 586
 492 308 493 493
 412 413 689 689
 238 310 589 589
 449 245 518 518
 196 197 256 256
 197 198 252 252
 425 422 426 426
 263 481 497 497
 213 243 687 687
 462 479 480 480
 219 533 611 611
 294 293 295 295
 243 213 589 589
 466 453 540 540
 500 499 572 572
 419 421 422 422
 271 269 278 278
 382 370 383 383
 233 653 654 654
 228 372 395 395
 287 318 324 324
 414 412 415 415
 97 632 694 694
 269 330 332 332
 210 260 261 261
 547 548 577 577
 415 412 671 671
 484 482 525 525
 230 212 687 687
 410 411 514 514
 391 319 594 594
 278 269 332 332
 493 501 558 558
 230 251 615 615
 262 252 263 263
 337 338 340 340
 391 318 566 566
 318 341 566 566
 529 445 530 530
 483 521 561 561
 412 411 567 567
 256 262 264 264
 534 478 535 535
 521 483 525 525
 207 208 231 231
 313 288 368 368
 370 369 395 395
 379 240 641 641
 350 344 397 397
 237 534 685 685
 298 295 299 299
 498 580 642 642
 408 309 409 409
 411 412 414 414
 222 554 557 557
 542 543 545 545
 257 258 279 279
 239 665 691 691
 411 409 567 567
 290 400 404 404
 248 247 249 249
 204 205 242 242
 528 487 628 628
 628 473 629 629
 311 293 382 382
 248 249 250 250
 543 461 544 544
 465 128 560 560
 336 335 601 601
 443 568 590 590
 353 221 684 684
 426 427 660 660
 524 526 591 591
 322 274 393 393
 490 450 492 492
 452 453 454 454
 467 621 669 669
 209 261 595 595
 436 444 482 482
 410 515 662 662
 479 462 610 610
 288 314 368 368
 283 565 684 684
 255 629 676 676
 210 211 260 260
 575 216 593 593
 444 445 529 529
 248 251 513 513
 298 310 664 664
 264 265 266 266
 612 258 617 617
 580 573 693 693
 538 227 637 637
 693 579 694 694
 598 241 620 620
 433 544 571 571
 206 207 333 333
 116 115 676 676
 314 364 368 368
 493 570 604 604
 4 3 305 305
 344 346 397 397
 340 297 672 672
 313 370 382 382
 455 586 587 587
 234 200 564 564
 312 281 320 320
 461 468 544 544
 231 261 374 374
 418 416 419 419
 440 551 592 592
 207 231 333 333
 449 439 616 616
 597 321 598 598
 137 526 607 607
 442 511 680 680
 347 399 599 599
 426 429 434 434
 540 453 541 541
 233 639 653 653
 318 312 341 341
 299 301 646 646
 270 380 675 675
 346 384 399 399
 550 441 551 551
 435 429 451 451
 302 317 337 337
 314 324 363 363
 240 72 405 405
 429 428 677 677
 596 273 638 638
 551 441 575 575
 475 254 479 479
 221 353 402 402
 382 383 384 384
 540 541 542 542
 570 223 604 604
 216 590 593 593
 279 272 280 280
 414 246 437 437
 453 452 668 668
 225 400 406 406
 309 308 450 450
 411 437 514 514
 292 398 661 661
 578 580 693 693
 507 427 508 508
 384 383 400 400
 381 403 619 619
 386 359 389 389
 471 475 479 479
 241 598 619 619
 332 330 623 623
 317 335 337 337
 489 447 689 689
 549 550 552 552
 173 172 547 547
 413 409 450 450
 231 374 658 658
 443 511 568 568
 314 363 364 364
 452 451 668 668
 457 466 546 546
 400 290 406 406
 336 343 375 375
 234 467 669 669
 304 302 659 659
 273 596 597 597
 266 277 348 348
 312 326 353 353
 249 242 658 658
 454 457 459 459
 487 556 650 650
 306 316 576 576
 84 267 625 625
 434 429 435 435
 194 209 595 595
 208 194 595 595
 313 368 369 369
 212 213 687 687
 255 583 681 681
 205 193 605 605
 193 206 605 605
 541 461 543 543
 309 408 695 695
 295 311 614 614
 330 275 354 354
 580 581 642 642
 299 304 310 310
 383 370 404 404
 359 352 385 385
 254 253 480 480
 79 78 674 674
 302 299 646 646
 153 152 654 654
 476 475 667 667
 437 251 514 514
 445 488 530 530
 339 337 340 340
 460 537 696 696
 306 304 659 659
 307 306 670 670
 490 492 559 559
 651 300 665 665
 36 35 406 406
 477 476 497 497
 168 167 441 441
 171 170 563 563
 534 237 607 607
 507 505 577 577
 426 428 429 429
 533 512 611 611
 59 58 401 401
 329 598 620 620
 459 463 464 464
 641 394 645 645
 321 274 322 322
 355 343 682 682
 428 426 660 660
 183 182 561 561
 299 302 304 304
 284 287 678 678
 292 351 397 397
 560 127 657 657
 485 486 520 520
 308 307 670 670
 320 321 328 328
 261 231 595 595
 140 139 685 685
 213 214 691 691
 304 306 307 307
 478 457 546 546
 268 258 612 612
 653 545 654 654
 351 361 682 682
 396 289 404 404
 221 402 635 635
 341 312 353 353
 239 651 665 665
 540 542 587 587
 178 177 502 502
 294 298 664 664
 378 380 645 645
 606 432 652 652
 413 450 688 688
 495 553 663 663
 260 230 615 615
 244 310 407 407
 537 538 637 637
 525 483 531 531
 313 369 370 370
 583 498 642 642
 463 478 524 524
 431 429 677 677
 518 245 666 666
 175 174 509 509
 188 187 519 519
 464 469 470 470
 232 449 616 616
 657 236 663 663
 521 218 561 561
 333 231 658 658
 124 123 699 699
 311 382 384 384
 251 437 513 513
 622 331 623 623
 386 576 640 640
 27 26 345 345
 402 327 635 635
 22 21 334 334
 465 683 702 702
 590 568 593 593
 226 391 594 594
 416 415 671 671
 380 332 623 623
 455 587 588 588
 440 550 551 551
 639 588 653 653
 293 313 382 382
 363 324 365 365
 461 541 668 668
 307 308 309 309
 386 303 697 697
 214 239 691 691
 185 184 584 584
 410 514 515 515
 469 463 522 522
 462 480 669 669
 347 398 399 399
 482 485 520 520
 551 575 593 593
 138 137 607 607
 222 557 627 627
 515 230 687 687
 269 275 330 330
 26 25 355 355
 317 301 601 601
 517 525 531 531
 6 5 494 494
 266 265 277 277
 271 274 673 673
 328 321 597 597
 288 284 678 678
 197 252 262 262
 34 33 599 599
 165 164 590 590
 327 596 638 638
 53 52 594 594
 21 20 296 296
 256 197 262 262
 161 160 516 516
 398 346 399 399
 250 249 374 374
 5 4 501 501
 440 427 552 552
 504 484 525 525
 251 250 615 615
 232 467 564 564
 43 42 228 228
 163 162 510 510
 264 266 268 268
 218 520 584 584
 41 40 371 371
 493 315 570 570
 550 423 574 574
 329 597 598 598
 284 288 291 291
 457 454 690 690
 438 416 448 448
 472 471 698 698
 271 278 393 393
 480 234 669 669
 167 166 575 575
 460 535 536 536
 538 536 546 546
 346 311 384 384
 492 493 558 558
 334 336 342 342
 264 268 612 612
 428 440 592 592
 268 269 271 271
 291 293 294 294
 250 260 615 615
 226 365 391 391
 262 263 265 265
 425 426 434 434
 180 179 517 517
 55 54 647 647
 264 262 265 265
 121 120 235 235
 57 56 357 357
 358 352 359 359
 157 156 433 433
 326 320 328 328
 482 444 485 485
 419 425 439 439
 29 28 360 360
 520 486 584 584
 412 448 671 671
 132 131 222 222
 522 463 524 524
 152 151 233 233
 231 208 595 595
 206 333 605 605
 292 397 398 398
 461 451 692 692
 16 15 224 224
 534 535 685 685
 410 409 411 411
 327 402 596 596
 419 422 425 425
 131 130 701 701
 114 113 255 255
 335 317 601 601
 58 57 283 283
 652 432 655 655
 242 333 658 658
 44 43 569 569
 663 236 700 700
 7 6 604 604
 437 246 513 513
 190 189 644 644
 436 482 484 484
 520 218 521 521
 431 442 680 680
 40 39 602 602
 415 416 418 418
 560 657 663 663
 160 159 611 611
 324 318 391 391
 15 14 352 352
 45 44 286 286
 80 79 259 259
 544 606 652 652
 19 18 297 297
 12 11 303 303
 242 205 605 605
 258 257 617 617
 597 329 648 648
 456 586 618 618
 499 476 528 528
 499 528 581 581
 46 45 366 366
 294 295 298 298
 254 481 656 656
 273 597 648 648
 403 394 641 641
 435 451 452 452
 467 234 564 564
 37 36 290 290
 91 90 349 349
 136 135 458 458
 156 155 606 606
 512 430 516 516
 378 332 380 380
 25 24 220 220
 134 133 523 523
 166 165 216 216
 442 428 592 592
 2 1 491 491
 146 145 608 608
 8 7 223 223
 133 132 613 613
 182 181 483 483
 445 447 488 488
 184 183 218 218
 28 27 361 361
 485 444 529 529
 174 173 217 217
 490 489 688 688
 50 49 325 325
 298 299 310 310
 38 37 603 603
 554 527 557 557
 13 12 389 389
 455 588 643 643
 272 258 673 673
 60 59 221 221
 119 118 474 474
 300 294 664 664
 126 125 236 236
 24 23 375 375
 379 641 645 645
 397 346 398 398
 73 72 240 240
 544 468 571 571
 17 16 626 626
 48 47 376 376
 172 171 424 424
 339 340 358 358
 519 485 529 529
 147 146 456 456
 333 242 605 605
 162 161 430 430
 154 153 655 655
 224 352 358 358
 159 158 219 219
 491 559 562 562
 145 144 227 227
 559 305 562 562
 155 154 432 432
 11 10 390 390
 61 60 635 635
 475 472 667 667
 413 412 567 567
 253 254 656 656
 49 48 362 362
 68 67 241 241
 139 138 237 237
 123 122 496 496
 533 219 571 571
 52 51 226 226
 51 50 373 373
 35 34 225 225
 10 9 387 387
 54 53 319 319
 164 163 443 443
 62 61 327 327
 548 549 552 552
 599 399 600 600
 368 367 369 369
 326 328 596 596
 129 128 465 465
 144 143 637 637
 233 151 639 639
 70 69 323 323
 400 225 600 600
 69 68 636 636
 471 470 698 698
 149 148 455 455
 77 76 270 270
 87 86 276 276
 14 13 385 385
 130 129 702 702
 20 19 356 356
 301 344 392 392
 47 46 285 285
 110 109 498 498
 460 536 537 537
 186 185 486 486
 56 55 282 282
 142 141 460 460
 170 169 423 423
 31 30 661 661
 30 29 292 292
 487 472 556 556
 177 176 532 532
 33 32 347 347
 259 79 674 674
 179 178 420 420
 471 472 475 475
 343 350 682 682
 148 147 618 618
 65 64 648 648
 39 38 289 289
 64 63 273 273
 66 65 329 329
 82 81 331 331
 181 180 531 531
 169 168 574 574
 23 22 342 342
 67 66 620 620
 258 272 279 279
 189 188 417 417
 484 504 506 506
 506 505 507 507
 576 315 670 670
 557 522 627 627
 176 175 503 503
 191 190 446 446
 515 243 662 662
 418 419 439 439
 9 8 679 679
 549 423 550 550
 141 140 686 686
 42 41 372 372
 565 341 684 684
 466 538 546 546
 471 479 610 610
 334 335 336 336
 522 524 591 591
 526 534 607 607
 381 322 403 403
 254 477 481 481
 252 198 656 656
 683 554 702 702
 394 378 645 645
 495 470 553 553
 125 124 700 700
 322 394 403 403
 63 62 638 638
 297 338 356 356
 550 440 552 552
 456 539 586 586
 143 142 696 696
 511 430 512 512
 117 116 473 473
 404 289 603 603
 451 461 668 668
 338 296 356 356
 464 470 471 471
 495 555 556 556
 152 233 654 654
 408 409 410 410
 468 431 680 680
 18 17 672 672
 503 505 532 532
 103 102 579 579
 402 326 596 596
 127 126 657 657
 4 305 501 501
 475 476 477 477
 75 74 379 379
 588 587 653 653
 223 570 585 585
 364 367 368 368
 284 291 651 651
 290 404 603 603
 275 348 377 377
 350 343 392 392
 476 487 528 528
 225 599 600 600
 473 116 676 676
 150 149 643 643
 354 275 377 377
 447 448 689 689
 287 314 678 678
 468 533 571 571
 310 304 407 407
 135 134 609 609
 411 414 437 437
 227 144 637 637
 445 438 447 447
 388 386 697 697
 505 502 532 532
 523 591 609 609
 112 111 583 583
 464 471 610 610
 218 183 561 561
 625 624 630 630
 400 383 404 404
 151 150 639 639
 469 522 557 557
 342 336 375 375
 217 173 547 547
 139 237 685 685
 78 77 675 675
 591 458 609 609
 196 256 617 617
 76 75 649 649
 497 499 500 500
 553 527 683 683
 592 551 593 593
 346 344 614 614
 545 652 655 655
 558 305 559 559
 492 558 559 559
 512 516 611 611
 399 384 600 600
 35 225 406 406
 335 296 338 338
 454 459 462 462
 221 59 401 401
 304 307 407 407
 387 585 697 697
 263 252 481 481
 459 464 610 610
 58 283 401 401
 172 424 547 547
 316 339 358 358
 549 424 563 563
 359 385 389 389
 415 418 518 518
 408 244 695 695
 345 26 355 355
 494 5 501 501
 568 592 593 593
 393 378 394 394
 301 392 601 601
 466 457 690 690
 396 371 602 602
 289 396 602 602
 423 549 563 563
 314 288 678 678
 123 496 699 699
 166 216 575 575
 25 220 355 355
 341 353 684 684
 435 452 467 467
 589 244 662 662
 315 308 670 670
 447 438 448 448
 3 2 562 562
 27 345 361 361
 216 165 590 590
 290 36 406 406
 222 131 701 701
 244 408 662 662
 424 171 563 563
 227 538 539 539
 343 336 601 601
 22 334 342 342
 548 424 549 549
 441 167 575 575
 450 490 688 688
 330 622 623 623
 283 57 357 357
 512 533 680 680
 256 264 612 612
 482 520 521 521
 274 272 673 673
 417 519 529 529
 555 663 700 700
 21 296 334 334
 43 228 569 569
 386 388 576 576
 52 226 594 594
 442 431 677 677
 280 284 651 651
 316 306 659 659
 223 7 604 604
 286 44 569 569
 511 442 568 568
 296 20 356 356
 305 3 562 562
 440 428 660 660
 84 83 267 267
 170 423 563 563
 379 645 649 649
 291 294 300 300
 504 502 505 505
 365 226 373 373
 174 217 509 509
 374 249 658 658
 243 515 687 687
 302 316 659 659
 317 302 646 646
 184 218 584 584
 502 177 532 532
 237 138 607 607
 301 317 646 646
 488 447 489 489
 472 495 556 556
 224 15 352 352
 530 446 644 644
 501 305 558 558
 423 169 574 574
 153 654 655 655
 443 163 510 510
 33 347 599 599
 395 371 396 396
 159 219 611 611
 315 388 570 570
 533 468 680 680
 539 456 608 608
 56 282 357 357
 527 469 557 557
 45 286 366 366
 227 539 608 608
 503 175 509 509
 516 160 611 611
 506 507 508 508
 228 42 372 372
 282 55 647 647
 132 222 613 613
 427 440 660 660
 322 393 394 394
 619 323 636 636
 182 483 561 561
 430 161 516 516
 241 619 636 636
 325 365 373 373
 462 459 610 610
 428 442 677 677
 162 430 510 510
 321 381 598 598
 106 105 573 573
 300 664 665 665
 6 494 604 604
 289 38 603 603
 16 224 626 626
 89 88 633 633
 433 156 606 606
 631 348 632 632
 155 432 606 606
 470 527 553 553
 39 289 602 602
 420 178 502 502
 645 270 649 649
 316 358 640 640
 524 478 534 534
 568 442 592 592
 360 28 361 361
 19 297 356 356
 164 443 590 590
 285 46 366 366
 168 441 574 574
 330 354 622 622
 303 11 390 390
 566 282 647 647
 334 296 335 335
 306 576 670 670
 145 227 608 608
 486 185 584 584
 319 53 594 594
 220 24 375 375
 12 303 389 389
 456 146 608 608
 54 319 647 647
 371 40 602 602
 41 371 372 372
 108 107 582 582
 180 517 531 531
 565 282 566 566
 225 34 599 599
 432 154 655 655
 439 425 616 616
 60 221 635 635
 37 290 603 603
 448 416 671 671
 578 572 580 580
 8 223 679 679
 453 466 690 690
 479 254 480 480
 523 133 613 613
 523 613 627 627
 10 387 390 390
 385 13 389 389
 93 92 634 634
 547 424 548 548
 50 325 373 373
 297 18 672 672
 468 461 692 692
 311 346 614 614
 226 51 373 373
 591 523 627 627
 417 530 644 644
 325 363 365 365
 585 387 679 679
 17 626 672 672
 292 29 360 360
 352 14 385 385
 325 49 362 362
 455 148 618 618
 362 48 376 376
 425 434 616 616
 467 452 621 621
 431 468 692 692
 510 430 511 511
 446 190 644 644
 504 505 506 506
 149 455 643 643
 241 67 620 620
 47 285 376 376
 701 130 702 702
 387 9 679 679
 291 300 651 651
 509 217 577 577
 140 685 686 686
 23 342 375 375
 350 351 682 682
 628 487 650 650
 147 456 618 618
 68 241 636 636
 30 292 661 661
 598 381 619 619
 465 560 683 683
 327 61 635 635
 179 420 517 517
 401 283 684 684
 665 238 691 691
 622 354 624 624
 417 529 530 530
 366 286 367 367
 278 332 378 378
 483 181 531 531
 345 355 682 682
 587 542 653 653
 420 502 504 504
 142 460 696 696
 354 377 630 630
 624 354 630 630
 2 491 562 562
 134 523 609 609
 129 465 702 702
 409 413 567 567
 580 572 581 581
 357 282 565 565
 323 69 636 636
 417 188 519 519
 124 699 700 700
 460 141 686 686
 458 135 609 609
 278 378 393 393
 621 462 669 669
 353 326 402 402
 392 343 601 601
 66 329 620 620
 126 236 657 657
 273 63 638 638
 236 125 700 700
 372 371 395 395
 630 377 631 631
 62 327 638 638
 329 65 648 648
 528 628 629 629
 325 362 363 363
 176 503 532 532
 64 273 648 648
 365 324 391 391
 452 454 621 621
 319 566 647 647
 543 544 652 652
 359 386 640 640
 572 499 581 581
 75 379 649 649
 541 453 668 668
 390 387 697 697
 664 238 665 665
 77 270 675 675
 674 78 675 675
 596 328 597 597
 189 417 644 644
 688 489 689 689
 586 540 587 587
 472 487 667 667
 583 642 681 681
 377 348 631 631
 481 252 656 656
 358 359 640 640
 307 309 695 695
 553 560 663 663
 344 350 392 392
 470 495 698 698
 370 395 396 396
 256 612 617 617
 270 76 649 649
 570 388 585 585
 348 277 632 632
 454 462 621 621
 637 143 696 696
 526 524 534 534
 545 543 652 652
 388 315 576 576
 351 360 361 361
 407 307 695 695
 585 388 697 697
 527 554 683 683
 223 585 679 679
 495 472 698 698
 522 591 627 627
 487 476 667 667
 654 545 655 655
 384 400 600 600
 555 495 663 663
 500 572 578 578
 243 589 662 662
 639 150 643 643
 685 535 686 686
 380 674 675 675
 699 555 700 700
 554 701 702 702
 626 340 672 672
 244 407 695 695
 560 553 683 683
 537 637 696 696
 588 639 643 643
 578 693 694 694
 413 688 689 689
 642 581 681 681
 90 89 633 633
 1 191 446 446
 1 489 491 491
 32 31 347 347
 71 70 405 405
 74 73 379 379
 73 240 379 379
 81 80 331 331
 80 259 331 331
 83 82 267 267
 267 82 331 331
 86 85 276 276
 88 87 633 633
 87 276 633 633
 92 91 634 634
 91 349 634 634
 94 93 634 634
 95 94 631 631
 96 95 632 632
 97 96 632 632
 98 97 694 694
 99 98 694 694
 100 99 694 694
 101 100 694 694
 102 101 579 579
 579 101 694 694
 104 103 579 579
 105 104 573 573
 107 106 573 573
 107 573 582 582
 109 108 582 582
 498 109 582 582
 111 110 498 498
 111 498 583 583
 113 112 583 583
 255 113 583 583
 115 114 676 676
 114 255 676 676
 118 117 473 473
 118 473 474 474
 120 119 474 474
 235 120 474 474
 122 121 496 496
 121 235 496 496
 158 157 219 219
 187 186 486 486
 187 486 519 519
 257 196 617 617
 200 232 564 564
 221 401 684 684
 496 235 556 556
 623 259 674 674
 267 624 625 625
 277 500 632 632
 630 349 633 633
 349 631 634 634
 434 435 467 467
 484 506 508 508
 500 578 632 632
 573 579 693 693
 573 580 582 582
 632 578 694 694
 581 629 681 681
