VARIABLES = \
"Time_Iter","Outer_Iter","Inner_Iter",    "rms[Rho]"    ,    "rms[RhoU]"   ,    "rms[RhoV]"   ,    "rms[RhoE]"   
          0,           0,           0,     -0.8285207031,       1.420349867,       1.672740272,         4.6311075
          0,           0,           1,     -0.8264227855,       1.478411771,       1.710005049,       4.641767599
          0,           0,           2,      -1.032463596,       1.311213915,       1.433554065,       4.433645479
          0,           0,           3,      -1.276870133,       1.128997592,       1.176539412,       4.194675184
          0,           0,           4,      -1.473662818,        1.00941802,        0.99490796,       4.001597772
          0,           0,           5,      -1.655169011,      0.9389891604,       0.843106434,       3.822767405
          0,           0,           6,      -1.806920255,      0.8566212364,      0.6977813427,       3.671490975
          0,           0,           7,      -1.972659259,      0.7576229042,      0.5492155103,       3.518300376
          0,           0,           8,      -2.137598063,      0.6732202766,        0.40693517,       3.376618199
          0,           0,           9,       -2.28080119,      0.6090196698,       0.274314953,       3.253327477
          0,           0,          10,       -2.40589678,      0.5521531284,      0.1549481104,       3.142430711
          0,           0,          11,      -2.516401059,      0.4959665764,     0.05173237751,       3.043470962
          0,           0,          12,       -2.61267121,      0.4384138343,    -0.03498089353,       2.955093407
          0,           0,          13,      -2.704435399,      0.3782879611,     -0.1127649361,       2.868998818
          0,           0,          14,      -2.798908275,      0.3156327608,      -0.191576305,       2.781004688
          0,           0,          15,      -2.893062567,      0.2516093509,     -0.2740213138,       2.694621085
          0,           0,          16,      -2.977738774,      0.1877845971,     -0.3581330978,       2.615853075
          0,           0,          17,      -3.045544564,      0.1257847724,      -0.441332144,       2.547698919
          0,           0,          18,      -3.098058439,     0.06681908357,     -0.5208212627,       2.487991463
          0,           0,          19,      -3.143233732,     0.01124567118,     -0.5940246978,       2.432095375
          0,           0,          20,      -3.187070613,    -0.04136725907,     -0.6599480114,       2.377020055
          0,           0,          21,      -3.230869396,    -0.09176947274,       -0.71930709,       2.322637582
          0,           0,          22,      -3.273552204,     -0.1406359867,     -0.7734003884,       2.270310381
          0,           0,          23,        -3.3142393,     -0.1884566705,     -0.8232770963,        2.22114498
          0,           0,          24,      -3.353102538,     -0.2355890821,     -0.8696444078,       2.175190031
          0,           0,          25,      -3.390943107,     -0.2823163144,     -0.9129967633,       2.131653357
          0,           0,          26,      -3.428582686,     -0.3288830338,     -0.9538643898,       2.089488087
          0,           0,          27,      -3.466619456,     -0.3754940965,     -0.9928749948,       2.047766345
          0,           0,          28,       -3.50537953,     -0.4223020335,      -1.030725934,       2.005858302
          0,           0,          29,      -3.545046752,     -0.4694303641,      -1.068050455,       1.963376177
          0,           0,          30,      -3.585775843,     -0.5169586888,      -1.105525679,       1.920076799
          0,           0,          31,      -3.627659068,     -0.5648963533,       -1.14374113,       1.875848869
          0,           0,          32,      -3.670553188,     -0.6131926282,      -1.182958402,        1.83081625
          0,           0,          33,      -3.714255374,     -0.6617672823,      -1.223228114,       1.785183024
          0,           0,          34,      -3.758574374,      -0.710529723,      -1.264464621,       1.739154317
          0,           0,          35,      -3.803345691,     -0.7593917078,      -1.306516614,        1.69289702
          0,           0,          36,      -3.848427083,     -0.8082707933,      -1.349199338,       1.646542572
          0,           0,          37,      -3.893693958,     -0.8570931645,      -1.392320807,       1.600196837
          0,           0,          38,      -3.939056343,     -0.9057946337,      -1.435701869,        1.55393174
          0,           0,          39,      -3.984450224,     -0.9543229342,      -1.479197092,       1.507796134
          0,           0,          40,       -4.02982992,      -1.002636919,       -1.52269815,        1.46182353
          0,           0,          41,      -4.075168722,      -1.050705707,      -1.566134077,       1.416031716
          0,           0,          42,      -4.120453519,      -1.098507341,      -1.609460271,       1.370426868
          0,           0,          43,      -4.165676334,      -1.146026205,      -1.652646861,       1.325010575
          0,           0,          44,      -4.210781553,      -1.193245053,        -1.6956522,       1.279828357
          0,           0,          45,      -4.255704951,      -1.240134743,      -1.738460268,       1.234934305
          0,           0,          46,      -4.300547024,      -1.286703348,      -1.781049579,       1.190229381
          0,           0,          47,      -4.345353206,      -1.332961323,      -1.823429572,       1.145661895
          0,           0,          48,      -4.390086967,      -1.378902436,      -1.865616188,       1.101255554
          0,           0,          49,      -4.434698126,      -1.424514303,      -1.907608462,        1.05704804
          0,           0,          50,      -4.479158556,      -1.469791001,      -1.949397205,       1.013057282
          0,           0,          51,       -4.52345707,       -1.51473623,      -1.990973868,      0.9692854344
          0,           0,          52,      -4.567589046,      -1.559356507,      -2.032335613,      0.9257288075
          0,           0,          53,      -4.611554132,      -1.603662909,      -2.073484854,      0.8823798562
          0,           0,          54,        -4.6553549,      -1.647669345,      -2.114429789,      0.8392286882
          0,           0,          55,      -4.698995656,      -1.691390683,      -2.155176921,      0.7962642645
          0,           0,          56,      -4.742481564,      -1.734843654,      -2.195737202,      0.7534754191
          0,           0,          57,      -4.785818673,      -1.778046032,      -2.236124386,      0.7108507154
          0,           0,          58,      -4.828995339,      -1.821012108,       -2.27634258,      0.6683948973
          0,           0,          59,      -4.872033123,      -1.863759895,      -2.316411334,       0.626083276
          0,           0,          60,      -4.914953825,       -1.90631236,      -2.356348151,      0.5838920985
          0,           0,          61,      -4.957753233,      -1.948688874,      -2.396170502,      0.5418205711
          0,           0,          62,      -5.000425457,      -1.990904794,      -2.435891792,      0.4998699628
          0,           0,          63,      -5.042975473,      -2.032975108,      -2.475520842,      0.4580326636
          0,           0,          64,      -5.085414895,      -2.074915369,      -2.515065034,       0.416295315
          0,           0,          65,      -5.127755217,      -2.116740228,      -2.554531401,      0.3746449641
          0,           0,          66,      -5.170007252,      -2.158463605,      -2.593929638,      0.3330696611
          0,           0,          67,      -5.212179935,      -2.200097913,      -2.633268291,      0.2915595131
          0,           0,          68,      -5.254279387,      -2.241654441,      -2.672555486,      0.2501076354
          0,           0,          69,      -5.296311476,      -2.283144003,      -2.711799903,      0.2087076356
          0,           0,          70,       -5.33828398,      -2.324577038,      -2.751010777,      0.1673517354
          0,           0,          71,      -5.380203185,      -2.365962669,      -2.790195786,      0.1260337789
          0,           0,          72,       -5.42207474,      -2.407308977,      -2.829361867,     0.08474835089
          0,           0,          73,      -5.463904484,      -2.448623302,      -2.868515296,     0.04349000541
          0,           0,          74,      -5.505697892,      -2.489912232,      -2.907661925,    0.002253735788
          0,           0,          75,      -5.547460182,      -2.531181671,      -2.946807273,     -0.0389651262
          0,           0,          76,      -5.589196653,      -2.572436946,      -2.985956598,    -0.08017120548
          0,           0,          77,      -5.630912497,      -2.613682818,      -3.025114874,     -0.1213689411
          0,           0,          78,      -5.672612443,      -2.654923439,      -3.064286671,     -0.1625622955
          0,           0,          79,      -5.714300638,       -2.69616237,      -3.103476088,     -0.2037546659
          0,           0,          80,      -5.755980992,       -2.73740258,      -3.142687211,     -0.2449491946
          0,           0,          81,      -5.797658043,       -2.77864714,      -3.181923287,     -0.2861495609
          0,           0,          82,       -5.83933279,      -2.819897759,      -3.221186649,      -0.327356382
          0,           0,          83,      -5.881007115,       -2.86115609,      -3.260479722,     -0.3685709827
          0,           0,          84,      -5.922683746,      -2.902423642,      -3.299805047,     -0.4097953538
          0,           0,          85,      -5.964365104,      -2.943701535,      -3.339164828,      -0.451031206
          0,           0,          86,       -6.00605313,      -2.984990561,      -3.378560979,     -0.4922798362
          0,           0,          87,      -6.047749528,      -3.026291308,      -3.417995293,     -0.5335423349
          0,           0,          88,      -6.089455876,      -3.067604197,      -3.457469477,     -0.5748196834
          0,           0,          89,      -6.131173626,      -3.108929466,      -3.496985079,     -0.6161127559
          0,           0,          90,      -6.172904088,      -3.150267171,      -3.536543421,     -0.6574223013
          0,           0,          91,      -6.214648025,      -3.191617099,      -3.576145745,     -0.6987486383
          0,           0,          92,      -6.256406381,      -3.232978998,      -3.615792913,     -0.7400921493
          0,           0,          93,       -6.29817964,      -3.274352414,      -3.655485723,     -0.7814528918
          0,           0,          94,      -6.339968136,      -3.315736789,      -3.695224838,     -0.8228307996
          0,           0,          95,       -6.38177209,      -3.357131469,      -3.735010804,     -0.8642257059
          0,           0,          96,      -6.423591606,      -3.398535711,      -3.774844071,     -0.9056373444
          0,           0,          97,      -6.465426662,      -3.439948685,      -3.814724996,     -0.9470653461
          0,           0,          98,      -6.507277085,      -3.481369485,      -3.854653845,     -0.9885092301
          0,           0,          99,      -6.549142559,      -3.522797129,      -3.894630794,      -1.029968402
          0,           0,         100,      -6.591022638,      -3.564230575,      -3.934655928,      -1.071442168
          0,           0,         101,       -6.63291676,      -3.605668725,      -3.974729245,      -1.112929744
          0,           0,         102,      -6.674824263,      -3.647110434,      -4.014850658,      -1.154430267
          0,           0,         103,      -6.716744386,      -3.688554518,      -4.055020003,      -1.195942803
          0,           0,         104,      -6.758676263,      -3.729999755,      -4.095237035,      -1.237466334
          0,           0,         105,      -6.800618924,      -3.771444892,      -4.135501446,       -1.27899977
          0,           0,         106,      -6.842571292,      -3.812888654,      -4.175812848,      -1.320541941
          0,           0,         107,      -6.884532178,      -3.854329744,      -4.216170795,      -1.362091594
          0,           0,         108,      -6.926500281,      -3.895766852,      -4.256574773,      -1.403647395
          0,           0,         109,      -6.968474224,      -3.937198662,      -4.297024209,      -1.445207958
          0,           0,         110,      -7.010452528,      -3.978623855,      -4.337518473,      -1.486771821
          0,           0,         111,      -7.052433649,      -4.020041119,      -4.378056883,      -1.528337481
          0,           0,         112,      -7.094415975,      -4.061449155,       -4.41863871,      -1.569903388
          0,           0,         113,      -7.136397834,      -4.102846678,      -4.459263175,      -1.611467962
          0,           0,         114,      -7.178377524,      -4.144232422,      -4.499929465,        -1.6530296
          0,           0,         115,      -7.220353295,      -4.185605157,       -4.54063674,      -1.694586671
          0,           0,         116,      -7.262323387,      -4.226963679,      -4.581384116,      -1.736137545
          0,           0,         117,      -7.304285995,      -4.268306829,      -4.622170693,      -1.777680582
          0,           0,         118,      -7.346239342,      -4.309633489,      -4.662995547,      -1.819214153
          0,           0,         119,      -7.388181631,      -4.350942594,      -4.703857726,       -1.86073664
          0,           0,         120,      -7.430111068,       -4.39223313,      -4.744756281,      -1.902246438
          0,           0,         121,      -7.472025909,      -4.433504144,      -4.785690241,      -1.943741989
          0,           0,         122,      -7.513924395,      -4.474754749,      -4.826658627,      -1.985221736
          0,           0,         123,      -7.555804836,      -4.515984122,      -4.867660458,      -2.026684195
          0,           0,         124,      -7.597665607,      -4.557191516,      -4.908694744,      -2.068127943
          0,           0,         125,      -7.639505094,      -4.598376252,      -4.949760516,      -2.109551578
          0,           0,         126,      -7.681321783,      -4.639537743,      -4.990856779,      -2.150953796
          0,           0,         127,      -7.723114193,      -4.680675468,       -5.03198259,      -2.192333346
          0,           0,         128,      -7.764880956,      -4.721789004,      -5.073136959,      -2.233689049
          0,           0,         129,       -7.80662084,      -4.762878004,      -5.114318961,      -2.275019892
          0,           0,         130,      -7.848332641,      -4.803942228,      -5.155527668,      -2.316324856
          0,           0,         131,      -7.890015266,      -4.844981497,      -5.196762169,      -2.357603058
          0,           0,         132,      -7.931667703,      -4.885995741,      -5.238021595,      -2.398853704
          0,           0,         133,      -7.973289215,      -4.926984979,      -5.279305071,      -2.440076179
          0,           0,         134,      -8.014878981,      -4.967949328,      -5.320611787,      -2.481269891
          0,           0,         135,      -8.056436456,      -5.008888979,      -5.361940959,      -2.522434419
          0,           0,         136,      -8.097961154,      -5.049804213,      -5.403291748,      -2.563569444
          0,           0,         137,      -8.139452799,      -5.090695419,       -5.44466352,      -2.604674811
          0,           0,         138,      -8.180910995,       -5.13156307,      -5.486055545,      -2.645750341
          0,           0,         139,      -8.222335946,      -5.172407693,      -5.527467153,      -2.686796224
          0,           0,         140,      -8.263727491,       -5.21322995,      -5.568897752,      -2.727812499
          0,           0,         141,      -8.305085853,      -5.254030497,      -5.610346741,      -2.768799473
          0,           0,         142,      -8.346411514,      -5.294810165,      -5.651813649,      -2.809757659
          0,           0,         143,      -8.387704684,      -5.335569784,      -5.693297931,      -2.850687375
          0,           0,         144,       -8.42896624,      -5.376310302,      -5.734799113,      -2.891589482
          0,           0,         145,      -8.470196564,      -5.417032697,       -5.77631689,      -2.932464521
          0,           0,         146,      -8.511396837,      -5.457737998,      -5.817850773,      -2.973313567
          0,           0,         147,      -8.552567579,       -5.49842734,      -5.859400663,      -3.014137273
          0,           0,         148,      -8.593710294,      -5.539101872,       -5.90096595,      -3.054937032
          0,           0,         149,      -8.634825907,      -5.579762787,      -5.942546695,      -3.095713794
          0,           0,         150,      -8.675915334,      -5.620411341,      -5.984142728,      -3.136468556
          0,           0,         151,      -8.716980477,      -5.661048815,      -6.025753732,        -3.1772031
          0,           0,         152,      -8.758022237,      -5.701676547,      -6.067379714,      -3.217918294
          0,           0,         153,      -8.799042542,      -5.742295802,      -6.109020458,      -3.258615887
          0,           0,         154,      -8.840042852,      -5.782908075,       -6.15067628,      -3.299297566
          0,           0,         155,      -8.881024541,      -5.823514713,      -6.192346806,      -3.339964365
          0,           0,         156,      -8.921989704,      -5.864117051,      -6.234032538,      -3.380618324
          0,           0,         157,      -8.962939329,      -5.904716628,      -6.275733028,      -3.421260788
          0,           0,         158,      -9.003875469,      -5.945314631,      -6.317448673,       -3.46189312
          0,           0,         159,      -9.044800476,      -5.985912794,      -6.359179678,      -3.502517929
          0,           0,         160,      -9.085716047,      -6.026512343,      -6.400926446,      -3.543136684
          0,           0,         161,      -9.126623036,      -6.067114618,      -6.442688572,      -3.583750122
          0,           0,         162,      -9.167523376,      -6.107721491,      -6.484467366,       -3.62436047
          0,           0,         163,      -9.208421109,      -6.148333843,      -6.526261961,      -3.664970796
          0,           0,         164,      -9.249314982,      -6.188953313,      -6.568073565,      -3.705580935
          0,           0,         165,      -9.290208762,      -6.229581174,      -6.609901254,      -3.746193581
          0,           0,         166,      -9.331104758,        -6.2702188,      -6.651747425,      -3.786810934
          0,           0,         167,      -9.372001715,      -6.310867809,      -6.693610346,      -3.827432796
          0,           0,         168,      -9.412904811,      -6.351529201,      -6.735490992,      -3.868062985
          0,           0,         169,      -9.453813485,      -6.392204299,      -6.777391555,      -3.908701171
          0,           0,         170,      -9.494733172,       -6.43289437,      -6.819309221,       -3.94935243
          0,           0,         171,      -9.535659475,        -6.4736005,      -6.861247148,      -3.990013451
          0,           0,         172,      -9.576599838,      -6.514324338,      -6.903204069,      -4.030690375
          0,           0,         173,      -9.617552836,      -6.555066548,      -6.945181769,      -4.071381872
          0,           0,         174,      -9.658521037,      -6.595828948,      -6.987180681,      -4.112091381
          0,           0,         175,      -9.699505432,      -6.636612069,      -7.029200549,      -4.152818061
          0,           0,         176,      -9.740504939,      -6.677416904,      -7.071240864,      -4.193562302
          0,           0,         177,      -9.781529336,      -6.718245235,      -7.113304787,      -4.234333118
          0,           0,         178,      -9.822569906,       -6.75909734,      -7.155390177,      -4.275122241
          0,           0,         179,      -9.863637153,      -6.799974245,      -7.197498585,      -4.315938815
          0,           0,         180,      -9.904729682,      -6.840877794,      -7.239629503,      -4.356782078
          0,           0,         181,      -9.945833813,       -6.88180713,      -7.281785209,      -4.397641157
          0,           0,         182,      -9.986977951,      -6.922765207,      -7.323966898,      -4.438538256
          0,           0,         183,      -10.02814412,      -6.963751514,      -7.366173383,       -4.47945964
          0,           0,         184,      -10.06934215,      -7.004767642,       -7.40840562,      -4.520413797
          0,           0,         185,      -10.11056621,      -7.045812794,      -7.450656917,      -4.561394966
          0,           0,         186,      -10.15181705,      -7.086890936,      -7.492947455,      -4.602408762
          0,           0,         187,      -10.19310839,      -7.127998835,      -7.535254061,      -4.643458538
          0,           0,         188,      -10.23443387,      -7.169140818,      -7.577593792,      -4.684543436
          0,           0,         189,       -10.2757801,      -7.210314959,      -7.619956864,      -4.725654485
          0,           0,         190,      -10.31716533,      -7.251523259,      -7.662344968,      -4.766803059
          0,           0,         191,      -10.35859403,      -7.292766076,       -7.70477522,      -4.807993275
          0,           0,         192,      -10.40005282,      -7.334043284,      -7.747223983,      -4.849219564
          0,           0,         193,      -10.44152942,      -7.375355057,      -7.789701857,      -4.890468882
          0,           0,         194,      -10.48308859,      -7.416703703,       -7.83220699,       -4.93178196
          0,           0,         195,      -10.52464633,      -7.458090062,      -7.874749747,      -4.973114755
          0,           0,         196,      -10.56626314,      -7.499512806,      -7.917324102,      -5.014498951
          0,           0,         197,      -10.60790652,      -7.540973919,      -7.959918605,      -5.055910321
          0,           0,         198,      -10.64959325,      -7.582467806,      -8.002552342,      -5.097364542
          0,           0,         199,      -10.69132713,      -7.624002563,       -8.04521758,      -5.138866263
          0,           0,         200,      -10.73311233,      -7.665579894,      -8.087923885,      -5.180411232
          0,           0,         201,      -10.77491125,       -7.70719409,      -8.130644021,      -5.221987708
          0,           0,         202,       -10.8167543,      -7.748850007,      -8.173413199,      -5.263610899
          0,           0,         203,      -10.85868705,      -7.790542595,      -8.216190923,      -5.305300606
          0,           0,         204,       -10.9006267,      -7.832279138,      -8.259047897,      -5.347011816
          0,           0,         205,      -10.94259506,      -7.874044042,      -8.301870288,      -5.388753614
          0,           0,         206,      -10.98463567,      -7.915859611,      -8.344766148,      -5.430564111
          0,           0,         207,      -11.02670785,      -7.957725025,      -8.387734044,      -5.472410035
          0,           0,         208,      -11.06882608,      -7.999611175,      -8.430660894,       -5.51430665
          0,           0,         209,      -11.11094075,      -8.041550459,      -8.473649821,      -5.556210186
          0,           0,         210,      -11.15319608,      -8.083531446,      -8.516704451,      -5.598231962
          0,           0,         211,      -11.19542811,      -8.125557237,       -8.55979508,       -5.64023012
          0,           0,         212,       -11.2377333,      -8.167613996,      -8.602866955,      -5.682310191
          0,           0,         213,      -11.28000075,      -8.209717682,      -8.645977383,      -5.724363612
          0,           0,         214,      -11.32250218,      -8.251882304,      -8.689232058,      -5.766610067
          0,           0,         215,      -11.36486955,      -8.294067424,      -8.732403394,      -5.808788192
          0,           0,         216,      -11.40733154,      -8.336299583,      -8.775629953,      -5.851028277
          0,           0,         217,      -11.44983818,      -8.378569858,      -8.818894953,      -5.893301666
          0,           0,         218,      -11.49238791,      -8.420906681,      -8.862308485,      -5.935624597
          0,           0,         219,      -11.53501815,      -8.463255251,      -8.905557015,      -5.978060092
          0,           0,         220,      -11.57781668,      -8.505686842,      -8.949046497,      -6.020608244
          0,           0,         221,      -11.62044736,      -8.548107564,      -8.992405114,      -6.062988325
          0,           0,         222,      -11.66328438,      -8.590611586,        -9.0358547,      -6.105610532
          0,           0,         223,      -11.70614407,      -8.633148281,      -9.079291152,      -6.148201992
          0,           0,         224,       -11.7489909,      -8.675770915,      -9.123033645,      -6.190821805
          0,           0,         225,         -11.79166,        -8.7183792,      -9.166490032,      -6.233398905
          0,           0,         226,       -11.8347321,      -8.761001132,        -9.2101049,       -6.27613201
          0,           0,         227,      -11.87784268,      -8.803773692,       -9.25371369,      -6.319000865
          0,           0,         228,      -11.92069858,      -8.846489609,      -9.297425219,      -6.361691674
          0,           0,         229,      -11.96390175,      -8.889336627,      -9.341458906,      -6.404623443
          0,           0,         230,      -12.00704874,      -8.932152618,      -9.384845824,      -6.447520038
          0,           0,         231,      -12.05016326,      -8.975060839,      -9.428699482,      -6.490469861
          0,           0,         232,      -12.09297526,      -9.018026507,      -9.472617385,      -6.533166043
          0,           0,         233,      -12.13667175,      -9.060992738,      -9.516567611,       -6.57645761
          0,           0,         234,      -12.17975362,      -9.104017398,      -9.560452039,      -6.619457243
          0,           0,         235,      -12.22342513,       -9.14707621,       -9.60415226,      -6.662877045
          0,           0,         236,       -12.2667942,      -9.190180817,      -9.648142433,      -6.706119942
          0,           0,         237,      -12.30985606,      -9.233234521,      -9.691952233,      -6.749103326
          0,           0,         238,      -12.35347959,      -9.276399209,      -9.736136788,      -6.792206031
          0,           0,         239,      -12.39789939,      -9.319847265,      -9.781031852,      -6.836227238
          0,           0,         240,      -12.44075669,      -9.363120359,       -9.82483345,      -6.879044968
          0,           0,         241,      -12.48468223,      -9.406452686,      -9.869165532,      -6.922532888
          0,           0,         242,       -12.5271955,      -9.450013251,      -9.913132915,      -6.965542301
          0,           0,         243,      -12.57212452,      -9.493404447,      -9.957183371,      -7.009403961
          0,           0,         244,      -12.61499276,       -9.53672311,      -10.00147802,      -7.052810805
          0,           0,         245,      -12.65815154,      -9.580095034,      -10.04411126,      -7.095949472
          0,           0,         246,      -12.70307247,      -9.623673955,      -10.09026349,      -7.140087144
          0,           0,         247,      -12.74693961,      -9.667450953,      -10.13435445,      -7.183959885
          0,           0,         248,      -12.79173275,      -9.711237872,      -10.17833794,      -7.228398052
          0,           0,         249,      -12.83058721,        -9.7547163,      -10.22297234,      -7.269317801
          0,           0,         250,      -12.87784495,      -9.798190573,      -10.26761606,      -7.315310112
          0,           0,         251,      -12.92327677,      -9.842339685,      -10.31351927,       -7.35905419
          0,           0,         252,       -12.9652576,      -9.886004368,       -10.3549233,      -7.400694364
          0,           0,         253,       -13.0090632,      -9.930038467,      -10.40020463,      -7.444849998
          0,           0,         254,      -13.05303888,      -9.973511151,      -10.44550817,      -7.488704699
          0,           0,         255,      -13.09086172,      -10.01751698,       -10.4887073,      -7.529493277
          0,           0,         256,      -13.14064848,      -10.06176557,      -10.53450852,      -7.576329522
          0,           0,         257,      -13.18310451,      -10.10546033,      -10.57603321,      -7.619088068
          0,           0,         258,      -13.22551487,      -10.14934274,      -10.62196958,      -7.662705729
          0,           0,         259,      -13.27363151,      -10.19457227,      -10.66570852,      -7.709390531
          0,           0,         260,      -13.29847355,      -10.23664235,      -10.70815187,      -7.739977614
          0,           0,         261,      -13.34159457,      -10.28003668,      -10.75165184,      -7.784507541
          0,           0,         262,      -13.38097769,      -10.32559594,      -10.79090533,      -7.823639374
          0,           0,         263,      -13.39278033,      -10.36737067,      -10.82262588,      -7.843407179
          0,           0,         264,      -13.45587749,      -10.41228849,      -10.88515255,      -7.907392355
          0,           0,         265,        -13.491817,      -10.45431881,       -10.9159649,      -7.937937281
          0,           0,         266,      -13.55661798,      -10.50146406,      -10.96028352,      -7.995767096
          0,           0,         267,      -13.53490112,      -10.54081291,      -10.99003158,      -8.011670538
          0,           0,         268,      -13.62101356,      -10.58477685,      -11.03731442,      -8.058266479
          0,           0,         269,      -13.63466824,      -10.62905658,      -11.07592981,      -8.094280075
          0,           0,         270,      -13.63780656,      -10.66945771,      -11.07873652,      -8.106607389
          0,           0,         271,      -13.70079059,      -10.71896312,      -11.13470788,      -8.163426458
          0,           0,         272,      -13.69866298,      -10.76410885,       -11.1868817,      -8.179107982
          0,           0,         273,      -13.70249942,      -10.79384056,      -11.16433582,      -8.175823033
          0,           0,         274,      -13.73856006,      -10.83904916,      -11.21724934,      -8.202598561
          0,           0,         275,      -13.74656216,       -10.8717171,      -11.29043617,      -8.210135291
          0,           0,         276,      -13.70576826,      -10.91715639,      -11.24770391,      -8.231146552
          0,           0,         277,      -13.81301386,      -10.94578928,      -11.30940264,      -8.293139286
          0,           0,         278,      -13.82111506,      -11.00285508,      -11.34723698,       -8.32743328
          0,           0,         279,      -13.78336754,      -11.01932968,       -11.3117677,      -8.301115698
          0,           0,         280,      -13.76854859,      -11.03851127,      -11.28927717,       -8.29308902
          0,           0,         281,      -13.73153448,      -11.02109803,      -11.39455059,      -8.216465104
          0,           0,         282,      -13.76631573,      -11.10541686,      -11.29280564,      -8.294806886
          0,           0,         283,      -13.74189917,      -11.07690244,      -11.36053363,      -8.245501635
          0,           0,         284,      -13.84884466,      -11.12570769,       -11.4491141,      -8.359693446
          0,           0,         285,       -13.9127264,      -11.21337607,      -11.44899633,      -8.431875563
          0,           0,         286,      -13.92063431,      -11.24715549,      -11.52572973,      -8.449036169
          0,           0,         287,      -13.77222768,      -11.08684341,      -11.31976083,      -8.238016697
          0,           0,         288,      -13.98567141,      -11.29076166,      -11.53558352,      -8.483665421
          0,           0,         289,      -14.02389899,      -11.38326791,       -11.5207409,      -8.511937966
          0,           0,         290,      -13.79740746,      -11.27313769,      -11.40217651,      -8.318817121
          0,           0,         291,      -13.85481668,       -11.3266525,      -11.44117234,      -8.391723606
          0,           0,         292,      -13.86902871,       -11.3266452,      -11.38201662,      -8.381009594
          0,           0,         293,      -13.84220537,       -11.3505764,      -11.35506381,      -8.399132957
          0,           0,         294,      -13.81939324,       -11.2850931,      -11.44721894,      -8.335950172
          0,           0,         295,      -13.80438459,       -11.1778951,      -11.58576662,      -8.346336415
          0,           0,         296,      -13.91506005,       -11.3303373,      -11.48424931,       -8.42979482
          0,           0,         297,      -13.96630455,      -11.39383309,      -11.54739735,      -8.550561204
          0,           0,         298,      -13.72359116,      -11.17517145,      -11.40564778,      -8.242661141
          0,           0,         299,      -13.82933243,      -11.13494921,      -11.47912678,      -8.267402256
          0,           0,         300,      -13.90392767,      -11.25653032,      -11.50512931,       -8.43445632
          0,           0,         301,      -13.81970964,      -11.30114968,      -11.40874198,      -8.369964806
          0,           0,         302,      -13.85136497,      -11.31252681,      -11.47392125,       -8.40244162
          0,           0,         303,      -13.80244253,      -11.28622512,      -11.42433817,      -8.375656898
          0,           0,         304,      -13.81713631,      -11.25659957,       -11.4250251,      -8.286671533
          0,           0,         305,      -13.90116926,      -11.38875019,      -11.42794767,      -8.438823789
          0,           0,         306,      -13.78163174,      -11.30356761,      -11.37930113,      -8.343709696
          0,           0,         307,      -13.86913716,      -11.38866903,      -11.49494009,       -8.37501666
          0,           0,         308,      -13.93867864,       -11.3522113,      -11.49154397,      -8.387563242
          0,           0,         309,      -13.99464828,       -11.4216356,      -11.51035367,      -8.477715633
          0,           0,         310,      -13.92371909,      -11.29293575,      -11.53229028,      -8.388392339
          0,           0,         311,      -13.82286627,      -11.31364466,      -11.45326042,      -8.376029553
          0,           0,         312,      -13.82848639,      -11.35650147,      -11.35990006,      -8.367077607
          0,           0,         313,      -13.93272384,        -11.436596,      -11.44224941,      -8.416453655
          0,           0,         314,      -13.90564153,      -11.32666827,      -11.50276948,      -8.382621378
          0,           0,         315,      -13.83777248,      -11.31479655,      -11.42517398,      -8.358373763
          0,           0,         316,      -13.77368953,      -11.18745396,       -11.4596523,      -8.314280615
          0,           0,         317,      -13.80268523,      -11.21330323,       -11.3399566,      -8.285685857
          0,           0,         318,      -13.72899044,      -11.29251813,      -11.39912388,      -8.300307091
          0,           0,         319,      -13.86270707,      -11.18840976,      -11.52655352,      -8.307055432
          0,           0,         320,      -13.71430299,      -11.16736446,      -11.49128837,      -8.229048638
          0,           0,         321,      -13.75697225,      -11.11041019,      -11.46928064,      -8.238870173
          0,           0,         322,      -13.81449216,      -11.23734363,      -11.30379162,      -8.302166133
          0,           0,         323,      -13.63344846,      -11.05773556,      -11.31971589,      -8.187123409
          0,           0,         324,       -13.9182017,      -11.33284121,      -11.43982228,      -8.421222881
          0,           0,         325,      -13.82610824,      -11.22707829,      -11.53011847,      -8.361068177
          0,           0,         326,      -13.86254323,      -11.29498904,      -11.37704075,      -8.345297643
          0,           0,         327,      -13.86505888,      -11.34337592,      -11.43834076,      -8.432978451
          0,           0,         328,      -13.99068824,      -11.46155978,      -11.64936451,      -8.463133805
          0,           0,         329,      -13.82009411,      -11.38724603,      -11.41747645,      -8.352166253
          0,           0,         330,      -13.80969886,      -11.34968924,      -11.35613578,      -8.376012065
          0,           0,         331,      -13.93499606,      -11.34279619,      -11.58110771,      -8.406337384
          0,           0,         332,      -13.82232424,      -11.35029759,        -11.336603,      -8.315137227
          0,           0,         333,      -13.69413533,      -11.20042041,      -11.40108177,       -8.26548472
          0,           0,         334,      -13.82780357,      -11.27945153,      -11.49308894,      -8.342306761
          0,           0,         335,      -13.96216393,      -11.44532422,      -11.46641749,      -8.418658209
          0,           0,         336,      -13.87924074,      -11.47888308,      -11.38884066,      -8.410619069
          0,           0,         337,      -13.78838022,      -11.24716219,      -11.50599293,      -8.320906614
          0,           0,         338,      -13.84217368,      -11.22173655,      -11.49392113,      -8.370472825
          0,           0,         339,      -13.80494745,      -11.16778089,      -11.47172783,      -8.257110547
          0,           0,         340,      -13.92985237,      -11.34916321,      -11.42456202,      -8.367998449
          0,           0,         341,       -13.8621628,      -11.33425082,      -11.52197653,      -8.396795877
          0,           0,         342,      -13.86500126,      -11.34608901,       -11.3888318,      -8.348609782
          0,           0,         343,      -13.91251445,      -11.41406604,      -11.43460608,      -8.486918637
          0,           0,         344,      -13.81028876,      -11.30747906,      -11.34492354,      -8.351515963
          0,           0,         345,       -13.8657856,      -11.44382486,      -11.46156795,      -8.472856178
          0,           0,         346,      -13.85777124,      -11.33370227,      -11.40502029,      -8.341228199
          0,           0,         347,      -13.90437834,      -11.32968147,      -11.55895504,      -8.391121893
          0,           0,         348,      -13.85869464,      -11.33809603,      -11.49944928,      -8.418395427
          0,           0,         349,      -13.87354347,      -11.31490259,      -11.50475297,      -8.387237285
          0,           0,         350,      -13.87449364,      -11.34602165,      -11.46492352,      -8.390011367
          0,           0,         351,      -13.82541992,      -11.37773002,      -11.43400433,      -8.383233542
          0,           0,         352,      -13.84347617,      -11.40122806,       -11.4364102,      -8.451010486
          0,           0,         353,      -13.73557702,      -11.12425751,      -11.37176872,      -8.234769805
          0,           0,         354,      -13.67358236,      -11.05491315,      -11.45474197,      -8.173716501
          0,           0,         355,      -13.61856463,      -11.07376395,      -11.37259768,       -8.15299743
          0,           0,         356,      -13.86214461,      -11.21146404,      -11.45508849,      -8.342868019
          0,           0,         357,      -13.89496232,      -11.28343074,      -11.44662064,      -8.325529754
          0,           0,         358,      -13.97564042,      -11.52866353,      -11.50267975,      -8.523843513
          0,           0,         359,      -13.85214043,      -11.35855496,      -11.44120798,       -8.39413706
          0,           0,         360,      -13.91964275,      -11.33879374,      -11.45902827,      -8.428018641
          0,           0,         361,      -13.71081557,      -11.14140705,      -11.44226804,      -8.250695721
          0,           0,         362,      -13.80486065,      -11.31252815,      -11.32520902,      -8.344317242
          0,           0,         363,      -13.80918501,      -11.34594376,      -11.31054399,      -8.336040263
          0,           0,         364,      -13.84269762,      -11.32053214,      -11.44180087,      -8.358860116
          0,           0,         365,      -13.91258785,       -11.3473671,      -11.41590616,      -8.394505721
          0,           0,         366,      -13.76499358,      -11.13730963,      -11.55462174,      -8.270972352
          0,           0,         367,      -13.83473988,      -11.37099381,      -11.43096239,      -8.383828002
          0,           0,         368,      -13.90754056,      -11.41358989,      -11.36351468,      -8.443664182
          0,           0,         369,      -13.77914651,       -11.3387382,         -11.42474,      -8.308699266
          0,           0,         370,      -13.82783424,      -11.30401051,      -11.39098721,      -8.343850303
          0,           0,         371,      -13.85115772,      -11.28542479,      -11.43547477,      -8.378242403
          0,           0,         372,      -13.83088798,      -11.28288834,      -11.51126038,      -8.378314597
          0,           0,         373,      -13.95775327,       -11.4399562,       -11.5480065,      -8.459397301
          0,           0,         374,      -13.82254109,      -11.30255131,      -11.44753112,      -8.338971504
          0,           0,         375,      -13.76265813,       -11.1835303,       -11.4148427,      -8.259112165
          0,           0,         376,      -13.80926137,      -11.14901117,      -11.44021299,      -8.243533186
          0,           0,         377,        -13.859952,      -11.34040657,      -11.44701246,        -8.3172759
          0,           0,         378,      -13.68214308,      -11.03910467,      -11.51790325,       -8.15680296
          0,           0,         379,      -13.84047874,      -11.32676451,      -11.36605664,      -8.382977745
          0,           0,         380,      -13.78028727,      -11.22569884,      -11.37420698,      -8.249193024
          0,           0,         381,      -14.05070871,      -11.54330556,       -11.6016209,      -8.571580977
          0,           0,         382,      -13.91695945,      -11.37502413,      -11.47220412,      -8.436369726
          0,           0,         383,      -13.84841574,      -11.38771657,      -11.32697457,      -8.358670084
          0,           0,         384,      -13.85544989,      -11.32149499,      -11.40787736,       -8.39865951
          0,           0,         385,      -13.74755165,      -11.26650568,      -11.28538569,      -8.284520635
          0,           0,         386,      -13.85725955,      -11.44885154,      -11.37478874,      -8.443523233
          0,           0,         387,      -13.93727597,      -11.45647315,      -11.57602125,      -8.454568634
          0,           0,         388,      -13.84890175,      -11.43194401,      -11.41656304,      -8.402406195
          0,           0,         389,      -13.90304484,      -11.38280579,      -11.44207378,      -8.416627318
          0,           0,         390,      -13.94452998,      -11.43122821,      -11.48502742,      -8.451136091
          0,           0,         391,      -13.90005455,      -11.38679859,      -11.43736358,      -8.382172736
          0,           0,         392,      -13.77949239,      -11.36237581,      -11.29812158,      -8.314190937
          0,           0,         393,      -13.84879555,      -11.36785204,       -11.4320213,      -8.372110526
          0,           0,         394,      -13.77593046,      -11.14686048,      -11.59836964,      -8.280754755
          0,           0,         395,      -13.87450638,      -11.35590004,      -11.44173654,      -8.432498926
          0,           0,         396,      -13.73547331,      -11.23481839,      -11.39035268,      -8.294563759
          0,           0,         397,      -13.97906015,      -11.38347983,      -11.57043891,      -8.453739947
          0,           0,         398,      -13.93109654,      -11.36104796,      -11.52432779,      -8.440837869
          0,           0,         399,      -13.77336082,      -11.22961986,      -11.40393686,      -8.279944084
          0,           0,         400,      -13.84600728,      -11.20249818,      -11.50658532,      -8.361299203
          0,           0,         401,      -13.87795692,      -11.38645162,      -11.53773442,      -8.409005516
          0,           0,         402,      -13.85896493,      -11.34633019,       -11.4820643,      -8.379194223
          0,           0,         403,      -13.76775206,      -11.07167027,      -11.39639951,      -8.170494667
          0,           0,         404,      -13.71573927,      -11.09298942,      -11.39653108,      -8.216912499
          0,           0,         405,      -13.84462511,      -11.34796959,      -11.42827418,      -8.377296181
          0,           0,         406,      -13.86237036,      -11.34308706,      -11.40696688,      -8.368293327
          0,           0,         407,      -13.84790827,      -11.31667811,      -11.38958996,      -8.361858313
          0,           0,         408,        -13.917724,       -11.4329972,      -11.51875778,      -8.448108661
          0,           0,         409,      -13.75403247,      -11.27297025,      -11.33618731,      -8.301375093
          0,           0,         410,      -13.89742883,      -11.42697026,      -11.44572928,      -8.381201281
          0,           0,         411,       -13.7827086,      -11.28152034,      -11.36585006,      -8.316744679
          0,           0,         412,        -13.841807,      -11.26364844,      -11.41788302,      -8.349297688
          0,           0,         413,      -13.90964495,      -11.37987735,      -11.45190556,      -8.462001854
          0,           0,         414,      -13.79163997,      -11.10230459,      -11.48368888,      -8.244693803
          0,           0,         415,        -13.587047,      -11.14456079,      -11.22109959,       -8.17787236
          0,           0,         416,      -13.83998191,      -11.25291813,      -11.42254224,      -8.362147729
          0,           0,         417,      -13.80629181,      -11.36454062,      -11.40302614,      -8.360024947
          0,           0,         418,      -13.91759613,      -11.34670125,        -11.484593,      -8.447280446
          0,           0,         419,      -13.87289631,      -11.30426487,      -11.44429043,      -8.365699345
          0,           0,         420,      -13.77737607,      -11.30883933,      -11.48293345,      -8.360394803
          0,           0,         421,      -13.85963886,      -11.22608545,      -11.42773009,      -8.383267248
          0,           0,         422,       -13.9212565,      -11.42637522,      -11.51889505,      -8.468817257
          0,           0,         423,       -13.8820252,      -11.40298991,      -11.46404415,       -8.40831206
          0,           0,         424,      -13.84593637,      -11.37236081,      -11.38835455,      -8.363443087
          0,           0,         425,      -13.79266902,      -11.27963914,      -11.42453483,      -8.319377233
          0,           0,         426,      -13.89105895,      -11.38806375,       -11.5017993,      -8.414926423
          0,           0,         427,       -13.9580512,      -11.40575662,      -11.48177638,      -8.438765022
          0,           0,         428,      -13.90856004,      -11.28046912,      -11.60196829,      -8.400538647
          0,           0,         429,      -13.86027563,      -11.28640701,      -11.46824174,      -8.349525904
          0,           0,         430,      -13.80056208,       -11.2632632,      -11.51012366,      -8.365023586
          0,           0,         431,       -13.9921137,      -11.41267782,      -11.48123926,      -8.475418062
          0,           0,         432,      -13.81502853,       -11.2868122,      -11.38871801,      -8.377897509
          0,           0,         433,      -13.74961793,      -11.28267898,      -11.40053194,      -8.315456336
          0,           0,         434,      -13.85424848,      -11.37418492,      -11.31719762,      -8.398273529
          0,           0,         435,      -13.80688842,        -11.248658,       -11.4240746,      -8.316733598
          0,           0,         436,      -13.92842482,      -11.28842419,      -11.54437708,      -8.414651058
          0,           0,         437,      -13.95090635,       -11.3268175,      -11.56443447,      -8.449240694
          0,           0,         438,      -13.81055138,      -11.12731599,      -11.51361447,      -8.283379556
          0,           0,         439,      -13.82139531,      -11.31789096,      -11.35534865,      -8.333999206
          0,           0,         440,      -13.76098032,      -11.37944691,      -11.21247932,       -8.29766111
          0,           0,         441,      -13.79931435,       -11.2019996,       -11.4845901,      -8.299390371
          0,           0,         442,      -13.72754665,      -11.27387239,      -11.39379533,      -8.277344156
          0,           0,         443,      -13.85584666,      -11.33769054,      -11.44624466,      -8.393980193
          0,           0,         444,      -13.72026025,      -11.28351274,      -11.30259078,      -8.237160392
          0,           0,         445,      -13.78518576,      -11.16918013,       -11.4140541,      -8.268458442
          0,           0,         446,      -13.75863588,      -11.25033866,      -11.39531361,      -8.343217646
          0,           0,         447,       -13.8754304,      -11.33867976,      -11.49070563,      -8.404619944
          0,           0,         448,      -13.86627747,      -11.32463908,      -11.39852469,      -8.385406347
          0,           0,         449,      -13.83839784,      -11.16685294,      -11.52159403,      -8.318373377
          0,           0,         450,      -13.92364293,      -11.37034624,      -11.50216238,      -8.432717383
          0,           0,         451,      -13.80939932,       -11.1475402,      -11.50864136,      -8.272697287
          0,           0,         452,      -13.89458527,      -11.39209506,      -11.43954446,      -8.433145213
          0,           0,         453,      -13.85771709,       -11.3638194,      -11.38421541,      -8.362823884
          0,           0,         454,      -13.83291105,      -11.38355984,       -11.3714308,      -8.355984489
          0,           0,         455,      -13.88478385,      -11.31263577,      -11.42341942,      -8.406408588
          0,           0,         456,      -13.95978867,      -11.40773046,      -11.52921602,      -8.491630344
          0,           0,         457,      -13.95632807,      -11.42754467,      -11.48271782,      -8.471640939
          0,           0,         458,      -13.88701306,      -11.37150596,      -11.38146556,      -8.397575228
          0,           0,         459,      -13.89721403,      -11.40150845,      -11.35916167,      -8.388305447
          0,           0,         460,      -13.90561293,      -11.36736213,      -11.44108036,      -8.414280676
          0,           0,         461,      -13.87647101,      -11.30226795,      -11.42624168,      -8.382849528
          0,           0,         462,      -13.75331037,      -11.17964286,      -11.36708508,      -8.265417028
          0,           0,         463,      -13.92046356,       -11.3603254,      -11.45088281,      -8.449978884
          0,           0,         464,      -13.92991264,      -11.41478452,      -11.52999253,      -8.463599206
          0,           0,         465,      -13.84698345,      -11.28576533,      -11.47850988,      -8.339436522
          0,           0,         466,      -13.86488692,      -11.40589556,      -11.42963023,      -8.419577367
          0,           0,         467,      -13.99657245,       -11.4145942,      -11.55649198,      -8.466643754
          0,           0,         468,      -13.89590785,       -11.3502549,      -11.42273694,      -8.414595916
          0,           0,         469,      -13.89122439,      -11.36925654,      -11.34416773,      -8.413020432
          0,           0,         470,      -13.97110243,      -11.33863467,       -11.5497404,      -8.460179402
          0,           0,         471,        -13.734259,      -11.22733267,      -11.27574115,      -8.295350494
          0,           0,         472,      -13.74969844,      -11.14911311,      -11.43126574,      -8.290299754
          0,           0,         473,      -13.86615365,      -11.37889142,      -11.40565855,      -8.362122273
          0,           0,         474,      -13.89040831,      -11.43978386,      -11.46380545,      -8.385060785
          0,           0,         475,      -13.93534517,      -11.41032254,      -11.47259888,      -8.466003325
          0,           0,         476,      -13.73777266,      -11.14198713,      -11.54546062,      -8.248517351
          0,           0,         477,      -13.78575371,      -11.28582579,      -11.47113737,      -8.336299335
          0,           0,         478,      -13.84558483,      -11.40274109,      -11.50127145,      -8.374298465
          0,           0,         479,      -13.92239884,      -11.41574701,      -11.53118274,      -8.440750079
          0,           0,         480,      -13.85641929,      -11.28114173,      -11.46033113,      -8.364852014
          0,           0,         481,      -13.88590805,      -11.29122036,      -11.46591742,      -8.427918204
          0,           0,         482,      -13.74675957,      -11.10920868,      -11.55177616,      -8.229869463
          0,           0,         483,      -13.79108821,      -11.20687157,       -11.3641478,       -8.29515786
          0,           0,         484,      -13.75658955,      -11.28402189,      -11.38825703,      -8.311870131
          0,           0,         485,      -13.98506456,      -11.44022802,      -11.53165427,        -8.4802772
          0,           0,         486,      -13.85157601,      -11.31691978,      -11.45498964,      -8.374641078
          0,           0,         487,      -13.84584743,      -11.36333649,      -11.43672274,      -8.369573881
          0,           0,         488,      -13.88018327,      -11.32943708,      -11.42516123,      -8.345616799
          0,           0,         489,      -13.92375606,      -11.42445674,      -11.47090709,      -8.398554048
          0,           0,         490,       -13.8954412,       -11.2973051,      -11.35065878,      -8.313969241
          0,           0,         491,       -13.9030644,      -11.43532094,      -11.43595226,      -8.448340705
          0,           0,         492,      -13.93366061,      -11.32907279,      -11.57518667,      -8.434812022
          0,           0,         493,      -13.86634951,      -11.31668025,      -11.47686627,      -8.386964806
          0,           0,         494,       -13.9407686,      -11.39736624,      -11.46103581,      -8.487757657
          0,           0,         495,      -13.73850215,      -11.10288728,      -11.46787124,      -8.256938161
          0,           0,         496,      -13.66167384,      -11.09133691,      -11.42656991,      -8.196098717
          0,           0,         497,      -13.79338739,      -11.27766469,      -11.39085617,      -8.319044747
          0,           0,         498,      -13.77154227,      -11.36126945,      -11.39816794,      -8.299368245
          0,           0,         499,      -13.85496878,      -11.33870865,      -11.40037741,      -8.401973033
          0,           0,         500,       -13.7379829,      -11.26983241,       -11.2931073,      -8.249750382
          0,           0,         501,      -13.90225414,      -11.27684862,      -11.49586806,      -8.404716649
          0,           0,         502,      -13.75114979,      -11.07651925,      -11.41765143,      -8.202732752
          0,           0,         503,      -13.84868431,      -11.38630922,      -11.40250145,      -8.365042175
          0,           0,         504,      -13.82108524,       -11.4293867,      -11.36087285,      -8.347940668
          0,           0,         505,      -13.81737572,       -11.3807474,      -11.42745926,      -8.389972672
          0,           0,         506,       -13.9940017,      -11.45134139,      -11.55398557,      -8.490419646
          0,           0,         507,      -13.85269334,      -11.31554721,      -11.45124224,      -8.367762499
          0,           0,         508,      -13.87328316,      -11.35925432,      -11.42095772,      -8.420040271
          0,           0,         509,      -13.94738451,      -11.39723069,      -11.51619336,      -8.429136505
          0,           0,         510,      -13.97516458,      -11.37887469,       -11.5815283,      -8.451040453
          0,           0,         511,      -13.86550035,      -11.33523087,      -11.52146928,      -8.436570357
          0,           0,         512,      -13.79773572,      -11.20521146,      -11.45908259,      -8.305541321
          0,           0,         513,      -13.86956916,      -11.33028359,       -11.4567957,      -8.380604596
          0,           0,         514,      -13.89718319,       -11.4731823,      -11.39031772,      -8.414319895
          0,           0,         515,      -13.85317306,      -11.34892067,      -11.40361715,      -8.398618971
          0,           0,         516,      -13.85483871,      -11.35050117,      -11.47874712,      -8.406306018
          0,           0,         517,      -13.91553706,       -11.3743843,      -11.45068311,      -8.467672073
          0,           0,         518,      -13.65786022,      -11.24501402,      -11.38660304,      -8.297538161
          0,           0,         519,      -13.71153361,      -11.13048049,      -11.37740023,      -8.221914637
          0,           0,         520,      -13.75131191,      -11.08490882,      -11.48681626,      -8.233506095
          0,           0,         521,      -13.74795161,       -11.2562321,      -11.36198551,       -8.29788646
          0,           0,         522,      -13.84944088,      -11.20298837,      -11.46524637,      -8.373729909
          0,           0,         523,      -13.72856058,      -11.11006454,      -11.35757621,      -8.244016253
          0,           0,         524,      -13.67247663,       -11.1072392,      -11.44091173,      -8.212045666
          0,           0,         525,      -13.91970873,       -11.2595897,      -11.54991134,      -8.444233995
          0,           0,         526,      -13.91017075,      -11.32354319,        -11.451264,      -8.399842005
          0,           0,         527,       -13.8301656,      -11.34621505,      -11.44383192,      -8.345185729
          0,           0,         528,      -13.80539613,      -11.33029995,      -11.31115469,      -8.299935616
          0,           0,         529,      -13.90655449,      -11.40505074,      -11.46979073,      -8.371384742
          0,           0,         530,        -13.879538,      -11.31446977,      -11.52186741,      -8.413185851
          0,           0,         531,      -13.78086158,      -11.22641341,      -11.44466993,      -8.330711354
          0,           0,         532,      -13.91566798,      -11.30500801,       -11.5776973,      -8.461610385
          0,           0,         533,      -13.87691056,      -11.38551693,      -11.47840884,      -8.407618949
          0,           0,         534,      -13.89037506,      -11.35514121,      -11.52650072,      -8.377392367
          0,           0,         535,      -13.80330926,      -11.25159696,      -11.34811934,      -8.296175372
          0,           0,         536,      -13.79743808,      -11.32277154,      -11.30370621,      -8.340594738
          0,           0,         537,      -13.88007134,      -11.36672392,      -11.49075687,      -8.369993187
          0,           0,         538,      -13.98744636,      -11.43217299,      -11.57036192,      -8.504514327
          0,           0,         539,      -13.82848134,      -11.37887752,      -11.50805321,      -8.400066547
          0,           0,         540,      -13.92182068,      -11.38150539,      -11.53498097,      -8.432188635
          0,           0,         541,      -13.95357645,      -11.41796921,      -11.51401514,      -8.443115499
          0,           0,         542,      -13.87098144,      -11.29321866,      -11.40935598,      -8.360365309
          0,           0,         543,      -13.91700777,      -11.46701198,      -11.45590611,      -8.431774827
          0,           0,         544,      -13.88604386,      -11.33820609,      -11.51411667,      -8.403635757
          0,           0,         545,      -13.71316995,      -11.26648527,      -11.30633827,       -8.24790614
          0,           0,         546,      -13.87234989,       -11.3479742,      -11.49468451,      -8.435449013
          0,           0,         547,      -13.92933752,      -11.44422558,      -11.50750232,      -8.452483634
          0,           0,         548,      -13.76029103,      -11.35814913,      -11.43541249,      -8.393165771
          0,           0,         549,      -13.90387687,      -11.39448527,      -11.42582579,      -8.379077732
          0,           0,         550,      -13.78519934,      -11.28397088,      -11.38455061,      -8.291204251
          0,           0,         551,      -13.78962755,      -11.29540922,      -11.41876276,      -8.300318556
          0,           0,         552,      -13.82654907,      -11.34704978,      -11.34832214,      -8.400617266
          0,           0,         553,      -13.80453498,      -11.40282651,      -11.36570065,      -8.341284878
          0,           0,         554,      -13.94102837,      -11.40936516,      -11.45679459,      -8.460205886
          0,           0,         555,      -13.81998329,      -11.24496567,      -11.44946907,      -8.344126957
          0,           0,         556,        -13.961651,      -11.36911024,       -11.4807619,      -8.478738398
          0,           0,         557,      -13.75660959,      -11.09281268,      -11.46609291,      -8.193740036
          0,           0,         558,      -13.81712934,      -11.30807167,      -11.34271495,      -8.319532481
          0,           0,         559,      -13.87350805,      -11.31268432,      -11.47173718,      -8.399486521
          0,           0,         560,      -13.81818335,      -11.24282938,      -11.41589857,      -8.297140847
          0,           0,         561,      -13.93712048,      -11.35120965,      -11.46068409,      -8.424361704
          0,           0,         562,       -13.8298051,      -11.28613069,      -11.44446108,      -8.365524729
          0,           0,         563,      -13.85017758,      -11.40202064,      -11.38260806,      -8.415465657
          0,           0,         564,      -13.77926901,      -11.16664022,      -11.42386459,      -8.299259477
          0,           0,         565,      -13.90511819,      -11.25632185,      -11.49640595,      -8.367905412
          0,           0,         566,      -13.86302204,      -11.36201352,      -11.34699857,      -8.422362943
          0,           0,         567,      -13.73613398,      -11.31684918,      -11.28884428,      -8.308503691
          0,           0,         568,      -13.88633286,       -11.3862907,      -11.50817247,      -8.441731291
          0,           0,         569,      -13.86505999,       -11.4152484,      -11.33199232,      -8.367852065
          0,           0,         570,      -13.93738196,       -11.2633652,       -11.5681317,       -8.35213652
          0,           0,         571,      -13.85610704,      -11.36886546,      -11.48942235,      -8.339838607
          0,           0,         572,       -13.8325471,      -11.33776092,      -11.40398185,      -8.400690848
          0,           0,         573,      -13.95373927,      -11.40826824,      -11.56775691,      -8.537840998
          0,           0,         574,      -13.91942771,      -11.38373358,       -11.4936196,      -8.444154458
          0,           0,         575,      -13.90350056,      -11.32504407,       -11.4947848,      -8.413961806
          0,           0,         576,       -13.7778653,      -11.16123913,      -11.48030073,      -8.239076742
          0,           0,         577,      -13.82512422,      -11.32715896,        -11.514119,      -8.375315175
          0,           0,         578,      -13.89284498,      -11.35473165,      -11.42780593,      -8.407803993
          0,           0,         579,      -13.83155016,      -11.35171239,      -11.34603937,       -8.35902526
          0,           0,         580,      -13.84635218,      -11.39594068,      -11.43629283,      -8.382097539
          0,           0,         581,      -13.82239943,      -11.41972385,      -11.41310244,       -8.38165153
          0,           0,         582,      -13.89018427,      -11.42428014,      -11.49629279,      -8.418039719
          0,           0,         583,      -13.82596223,      -11.25605608,      -11.41875385,      -8.376679996
          0,           0,         584,      -13.73848507,      -11.21221807,      -11.48897476,      -8.279034082
          0,           0,         585,      -14.00437307,      -11.41060647,      -11.53456867,      -8.538895002
          0,           0,         586,       -13.9219731,      -11.41407156,      -11.43152853,      -8.411529179
          0,           0,         587,      -13.97507313,      -11.39954933,      -11.45065071,       -8.45314648
          0,           0,         588,      -13.85750437,      -11.26892499,      -11.46165413,      -8.380486723
          0,           0,         589,      -13.82572876,      -11.17640798,      -11.58638521,      -8.322782297
          0,           0,         590,      -13.94334686,      -11.28229251,      -11.45929734,      -8.444427786
          0,           0,         591,      -13.78567565,      -11.21703067,      -11.49018853,      -8.302003485
          0,           0,         592,      -13.78834813,      -11.23408153,       -11.4955063,      -8.323448363
          0,           0,         593,      -13.85996697,      -11.26537888,      -11.45498318,      -8.380545113
          0,           0,         594,      -13.90162463,      -11.40742252,      -11.42616943,      -8.420860929
          0,           0,         595,      -13.83941654,      -11.28683301,      -11.41723902,      -8.380128736
          0,           0,         596,      -13.86120867,      -11.32623937,      -11.50521117,        -8.4062464
          0,           0,         597,      -13.87245135,      -11.43026705,      -11.45579583,      -8.403567169
          0,           0,         598,      -13.81077709,      -11.20733035,       -11.4425136,      -8.318985886
          0,           0,         599,      -13.89992971,      -11.29958396,      -11.48960689,      -8.411210142
          0,           0,         600,      -13.81221987,      -11.24759639,      -11.51000998,      -8.356505517
