VARIABLES = \
"Time_Iter","Outer_Iter","Inner_Iter",    "rms[Rho]"    ,    "rms[RhoU]"   ,    "rms[RhoV]"   ,    "rms[RhoE]"   
          0,           0,           0,     -0.7615099053,       1.510283323,       1.734297486,       4.698118298
          0,           0,           1,     -0.7317075305,        1.54412605,       1.754957182,       4.734544538
          0,           0,           2,     -0.9605702691,       1.372218533,       1.524884845,        4.50455679
          0,           0,           3,      -1.169713355,       1.270082253,       1.280143266,       4.301167864
          0,           0,           4,      -1.370489362,       1.121848989,       1.159022127,       4.106931041
          0,           0,           5,      -1.549491242,       1.034480338,      0.9795050912,        3.93132168
          0,           0,           6,      -1.732456674,      0.9686610174,      0.7900052258,        3.75555659
          0,           0,           7,      -1.897072926,      0.8941168624,      0.6346060934,       3.600263392
          0,           0,           8,      -2.046204299,      0.8213572756,       0.503637769,       3.464692845
          0,           0,           9,      -2.174133331,      0.7658613331,      0.3778507694,       3.357829762
          0,           0,          10,      -2.287296094,      0.7196747014,      0.2614268627,       3.270637383
          0,           0,          11,      -2.392068963,      0.6739410589,      0.1658997098,       3.190194179
          0,           0,          12,      -2.489300197,      0.6256147621,     0.08026962292,       3.111323671
          0,           0,          13,      -2.581308303,      0.5746741747,   -0.006777731022,       3.032340621
          0,           0,          14,      -2.669182346,       0.522166733,    -0.09229540688,       2.954208491
          0,           0,          15,      -2.750780587,       0.469317769,     -0.1707721153,       2.879587472
          0,           0,          16,      -2.823232119,       0.416907106,     -0.2413815827,       2.810902269
          0,           0,          17,      -2.885787715,      0.3652071319,     -0.3058664322,       2.748783211
          0,           0,          18,      -2.940452665,      0.3141447655,     -0.3664341863,       2.691902131
          0,           0,          19,      -2.990217418,      0.2635388582,     -0.4247988662,       2.638233712
          0,           0,          20,       -3.03726721,      0.2132325095,     -0.4818096832,       2.586237562
          0,           0,          21,      -3.082563807,      0.1631255342,     -0.5374507302,       2.535203048
          0,           0,          22,      -3.126399737,      0.1131467404,     -0.5912941164,       2.484957602
          0,           0,          23,      -3.168900266,     0.06322154811,     -0.6429718954,        2.43550474
          0,           0,          24,      -3.210329064,     0.01324605715,     -0.6923822393,       2.386778935
          0,           0,          25,       -3.25110062,    -0.03686288591,     -0.7397219069,       2.338640534
          0,           0,          26,      -3.291673374,    -0.08721785388,     -0.7855162128,       2.290838365
          0,           0,          27,      -3.332469338,     -0.1379190181,     -0.8303902486,       2.243103436
          0,           0,          28,      -3.373799835,     -0.1890420654,     -0.8749586214,       2.195206423
          0,           0,          29,      -3.415829296,     -0.2406301589,     -0.9196263027,       2.147014517
          0,           0,          30,      -3.458660641,     -0.2926982428,     -0.9645754343,       2.098438342
          0,           0,          31,      -3.502350983,     -0.3452356163,      -1.009875506,       2.049410484
          0,           0,          32,      -3.546837619,     -0.3982066553,      -1.055536711,       1.999938133
          0,           0,          33,      -3.591960956,     -0.4515653956,      -1.101536532,       1.950109036
          0,           0,          34,      -3.637522512,     -0.5052469118,       -1.14775057,       1.900085107
          0,           0,          35,      -3.683424869,     -0.5591862328,      -1.194035365,       1.849967263
          0,           0,          36,      -3.729633737,      -0.613336782,      -1.240334873,       1.799783194
          0,           0,          37,      -3.776103727,     -0.6676568636,      -1.286611673,       1.749567544
          0,           0,          38,      -3.822790773,     -0.7221075875,      -1.332833253,       1.699358807
          0,           0,          39,      -3.869703076,     -0.7766540655,      -1.378980809,       1.649158552
          0,           0,          40,      -3.916869931,      -0.831260241,      -1.425057012,       1.598950916
          0,           0,          41,      -3.964319391,     -0.8858815772,      -1.471059884,        1.54871452
          0,           0,          42,      -4.011985193,     -0.9404757813,      -1.516989706,       1.498506146
          0,           0,          43,      -4.059789997,     -0.9949962297,      -1.562832016,       1.448398021
          0,           0,          44,      -4.107691897,      -1.049389056,      -1.608542188,       1.398432621
          0,           0,          45,      -4.155641616,        -1.1036013,      -1.654070325,       1.348654744
          0,           0,          46,      -4.203586334,      -1.157580277,      -1.699386672,       1.299111343
          0,           0,          47,      -4.251493326,       -1.21127829,      -1.744478307,       1.249832259
          0,           0,          48,      -4.299331564,      -1.264649517,      -1.789343851,       1.200846927
          0,           0,          49,      -4.347081873,      -1.317654102,      -1.833983921,       1.152172344
          0,           0,          50,      -4.394725757,      -1.370256157,      -1.878399779,       1.103821996
          0,           0,          51,      -4.442237385,      -1.422421706,      -1.922595834,       1.055813489
          0,           0,          52,      -4.489587285,      -1.474118492,      -1.966581878,       1.008166147
          0,           0,          53,      -4.536758222,      -1.525320397,       -2.01036654,      0.9608870423
          0,           0,          54,      -4.583745042,      -1.576008287,      -2.053961798,       0.913971337
          0,           0,          55,      -4.630544834,       -1.62616822,      -2.097381828,      0.8674109814
          0,           0,          56,      -4.677153725,      -1.675790993,      -2.140639522,      0.8211975365
          0,           0,          57,      -4.723566951,       -1.72487247,      -2.183746021,      0.7753222659
          0,           0,          58,      -4.769779519,      -1.773414012,       -2.22671182,      0.7297757987
          0,           0,          59,      -4.815788041,      -1.821422676,      -2.269546518,      0.6845468689
          0,           0,          60,      -4.861590898,      -1.868910278,      -2.312259508,      0.6396229507
          0,           0,          61,      -4.907188231,       -1.91589291,      -2.354859804,      0.5949898305
          0,           0,          62,      -4.952580653,       -1.96239018,      -2.397356201,      0.5506336008
          0,           0,          63,      -4.997771118,      -2.008424601,      -2.439757041,      0.5065386414
          0,           0,          64,      -5.042764026,      -2.054020556,      -2.482070115,      0.4626886507
          0,           0,          65,      -5.087564494,      -2.099203625,      -2.524302613,      0.4190674875
          0,           0,          66,      -5.132178017,      -2.144000049,      -2.566461136,      0.3756595484
          0,           0,          67,      -5.176610355,      -2.188436333,      -2.608551691,      0.3324498985
          0,           0,          68,      -5.220867685,       -2.23253896,      -2.650579747,      0.2894241339
          0,           0,          69,      -5.264956843,      -2.276334167,      -2.692550321,      0.2465681883
          0,           0,          70,      -5.308885475,      -2.319847726,      -2.734468088,      0.2038682101
          0,           0,          71,      -5.352662007,       -2.36310473,      -2.776337492,      0.1613105605
          0,           0,          72,      -5.396295484,       -2.40612937,      -2.818162845,      0.1188819195
          0,           0,          73,      -5.439795333,      -2.448944736,      -2.859948385,     0.07656944592
          0,           0,          74,      -5.483171144,      -2.491572632,       -2.90169829,     0.03436092333
          0,           0,          75,        -5.5264325,      -2.534033529,      -2.943416618,   -0.007755145541
          0,           0,          76,      -5.569588773,      -2.576346379,      -2.985107377,     -0.0497894173
          0,           0,          77,      -5.612649633,      -2.618528841,      -3.026773037,    -0.09175217011
          0,           0,          78,         -5.655624,      -2.660596563,      -3.068418336,     -0.1336526496
          0,           0,          79,      -5.698519397,      -2.702563816,       -3.11004714,     -0.1754983617
          0,           0,          80,      -5.741343032,      -2.744443375,      -3.151662968,     -0.2172961509
          0,           0,          81,      -5.784102564,      -2.786246642,      -3.193267925,     -0.2590529143
          0,           0,          82,      -5.826805388,      -2.827983982,      -3.234863748,     -0.3007751222
          0,           0,          83,      -5.869458261,      -2.869664658,      -3.276452071,     -0.3424684864
          0,           0,          84,      -5.912067339,      -2.911296835,      -3.318034442,     -0.3841380124
          0,           0,          85,      -5.954638346,      -2.952887671,      -3.359612245,     -0.4257881932
          0,           0,          86,      -5.997176677,      -2.994443402,      -3.401186645,     -0.4674231479
          0,           0,          87,      -6.039687375,      -3.035969406,      -3.442758594,     -0.5090466183
          0,           0,          88,      -6.082175067,      -3.077470265,       -3.48432883,     -0.5506619272
          0,           0,          89,      -6.124643904,      -3.118949823,      -3.525897875,     -0.5922719433
          0,           0,          90,       -6.16709755,      -3.160411274,      -3.567466024,     -0.6338791019
          0,           0,          91,      -6.209539191,      -3.201857232,      -3.609033354,     -0.6754854251
          0,           0,          92,       -6.25197154,      -3.243289796,       -3.65059972,     -0.7170925433
          0,           0,          93,      -6.294396853,      -3.284710601,      -3.692164771,     -0.7587017168
          0,           0,          94,       -6.33681698,      -3.326120865,      -3.733727958,     -0.8003138801
          0,           0,          95,      -6.379233395,      -3.367521429,      -3.775288551,      -0.841929668
          0,           0,          96,      -6.421647235,      -3.408912796,      -3.816845637,     -0.8835494605
          0,           0,          97,       -6.46405932,      -3.450295161,      -3.858398143,     -0.9251733963
          0,           0,          98,      -6.506470151,      -3.491668441,      -3.899944829,     -0.9668013787
          0,           0,          99,      -6.548879929,      -3.533032294,      -3.941484304,      -1.008433092
          0,           0,         100,      -6.591288547,      -3.574386148,       -3.98301503,      -1.050068003
          0,           0,         101,      -6.633695602,       -3.61572921,      -4.024535309,      -1.091705367
          0,           0,         102,      -6.676100404,      -3.657060499,      -4.066043307,      -1.133344238
          0,           0,         103,      -6.718501971,      -3.698378855,       -4.10753704,      -1.174983467
          0,           0,         104,      -6.760899045,      -3.739682963,       -4.14901439,      -1.216621717
          0,           0,         105,      -6.803290088,      -3.780971369,      -4.190473118,      -1.258257464
          0,           0,         106,       -6.84567331,      -3.822242505,      -4.231910873,      -1.299889011
          0,           0,         107,      -6.888046679,      -3.863494702,      -4.273325216,      -1.341514505
          0,           0,         108,      -6.930407926,       -3.90472621,      -4.314713631,       -1.38313194
          0,           0,         109,      -6.972754574,       -3.94593521,      -4.356073533,      -1.424739174
          0,           0,         110,      -7.015083959,      -3.987119837,      -4.397402313,      -1.466333957
          0,           0,         111,      -7.057393236,      -4.028278185,      -4.438697315,      -1.507913927
          0,           0,         112,      -7.099679396,      -4.069408322,      -4.479955871,      -1.549476612
          0,           0,         113,      -7.141939297,      -4.110508308,       -4.52117532,      -1.591019492
          0,           0,         114,      -7.184169625,       -4.15157619,      -4.562353016,      -1.632539926
          0,           0,         115,      -7.226367004,      -4.192610029,      -4.603486344,      -1.674035253
          0,           0,         116,       -7.26852789,      -4.233607896,      -4.644572704,      -1.715502723
          0,           0,         117,      -7.310648741,      -4.274567896,      -4.685609582,      -1.756939593
          0,           0,         118,      -7.352725909,      -4.315488167,      -4.726594524,      -1.798343092
          0,           0,         119,      -7.394755698,      -4.356366885,       -4.76752511,      -1.839710412
          0,           0,         120,      -7.436734351,      -4.397202286,      -4.808399079,      -1.881038729
          0,           0,         121,      -7.478658185,      -4.437992666,      -4.849214221,      -1.922325299
          0,           0,         122,      -7.520523452,      -4.478736387,      -4.889968454,      -1.963567338
          0,           0,         123,      -7.562326466,      -4.519431891,      -4.930659825,      -2.004762135
          0,           0,         124,      -7.604063616,      -4.560077706,      -4.971286531,       -2.04590704
          0,           0,         125,      -7.645731253,      -4.600672445,      -5.011846873,      -2.086999388
          0,           0,         126,      -7.687325995,      -4.641214828,      -5.052339379,      -2.128036745
          0,           0,         127,      -7.728844402,      -4.681703653,      -5.092762639,      -2.169016593
          0,           0,         128,       -7.77028324,      -4.722137854,      -5.133115509,      -2.209936629
          0,           0,         129,      -7.811639441,      -4.762516426,      -5.173396944,      -2.250794615
          0,           0,         130,       -7.85290995,      -4.802838521,      -5.213606116,      -2.291588358
          0,           0,         131,      -7.894092124,      -4.843103403,      -5.253742434,      -2.332315994
          0,           0,         132,      -7.935183446,       -4.88331042,      -5.293805344,      -2.372975682
          0,           0,         133,      -7.976181486,      -4.923459058,      -5.333794534,      -2.413565672
          0,           0,         134,      -8.017084085,      -4.963548913,      -5.373709977,      -2.454084439
          0,           0,         135,      -8.057889307,      -5.003579666,      -5.413551598,       -2.49453048
          0,           0,         136,      -8.098595544,      -5.043551176,      -5.453319748,      -2.534902737
          0,           0,         137,      -8.139201435,      -5.083463378,      -5.493014781,      -2.575200153
          0,           0,         138,      -8.179705644,      -5.123316331,      -5.532637349,      -2.615421743
          0,           0,         139,        -8.2201073,      -5.163110124,      -5.572187933,      -2.655566693
          0,           0,         140,      -8.260405931,      -5.202845127,      -5.611667661,      -2.695634823
          0,           0,         141,      -8.300600864,      -5.242521621,      -5.651077438,      -2.735625359
          0,           0,         142,      -8.340692104,      -5.282140114,      -5.690418409,      -2.775538355
          0,           0,         143,      -8.380679797,      -5.321701129,      -5.729691896,      -2.815373754
          0,           0,         144,      -8.420564133,      -5.361205273,      -5.768899179,      -2.855131495
          0,           0,         145,      -8.460345904,      -5.400653362,      -5.808041919,      -2.894812114
          0,           0,         146,      -8.500025571,      -5.440046149,       -5.84712175,      -2.934415822
          0,           0,         147,       -8.53960469,      -5.479384441,      -5.886139936,      -2.973943414
          0,           0,         148,      -8.579084268,       -5.51866929,      -5.925098853,      -3.013395755
          0,           0,         149,      -8.618465796,      -5.557901638,      -5.963999864,      -3.052773468
          0,           0,         150,      -8.657750749,      -5.597082466,      -6.002844808,      -3.092077611
          0,           0,         151,      -8.696941297,      -5.636213084,      -6.041636088,      -3.131309479
          0,           0,         152,      -8.736039211,      -5.675294411,      -6.080375312,      -3.170469845
          0,           0,         153,      -8.775046321,      -5.714327778,      -6.119064555,      -3.209560541
          0,           0,         154,      -8.813965506,      -5.753314295,      -6.157705582,      -3.248582915
          0,           0,         155,      -8.852798385,      -5.792255339,      -6.196301216,      -3.287538138
          0,           0,         156,      -8.891548929,      -5.831152155,      -6.234852612,      -3.326429037
          0,           0,         157,      -8.930217945,      -5.870006295,      -6.273362977,      -3.365256392
          0,           0,         158,      -8.968807968,      -5.908818102,      -6.311831999,      -3.404020155
          0,           0,         159,       -9.00732354,       -5.94758985,      -6.350264051,      -3.442725271
          0,           0,         160,      -9.045765991,       -5.98632268,      -6.388660258,      -3.481372046
          0,           0,         161,      -9.084138789,      -6.025017764,      -6.427022993,      -3.519962945
          0,           0,         162,      -9.122445279,      -6.063676292,      -6.465354106,      -3.558499694
          0,           0,         163,       -9.16068511,      -6.102299505,      -6.503653838,      -3.596981693
          0,           0,         164,      -9.198863793,      -6.140888904,       -6.54192642,      -3.635413904
          0,           0,         165,      -9.236986289,      -6.179446196,      -6.580172304,      -3.673800377
          0,           0,         166,      -9.275049668,      -6.217972125,       -6.61839483,      -3.712137306
          0,           0,         167,       -9.31306127,      -6.256467975,      -6.656593015,      -3.750429913
          0,           0,         168,      -9.351021901,      -6.294934225,      -6.694769498,      -3.788679056
          0,           0,         169,      -9.388932116,      -6.333373383,      -6.732928537,      -3.826886789
          0,           0,         170,      -9.426800344,      -6.371786968,      -6.771070599,      -3.865057597
          0,           0,         171,      -9.464626095,      -6.410173595,      -6.809192482,      -3.903190094
          0,           0,         172,      -9.502412374,      -6.448537337,      -6.847301849,      -3.941288671
          0,           0,         173,      -9.540158204,      -6.486878429,      -6.885398226,       -3.97935311
          0,           0,         174,      -9.577869462,      -6.525196216,         -6.923479,      -4.017384048
          0,           0,         175,       -9.61554779,       -6.56349386,      -6.961553073,      -4.055385467
          0,           0,         176,      -9.653194856,      -6.601771213,      -6.999616468,      -4.093358051
          0,           0,         177,      -9.690816635,      -6.640031027,      -7.037671833,      -4.131308994
          0,           0,         178,       -9.72840127,      -6.678271853,      -7.075720226,      -4.169226481
          0,           0,         179,      -9.765966577,       -6.71649418,      -7.113759695,      -4.207121217
          0,           0,         180,      -9.803520544,      -6.754704155,      -7.151798463,      -4.245006868
          0,           0,         181,      -9.841039377,      -6.792895135,       -7.18982775,      -4.282857418
          0,           0,         182,      -9.878538803,      -6.831074578,      -7.227860422,      -4.320691259
          0,           0,         183,      -9.916032444,      -6.869238355,      -7.265884899,        -4.3585133
          0,           0,         184,      -9.953500976,      -6.907389194,      -7.303910131,      -4.396310485
          0,           0,         185,      -9.990960121,      -6.945530196,      -7.341942918,      -4.434102177
          0,           0,         186,      -10.02841216,      -6.983660325,      -7.379965277,       -4.47187916
          0,           0,         187,      -10.06583448,      -7.021777052,       -7.41799437,      -4.509630058
          0,           0,         188,      -10.10326287,      -7.059889304,      -7.456027778,      -4.547387533
          0,           0,         189,      -10.14067817,      -7.097985795,      -7.494051716,      -4.585126765
          0,           0,         190,      -10.17809973,      -7.136078794,      -7.532096389,      -4.622867487
          0,           0,         191,      -10.21550506,      -7.174162163,      -7.570140449,      -4.660594909
          0,           0,         192,      -10.25289908,      -7.212238746,      -7.608176596,      -4.698301981
          0,           0,         193,      -10.29030218,      -7.250307102,      -7.646218232,       -4.73602349
          0,           0,         194,      -10.32769163,      -7.288371558,      -7.684280216,      -4.773722531
          0,           0,         195,      -10.36507372,      -7.326427665,      -7.722329437,      -4.811408694
          0,           0,         196,      -10.40249621,      -7.364482147,      -7.760393667,      -4.849135963
          0,           0,         197,      -10.43986421,      -7.402530079,       -7.79849075,      -4.886812363
          0,           0,         198,      -10.47727385,      -7.440571495,      -7.836551151,      -4.924513177
          0,           0,         199,      -10.51466034,      -7.478614701,       -7.87464555,      -4.962198288
          0,           0,         200,      -10.55206535,      -7.516649378,      -7.912732884,      -4.999900139
          0,           0,         201,       -10.5894566,      -7.554687901,      -7.950843861,      -5.037592215
          0,           0,         202,      -10.62686939,      -7.592713508,      -7.988942409,      -5.075283514
          0,           0,         203,       -10.6643142,       -7.63075391,      -8.027102619,       -5.11300774
          0,           0,         204,       -10.7017416,      -7.668786984,      -8.065236656,      -5.150728953
          0,           0,         205,      -10.73915246,      -7.706816418,      -8.103355525,      -5.188423239
          0,           0,         206,      -10.77657768,      -7.744843766,       -8.14151847,       -5.22613441
          0,           0,         207,      -10.81398453,       -7.78287703,      -8.179661925,      -5.263796087
          0,           0,         208,      -10.85152242,      -7.820902399,      -8.217856636,      -5.301598061
          0,           0,         209,      -10.88888516,       -7.85891379,      -8.256007437,      -5.339229156
          0,           0,         210,      -10.92642078,      -7.896978892,      -8.294243013,      -5.377065976
          0,           0,         211,      -10.96381581,      -7.934961305,      -8.332393022,      -5.414682193
          0,           0,         212,      -11.00138858,      -7.973025483,      -8.370623769,      -5.452572801
          0,           0,         213,      -11.03889003,      -8.011052184,      -8.408854584,      -5.490288588
          0,           0,         214,      -11.07642829,      -8.049135968,      -8.447156977,      -5.528117337
          0,           0,         215,      -11.11385114,      -8.087165385,      -8.485429475,      -5.565786258
          0,           0,         216,      -11.15142296,      -8.125159813,      -8.523598996,      -5.603553883
          0,           0,         217,      -11.18888918,      -8.163204175,      -8.561793097,      -5.641278377
          0,           0,         218,      -11.22636465,      -8.201309969,      -8.600219106,      -5.679074497
          0,           0,         219,       -11.2641311,      -8.239369087,      -8.638567347,      -5.717086892
          0,           0,         220,      -11.30159388,      -8.277373466,      -8.676784034,      -5.754727144
          0,           0,         221,      -11.33910965,      -8.315388597,       -8.71501359,      -5.792443529
          0,           0,         222,      -11.37676779,      -8.353470689,      -8.753385249,      -5.830439955
          0,           0,         223,      -11.41457255,      -8.391562367,      -8.791801085,      -5.868477763
          0,           0,         224,      -11.45187086,      -8.429643509,      -8.830230829,      -5.906010881
          0,           0,         225,      -11.48954507,      -8.467669029,      -8.868492908,      -5.943884201
          0,           0,         226,      -11.52745526,      -8.505736616,      -8.906658586,      -5.981839337
          0,           0,         227,      -11.56530436,       -8.54391583,      -8.945616178,      -6.020067505
          0,           0,         228,      -11.60286138,      -8.582044447,      -8.983817407,      -6.057944209
          0,           0,         229,      -11.64031617,      -8.620082782,      -9.022125207,      -6.095745508
          0,           0,         230,      -11.67814932,      -8.658279789,      -9.060592145,      -6.133635851
          0,           0,         231,      -11.71590021,      -8.696141757,      -9.098560202,      -6.171388601
          0,           0,         232,      -11.75379392,      -8.734367973,      -9.137600208,      -6.209580959
          0,           0,         233,      -11.79162137,      -8.772406855,      -9.175554824,      -6.247618264
          0,           0,         234,      -11.82892519,      -8.810743607,      -9.214473035,      -6.285411803
          0,           0,         235,      -11.86651949,      -8.848744904,      -9.252715149,      -6.323189415
          0,           0,         236,      -11.90486482,      -8.887061225,      -9.291684899,      -6.361608353
          0,           0,         237,      -11.94292201,      -8.925205603,      -9.329779201,      -6.399880009
          0,           0,         238,      -11.97990314,      -8.963383411,      -9.368412365,      -6.437353328
          0,           0,         239,      -12.01913069,      -9.001361362,      -9.406246179,      -6.475917892
          0,           0,         240,      -12.05638216,      -9.039428487,      -9.444253039,      -6.513286815
          0,           0,         241,        -12.093284,      -9.077580843,      -9.484373761,      -6.551261186
          0,           0,         242,      -12.13184923,       -9.11568346,      -9.522831532,      -6.589466368
          0,           0,         243,      -12.16944575,      -9.154031425,      -9.561339617,        -6.6279894
          0,           0,         244,       -12.2068287,      -9.191709312,      -9.599260813,      -6.665562818
          0,           0,         245,      -12.24511531,      -9.230500722,       -9.63824503,      -6.704095424
          0,           0,         246,      -12.28337302,      -9.268922864,      -9.678465908,      -6.743276843
          0,           0,         247,      -12.32100416,      -9.307014637,      -9.715745287,      -6.780247355
          0,           0,         248,      -12.35843951,      -9.344654955,      -9.752658159,      -6.816886726
          0,           0,         249,      -12.39524859,      -9.383076818,      -9.791809952,      -6.855129286
          0,           0,         250,      -12.43394347,      -9.420711477,      -9.830252658,      -6.893292341
          0,           0,         251,      -12.47247208,      -9.459649102,      -9.870462522,      -6.932533109
          0,           0,         252,      -12.51180827,      -9.498345089,      -9.908042043,      -6.972209263
          0,           0,         253,      -12.54797591,      -9.536265017,      -9.946786854,      -7.009226623
          0,           0,         254,      -12.58640272,      -9.574514806,      -9.986170617,      -7.048132408
          0,           0,         255,      -12.62551067,        -9.6117455,      -10.02273092,      -7.086960745
          0,           0,         256,       -12.6584588,      -9.650994474,      -10.06423557,      -7.121059116
          0,           0,         257,      -12.70194887,       -9.69009801,      -10.10288746,       -7.16502521
          0,           0,         258,      -12.73466258,       -9.72702068,      -10.14173378,      -7.196317161
          0,           0,         259,      -12.77673344,      -9.765830891,       -10.1783276,       -7.23867175
          0,           0,         260,      -12.81124951,      -9.804186722,      -10.21608529,      -7.275542658
          0,           0,         261,      -12.85946365,      -9.843414452,       -10.2606776,      -7.319534975
          0,           0,         262,      -12.88476988,      -9.881934769,      -10.29644024,      -7.350317082
          0,           0,         263,      -12.92626292,      -9.918993973,      -10.33182558,      -7.389374097
          0,           0,         264,      -12.96051768,      -9.956411786,      -10.37133433,      -7.422792943
          0,           0,         265,      -13.00885048,      -9.994147537,      -10.40896323,      -7.471738012
          0,           0,         266,      -13.03711514,      -10.03080947,      -10.44921497,      -7.501319144
          0,           0,         267,      -13.07116577,      -10.07039281,      -10.48317452,      -7.535940414
          0,           0,         268,      -13.10857641,      -10.11017592,      -10.52530547,      -7.579054571
          0,           0,         269,      -13.15100909,       -10.1478865,      -10.56036207,      -7.611711673
          0,           0,         270,      -13.19399203,      -10.18791819,      -10.60422928,      -7.664351867
          0,           0,         271,      -13.22361139,      -10.22703864,      -10.63823705,      -7.693057555
          0,           0,         272,      -13.25223029,      -10.26085255,      -10.67528974,      -7.723444687
          0,           0,         273,      -13.29107726,       -10.3029577,      -10.72422871,      -7.760621085
          0,           0,         274,      -13.32517935,       -10.3397137,      -10.75980305,      -7.794653856
          0,           0,         275,      -13.36905655,      -10.37397377,      -10.80005995,      -7.826583764
          0,           0,         276,      -13.38450399,      -10.41254147,      -10.82801182,       -7.85078378
          0,           0,         277,      -13.44202047,      -10.44809361,      -10.85506049,      -7.916837236
          0,           0,         278,      -13.44673465,      -10.48321453,      -10.88433128,      -7.921684529
          0,           0,         279,      -13.51134555,       -10.5320246,       -10.9388146,      -7.984649937
          0,           0,         280,      -13.55753076,      -10.56132659,      -10.97766696,      -8.021119571
          0,           0,         281,      -13.55183108,      -10.59895663,      -10.99407112,      -8.027581841
          0,           0,         282,      -13.53956534,      -10.64465448,       -11.0527255,       -8.02627751
          0,           0,         283,      -13.62213068,      -10.67897306,      -11.06007527,      -8.116166259
          0,           0,         284,       -13.6447274,      -10.71119764,      -11.10492408,      -8.135073458
          0,           0,         285,      -13.68604684,      -10.75501351,      -11.14232379,      -8.176197617
          0,           0,         286,      -13.65765414,      -10.77929645,      -11.14007406,      -8.129294428
          0,           0,         287,      -13.74992222,      -10.83004839,      -11.24755083,      -8.252768434
          0,           0,         288,      -13.72444956,      -10.85545177,      -11.20475762,      -8.235668478
          0,           0,         289,      -13.81014799,      -10.88160202,      -11.21982624,      -8.288072054
          0,           0,         290,      -13.80674407,      -10.94476317,      -11.27863592,      -8.310975361
          0,           0,         291,      -13.77264873,      -10.95986742,      -11.28110762,      -8.256841788
          0,           0,         292,      -13.78536745,      -10.99398164,      -11.33690155,      -8.296724074
          0,           0,         293,      -13.86453642,      -11.02896963,      -11.36428537,      -8.316015714
          0,           0,         294,      -13.79236379,      -10.99730893,      -11.38646589,      -8.238784487
          0,           0,         295,       -13.7726396,      -11.03875814,      -11.34548425,      -8.276427211
          0,           0,         296,      -13.79584224,      -11.06778322,      -11.33203737,      -8.299227197
          0,           0,         297,      -13.90520361,      -11.17016184,      -11.41087707,      -8.389291405
          0,           0,         298,      -13.88912062,      -11.20430745,       -11.3997823,      -8.427566454
          0,           0,         299,      -13.94819181,       -11.2292709,      -11.46947437,      -8.420601474
          0,           0,         300,        -13.773124,      -11.08684861,      -11.40609726,      -8.278520287
          0,           0,         301,      -13.86956426,      -11.20038493,      -11.37867131,      -8.359730885
          0,           0,         302,      -13.81242147,      -11.19451182,      -11.45236572,      -8.334242075
          0,           0,         303,      -13.81523784,      -11.23633525,      -11.34439035,      -8.309368369
          0,           0,         304,      -13.76572705,      -11.18128793,      -11.42410557,      -8.288239988
          0,           0,         305,      -13.94059694,      -11.36486184,      -11.51932306,      -8.456399796
          0,           0,         306,      -13.96714382,      -11.34222188,      -11.59460305,      -8.453885041
          0,           0,         307,       -13.8191137,      -11.34690227,      -11.44400214,      -8.370679271
          0,           0,         308,      -13.78287962,      -11.19819568,      -11.39769993,      -8.323766546
          0,           0,         309,      -13.91568842,      -11.30194742,       -11.5330898,       -8.43054612
          0,           0,         310,      -13.84381075,      -11.31318779,      -11.41596971,      -8.371872123
          0,           0,         311,      -13.96265372,      -11.38867687,      -11.56941122,      -8.496715874
          0,           0,         312,      -13.83712846,      -11.33832893,      -11.34404157,      -8.374369382
          0,           0,         313,      -13.95055334,      -11.37274275,      -11.49071989,      -8.468581566
          0,           0,         314,      -13.89197704,       -11.3960968,      -11.54463176,      -8.445741404
          0,           0,         315,       -13.8454782,      -11.36910352,      -11.42222638,      -8.377924982
          0,           0,         316,      -13.79756725,      -11.21495951,      -11.41835593,      -8.305200454
          0,           0,         317,       -13.7465921,      -11.35835883,       -11.2772193,      -8.287440513
          0,           0,         318,      -13.91143657,      -11.32911532,      -11.51945364,      -8.419098198
          0,           0,         319,      -13.87034864,      -11.25812383,      -11.46396927,      -8.371993124
          0,           0,         320,      -13.86274214,      -11.37626188,      -11.48635559,      -8.423314492
          0,           0,         321,      -13.85208755,      -11.31729497,      -11.50604372,      -8.377338695
          0,           0,         322,      -13.65186336,      -11.02897015,      -11.53114303,      -8.189389289
          0,           0,         323,      -13.82145879,      -11.21871295,      -11.46245961,      -8.340466386
          0,           0,         324,      -13.81650406,      -11.30160327,      -11.48501094,      -8.391977377
          0,           0,         325,      -13.83948054,      -11.30820973,      -11.45027628,      -8.363634924
          0,           0,         326,      -13.92296753,      -11.39396894,      -11.53423243,       -8.45880145
          0,           0,         327,       -13.9108293,      -11.40425945,      -11.39400277,      -8.433862155
          0,           0,         328,      -13.77465162,      -11.28587891,      -11.46976965,      -8.338947403
          0,           0,         329,      -13.75839183,      -11.25983425,      -11.48010348,      -8.364144372
          0,           0,         330,      -13.90892552,      -11.26305765,      -11.43272407,      -8.333752388
          0,           0,         331,      -13.73461034,       -11.2214015,      -11.51382198,      -8.338039836
          0,           0,         332,      -13.95009327,      -11.37751305,      -11.53055035,      -8.514957408
          0,           0,         333,      -14.06017511,      -11.44318183,      -11.63347343,      -8.512573923
          0,           0,         334,      -13.95414843,      -11.40234853,      -11.48007821,      -8.437565687
          0,           0,         335,       -13.8009513,      -11.21257986,      -11.54290884,      -8.344545882
          0,           0,         336,      -13.88870748,      -11.34893118,      -11.55145768,      -8.420311268
          0,           0,         337,      -13.82633001,      -11.30169562,      -11.43508847,      -8.389921304
          0,           0,         338,      -13.95754297,      -11.38928808,      -11.51962121,       -8.47150127
          0,           0,         339,      -13.89635974,       -11.3515119,      -11.50399888,      -8.471265508
          0,           0,         340,      -13.89095994,      -11.36842307,       -11.5541107,      -8.396083871
          0,           0,         341,      -13.82814807,      -11.38431875,      -11.34592004,      -8.361176097
          0,           0,         342,      -13.84398256,      -11.36716089,      -11.54809523,      -8.389448056
          0,           0,         343,      -13.73660562,      -11.17970621,      -11.41830769,      -8.273350084
          0,           0,         344,       -13.9631098,      -11.40452337,      -11.53257622,      -8.495173683
          0,           0,         345,      -13.77048155,      -11.23972006,      -11.46272924,      -8.333058677
          0,           0,         346,      -13.91161602,      -11.33668549,      -11.52148694,      -8.412985546
          0,           0,         347,      -13.84754109,      -11.31807811,      -11.47945582,      -8.398012534
          0,           0,         348,       -13.8649412,      -11.37787674,      -11.46088766,      -8.424454923
          0,           0,         349,      -13.90051436,      -11.33367688,      -11.48826773,      -8.493254626
          0,           0,         350,       -13.8855828,      -11.39240423,      -11.46963811,      -8.437252686
          0,           0,         351,      -13.84842287,      -11.25708303,      -11.47131842,      -8.382464911
          0,           0,         352,       -13.9740913,      -11.48053557,        -11.519874,      -8.545277787
          0,           0,         353,      -13.82584369,      -11.30891611,      -11.42856113,       -8.36764458
          0,           0,         354,      -13.77928906,       -11.3974375,       -11.4214603,      -8.343461381
          0,           0,         355,      -13.88125896,      -11.31337049,      -11.50318163,      -8.432248126
          0,           0,         356,      -13.77460695,      -11.36088319,      -11.37304062,      -8.322692767
          0,           0,         357,      -13.83260024,      -11.36187381,      -11.38301138,      -8.381815564
          0,           0,         358,      -13.90265247,      -11.43897294,      -11.50918364,       -8.41236631
          0,           0,         359,      -13.84537731,      -11.30212059,      -11.47567377,      -8.358512966
          0,           0,         360,      -13.78245192,      -11.13550075,      -11.42509308,      -8.240751626
          0,           0,         361,      -13.84178656,      -11.27389618,      -11.40222864,      -8.323362796
          0,           0,         362,      -13.76138957,      -11.21950099,      -11.44206439,      -8.317765979
          0,           0,         363,      -13.85287306,      -11.39414087,      -11.43368488,      -8.395393776
          0,           0,         364,       -13.9999841,      -11.35904099,      -11.55902479,      -8.442987208
          0,           0,         365,      -13.85313569,      -11.32293634,      -11.41494434,      -8.425892032
          0,           0,         366,      -13.79358501,      -11.17963862,      -11.43414754,      -8.292655018
          0,           0,         367,      -13.85890826,       -11.2915708,      -11.49753267,      -8.383363781
          0,           0,         368,      -13.82225105,      -11.28537589,      -11.49503116,      -8.354789143
          0,           0,         369,      -13.96888592,       -11.4542926,      -11.52445023,      -8.476815383
          0,           0,         370,      -13.88166486,      -11.35276717,      -11.43378124,      -8.404428459
          0,           0,         371,      -13.91766494,      -11.34372854,      -11.59332114,       -8.46458447
          0,           0,         372,      -13.82502065,      -11.23669397,      -11.43134721,      -8.326074938
          0,           0,         373,      -13.96471796,      -11.53360173,      -11.49516684,       -8.50325626
          0,           0,         374,      -13.84459943,      -11.30934158,      -11.45501813,      -8.386602569
          0,           0,         375,      -13.89788054,       -11.3148489,      -11.53370202,       -8.43639044
          0,           0,         376,      -13.83536407,      -11.41536146,       -11.4018269,       -8.41869331
          0,           0,         377,      -13.88639366,      -11.36920814,      -11.43097794,       -8.42856307
          0,           0,         378,      -13.77501939,      -11.14332534,      -11.32559622,      -8.233101174
          0,           0,         379,       -13.9659624,      -11.44189113,      -11.44766744,      -8.485987218
          0,           0,         380,      -13.79544695,      -11.38463069,      -11.36229359,      -8.336978471
          0,           0,         381,       -13.8138889,      -11.19379452,      -11.51552264,      -8.327568292
          0,           0,         382,      -13.84915958,      -11.35402395,      -11.38901465,      -8.370843149
          0,           0,         383,      -13.85327006,      -11.27513021,      -11.48445592,      -8.354468814
          0,           0,         384,      -13.96881773,       -11.4203356,      -11.51933069,      -8.501335936
          0,           0,         385,      -13.78497466,       -11.2891367,      -11.35764292,      -8.318256414
          0,           0,         386,      -13.80667815,      -11.37920354,       -11.3183637,      -8.330468765
          0,           0,         387,      -13.79821431,      -11.36065357,      -11.43491904,      -8.339616435
          0,           0,         388,      -13.84565149,      -11.26627891,      -11.38065645,      -8.347202257
          0,           0,         389,      -13.80633968,      -11.28331883,      -11.48718352,      -8.401226004
          0,           0,         390,      -13.80495339,      -11.31409515,      -11.46829951,         -8.363458
          0,           0,         391,      -13.81985478,      -11.35673095,      -11.50497823,      -8.408440943
          0,           0,         392,       -13.7703641,      -11.21386444,      -11.33064657,      -8.320313412
          0,           0,         393,      -13.79485362,      -11.28171212,      -11.40268517,      -8.358650667
          0,           0,         394,      -13.94438839,      -11.36540914,      -11.49614806,      -8.460028891
          0,           0,         395,      -13.79664551,      -11.24266603,        -11.460947,      -8.310791052
          0,           0,         396,      -14.03458058,      -11.45736981,      -11.56427002,      -8.535177976
          0,           0,         397,      -13.83405212,      -11.30765057,      -11.41977241,      -8.351431774
          0,           0,         398,      -13.77644309,       -11.2596434,      -11.35654631,      -8.330134328
          0,           0,         399,      -13.87147784,      -11.34692742,       -11.4999344,      -8.416437712
          0,           0,         400,      -13.89469919,      -11.35415466,      -11.51808977,      -8.424926696
          0,           0,         401,      -13.99415305,      -11.44240048,      -11.59251154,      -8.472385203
          0,           0,         402,      -13.87091704,      -11.31070552,      -11.56953016,      -8.392487407
          0,           0,         403,      -14.00438712,      -11.47230653,      -11.51634668,       -8.50909844
          0,           0,         404,      -13.79478496,      -11.30070493,      -11.34179409,      -8.315662608
          0,           0,         405,      -13.82974924,      -11.39598884,      -11.41014765,      -8.362572537
          0,           0,         406,      -13.84362594,      -11.29855655,      -11.42829583,      -8.390023746
          0,           0,         407,      -13.90203099,      -11.45799313,      -11.51729016,      -8.486488988
          0,           0,         408,      -13.69887095,      -11.15245894,      -11.45651988,      -8.222504534
          0,           0,         409,      -13.83114669,      -11.31905143,      -11.41463626,      -8.329805344
          0,           0,         410,      -13.80764142,       -11.2214513,      -11.37597034,      -8.314416056
          0,           0,         411,       -13.8230681,      -11.34180606,       -11.3742637,      -8.349232731
          0,           0,         412,      -13.93831838,      -11.38375109,       -11.6028988,       -8.49021527
          0,           0,         413,      -13.97166449,      -11.36683399,       -11.5554453,        -8.4589692
          0,           0,         414,      -13.85236878,      -11.35710166,      -11.50249122,      -8.392408553
          0,           0,         415,      -13.72926075,      -11.20449734,      -11.42431579,      -8.271847143
          0,           0,         416,      -13.82104618,       -11.1808742,      -11.53190495,      -8.342968386
          0,           0,         417,       -13.8863905,      -11.22931055,      -11.52535959,      -8.445016733
          0,           0,         418,      -13.90059859,      -11.32431463,      -11.53339569,      -8.390348173
          0,           0,         419,       -13.9956196,      -11.47952849,      -11.53936707,       -8.53452026
          0,           0,         420,      -13.82683859,      -11.34085223,      -11.32707885,      -8.326345409
          0,           0,         421,      -13.75224781,      -11.25067758,      -11.46209949,      -8.330521807
          0,           0,         422,       -13.8747477,      -11.28384844,      -11.45375885,      -8.368832597
          0,           0,         423,      -13.84704708,      -11.30538549,      -11.52879607,      -8.397710474
          0,           0,         424,      -13.72550317,      -11.15845391,       -11.4783231,      -8.254238579
          0,           0,         425,      -13.92728129,      -11.32497051,      -11.50617248,      -8.450233039
          0,           0,         426,      -13.76432275,      -11.21449176,      -11.57952845,      -8.328792772
          0,           0,         427,      -13.70948602,      -11.26848768,       -11.3136368,      -8.285067108
          0,           0,         428,      -13.87702903,      -11.31744514,       -11.4552013,      -8.427645178
          0,           0,         429,      -13.93836403,      -11.38055087,       -11.3753918,      -8.429661212
          0,           0,         430,      -13.76927704,      -11.24203807,      -11.39435148,       -8.28898018
          0,           0,         431,      -13.76851728,      -11.26133099,       -11.3274292,      -8.316827044
          0,           0,         432,      -13.86056629,      -11.26482328,      -11.40581926,      -8.383251908
          0,           0,         433,      -13.90776428,      -11.40667555,      -11.52762647,      -8.437858266
          0,           0,         434,      -13.87179128,      -11.32618565,      -11.44844333,      -8.379592496
          0,           0,         435,      -13.78450787,      -11.31650801,      -11.33816004,      -8.343358209
          0,           0,         436,      -13.86932391,      -11.39595015,      -11.45740725,      -8.485081287
          0,           0,         437,      -13.79850792,      -11.24161935,      -11.45345337,      -8.311635599
          0,           0,         438,      -13.86502544,      -11.29887674,      -11.42400048,      -8.386923032
          0,           0,         439,      -13.71705829,      -11.15480476,      -11.33145289,      -8.223237111
          0,           0,         440,      -13.66715127,      -11.15989009,      -11.40316817,      -8.262281068
          0,           0,         441,      -13.71708418,       -11.2522761,      -11.31097953,      -8.242187137
          0,           0,         442,      -13.97052016,      -11.30911296,      -11.49279188,      -8.456360618
          0,           0,         443,      -13.77904233,       -11.2654204,      -11.44387965,       -8.33403475
          0,           0,         444,      -13.61801688,      -11.08230106,      -11.39801695,      -8.201962365
          0,           0,         445,      -13.85626661,       -11.2736899,      -11.41486985,      -8.407127134
          0,           0,         446,      -13.90515672,      -11.35559946,      -11.54377663,      -8.443343895
          0,           0,         447,      -13.88857064,      -11.35210689,      -11.42993974,      -8.387337283
          0,           0,         448,      -13.83879183,      -11.33275219,      -11.38395904,      -8.358077598
          0,           0,         449,      -13.77542355,      -11.23923512,      -11.37193948,      -8.319356119
          0,           0,         450,       -13.8191565,      -11.40675501,      -11.31177826,      -8.311146044
          0,           0,         451,      -13.89296505,      -11.42601227,      -11.41253405,      -8.393150463
          0,           0,         452,      -13.85803469,      -11.26589798,      -11.51678986,      -8.378505152
          0,           0,         453,      -13.69079761,      -11.17841663,      -11.40368352,      -8.218292198
          0,           0,         454,      -13.92974016,        -11.365894,      -11.52030791,      -8.476959429
          0,           0,         455,       -13.8306097,      -11.25584535,      -11.45235606,      -8.391215838
          0,           0,         456,      -13.94070289,      -11.27795904,      -11.52504377,       -8.41852748
          0,           0,         457,      -13.88849548,      -11.37011437,        -11.445544,      -8.402449726
          0,           0,         458,      -13.83823631,      -11.37465313,      -11.43104047,      -8.385704257
          0,           0,         459,      -13.76014614,      -11.26695931,      -11.38530897,      -8.341089321
          0,           0,         460,      -13.84905266,      -11.23837135,      -11.53914933,      -8.344566446
          0,           0,         461,      -13.83240007,      -11.37573992,      -11.40708447,      -8.341603345
          0,           0,         462,      -13.88346729,      -11.40407652,      -11.41343787,      -8.390150798
          0,           0,         463,      -13.81479718,       -11.3808024,      -11.33232952,      -8.328388527
          0,           0,         464,      -13.81289944,        -11.368983,      -11.39301238,      -8.345872071
          0,           0,         465,      -13.79836063,      -11.35023883,      -11.30130306,      -8.301056072
          0,           0,         466,      -13.79719994,      -11.38472924,      -11.32789373,      -8.344332952
          0,           0,         467,      -13.82020482,      -11.22686415,      -11.45302557,      -8.338177562
          0,           0,         468,       -13.8754092,      -11.38480645,      -11.56130611,      -8.407794176
          0,           0,         469,       -13.8272157,      -11.28542076,      -11.53625105,      -8.404672365
          0,           0,         470,      -13.81563612,       -11.2059587,      -11.40269171,      -8.317345534
          0,           0,         471,      -13.69132836,      -11.15908674,      -11.46004288,      -8.257285557
          0,           0,         472,       -13.8800944,      -11.41633723,      -11.42438571,      -8.423488425
          0,           0,         473,       -13.8457885,      -11.30111805,      -11.43236567,       -8.34910713
          0,           0,         474,      -13.74542227,      -11.22537936,      -11.29587954,      -8.256764407
          0,           0,         475,       -13.8724598,      -11.41100542,      -11.41206666,      -8.403038816
          0,           0,         476,      -13.76378114,       -11.2303241,      -11.31792834,      -8.295686637
          0,           0,         477,      -13.79826221,      -11.18052178,      -11.42232603,      -8.332197463
          0,           0,         478,      -13.98437851,      -11.40182796,       -11.5525043,      -8.445243662
          0,           0,         479,      -13.83258541,      -11.29196047,      -11.42136581,      -8.359334758
          0,           0,         480,      -13.81291155,      -11.26030046,      -11.49832415,      -8.322557315
          0,           0,         481,      -13.83113449,       -11.3417308,      -11.33575673,      -8.364295716
          0,           0,         482,      -13.98413613,       -11.4766498,      -11.50954881,      -8.519880137
          0,           0,         483,      -13.74076397,      -11.31564888,      -11.47313317,      -8.325990478
          0,           0,         484,      -13.82881449,       -11.2743794,      -11.42033702,      -8.349465222
          0,           0,         485,      -13.87180763,      -11.33091042,      -11.43855354,      -8.441366202
          0,           0,         486,       -13.8592037,      -11.30786188,      -11.46170098,      -8.378746908
          0,           0,         487,      -13.81950749,      -11.33528733,      -11.38942321,       -8.31968557
          0,           0,         488,      -13.93882894,      -11.36052807,      -11.55214135,      -8.441937643
          0,           0,         489,      -13.88782032,      -11.30675944,      -11.52232395,      -8.383376073
          0,           0,         490,      -13.84934328,      -11.25805191,      -11.54913172,      -8.421471649
          0,           0,         491,         -13.87483,       -11.2547613,      -11.58611043,      -8.368810674
          0,           0,         492,      -13.84676686,      -11.29662358,      -11.46139642,      -8.390362235
          0,           0,         493,      -13.93718531,      -11.30111764,      -11.51574823,      -8.410709446
          0,           0,         494,       -13.8217193,      -11.27440295,      -11.37271504,      -8.354657436
          0,           0,         495,      -13.88556163,      -11.41744325,      -11.36977476,      -8.394043781
          0,           0,         496,      -13.98783887,      -11.44060243,      -11.52217795,       -8.42206515
          0,           0,         497,      -13.87359575,      -11.38822691,      -11.42078648,      -8.390394496
          0,           0,         498,      -13.94854057,      -11.46232231,      -11.47816235,      -8.492306983
          0,           0,         499,      -13.89113081,      -11.39678063,      -11.56930599,      -8.463044984
          0,           0,         500,      -13.82514309,      -11.22499292,      -11.39572586,      -8.312036384
          0,           0,         501,      -13.85914828,      -11.34456417,      -11.42590345,      -8.430868247
          0,           0,         502,      -13.88652043,      -11.41807167,      -11.52269517,      -8.439027612
          0,           0,         503,      -13.77191331,      -11.41053035,      -11.30084849,      -8.327317007
          0,           0,         504,      -13.90778066,      -11.41715615,      -11.43525681,      -8.420860964
          0,           0,         505,      -13.83694158,      -11.29820554,      -11.40295416,      -8.348734438
          0,           0,         506,       -13.7196577,      -11.15929608,      -11.39840402,      -8.261630103
          0,           0,         507,      -13.86011464,      -11.42581013,      -11.37797556,      -8.388087061
          0,           0,         508,      -13.83113454,      -11.29592828,      -11.47741306,      -8.359095164
          0,           0,         509,      -13.62921038,      -10.91705491,      -11.55234495,      -8.094843913
          0,           0,         510,      -13.87722207,       -11.3243619,       -11.4423738,      -8.398182701
          0,           0,         511,      -13.91965623,      -11.33595823,      -11.51802252,      -8.439981984
          0,           0,         512,      -13.75596554,      -11.21445893,      -11.34556606,       -8.30398674
          0,           0,         513,      -13.77091489,       -11.1381623,      -11.42679009,      -8.259700157
          0,           0,         514,      -13.78509535,      -11.37014361,      -11.28036879,      -8.337870368
          0,           0,         515,      -13.87433165,      -11.32946356,      -11.46673212,      -8.411791091
          0,           0,         516,      -13.82183107,      -11.24652317,      -11.46179174,      -8.335553226
          0,           0,         517,       -13.9488687,      -11.46667489,      -11.44614569,      -8.469807116
          0,           0,         518,      -13.90228267,      -11.34552733,      -11.54464958,       -8.39874729
          0,           0,         519,      -13.80328978,      -11.25769194,      -11.46394925,      -8.330789544
          0,           0,         520,      -13.84037601,      -11.32152324,      -11.38185244,      -8.362488094
          0,           0,         521,      -13.84024908,      -11.29509425,      -11.42786524,      -8.334266652
          0,           0,         522,      -13.87188701,      -11.44965032,       -11.4663376,      -8.405714657
          0,           0,         523,      -13.93791883,       -11.3224489,      -11.45386975,       -8.41431243
          0,           0,         524,      -13.90372566,      -11.38413011,      -11.49895497,      -8.438182243
          0,           0,         525,      -13.93276884,      -11.52148335,      -11.45571502,      -8.443461511
          0,           0,         526,      -13.83395666,      -11.42009357,      -11.45485086,      -8.404406756
          0,           0,         527,      -13.81182586,      -11.20654238,      -11.46447338,       -8.30155517
          0,           0,         528,      -13.91013581,      -11.39280968,      -11.44195986,      -8.434429756
          0,           0,         529,      -13.76830945,      -11.33301935,      -11.44936249,      -8.315043985
          0,           0,         530,       -13.9261987,       -11.3778877,      -11.49112607,      -8.457488445
          0,           0,         531,      -13.84495331,      -11.39847432,      -11.48963077,      -8.383396014
          0,           0,         532,      -13.90788931,      -11.40648901,      -11.42242356,       -8.34527411
          0,           0,         533,      -13.93656025,      -11.36898103,      -11.53487506,      -8.392820099
          0,           0,         534,      -13.80531774,      -11.43933082,      -11.33097543,      -8.385599469
          0,           0,         535,      -13.93481253,       -11.4433962,        -11.453384,      -8.425899031
          0,           0,         536,      -13.85816546,      -11.40051964,      -11.43310574,      -8.374560466
          0,           0,         537,      -13.83664368,       -11.3100875,      -11.39896728,      -8.367929925
          0,           0,         538,      -13.86948228,      -11.27773721,      -11.32953452,      -8.396683844
          0,           0,         539,      -13.83808193,      -11.38661245,      -11.35942233,      -8.379766105
          0,           0,         540,       -13.8683405,      -11.27725524,      -11.51154193,      -8.403165741
          0,           0,         541,       -13.8910839,      -11.32549189,      -11.49180937,      -8.355704798
          0,           0,         542,      -13.89418276,      -11.37132592,       -11.4555295,      -8.398978902
          0,           0,         543,      -13.87168975,      -11.28129622,      -11.46039213,      -8.319372879
          0,           0,         544,      -13.74838983,      -11.14674133,      -11.45799668,      -8.299041393
          0,           0,         545,      -13.88401887,      -11.33590619,      -11.47058739,      -8.428845217
          0,           0,         546,      -13.85759533,      -11.30190582,      -11.50970847,      -8.441849663
          0,           0,         547,      -13.86432053,      -11.23224297,      -11.52443547,      -8.320800002
          0,           0,         548,      -14.02148357,       -11.4174838,      -11.50728904,      -8.485037356
          0,           0,         549,      -13.86952939,      -11.40059705,      -11.46603522,      -8.396039463
          0,           0,         550,      -13.92591653,      -11.32492226,      -11.47803157,       -8.43306134
          0,           0,         551,      -13.93230924,      -11.33157154,      -11.47933675,      -8.456085945
          0,           0,         552,      -13.76806341,      -11.28258724,      -11.34275701,      -8.322144136
          0,           0,         553,      -13.78530235,      -11.23560404,      -11.38898332,       -8.32086174
          0,           0,         554,      -13.88929953,      -11.38933893,      -11.45405881,      -8.460698449
          0,           0,         555,      -13.82788134,      -11.40325441,      -11.37623715,        -8.3805396
          0,           0,         556,      -13.90155696,      -11.37857791,      -11.45112572,      -8.446176005
          0,           0,         557,        -13.858197,      -11.38995021,      -11.40818406,       -8.39996213
          0,           0,         558,      -13.77229143,      -11.18412896,      -11.47943471,      -8.339983677
          0,           0,         559,      -13.83272049,      -11.47439476,      -11.55021783,      -8.396738864
          0,           0,         560,      -13.64761089,      -11.05805739,      -11.43414154,      -8.164059381
          0,           0,         561,       -13.8792585,      -11.21669924,      -11.51719307,      -8.350409882
          0,           0,         562,      -13.89918181,      -11.19227661,      -11.55135597,      -8.371079472
          0,           0,         563,      -13.85205127,      -11.37851121,      -11.45851591,      -8.383884466
          0,           0,         564,      -13.93338548,      -11.31004185,      -11.50467612,      -8.466389481
          0,           0,         565,      -13.92428122,      -11.44230276,       -11.5365087,      -8.452951468
          0,           0,         566,      -13.92140357,      -11.41335204,      -11.47814415,      -8.441199076
          0,           0,         567,      -13.89408618,      -11.39796786,      -11.39802054,      -8.455042273
          0,           0,         568,      -13.90528891,      -11.31434067,      -11.46077883,      -8.411451987
          0,           0,         569,      -13.75729043,       -11.3015506,      -11.40018237,      -8.305598192
          0,           0,         570,      -13.86667154,      -11.36243126,       -11.4719704,      -8.424468642
          0,           0,         571,      -13.87340408,      -11.39918979,      -11.40302966,      -8.425088475
          0,           0,         572,      -13.90792885,         -11.33169,      -11.51086771,      -8.418803302
          0,           0,         573,      -13.92256814,      -11.30622699,      -11.49886885,      -8.430574573
          0,           0,         574,      -13.86651574,      -11.27404948,      -11.47039714,      -8.409742752
          0,           0,         575,      -13.73139499,      -11.14128054,      -11.35446858,       -8.24378365
          0,           0,         576,      -13.87639049,      -11.37974475,      -11.49031018,      -8.379963613
          0,           0,         577,      -13.91729357,       -11.4614668,       -11.4637596,      -8.455421371
          0,           0,         578,       -13.7636244,      -11.12365859,      -11.45090543,      -8.264629494
          0,           0,         579,      -13.85534515,      -11.34153316,      -11.46608211,      -8.416934071
          0,           0,         580,      -13.86975147,      -11.29876424,      -11.45436192,      -8.427437426
          0,           0,         581,      -13.92293376,      -11.28980132,        -11.559641,      -8.419464593
          0,           0,         582,      -13.88692338,      -11.31476209,       -11.5069614,        -8.4200258
          0,           0,         583,      -13.91126491,      -11.31934362,      -11.50704621,      -8.372417832
          0,           0,         584,      -13.92450211,      -11.38816988,      -11.47857849,      -8.477277174
          0,           0,         585,      -13.89067033,      -11.31186216,      -11.47082532,      -8.394845951
          0,           0,         586,      -13.85446355,      -11.21831709,      -11.41306112,      -8.382232583
          0,           0,         587,      -13.74230327,      -11.21589683,      -11.34085423,       -8.26312079
          0,           0,         588,      -13.90387386,       -11.3735789,       -11.4359891,      -8.424061912
          0,           0,         589,       -13.6882908,      -11.16126736,      -11.43706876,      -8.233242175
          0,           0,         590,      -13.86116656,      -11.16491431,      -11.56041915,      -8.327713349
          0,           0,         591,      -13.87151374,      -11.27562062,      -11.51388131,      -8.366979163
          0,           0,         592,      -13.70330349,      -11.17312887,      -11.38883625,      -8.188710886
          0,           0,         593,      -13.90222401,      -11.33182576,      -11.43557891,      -8.395997295
          0,           0,         594,      -13.79506467,      -11.38339579,      -11.40197308,      -8.371301759
          0,           0,         595,      -13.71328719,      -11.18885699,      -11.30122351,      -8.265575734
          0,           0,         596,      -13.87188248,      -11.26912947,      -11.46799403,      -8.425042257
          0,           0,         597,      -13.93134815,      -11.41791874,      -11.41515318,      -8.477625182
          0,           0,         598,      -13.69420275,      -11.09497341,      -11.38668744,       -8.20333279
          0,           0,         599,      -13.99675649,      -11.45244072,      -11.48232107,       -8.53037043
          0,           0,         600,      -13.95408109,      -11.40890649,      -11.59863198,      -8.450331458
