VARIABLES = \
"Time_Iter","Outer_Iter","Inner_Iter",    "rms[Rho]"    ,    "rms[RhoU]"   ,    "rms[RhoV]"   ,    "rms[RhoE]"   
          0,           0,           0,     -0.7435696513,       1.511724456,       1.760038126,       4.716058552
          0,           0,           1,     -0.7545292301,       1.569106191,       1.767327238,       4.720690789
          0,           0,           2,     -0.9532416753,       1.367280825,       1.528891659,       4.513640003
          0,           0,           3,       -1.21955817,       1.195393961,       1.244621821,       4.252042265
          0,           0,           4,      -1.415648036,       1.057011015,       1.070133752,       4.058951059
          0,           0,           5,      -1.583885907,      0.9269347538,       0.887972176,       3.890013344
          0,           0,           6,       -1.77536837,      0.8202254206,      0.7012360364,       3.708137465
          0,           0,           7,      -1.950252602,      0.7460283608,      0.5302338442,         3.5451155
          0,           0,           8,      -2.108024385,      0.6872875014,       0.384527656,       3.403151469
          0,           0,           9,      -2.264649024,      0.6307520672,      0.2637553658,       3.270348243
          0,           0,          10,      -2.410483282,      0.5748686476,      0.1612698877,       3.151518106
          0,           0,          11,      -2.532446701,       0.518493314,     0.06866987705,       3.051993225
          0,           0,          12,      -2.630847394,      0.4601634102,    -0.02071382101,       2.967217768
          0,           0,          13,      -2.710429678,      0.3998411388,     -0.1098805886,       2.890757721
          0,           0,          14,      -2.779431063,      0.3386986798,      -0.197768697,       2.817769801
          0,           0,          15,      -2.845700598,      0.2781468821,     -0.2824525962,       2.745907652
          0,           0,          16,      -2.911439136,      0.2192422598,     -0.3627467239,       2.675816399
          0,           0,          17,      -2.976115334,      0.1625840063,     -0.4380250994,       2.609059051
          0,           0,          18,      -3.038872969,      0.1083997088,      -0.508379694,       2.546660134
          0,           0,          19,      -3.098243123,     0.05663096397,     -0.5739383399,       2.489126565
          0,           0,          20,      -3.152430038,    0.006995590845,     -0.6344533683,       2.436466966
          0,           0,          21,      -3.200265911,    -0.04095101935,     -0.6894517205,       2.388223455
          0,           0,          22,      -3.241908748,    -0.08775542086,      -0.738694966,          2.343591
          0,           0,          23,       -3.27909673,     -0.1339792081,      -0.782357946,       2.301363889
          0,           0,          24,      -3.313712048,     -0.1801117061,     -0.8215339789,       2.260494456
          0,           0,          25,      -3.347411679,     -0.2265314733,     -0.8577025587,       2.220119465
          0,           0,          26,      -3.381429788,      -0.273496692,     -0.8924841837,       2.179562147
          0,           0,          27,       -3.41645018,     -0.3211350627,     -0.9270941193,       2.138404261
          0,           0,          28,      -3.452789619,     -0.3694630592,     -0.9623860995,       2.096412402
          0,           0,          29,      -3.490492579,     -0.4184249811,     -0.9989031195,       2.053527498
          0,           0,          30,      -3.529388365,     -0.4679156751,        -1.0368096,       2.009864809
          0,           0,          31,      -3.569216995,     -0.5177985821,      -1.076024484,        1.96562591
          0,           0,          32,      -3.609749665,     -0.5679357049,      -1.116352134,       1.921001485
          0,           0,          33,      -3.650838909,      -0.618204129,      -1.157563805,       1.876128669
          0,           0,          34,      -3.692382462,     -0.6684895593,      -1.199447653,       1.831115338
          0,           0,          35,      -3.734304438,     -0.7186872955,      -1.241813102,       1.786047474
          0,           0,          36,      -3.776535903,     -0.7687079422,      -1.284528725,       1.741004261
          0,           0,          37,      -3.819037181,     -0.8184664704,       -1.32743335,       1.696034037
          0,           0,          38,      -3.861770056,     -0.8678959909,        -1.3704007,       1.651156607
          0,           0,          39,      -3.904647974,     -0.9169344675,      -1.413374828,       1.606440183
          0,           0,          40,      -3.947587307,     -0.9655323611,      -1.456297589,       1.561948554
          0,           0,          41,      -3.990563039,       -1.01366008,      -1.499133335,       1.517686578
          0,           0,          42,      -4.033595238,      -1.061328264,      -1.541704417,       1.473615342
          0,           0,          43,       -4.07676276,      -1.108556356,      -1.584006573,       1.429644927
          0,           0,          44,      -4.120000908,      -1.155310227,      -1.626321325,       1.385815379
          0,           0,          45,      -4.163109917,      -1.201538618,      -1.668637592,       1.342282482
          0,           0,          46,      -4.206129822,      -1.247270217,       -1.71072956,        1.29898718
          0,           0,          47,      -4.249225688,      -1.292585821,      -1.752664643,       1.255751921
          0,           0,          48,      -4.292277593,      -1.337443756,      -1.794606426,       1.212675717
          0,           0,          49,      -4.335118916,      -1.381807055,      -1.836537595,        1.16989941
          0,           0,          50,      -4.377734343,      -1.425701215,      -1.878367403,       1.127423648
          0,           0,          51,      -4.420170873,      -1.469168933,      -1.920054421,       1.085192414
          0,           0,          52,      -4.462475469,      -1.512254201,      -1.961599855,       1.043151022
          0,           0,          53,      -4.504678986,      -1.555000574,      -2.003017526,       1.001261201
          0,           0,          54,       -4.54679741,      -1.597448002,      -2.044324578,      0.9594999916
          0,           0,          55,      -4.588838052,      -1.639632082,      -2.085540478,      0.9178530853
          0,           0,          56,      -4.630805737,      -1.681585022,      -2.126684603,      0.8763086967
          0,           0,          57,      -4.672704303,      -1.723336112,      -2.167772962,      0.8348565379
          0,           0,          58,      -4.714537863,      -1.764912063,      -2.208819925,      0.7934867771
          0,           0,          59,      -4.756310497,      -1.806337568,       -2.24983416,      0.7521902237
          0,           0,          60,      -4.798026923,      -1.847635583,      -2.290821638,      0.7109577243
          0,           0,          61,      -4.839692374,      -1.888827163,      -2.331787577,      0.6697802801
          0,           0,          62,      -4.881312512,      -1.929931397,      -2.372737344,       0.628649119
          0,           0,          63,      -4.922893253,      -1.970965349,      -2.413676284,      0.5875558463
          0,           0,          64,      -4.964440564,      -2.011944099,      -2.454609134,      0.5464925954
          0,           0,          65,      -5.005960218,      -2.052880815,      -2.495540114,      0.5054522086
          0,           0,          66,      -5.047458227,      -2.093786732,       -2.53647471,      0.4644277939
          0,           0,          67,      -5.088939452,      -2.134671097,      -2.577416649,      0.4234138471
          0,           0,          68,      -5.130408137,      -2.175541424,      -2.618368403,       0.382405728
          0,           0,          69,       -5.17186823,      -2.216403866,      -2.659331036,      0.3413992614
          0,           0,          70,      -5.213322575,      -2.257262766,      -2.700306643,      0.3003916769
          0,           0,          71,      -5.254776008,       -2.29812362,      -2.741298134,      0.2593784848
          0,           0,          72,      -5.296230654,      -2.338989471,      -2.782305792,      0.2183577153
          0,           0,          73,      -5.337687831,      -2.379862199,      -2.823328318,      0.1773282397
          0,           0,          74,      -5.379149978,      -2.420743838,      -2.864364612,       0.136288032
          0,           0,          75,      -5.420619523,      -2.461636292,      -2.905414071,     0.09523511344
          0,           0,          76,      -5.462098674,      -2.502541138,      -2.946476126,     0.05416776577
          0,           0,          77,      -5.503589815,      -2.543459751,      -2.987550354,     0.01308420331
          0,           0,          78,      -5.545095715,      -2.584393384,      -3.028636693,    -0.02801761835
          0,           0,          79,      -5.586619294,       -2.62534313,      -3.069735352,    -0.06913983979
          0,           0,          80,      -5.628163337,      -2.666309904,      -3.110846587,     -0.1102844933
          0,           0,          81,      -5.669729027,      -2.707294299,       -3.15197074,     -0.1514523953
          0,           0,          82,      -5.711318382,      -2.748296455,      -3.193109108,     -0.1926449165
          0,           0,          83,      -5.752935608,       -2.78931682,      -3.234258453,     -0.2338652995
          0,           0,          84,      -5.794583971,      -2.830356501,      -3.275418627,     -0.2751161732
          0,           0,          85,      -5.836264194,      -2.871416436,      -3.316592191,     -0.3163979924
          0,           0,          86,       -5.87797653,      -2.912497293,      -3.357779908,     -0.3577108505
          0,           0,          87,      -5.919722571,      -2.953599812,      -3.398980906,     -0.3990560627
          0,           0,          88,      -5.961504551,      -2.994724722,      -3.440194754,     -0.4404354755
          0,           0,          89,      -6.003324214,      -3.035872572,      -3.481421917,     -0.4818504687
          0,           0,          90,      -6.045182727,      -3.077043803,      -3.522663049,     -0.5233019493
          0,           0,          91,      -6.087081086,      -3.118238904,      -3.563918522,     -0.5647907482
          0,           0,          92,      -6.129020278,      -3.159458439,      -3.605188449,     -0.6063177489
          0,           0,          93,      -6.171001221,      -3.200703005,       -3.64647286,     -0.6478837927
          0,           0,          94,      -6.213024675,      -3.241973199,      -3.687771805,     -0.6894896008
          0,           0,          95,      -6.255091252,      -3.283269621,      -3.729085338,     -0.7311357817
          0,           0,          96,      -6.297201461,      -3.324592891,      -3.770413513,     -0.7728228745
          0,           0,          97,      -6.339355739,      -3.365943641,      -3.811756388,     -0.8145513734
          0,           0,          98,      -6.381554451,       -3.40732252,      -3.853114061,     -0.8563217195
          0,           0,          99,      -6.423797889,      -3.448730173,      -3.894486677,     -0.8981342979
          0,           0,         100,      -6.466086234,      -3.490167231,      -3.935874438,     -0.9399894082
          0,           0,         101,      -6.508419575,      -3.531634306,      -3.977277592,     -0.9818872682
          0,           0,         102,      -6.550797882,      -3.573131985,      -4.018696409,      -1.023828012
          0,           0,         103,      -6.593221021,      -3.614660821,      -4.060131164,      -1.065811688
          0,           0,         104,      -6.635688768,      -3.656221335,      -4.101582134,      -1.107838275
          0,           0,         105,        -6.6782008,      -3.697814007,      -4.143049567,      -1.149907674
          0,           0,         106,      -6.720756719,      -3.739439282,      -4.184533723,      -1.192019732
          0,           0,         107,       -6.76335601,      -3.781097551,      -4.226034795,      -1.234174201
          0,           0,         108,      -6.805998102,      -3.822789163,      -4.267552992,      -1.276370779
          0,           0,         109,      -6.848682306,       -3.86451441,      -4.309088469,      -1.318609077
          0,           0,         110,      -6.891407849,      -3.906273534,      -4.350641377,      -1.360888624
          0,           0,         111,      -6.934173857,      -3.948066716,      -4.392211829,      -1.403208867
          0,           0,         112,      -6.976979349,      -3.989894075,      -4.433799898,      -1.445569167
          0,           0,         113,      -7.019823258,      -4.031755679,      -4.475405656,        -1.4879688
          0,           0,         114,      -7.062704405,      -4.073651516,      -4.517029093,      -1.530406944
          0,           0,         115,      -7.105621543,      -4.115581528,      -4.558670219,      -1.572882722
          0,           0,         116,      -7.148573297,       -4.15754558,      -4.600328954,      -1.615395152
          0,           0,         117,      -7.191558227,      -4.199543476,      -4.642005208,      -1.657943176
          0,           0,         118,      -7.234574815,      -4.241574957,      -4.683698838,      -1.700525683
          0,           0,         119,      -7.277621418,       -4.28363969,      -4.725409672,      -1.743141446
          0,           0,         120,      -7.320696328,      -4.325737286,      -4.767137501,      -1.785789192
          0,           0,         121,      -7.363797741,      -4.367867275,      -4.808882034,      -1.828467551
          0,           0,         122,      -7.406923774,      -4.410029132,      -4.850642964,      -1.871175099
          0,           0,         123,      -7.450072428,      -4.452222258,      -4.892419963,      -1.913910289
          0,           0,         124,       -7.49324169,      -4.494445995,      -4.934212617,       -1.95667157
          0,           0,         125,      -7.536429384,      -4.536699607,       -4.97602047,      -1.999457273
          0,           0,         126,      -7.579633305,      -4.578982307,      -5.017843059,       -2.04226568
          0,           0,         127,      -7.622851136,      -4.621293232,      -5.059679863,       -2.08509496
          0,           0,         128,      -7.666080533,      -4.663631461,      -5.101530266,      -2.127943304
          0,           0,         129,      -7.709319082,      -4.705996034,      -5.143393765,      -2.170808795
          0,           0,         130,      -7.752564213,      -4.748385871,      -5.185269575,      -2.213689404
          0,           0,         131,      -7.795813398,      -4.790799897,      -5.227157043,      -2.256583153
          0,           0,         132,      -7.839063977,      -4.833236924,      -5.269055447,      -2.299487872
          0,           0,         133,      -7.882313324,      -4.875695741,      -5.310963901,      -2.342401495
          0,           0,         134,      -7.925558623,      -4.918175082,       -5.35288177,      -2.385321797
          0,           0,         135,      -7.968797165,      -4.960673618,      -5.394808058,      -2.428246556
          0,           0,         136,      -8.012026105,      -5.003189945,      -5.436741874,      -2.471173502
          0,           0,         137,       -8.05524265,      -5.045722653,      -5.478682396,      -2.514100369
          0,           0,         138,      -8.098443858,      -5.088270224,      -5.520628445,      -2.557024749
          0,           0,         139,       -8.14162686,      -5.130831154,      -5.562579139,      -2.599944317
          0,           0,         140,      -8.184788811,      -5.173403888,      -5.604533484,      -2.642856728
          0,           0,         141,      -8.227926694,      -5.215986779,       -5.64649039,      -2.685759489
          0,           0,         142,      -8.271037571,      -5.258578151,      -5.688448743,       -2.72865019
          0,           0,         143,      -8.314118807,      -5.301176417,        -5.7304078,      -2.771526571
          0,           0,         144,      -8.357167033,      -5.343779692,      -5.772365716,      -2.814385898
          0,           0,         145,      -8.400179896,      -5.386386313,      -5.814321768,      -2.857226139
          0,           0,         146,       -8.44315443,      -5.428994471,      -5.856275107,      -2.900044739
          0,           0,         147,      -8.486087627,      -5.471602422,       -5.89822386,      -2.942839222
          0,           0,         148,      -8.528976984,      -5.514208224,      -5.940167155,      -2.985607386
          0,           0,         149,      -8.571819876,      -5.556809988,      -5.982103956,      -3.028346825
          0,           0,         150,      -8.614613463,      -5.599405983,      -6.024032983,      -3.071055245
          0,           0,         151,      -8.657355564,      -5.641994316,      -6.065952967,      -3.113730551
          0,           0,         152,      -8.700043737,      -5.684573118,      -6.107863435,      -3.156370482
          0,           0,         153,      -8.742675651,      -5.727140292,       -6.14976148,      -3.198973056
          0,           0,         154,      -8.785248302,      -5.769694188,        -6.1916478,      -3.241535624
          0,           0,         155,       -8.82776039,      -5.812232925,       -6.23352039,       -3.28405677
          0,           0,         156,      -8.870210311,      -5.854754358,      -6.275377702,      -3.326534655
          0,           0,         157,      -8.912596093,      -5.897257068,      -6.317220098,      -3.368967846
          0,           0,         158,       -8.95491504,      -5.939738898,      -6.359044771,      -3.411353095
          0,           0,         159,      -8.997167146,      -5.982197896,      -6.400851309,      -3.453690796
          0,           0,         160,      -9.039348843,      -6.024632872,      -6.442639641,      -3.495977604
          0,           0,         161,      -9.081460851,      -6.067041507,      -6.484407128,      -3.538213036
          0,           0,         162,      -9.123501838,      -6.109422206,      -6.526153481,      -3.580396191
          0,           0,         163,      -9.165470978,      -6.151773422,      -6.567879093,      -3.622525445
          0,           0,         164,      -9.207365886,      -6.194093159,      -6.609580068,      -3.664598372
          0,           0,         165,      -9.249188585,      -6.236380812,       -6.65125988,      -3.706617346
          0,           0,         166,      -9.290936389,      -6.278634333,      -6.692916291,      -3.748578471
          0,           0,         167,      -9.332609543,      -6.320851276,      -6.734543801,       -3.79048159
          0,           0,         168,      -9.374210229,      -6.363031275,      -6.776147072,       -3.83232837
          0,           0,         169,      -9.415737337,      -6.405173586,      -6.817727501,      -3.874117545
          0,           0,         170,      -9.457188801,      -6.447276353,        -6.8592814,      -3.915847114
          0,           0,         171,      -9.498566131,       -6.48933636,        -6.9007994,      -3.957515664
          0,           0,         172,      -9.539879041,      -6.531357597,      -6.942302162,      -3.999133509
          0,           0,         173,      -9.581109642,      -6.573333887,      -6.983772499,      -4.040683734
          0,           0,         174,      -9.622272461,      -6.615265855,      -7.025210561,      -4.082178652
          0,           0,         175,      -9.663363853,      -6.657151987,      -7.066618399,      -4.123614709
          0,           0,         176,      -9.704393852,       -6.69899532,      -7.108005339,      -4.164997744
          0,           0,         177,      -9.745352336,      -6.740792849,      -7.149375197,      -4.206325224
          0,           0,         178,      -9.786240805,       -6.78254146,      -7.190691085,      -4.247586972
          0,           0,         179,      -9.827073453,       -6.82424497,      -7.231998384,      -4.288804754
          0,           0,         180,      -9.867838101,      -6.865899057,      -7.273267316,      -4.329963654
          0,           0,         181,      -9.908538413,      -6.907504108,      -7.314514047,      -4.371062111
          0,           0,         182,      -9.949185715,      -6.949061564,      -7.355716693,      -4.412116873
          0,           0,         183,      -9.989781828,      -6.990571989,      -7.396918484,      -4.453122734
          0,           0,         184,      -10.03031317,      -7.032035128,      -7.438078741,      -4.494077406
          0,           0,         185,      -10.07079433,      -7.073448459,      -7.479210969,      -4.534984512
          0,           0,         186,      -10.11123959,      -7.114818627,      -7.520341586,      -4.575854896
          0,           0,         187,      -10.15160815,      -7.156132638,      -7.561408691,         -4.616656
          0,           0,         188,      -10.19193881,      -7.197406575,      -7.602474951,      -4.657427518
          0,           0,         189,      -10.23222322,      -7.238625569,      -7.643490327,      -4.698149323
          0,           0,         190,       -10.2724977,      -7.279809731,      -7.684539976,       -4.73886618
          0,           0,         191,       -10.3126956,      -7.320939661,      -7.725502054,      -4.779497638
          0,           0,         192,      -10.35286414,       -7.36202633,      -7.766471535,      -4.820107657
          0,           0,         193,      -10.39301925,       -7.40307667,      -7.807444657,      -4.860701082
          0,           0,         194,      -10.43310076,      -7.444056873,      -7.848296105,      -4.901222171
          0,           0,         195,      -10.47317033,      -7.485016404,      -7.889275605,      -4.941737092
          0,           0,         196,      -10.51320183,      -7.525931748,      -7.930155563,      -4.982197983
          0,           0,         197,      -10.55325129,      -7.566813846,      -7.971032603,      -5.022696512
          0,           0,         198,      -10.59321954,      -7.607619263,      -8.011801868,      -5.063103725
          0,           0,         199,       -10.6332424,      -7.648417877,       -8.05266845,       -5.10355728
          0,           0,         200,      -10.67321361,      -7.689193574,       -8.09359327,      -5.143956556
          0,           0,         201,      -10.71304935,      -7.729894743,      -8.134266482,       -5.18423352
          0,           0,         202,      -10.75301034,       -7.77058455,      -8.175131667,      -5.224604756
          0,           0,         203,      -10.79283694,      -7.811227822,      -8.215877884,      -5.264864807
          0,           0,         204,      -10.83282604,      -7.851824054,       -8.25659865,      -5.305291829
          0,           0,         205,      -10.87264572,      -7.892394931,      -8.297273861,      -5.345485182
          0,           0,         206,      -10.91253704,      -7.932986437,      -8.338192582,      -5.385789781
          0,           0,         207,      -10.95240637,      -7.973509516,       -8.37894453,       -5.42610445
          0,           0,         208,      -10.99219493,      -8.013970328,       -8.41966696,      -5.466264557
          0,           0,         209,      -11.03201867,      -8.054456991,      -8.460448524,      -5.506561241
          0,           0,         210,      -11.07184891,      -8.094833038,      -8.500769907,      -5.546726659
          0,           0,         211,       -11.1116829,      -8.135342927,      -8.541960605,      -5.587016833
          0,           0,         212,      -11.15133594,      -8.175642416,      -8.582282026,       -5.62706186
          0,           0,         213,      -11.19143405,      -8.216103826,      -8.623454302,      -5.667518862
          0,           0,         214,      -11.23130308,      -8.256406092,      -8.663664967,      -5.707690305
          0,           0,         215,      -11.27112398,      -8.296740802,      -8.704409026,      -5.748028733
          0,           0,         216,      -11.31088918,      -8.336939002,      -8.744962067,      -5.788021434
          0,           0,         217,      -11.35074444,      -8.377323918,      -8.786018238,      -5.828235746
          0,           0,         218,      -11.39026059,      -8.417497428,      -8.826354068,      -5.868164354
          0,           0,         219,      -11.43043157,      -8.457926867,       -8.86747858,      -5.908819873
          0,           0,         220,      -11.47020416,      -8.498081448,      -8.908082218,      -5.948858612
          0,           0,         221,      -11.51006191,      -8.538423634,      -8.948882895,      -5.989219022
          0,           0,         222,      -11.55000239,      -8.578415431,      -8.989110337,       -6.02936571
          0,           0,         223,      -11.58967214,      -8.618729129,       -9.02959448,      -6.069372575
          0,           0,         224,      -11.63003541,      -8.658962595,      -9.070707975,      -6.109829195
          0,           0,         225,      -11.66926917,      -8.698993439,      -9.110794181,      -6.149648227
          0,           0,         226,      -11.70953731,      -8.739287233,      -9.151963045,      -6.190391166
          0,           0,         227,      -11.74941403,      -8.779532435,      -9.193714448,      -6.230622548
          0,           0,         228,      -11.78941613,      -8.819857076,      -9.233061429,      -6.271123514
          0,           0,         229,      -11.82970353,      -8.859676915,      -9.273997557,      -6.311564892
          0,           0,         230,      -11.86942909,      -8.899644454,       -9.31401837,      -6.351462767
          0,           0,         231,      -11.90811477,      -8.939604653,      -9.353759298,      -6.390467705
          0,           0,         232,      -11.94945483,      -8.980354094,      -9.397899622,      -6.431947631
          0,           0,         233,      -11.98858754,      -9.020460087,      -9.435991568,      -6.472138173
          0,           0,         234,      -12.02882724,      -9.060722324,      -9.476523406,      -6.512291855
          0,           0,         235,      -12.06980035,      -9.100151559,      -9.517543447,      -6.552646735
          0,           0,         236,       -12.1104936,      -9.140718408,      -9.560147104,      -6.594711128
          0,           0,         237,      -12.14812452,      -9.180885335,      -9.599417474,      -6.632627431
          0,           0,         238,      -12.18646205,      -9.220804772,      -9.641509925,      -6.671389414
          0,           0,         239,      -12.22913176,      -9.260656781,      -9.679730631,      -6.713547642
          0,           0,         240,      -12.27064062,       -9.30154351,      -9.722378489,      -6.755072545
          0,           0,         241,      -12.30874043,      -9.340968312,      -9.760570389,      -6.793953595
          0,           0,         242,      -12.35056068,      -9.382266799,      -9.806793977,      -6.837178307
          0,           0,         243,      -12.38668001,      -9.423119468,      -9.847214256,       -6.87360006
          0,           0,         244,      -12.43136167,      -9.462162904,      -9.883343465,       -6.91749871
          0,           0,         245,      -12.46751097,      -9.500547444,      -9.920800685,      -6.953809003
          0,           0,         246,      -12.50876412,      -9.542432251,      -9.965606368,       -6.99649771
          0,           0,         247,      -12.54476301,      -9.581286169,      -9.999593669,      -7.032478787
          0,           0,         248,      -12.58974549,      -9.622577048,      -10.04999141,      -7.076743399
          0,           0,         249,      -12.62806355,       -9.66196264,      -10.08784096,       -7.11863468
          0,           0,         250,      -12.66769614,      -9.701977551,      -10.12265112,       -7.15796778
          0,           0,         251,      -12.70759946,      -9.741092112,      -10.16704109,      -7.196851195
          0,           0,         252,      -12.75031177,      -9.783911062,      -10.21549819,      -7.242343655
          0,           0,         253,      -12.78468788,      -9.823137984,      -10.25052434,      -7.275543636
          0,           0,         254,      -12.82593107,        -9.8648267,      -10.29519078,      -7.316764986
          0,           0,         255,      -12.86253369,       -9.90041538,      -10.31603014,      -7.354914919
          0,           0,         256,      -12.90840304,      -9.948515679,      -10.39853551,      -7.404958424
          0,           0,         257,      -12.92780911,      -9.978883355,       -10.3985875,      -7.417146387
          0,           0,         258,      -12.99106288,      -10.02503395,       -10.4591468,      -7.483640739
          0,           0,         259,      -13.02592188,      -10.06273687,      -10.48958291,      -7.519771635
          0,           0,         260,      -13.05452167,      -10.09899608,      -10.50229375,      -7.548857802
          0,           0,         261,      -13.08109922,      -10.13508388,      -10.56291564,      -7.569588178
          0,           0,         262,      -13.13534081,      -10.17528303,      -10.59020031,      -7.629065982
          0,           0,         263,       -13.1620714,      -10.22578416,      -10.65223671,      -7.663432012
          0,           0,         264,      -13.21162656,      -10.26370345,      -10.71200913,      -7.707914659
          0,           0,         265,      -13.24510586,      -10.30373713,      -10.72307381,      -7.749454481
          0,           0,         266,      -13.27769946,      -10.33773043,      -10.76358241,      -7.779936646
          0,           0,         267,      -13.29593845,      -10.37012388,      -10.74538454,      -7.797135834
          0,           0,         268,      -13.36114674,      -10.41836937,      -10.85060831,      -7.854624315
          0,           0,         269,      -13.40193023,       -10.4570058,      -10.89919555,      -7.905001661
          0,           0,         270,      -13.38920634,      -10.49774831,      -10.93141261,      -7.894331855
          0,           0,         271,      -13.45098943,      -10.53373796,      -10.91800942,      -7.970409648
          0,           0,         272,      -13.48117203,        -10.568745,      -10.91259391,      -7.985083144
          0,           0,         273,      -13.52257397,      -10.61887702,      -11.04892139,      -8.014273371
          0,           0,         274,      -13.58422586,      -10.65767776,      -11.07019465,      -8.085319573
          0,           0,         275,      -13.59247542,      -10.67411636,      -11.12699699,      -8.048897872
          0,           0,         276,      -13.58616268,      -10.72830433,      -11.13377114,      -8.090649467
          0,           0,         277,      -13.59813722,      -10.73109147,      -11.15562286,       -8.10427886
          0,           0,         278,      -13.60315323,      -10.76595512,      -11.13728204,      -8.099980817
          0,           0,         279,      -13.66381334,      -10.82530569,      -11.19971487,      -8.152989099
          0,           0,         280,      -13.64564333,      -10.85103186,      -11.08406044,      -8.136903233
          0,           0,         281,      -13.74541676,      -10.91775879,      -11.30936556,      -8.258260081
          0,           0,         282,      -13.78416515,      -10.93764559,      -11.29977556,      -8.289360926
          0,           0,         283,      -13.69855753,      -10.98811945,      -11.25767084,      -8.265153798
          0,           0,         284,      -13.67462979,      -10.98395696,      -11.17618186,      -8.201694786
          0,           0,         285,      -13.76947795,      -11.06696448,      -11.31072869,       -8.29917566
          0,           0,         286,      -13.56680464,      -10.91077036,      -11.21515901,      -8.086665121
          0,           0,         287,      -13.73695536,      -11.08011656,      -11.41762865,      -8.253406312
          0,           0,         288,      -13.61386754,      -11.02530029,      -11.29094327,      -8.136858607
          0,           0,         289,      -13.80915502,       -11.1028094,      -11.36415086,      -8.302431946
          0,           0,         290,      -13.86088738,       -11.1912806,       -11.4047093,      -8.355064756
          0,           0,         291,      -13.82474972,      -11.18773999,      -11.28417094,      -8.325392247
          0,           0,         292,      -13.72959959,      -11.16337439,      -11.27257581,      -8.216182126
          0,           0,         293,      -13.77705812,      -11.17911643,      -11.37879948,      -8.287994147
          0,           0,         294,      -13.86308807,      -11.22980878,       -11.5022814,      -8.419586827
          0,           0,         295,      -13.88281968,      -11.33759513,      -11.47453741,      -8.472144233
          0,           0,         296,      -13.82742195,      -11.24143968,      -11.43805665,      -8.409230261
          0,           0,         297,      -13.71722688,      -11.17489434,      -11.32235409,      -8.254779012
          0,           0,         298,      -13.72372883,      -11.25674898,      -11.29879524,      -8.211437779
          0,           0,         299,      -13.70612695,      -11.21304916,      -11.27129169,      -8.267099555
          0,           0,         300,      -13.73711247,      -11.23579427,      -11.26970876,      -8.280617745
          0,           0,         301,      -13.84013789,      -11.31855556,      -11.39676901,      -8.332550514
          0,           0,         302,      -13.74973396,      -11.24830913,      -11.37211101,      -8.271859668
          0,           0,         303,      -13.85538102,      -11.38491153,      -11.41094794,       -8.39147554
          0,           0,         304,      -13.86023987,      -11.34572945,      -11.40646621,      -8.400652857
          0,           0,         305,      -13.87268316,      -11.40178163,      -11.46565498,      -8.407763506
          0,           0,         306,      -13.73335377,      -11.21477066,       -11.2928097,      -8.265236366
          0,           0,         307,      -13.87651502,      -11.30923967,       -11.3908562,      -8.392125879
          0,           0,         308,      -13.77959229,      -11.23681528,      -11.38720328,      -8.258790439
          0,           0,         309,      -13.80761167,      -11.26795147,      -11.33317185,      -8.321555866
          0,           0,         310,        -13.940954,      -11.35943652,      -11.43844315,      -8.422487087
          0,           0,         311,       -13.8092398,       -11.2479484,      -11.38025829,      -8.278044449
          0,           0,         312,      -13.83725455,       -11.3907457,      -11.39810594,      -8.369496999
          0,           0,         313,      -13.76361662,      -11.22537591,       -11.3915952,      -8.293225796
          0,           0,         314,      -13.78171504,      -11.26839615,       -11.3377656,      -8.286476396
          0,           0,         315,      -13.69118546,      -11.16929279,      -11.22898238,        -8.1694042
          0,           0,         316,      -13.91160298,      -11.34839333,      -11.42222023,      -8.410183981
          0,           0,         317,      -13.80645659,      -11.29191428,      -11.42593168,      -8.350679474
          0,           0,         318,      -13.71072677,      -11.30545777,      -11.18377703,      -8.221746074
          0,           0,         319,       -13.8799654,      -11.41724888,      -11.54385384,      -8.419707079
          0,           0,         320,      -13.86908507,      -11.37914212,      -11.44840667,      -8.407720806
          0,           0,         321,      -13.86319601,      -11.26794342,      -11.50835785,      -8.402138102
          0,           0,         322,      -13.77503174,       -11.3600998,      -11.24863661,       -8.32380018
          0,           0,         323,      -13.70784055,       -11.2614934,      -11.27166926,      -8.211129903
          0,           0,         324,       -13.8483841,      -11.31914359,      -11.38431859,      -8.293558181
          0,           0,         325,      -13.80365876,      -11.25400803,      -11.45329896,      -8.334068631
          0,           0,         326,      -13.80489479,      -11.23673445,      -11.32771921,      -8.343002489
          0,           0,         327,      -13.84281194,      -11.34344781,      -11.36215588,       -8.33383426
          0,           0,         328,      -13.84508356,       -11.2906295,      -11.46392726,      -8.391526453
          0,           0,         329,      -13.70880586,      -11.27876685,       -11.3663814,       -8.26473582
          0,           0,         330,      -13.75365462,      -11.23094188,      -11.29917655,       -8.26674557
          0,           0,         331,      -13.85836483,      -11.33451277,      -11.39020039,      -8.346831679
          0,           0,         332,      -13.69503302,      -11.24591276,      -11.19491972,      -8.217473663
          0,           0,         333,       -13.6972767,      -11.24762351,      -11.24854166,      -8.248412271
          0,           0,         334,      -13.77675527,      -11.17961235,      -11.35692661,      -8.256698439
          0,           0,         335,      -13.84425516,       -11.1938815,      -11.40206652,      -8.306293062
          0,           0,         336,      -13.86382242,      -11.37493054,      -11.50979184,      -8.393137122
          0,           0,         337,      -13.66672855,      -11.11417274,      -11.27615588,      -8.173098164
          0,           0,         338,      -13.73506121,      -11.32124891,      -11.25771714,      -8.279949195
          0,           0,         339,      -13.82441982,      -11.26742216,      -11.42225025,      -8.313319176
          0,           0,         340,      -13.86737663,      -11.46860518,      -11.34212106,      -8.410865897
          0,           0,         341,      -13.76826691,      -11.22309803,      -11.53916307,      -8.298652059
          0,           0,         342,      -13.79731269,      -11.31456411,       -11.4259921,      -8.350394735
          0,           0,         343,      -13.79057522,      -11.35518167,       -11.3768311,      -8.340446164
          0,           0,         344,      -13.81046992,      -11.32049038,      -11.35510072,      -8.346847459
          0,           0,         345,      -13.81225671,      -11.35403364,      -11.33674593,      -8.355832547
          0,           0,         346,      -13.77865637,       -11.3510665,      -11.38281164,      -8.331171063
          0,           0,         347,      -13.81355433,      -11.35782698,      -11.31448692,      -8.326980567
          0,           0,         348,      -13.74059226,      -11.19754906,      -11.46613414,       -8.24485335
          0,           0,         349,      -13.85363513,       -11.3590318,      -11.36853964,      -8.391819002
          0,           0,         350,      -13.84431474,      -11.28523925,      -11.49261856,      -8.383848967
          0,           0,         351,      -13.99586483,      -11.39729194,      -11.53952776,      -8.419496673
          0,           0,         352,      -13.82541209,      -11.38378877,      -11.33420654,      -8.351056965
          0,           0,         353,       -13.7617016,      -11.22870028,      -11.45817999,      -8.326754112
          0,           0,         354,      -13.75606066,      -11.32283909,      -11.31417356,      -8.297902173
          0,           0,         355,      -13.82766536,      -11.27403658,      -11.30476858,      -8.338920371
          0,           0,         356,      -13.82134549,      -11.40797773,      -11.38895635,      -8.392286813
          0,           0,         357,         -13.83431,      -11.28260655,      -11.36893878,      -8.297954266
          0,           0,         358,      -13.76349066,      -11.29678252,      -11.42371767,      -8.288197629
          0,           0,         359,      -13.83508243,      -11.27240535,      -11.46897214,       -8.32995036
          0,           0,         360,      -13.80667901,      -11.22399059,      -11.38670169,      -8.271427383
          0,           0,         361,      -13.92085519,      -11.45181976,      -11.47462429,      -8.426612775
          0,           0,         362,      -13.86210591,       -11.3277751,      -11.42270855,      -8.361142355
          0,           0,         363,      -13.71428086,      -11.36374878,      -11.44752383,      -8.349018961
          0,           0,         364,      -13.77887023,       -11.3341417,      -11.34074331,      -8.345867597
          0,           0,         365,      -13.76780631,      -11.34898891,      -11.36405419,      -8.267669369
          0,           0,         366,      -13.79222563,      -11.14719991,      -11.48970071,      -8.255009084
          0,           0,         367,      -13.85840146,      -11.27874027,      -11.34758397,      -8.365683935
          0,           0,         368,      -13.73775512,      -11.29673878,        -11.334751,      -8.285630108
          0,           0,         369,      -13.69293583,      -11.21098147,      -11.25892274,      -8.244630403
          0,           0,         370,      -13.72771957,      -11.22216906,      -11.28655208,      -8.223970375
          0,           0,         371,      -13.60304163,      -11.06152068,      -11.21502857,      -8.133645614
          0,           0,         372,      -13.79148979,      -11.25873373,      -11.38817464,      -8.282065066
          0,           0,         373,      -13.85447251,      -11.38917745,      -11.37979338,      -8.402845955
          0,           0,         374,      -13.69874536,      -11.25210246,      -11.19075876,       -8.20080996
          0,           0,         375,       -13.8040663,      -11.38293129,      -11.38863945,      -8.339150648
          0,           0,         376,      -13.79240282,      -11.21716321,      -11.53737778,      -8.362345321
          0,           0,         377,      -13.85092876,      -11.31369075,      -11.33361509,      -8.360001696
          0,           0,         378,      -13.91144781,      -11.37846942,      -11.47476557,      -8.464336173
          0,           0,         379,      -13.84077889,      -11.38129883,      -11.38135088,      -8.364434733
          0,           0,         380,      -13.74039169,      -11.22800615,      -11.25064004,       -8.26005639
          0,           0,         381,      -13.76557152,      -11.27094361,      -11.36996975,      -8.319383177
          0,           0,         382,      -13.79351857,      -11.26020083,      -11.40519195,      -8.264753012
          0,           0,         383,      -13.89755804,      -11.39964617,      -11.50558474,      -8.419713675
          0,           0,         384,      -13.91710941,      -11.32924708,      -11.42600311,      -8.422873096
          0,           0,         385,       -13.8921001,      -11.27888614,      -11.36713382,      -8.369717359
          0,           0,         386,      -13.75001189,      -11.18834169,      -11.37011348,      -8.260148463
          0,           0,         387,      -13.74870383,      -11.25137708,      -11.32591094,      -8.281714832
          0,           0,         388,      -13.85599155,      -11.25473849,      -11.36125764,      -8.341590677
          0,           0,         389,      -13.73803535,      -11.23384857,      -11.31870706,      -8.265061593
          0,           0,         390,      -13.88442597,      -11.30860875,      -11.38788727,      -8.418989094
          0,           0,         391,      -13.87847254,      -11.35260034,      -11.33106628,      -8.359488819
          0,           0,         392,      -13.79439531,      -11.24444585,      -11.49518639,      -8.296925984
          0,           0,         393,      -13.85929832,      -11.37137344,      -11.39547649,      -8.317146766
          0,           0,         394,      -13.79998611,      -11.22405078,       -11.3098932,       -8.27688207
          0,           0,         395,      -13.77970398,      -11.17667157,      -11.45138611,      -8.291235558
          0,           0,         396,      -13.69692237,      -11.20716324,      -11.39742792,      -8.255874616
          0,           0,         397,      -13.74878182,      -11.36558979,      -11.30446939,      -8.322983658
          0,           0,         398,      -13.81267742,      -11.26405287,      -11.43138434,       -8.29287143
          0,           0,         399,      -13.61731853,      -11.13575077,      -11.18624747,      -8.127317139
          0,           0,         400,       -13.7867496,      -11.20947509,      -11.45763361,      -8.334036512
          0,           0,         401,      -13.82783667,      -11.26814921,       -11.4132925,      -8.331757421
          0,           0,         402,      -13.71130794,      -11.17292001,      -11.35127612,      -8.292108861
          0,           0,         403,      -13.76245249,      -11.34279013,      -11.37917398,      -8.302956956
          0,           0,         404,      -13.81172218,      -11.30325707,      -11.34241451,      -8.340692058
          0,           0,         405,      -13.72925033,      -11.16455798,      -11.47268706,      -8.324032767
          0,           0,         406,      -13.68364495,      -11.19477662,      -11.53255673,      -8.254139749
          0,           0,         407,      -13.81270974,      -11.21595165,      -11.41086627,      -8.300366308
          0,           0,         408,      -13.75110492,      -11.15644796,      -11.43513723,      -8.292697003
          0,           0,         409,       -13.6965336,      -11.18122619,      -11.45440348,      -8.219587993
          0,           0,         410,      -13.78097691,      -11.31242804,      -11.28629293,      -8.299115998
          0,           0,         411,      -13.73884915,      -11.19240032,      -11.27702897,       -8.22777082
          0,           0,         412,      -13.64739791,      -11.10012982,      -11.24748939,       -8.10636656
          0,           0,         413,       -13.6387089,      -11.27238043,      -11.19570394,      -8.173718254
          0,           0,         414,      -13.69908612,      -11.14017096,      -11.27483779,      -8.151049344
          0,           0,         415,      -13.72598011,      -11.28854039,       -11.3137879,      -8.272456813
          0,           0,         416,      -13.80210016,      -11.37155302,       -11.3181407,      -8.347918654
          0,           0,         417,      -13.64550866,      -11.27660648,      -11.20185682,      -8.171801417
          0,           0,         418,      -13.59095049,         -10.98538,      -11.39520073,      -8.121476623
          0,           0,         419,       -13.8092289,      -11.35195984,      -11.43667481,      -8.340653271
          0,           0,         420,      -13.85814777,      -11.39101199,      -11.35267451,      -8.377574613
          0,           0,         421,      -13.77239165,      -11.32620876,      -11.24482996,      -8.297083798
          0,           0,         422,      -13.63943483,      -11.22666774,      -11.15853478,      -8.207749527
          0,           0,         423,      -13.63759013,      -11.19890703,       -11.1380986,       -8.14512448
          0,           0,         424,      -13.83795879,      -11.28869574,      -11.31538379,      -8.299366625
          0,           0,         425,      -13.69599461,      -11.22099912,      -11.25455505,      -8.195402415
          0,           0,         426,      -13.74181895,      -11.24202002,      -11.34067246,      -8.247428075
          0,           0,         427,      -13.77403032,      -11.30100338,      -11.36078627,      -8.281484858
          0,           0,         428,      -13.89420592,      -11.33211803,      -11.35745455,      -8.420401138
          0,           0,         429,      -13.89244105,      -11.42175406,      -11.47405586,      -8.382466252
          0,           0,         430,      -13.65230526,      -11.13698172,       -11.2223763,      -8.165369431
          0,           0,         431,       -13.7167139,      -11.23339574,      -11.28432806,      -8.212739713
          0,           0,         432,      -13.87195366,      -11.22747637,      -11.43681249,      -8.306441272
          0,           0,         433,      -13.69422696,      -11.19196523,        -11.332358,      -8.194735282
          0,           0,         434,      -13.85506385,      -11.26920685,      -11.38292188,      -8.372645094
          0,           0,         435,      -13.91458157,      -11.36306025,      -11.50750595,      -8.411007699
          0,           0,         436,      -13.77518612,      -11.39953815,      -11.28489782,      -8.293968714
          0,           0,         437,      -13.88127916,      -11.35537853,      -11.29000036,        -8.3719575
          0,           0,         438,      -13.68666279,      -11.25633313,      -11.25847075,      -8.240086591
          0,           0,         439,      -13.83538204,      -11.31345832,      -11.39012663,      -8.323655077
          0,           0,         440,       -13.7590826,      -11.29063791,      -11.28122544,      -8.276644662
          0,           0,         441,      -13.84591665,      -11.28340549,       -11.3821204,      -8.343313421
          0,           0,         442,       -13.7459895,      -11.17254724,      -11.41852761,      -8.219716167
          0,           0,         443,      -13.73123941,      -11.28929193,      -11.21258982,      -8.250129552
          0,           0,         444,       -13.7997891,      -11.31114363,      -11.45779862,      -8.320736057
          0,           0,         445,      -13.82194811,      -11.23891596,      -11.51112364,      -8.374538473
          0,           0,         446,       -13.7807034,      -11.31071686,      -11.39226462,      -8.290491922
          0,           0,         447,      -13.81522975,      -11.30619017,      -11.42371471,      -8.323463475
          0,           0,         448,      -13.88486877,      -11.32885595,      -11.45915108,      -8.391985766
          0,           0,         449,      -13.89152628,      -11.32388589,      -11.34111439,      -8.329641587
          0,           0,         450,      -13.80828412,      -11.32938579,      -11.28444258,      -8.344143292
          0,           0,         451,      -13.85476927,      -11.38692092,       -11.5019408,      -8.435356212
          0,           0,         452,      -13.78441796,      -11.25656538,      -11.48277234,      -8.297098583
          0,           0,         453,      -13.69205604,      -11.22842125,       -11.2464099,       -8.24685525
          0,           0,         454,      -13.70162938,      -11.10921457,      -11.32113392,      -8.188689621
          0,           0,         455,      -13.81280858,      -11.23994285,      -11.38881606,      -8.302410622
          0,           0,         456,      -13.81950032,      -11.30517878,      -11.31438799,      -8.344802982
          0,           0,         457,      -13.69144142,      -11.16573544,      -11.20363285,      -8.163051403
          0,           0,         458,      -13.85642044,      -11.32359562,      -11.45086349,      -8.381370102
          0,           0,         459,      -13.65756323,      -11.08567828,      -11.36431012,      -8.218546864
          0,           0,         460,      -13.77826202,      -11.29691147,      -11.39376055,      -8.324127125
          0,           0,         461,      -13.72293257,      -11.12997199,      -11.39667454,      -8.188072771
          0,           0,         462,      -13.76999519,      -11.33665166,      -11.31000061,      -8.297915138
          0,           0,         463,      -13.86321634,      -11.36953853,       -11.4468997,      -8.361403625
          0,           0,         464,      -13.68525369,      -11.28355302,      -11.19813293,      -8.216497106
          0,           0,         465,      -13.64523344,      -11.10412188,      -11.25143287,      -8.151902857
          0,           0,         466,      -13.71348353,      -11.28794417,      -11.26621478,      -8.275675778
          0,           0,         467,      -13.80608737,      -11.31200359,       -11.2517597,      -8.317003063
          0,           0,         468,      -13.88521938,      -11.29699473,      -11.51516057,       -8.36785322
          0,           0,         469,      -13.87673461,      -11.36480376,      -11.42342315,      -8.389560939
          0,           0,         470,      -13.83739441,      -11.30318642,      -11.44734373,      -8.370961055
          0,           0,         471,      -13.72143951,      -11.27039515,      -11.34836539,      -8.278087538
          0,           0,         472,      -13.89670055,      -11.39488053,       -11.4449001,        -8.4270041
          0,           0,         473,      -13.82538709,      -11.23208441,      -11.48331578,      -8.319176235
          0,           0,         474,      -13.67850338,      -11.12982207,      -11.34499869,      -8.246681442
          0,           0,         475,      -13.78906217,      -11.34477957,      -11.37781313,      -8.337870751
          0,           0,         476,      -13.75851602,      -11.26482008,      -11.35235559,      -8.307155625
          0,           0,         477,      -13.76572486,      -11.16242471,      -11.39613864,       -8.25879343
          0,           0,         478,      -13.74253927,      -11.35652183,      -11.34888857,      -8.317995351
          0,           0,         479,      -13.76659028,      -11.19603263,      -11.47655185,      -8.241937329
          0,           0,         480,      -13.78947892,      -11.27253036,      -11.45931029,      -8.319343991
          0,           0,         481,       -13.7717595,       -11.2231858,       -11.3027496,      -8.286234091
          0,           0,         482,      -13.77674497,      -11.15742609,      -11.33054513,      -8.274017855
          0,           0,         483,      -13.88017218,      -11.38843626,      -11.40633334,      -8.430637041
          0,           0,         484,      -13.90056007,       -11.2831281,      -11.45170265,      -8.382484054
          0,           0,         485,      -13.71730008,      -11.28816177,      -11.27461428,      -8.257886519
          0,           0,         486,      -13.63507847,      -11.09718151,      -11.30161307,      -8.122861124
          0,           0,         487,      -13.81276702,      -11.39883275,       -11.2780629,      -8.325480012
          0,           0,         488,      -13.73543868,      -11.32316252,      -11.30892066,      -8.289681013
          0,           0,         489,      -13.78753211,      -11.20586946,       -11.4043407,      -8.256624751
          0,           0,         490,      -13.77617242,      -11.19330165,      -11.42194888,      -8.228570896
          0,           0,         491,       -13.8476705,      -11.36077603,      -11.33567382,      -8.362128868
          0,           0,         492,      -13.89241106,      -11.32235406,      -11.43986931,      -8.358196285
          0,           0,         493,      -13.82587069,      -11.27734736,      -11.51351143,      -8.322055881
          0,           0,         494,      -13.77427761,      -11.17719041,      -11.36210953,      -8.281163362
          0,           0,         495,      -13.88464669,      -11.33257814,      -11.47173545,      -8.394542949
          0,           0,         496,      -13.82535899,      -11.23010024,      -11.42632588,      -8.328975781
          0,           0,         497,      -13.86958424,       -11.3050269,      -11.37577189,      -8.344025497
          0,           0,         498,      -13.75019797,      -11.23563004,      -11.33915029,      -8.297351944
          0,           0,         499,      -13.82714001,      -11.31887142,      -11.49253585,      -8.396338223
          0,           0,         500,      -13.77701555,      -11.32043938,      -11.29926521,       -8.27924467
          0,           0,         501,      -13.85627787,      -11.39192934,      -11.41617747,      -8.391898552
          0,           0,         502,      -13.59958229,      -11.00040673,      -11.30525347,      -8.113099336
          0,           0,         503,      -13.89856063,      -11.29218843,      -11.43624072,      -8.365861354
          0,           0,         504,      -13.91911854,      -11.39197572,      -11.46690248,      -8.428389414
          0,           0,         505,      -13.77383074,      -11.28976916,      -11.36912882,      -8.313475397
          0,           0,         506,      -13.75354909,      -11.20762736,      -11.38290065,      -8.263983528
          0,           0,         507,      -13.87171905,      -11.36128722,      -11.43682986,      -8.373217021
          0,           0,         508,      -13.70365341,      -11.27686881,      -11.39011634,      -8.242906293
          0,           0,         509,      -13.91845378,       -11.3576929,      -11.41915397,      -8.441876371
          0,           0,         510,      -13.75845956,      -11.22658503,      -11.40805964,      -8.268731995
          0,           0,         511,      -13.71709598,      -11.13399667,      -11.38206982,      -8.178477217
          0,           0,         512,      -13.70965361,      -11.21270654,      -11.25934686,      -8.217560187
          0,           0,         513,      -13.84004934,      -11.21025294,      -11.47171846,      -8.315747041
          0,           0,         514,       -13.8642792,      -11.30034554,      -11.38677905,      -8.391251196
          0,           0,         515,      -13.76466536,      -11.26407974,      -11.29496824,       -8.28827629
          0,           0,         516,       -13.7664918,      -11.26966246,      -11.36661292,      -8.276639236
          0,           0,         517,      -13.85498573,       -11.3367017,      -11.38455355,       -8.34906766
          0,           0,         518,      -13.85799153,      -11.39240889,      -11.39732224,      -8.370572591
          0,           0,         519,      -13.50594981,      -10.92827341,      -11.36010003,      -8.033632195
          0,           0,         520,      -13.78818721,      -11.06287996,      -11.33070499,       -8.16297436
          0,           0,         521,       -13.8707538,      -11.20683592,      -11.39831334,      -8.341230322
          0,           0,         522,      -13.70665681,      -11.25021208,      -11.27521521,      -8.247424437
          0,           0,         523,      -13.78988362,      -11.29034696,      -11.37173876,      -8.303727547
          0,           0,         524,      -13.86042281,      -11.24183101,      -11.45375683,      -8.353604643
          0,           0,         525,      -13.80674091,      -11.37260573,      -11.33000295,      -8.323330691
          0,           0,         526,      -13.73695963,      -11.15752483,      -11.40278531,      -8.249632086
          0,           0,         527,      -13.89344437,      -11.33881599,      -11.37299007,      -8.383897228
          0,           0,         528,      -13.62586745,      -11.18705964,      -11.33655537,      -8.145243804
          0,           0,         529,       -13.7953657,      -11.34762976,      -11.37264124,      -8.303910473
          0,           0,         530,      -13.88513603,       -11.3625006,      -11.49506852,      -8.390136572
          0,           0,         531,      -13.84931974,      -11.30111505,      -11.38699594,      -8.397634492
          0,           0,         532,      -13.64579247,      -11.09464581,      -11.27110289,      -8.159345758
          0,           0,         533,      -13.77598332,      -11.26910901,      -11.34803833,      -8.344972772
          0,           0,         534,      -13.87036366,      -11.37695822,      -11.42210163,      -8.378030601
          0,           0,         535,         -13.91827,      -11.28215389,      -11.39589978,      -8.439703459
          0,           0,         536,      -13.82474414,      -11.33426615,      -11.44018559,      -8.403941971
          0,           0,         537,      -13.77759051,      -11.22772601,      -11.49261444,      -8.338533182
          0,           0,         538,      -13.75044789,      -11.16324329,      -11.37089957,       -8.27129503
          0,           0,         539,      -13.83947278,      -11.40059857,      -11.42822366,      -8.383454268
          0,           0,         540,      -13.86734982,      -11.27215269,      -11.48973783,      -8.351531982
          0,           0,         541,      -13.76691561,      -11.33932432,      -11.35640236,      -8.317669634
          0,           0,         542,      -13.88813775,      -11.41828191,      -11.41919458,         -8.394143
          0,           0,         543,      -13.63263362,       -11.1248311,      -11.21534372,      -8.151120851
          0,           0,         544,      -13.76057076,      -11.31065689,      -11.23946261,      -8.286076242
          0,           0,         545,      -13.69503758,      -11.10724285,      -11.46989893,       -8.17014014
          0,           0,         546,      -13.79328244,      -11.22229068,      -11.44909673,      -8.310078786
          0,           0,         547,      -13.73891763,      -11.13321825,      -11.29808313,      -8.216163443
          0,           0,         548,      -13.67234301,      -11.08788166,      -11.42310528,      -8.195540551
          0,           0,         549,      -13.73335196,      -11.33820324,      -11.34274726,      -8.290497001
          0,           0,         550,       -13.7362269,      -11.31469672,      -11.31033591,      -8.282003423
          0,           0,         551,      -13.88651805,       -11.3487841,      -11.37571174,      -8.431726823
          0,           0,         552,      -13.80154765,      -11.19474901,      -11.37384016,      -8.293970544
          0,           0,         553,      -13.61287599,      -11.18954744,      -11.15783083,      -8.128961823
          0,           0,         554,      -13.71655862,       -11.2739097,      -11.25282372,      -8.270032122
          0,           0,         555,      -13.78631698,      -11.22729185,      -11.29348169,      -8.257171207
          0,           0,         556,       -13.8639553,      -11.41608479,      -11.32902707,      -8.386773978
          0,           0,         557,      -13.84208495,      -11.24945805,       -11.4285983,      -8.308351853
          0,           0,         558,      -13.79431946,      -11.32188814,      -11.33310715,      -8.288123429
          0,           0,         559,      -13.83694145,      -11.30208885,      -11.49654735,      -8.356397218
          0,           0,         560,      -13.81839839,      -11.31630551,      -11.38463481,      -8.360951448
          0,           0,         561,      -13.77386204,      -11.26186439,      -11.30535952,      -8.311651723
          0,           0,         562,      -13.82341029,      -11.29612968,      -11.29739354,      -8.351911678
          0,           0,         563,      -13.83392598,      -11.36196005,      -11.42691526,      -8.352443676
          0,           0,         564,       -13.7824447,      -11.33624052,      -11.26259685,      -8.298402292
          0,           0,         565,      -13.70933887,      -11.10572614,      -11.34916859,      -8.156334272
          0,           0,         566,       -13.8560579,      -11.29915868,      -11.32876494,      -8.352435491
          0,           0,         567,      -13.70877439,      -11.20291744,      -11.36746054,      -8.281051955
          0,           0,         568,      -13.87070086,       -11.2497487,      -11.43882851,      -8.332926275
          0,           0,         569,      -13.74564043,      -11.18251853,      -11.46681958,      -8.310844606
          0,           0,         570,      -13.79063225,      -11.26532519,      -11.42686459,      -8.302037635
          0,           0,         571,      -13.89133432,      -11.34394769,      -11.45652307,      -8.369425821
          0,           0,         572,      -13.81541676,      -11.36043962,      -11.41127559,      -8.352732865
          0,           0,         573,      -13.67175513,       -11.2012809,      -11.21250672,      -8.232162046
          0,           0,         574,      -13.80788586,      -11.19879318,      -11.48934535,      -8.292811098
          0,           0,         575,      -13.81814156,      -11.15558414,      -11.44260284,      -8.308431106
          0,           0,         576,      -13.93227296,      -11.36343934,      -11.59076402,      -8.456735346
          0,           0,         577,      -13.88567419,       -11.2222294,      -11.48943424,       -8.32570973
          0,           0,         578,      -13.73584611,      -11.20171846,      -11.43336264,      -8.286152576
          0,           0,         579,      -13.80166159,      -11.36010335,      -11.39307753,      -8.362226629
          0,           0,         580,      -13.75377235,      -11.30485866,      -11.33917284,      -8.288618837
          0,           0,         581,      -13.77486878,      -11.17044906,      -11.35859202,      -8.244166393
          0,           0,         582,      -13.85982951,      -11.34255353,      -11.33077586,      -8.357602564
          0,           0,         583,      -13.74286263,      -11.25804847,        -11.326409,      -8.271684631
          0,           0,         584,      -13.78197112,       -11.2554352,      -11.37289809,      -8.280572939
          0,           0,         585,      -13.92333058,      -11.33748501,        -11.494922,      -8.380099822
          0,           0,         586,      -13.76625808,      -11.25384786,      -11.34500211,      -8.288213381
          0,           0,         587,      -13.65647715,      -11.15816037,      -11.25264523,      -8.220407244
          0,           0,         588,      -13.65846453,       -11.1157233,      -11.36711817,      -8.181414994
          0,           0,         589,      -13.80496122,      -11.27463135,      -11.52132634,      -8.376449501
          0,           0,         590,      -13.63224875,      -11.09131524,      -11.30763083,      -8.152332122
          0,           0,         591,      -13.83454125,      -11.35460155,      -11.36617618,       -8.36231737
          0,           0,         592,      -13.86111635,      -11.38737359,      -11.42904075,      -8.422894427
          0,           0,         593,      -13.70570364,      -11.19464334,      -11.43094006,      -8.286212366
          0,           0,         594,      -13.77004607,      -11.24746083,      -11.41152349,      -8.311550361
          0,           0,         595,      -13.59129066,      -10.95139652,      -11.46146219,      -8.104308997
          0,           0,         596,         -13.81246,      -11.28579707,      -11.31835788,      -8.371030178
          0,           0,         597,       -13.7993721,      -11.23095902,       -11.4006089,      -8.264877414
          0,           0,         598,      -13.86787661,      -11.30734601,      -11.49768017,      -8.347084434
          0,           0,         599,      -13.74204666,      -11.21657724,      -11.33533466,      -8.267844682
          0,           0,         600,      -13.74489826,       -11.2380531,      -11.44898928,      -8.331009313
