VARIABLES = \
"Time_Iter","Outer_Iter","Inner_Iter",    "rms[Rho]"    ,    "rms[RhoU]"   ,    "rms[RhoV]"   ,    "rms[RhoE]"   
          0,           0,           0,     -0.8047320772,       1.422115764,       1.705878805,       4.654896126
          0,           0,           1,     -0.8321453545,       1.481750414,       1.707996787,        4.63812092
          0,           0,           2,      -1.058157266,       1.273409334,       1.454175981,       4.409484359
          0,           0,           3,      -1.267936258,        1.14485729,       1.165700653,       4.202418895
          0,           0,           4,      -1.500643005,       0.995064206,       1.008786114,       3.976637788
          0,           0,           5,      -1.661906481,      0.8660237947,      0.8219570924,       3.817136184
          0,           0,           6,      -1.825698207,      0.7874569291,      0.6616863553,       3.660665757
          0,           0,           7,      -1.999458132,       0.723647307,      0.5311026376,       3.505932462
          0,           0,           8,      -2.176723809,      0.6701553035,      0.4102306257,       3.363341993
          0,           0,           9,      -2.338359841,      0.6212090972,       0.294372187,       3.241491477
          0,           0,          10,      -2.463075655,      0.5712477842,       0.183483951,       3.140398388
          0,           0,          11,      -2.551152589,      0.5190883777,     0.07749456705,       3.053688407
          0,           0,          12,      -2.632198945,       0.463583177,    -0.02193960009,       2.968748555
          0,           0,          13,      -2.715975231,       0.405010976,     -0.1128231279,       2.883996757
          0,           0,          14,      -2.797851871,       0.344403856,     -0.1957847427,        2.80381526
          0,           0,          15,      -2.874236964,      0.2826659992,      -0.273594696,       2.730024446
          0,           0,          16,      -2.943759736,      0.2204668931,     -0.3481660389,        2.66162073
          0,           0,          17,      -3.006584825,      0.1583691297,     -0.4195279301,       2.596657512
          0,           0,          18,      -3.064602291,     0.09683396233,     -0.4869913945,        2.53326439
          0,           0,          19,      -3.119993837,     0.03620713159,     -0.5503184749,        2.47043834
          0,           0,          20,      -3.173844121,    -0.02327990754,     -0.6098853138,       2.408294234
          0,           0,          21,      -3.226120685,    -0.08155921944,     -0.6664383529,       2.347555888
          0,           0,          22,      -3.276283524,     -0.1385720523,     -0.7206040685,        2.28914827
          0,           0,          23,      -3.323987323,     -0.1943632956,       -0.77264936,         2.2335633
          0,           0,          24,      -3.369318582,     -0.2490268358,     -0.8224496602,       2.180799462
          0,           0,          25,      -3.412694535,     -0.3026963199,     -0.8698556495,       2.130487818
          0,           0,          26,      -3.454712696,     -0.3555226714,     -0.9147942436,       2.082049795
          0,           0,          27,      -3.495983941,     -0.4076500536,     -0.9576270938,       2.034903769
          0,           0,          28,      -3.536951985,      -0.459190346,     -0.9988758942,       1.988584424
          0,           0,          29,      -3.577875146,     -0.5102102087,        -1.0391338,       1.942820399
          0,           0,          30,       -3.61893598,     -0.5607302207,      -1.078855877,       1.897426512
          0,           0,          31,      -3.660222315,     -0.6107354688,      -1.118366588,       1.852303331
          0,           0,          32,      -3.701728544,     -0.6601885288,      -1.157868902,       1.807426564
          0,           0,          33,      -3.743404929,     -0.7090453132,      -1.197466344,       1.762809973
          0,           0,          34,      -3.785198127,     -0.7572651425,      -1.237186421,       1.718480951
          0,           0,          35,      -3.827058092,     -0.8048174583,      -1.277009221,       1.674471622
          0,           0,          36,      -3.868933914,     -0.8516838604,      -1.316886771,       1.630814033
          0,           0,          37,      -3.910769666,     -0.8978579417,      -1.356756234,       1.587539766
          0,           0,          38,      -3.952505809,     -0.9433420635,      -1.396550048,       1.544680223
          0,           0,          39,      -3.994084502,     -0.9881454303,       -1.43620706,       1.502264526
          0,           0,          40,      -4.035456385,      -1.032283628,      -1.475680452,       1.460314631
          0,           0,          41,      -4.076585257,       -1.07577946,      -1.514942845,       1.418840038
          0,           0,          42,      -4.117451525,      -1.118662725,      -1.553985952,       1.377833954
          0,           0,          43,      -4.158049065,      -1.160969158,      -1.592814796,       1.337275407
          0,           0,          44,      -4.198382035,      -1.202739457,      -1.631442777,       1.297132461
          0,           0,          45,      -4.238461122,      -1.244017663,      -1.669891776,       1.257367082
          0,           0,          46,      -4.278303778,      -1.284851782,      -1.708181137,       1.217935541
          0,           0,          47,      -4.317924501,      -1.325290285,      -1.746345967,       1.178799725
          0,           0,          48,      -4.357300147,      -1.365371092,      -1.784422157,       1.139962349
          0,           0,          49,      -4.396443934,      -1.405134435,      -1.822427899,       1.101393067
          0,           0,          50,      -4.435385534,      -1.444622705,      -1.860376731,       1.063048597
          0,           0,          51,      -4.474150991,      -1.483875125,      -1.898283103,       1.024892816
          0,           0,          52,      -4.512763069,      -1.522926958,      -1.936162783,      0.9868951087
          0,           0,          53,      -4.551242617,      -1.561809607,      -1.974031542,      0.9490285879
          0,           0,          54,      -4.589607786,      -1.600550755,      -2.011903947,      0.9112704879
          0,           0,          55,      -4.627874281,      -1.639174806,      -2.049792486,      0.8736015269
          0,           0,          56,      -4.666056451,      -1.677703841,      -2.087707512,      0.8360046079
          0,           0,          57,      -4.704167706,      -1.716158065,      -2.125657721,      0.7984642987
          0,           0,          58,      -4.742219995,      -1.754555272,      -2.163650593,      0.7609672131
          0,           0,          59,      -4.780224341,      -1.792911143,      -2.201692577,      0.7235014353
          0,           0,          60,      -4.818190987,      -1.831239498,      -2.239789238,      0.6860562893
          0,           0,          61,       -4.85612898,      -1.869552346,      -2.277945333,      0.6486225792
          0,           0,          62,       -4.89404615,      -1.907859976,      -2.316164628,      0.6111924997
          0,           0,          63,      -4.931949349,      -1.946171063,      -2.354449686,      0.5737593533
          0,           0,          64,      -4.969844614,       -1.98449291,      -2.392801918,      0.5363173137
          0,           0,          65,      -5.007737554,        -2.0228317,      -2.431222452,      0.4988611247
          0,           0,          66,      -5.045633128,      -2.061192495,      -2.469711154,      0.4613862293
          0,           0,          67,      -5.083535528,      -2.099579474,      -2.508267441,       0.423888841
          0,           0,          68,      -5.121448665,      -2.137996089,      -2.546890311,      0.3863655374
          0,           0,          69,      -5.159376286,      -2.176445261,      -2.585578539,      0.3488131422
          0,           0,          70,      -5.197321765,      -2.214929481,      -2.624330923,      0.3112289025
          0,           0,          71,       -5.23528808,      -2.253450905,      -2.663146362,      0.2736104914
          0,           0,          72,      -5.273277983,      -2.292011462,      -2.702023811,       0.235955849
          0,           0,          73,      -5.311294137,       -2.33061294,      -2.740962252,      0.1982630457
          0,           0,          74,      -5.349339182,      -2.369257039,      -2.779960716,      0.1605302181
          0,           0,          75,       -5.38741574,      -2.407945401,      -2.819018339,      0.1227555439
          0,           0,          76,       -5.42552641,      -2.446679609,      -2.858134372,     0.08493723865
          0,           0,          77,      -5.463673738,      -2.485461175,      -2.897308169,     0.04707356397
          0,           0,          78,      -5.501860187,      -2.524291527,      -2.936539139,    0.009162841529
          0,           0,          79,      -5.540088106,      -2.563171992,      -2.975826717,    -0.02879652772
          0,           0,          80,      -5.578359701,      -2.602103786,      -3.015170338,    -0.06680604317
          0,           0,          81,      -5.616677009,      -2.641088017,      -3.054569417,     -0.1048670871
          0,           0,          82,      -5.655041889,      -2.680125681,      -3.094023329,     -0.1429809173
          0,           0,          83,      -5.693456032,      -2.719217677,      -3.133531389,     -0.1811486756
          0,           0,          84,      -5.731920979,      -2.758364812,       -3.17309284,     -0.2193714049
          0,           0,          85,       -5.77043814,      -2.797567814,      -3.212706854,     -0.2576500689
          0,           0,          86,      -5.809008817,      -2.836827341,      -3.252372539,     -0.2959855706
          0,           0,          87,      -5.847634209,      -2.876143984,      -3.292088962,     -0.3343787607
          0,           0,          88,      -5.886315416,      -2.915518276,      -3.331855152,     -0.3728304379
          0,           0,          89,      -5.925053437,      -2.954950691,      -3.371670112,     -0.4113413446
          0,           0,          90,       -5.96384916,      -2.994441644,       -3.41153283,     -0.4499121599
          0,           0,          91,      -6.002703357,      -3.033991492,       -3.45144227,     -0.4885434872
          0,           0,          92,      -6.041616678,      -3.073600528,      -3.491397386,     -0.5272358523
          0,           0,          93,      -6.080589657,      -3.113268983,      -3.531397109,     -0.5659896959
          0,           0,          94,      -6.119622708,      -3.152997024,      -3.571440355,     -0.6048053768
          0,           0,          95,       -6.15871613,      -3.192784752,      -3.611526016,      -0.643683168
          0,           0,          96,      -6.197870129,      -3.232632199,      -3.651652964,      -0.682623272
          0,           0,          97,      -6.237084814,      -3.272539336,      -3.691820051,     -0.7216258225
          0,           0,          98,      -6.276360205,      -3.312506061,      -3.732026105,     -0.7606908816
          0,           0,          99,      -6.315696244,       -3.35253221,       -3.77226994,     -0.7998184546
          0,           0,         100,      -6.355092791,      -3.392617544,      -3.812550341,     -0.8390084812
          0,           0,         101,      -6.394549626,       -3.43276176,      -3.852866085,     -0.8782608383
          0,           0,         102,      -6.434066447,      -3.472964476,      -3.893215913,     -0.9175753353
          0,           0,         103,      -6.473642872,      -3.513225241,      -3.933598561,       -0.95695172
          0,           0,         104,      -6.513278428,      -3.553543521,       -3.97401273,     -0.9963896565
          0,           0,         105,       -6.55297256,      -3.593918707,      -4.014457103,      -1.035888745
          0,           0,         106,      -6.592724626,      -3.634350107,       -4.05493033,      -1.075448507
          0,           0,         107,      -6.632533899,       -3.67483695,      -4.095431057,      -1.115068392
          0,           0,         108,      -6.672399567,      -3.715378379,      -4.135957885,      -1.154747772
          0,           0,         109,      -6.712320748,      -3.755973455,      -4.176509419,       -1.19448596
          0,           0,         110,      -6.752296465,      -3.796621156,      -4.217084206,      -1.234282177
          0,           0,         111,      -6.792325673,      -3.837320372,      -4.257680798,      -1.274135585
          0,           0,         112,      -6.832407264,      -3.878069912,      -4.298297737,      -1.314045291
          0,           0,         113,      -6.872540035,      -3.918868507,      -4.338933534,      -1.354010308
          0,           0,         114,      -6.912722738,      -3.959714792,      -4.379586681,      -1.394029605
          0,           0,         115,      -6.952954039,      -4.000607325,      -4.420255663,      -1.434102065
          0,           0,         116,      -6.993232542,      -4.041544581,      -4.460938956,      -1.474226521
          0,           0,         117,      -7.033556792,      -4.082524948,      -4.501635016,      -1.514401732
          0,           0,         118,      -7.073925265,      -4.123546741,      -4.542342317,      -1.554626403
          0,           0,         119,      -7.114336389,      -4.164608196,      -4.583059329,      -1.594899177
          0,           0,         120,      -7.154788523,       -4.20570745,      -4.623784436,      -1.635218615
          0,           0,         121,      -7.195279973,      -4.246842584,      -4.664516126,      -1.675583237
          0,           0,         122,      -7.235809013,      -4.288011595,      -4.705252856,      -1.715991533
          0,           0,         123,       -7.27637382,      -4.329212404,      -4.745993033,      -1.756441868
          0,           0,         124,      -7.316972594,       -4.37044286,      -4.786735114,      -1.796932629
          0,           0,         125,      -7.357603406,      -4.411700755,      -4.827477606,      -1.837462084
          0,           0,         126,      -7.398264365,      -4.452983787,       -4.86821891,      -1.878028509
          0,           0,         127,      -7.438953529,      -4.494289627,      -4.908957522,      -1.918630119
          0,           0,         128,      -7.479668805,      -4.535615854,      -4.949691921,      -1.959265005
          0,           0,         129,      -7.520408289,          -4.57696,      -4.990420591,      -1.999931367
          0,           0,         130,      -7.561169801,      -4.618319546,      -5.031142071,      -2.040627215
          0,           0,         131,      -7.601951296,      -4.659691929,      -5.071854895,      -2.081350609
          0,           0,         132,      -7.642750673,      -4.701074546,      -5.112557635,      -2.122099542
          0,           0,         133,      -7.683565763,      -4.742464716,      -5.153248815,      -2.162871964
          0,           0,         134,      -7.724394457,      -4.783859776,      -5.193927032,      -2.203665887
          0,           0,         135,      -7.765234547,       -4.82525703,      -5.234590992,      -2.244479135
          0,           0,         136,      -7.806083945,      -4.866653709,      -5.275239351,      -2.285309699
          0,           0,         137,      -7.846940395,       -4.90804704,       -5.31587061,      -2.326155391
          0,           0,         138,      -7.887801789,      -4.949434343,      -5.356483887,      -2.367014122
          0,           0,         139,      -7.928665844,      -4.990812757,      -5.397077562,      -2.407883649
          0,           0,         140,      -7.969530629,      -5.032179578,      -5.437650653,      -2.448761995
          0,           0,         141,      -8.010393816,      -5.073532098,      -5.478202137,      -2.489646902
          0,           0,         142,      -8.051253368,      -5.114867475,      -5.518730614,      -2.530536195
          0,           0,         143,      -8.092107145,      -5.156183098,      -5.559235163,      -2.571427776
          0,           0,         144,      -8.132953033,      -5.197476268,      -5.599714916,      -2.612319474
          0,           0,         145,      -8.173789205,      -5.238744389,      -5.640168954,      -2.653209382
          0,           0,         146,      -8.214613288,       -5.27998474,      -5.680595714,      -2.694094937
          0,           0,         147,      -8.255423686,      -5.321195005,      -5.720995307,       -2.73497464
          0,           0,         148,      -8.296218558,      -5.362372679,       -5.76136658,      -2.775846332
          0,           0,         149,      -8.336995528,      -5.403515211,      -5.801708364,      -2.816707549
          0,           0,         150,      -8.377753429,      -5.444620469,      -5.842020578,      -2.857557037
          0,           0,         151,       -8.41849035,      -5.485686218,       -5.88230246,      -2.898392604
          0,           0,         152,      -8.459204395,      -5.526710243,      -5.922553441,      -2.939212196
          0,           0,         153,      -8.499893892,      -5.567690597,      -5.962772876,       -2.98001385
          0,           0,         154,      -8.540558254,      -5.608625344,      -6.002960464,      -3.020797152
          0,           0,         155,      -8.581194633,      -5.649512746,      -6.043116033,      -3.061558446
          0,           0,         156,      -8.621802832,      -5.690351393,      -6.083239688,      -3.102297955
          0,           0,         157,      -8.662380974,      -5.731138979,      -6.123329812,      -3.143012653
          0,           0,         158,      -8.702927764,      -5.771874748,      -6.163387655,      -3.183701602
          0,           0,         159,      -8.743443152,      -5.812557126,      -6.203412572,      -3.224364767
          0,           0,         160,       -8.78392508,      -5.853184986,      -6.243403763,      -3.264998576
          0,           0,         161,      -8.824372575,      -5.893757158,      -6.283362877,      -3.305603326
          0,           0,         162,      -8.864785046,      -5.934272842,      -6.323287299,      -3.346177036
          0,           0,         163,       -8.90516181,      -5.974731503,      -6.363180875,      -3.386719218
          0,           0,         164,      -8.945502701,      -6.015132548,      -6.403041235,       -3.42722906
          0,           0,         165,      -8.985806019,      -6.055475061,      -6.442869858,       -3.46770533
          0,           0,         166,       -9.02607272,      -6.095758846,      -6.482665326,      -3.508147274
          0,           0,         167,      -9.066298673,      -6.135984046,      -6.522428692,      -3.548551403
          0,           0,         168,      -9.106491456,      -6.176150464,        -6.5621638,      -3.588925147
          0,           0,         169,      -9.146643725,      -6.216257994,       -6.60186596,      -3.629260108
          0,           0,         170,      -9.186755425,      -6.256306166,      -6.641535122,      -3.669556751
          0,           0,         171,      -9.226834334,      -6.296297982,      -6.681181541,      -3.709823092
          0,           0,         172,      -9.266869916,      -6.336229932,       -6.72079025,      -3.750045178
          0,           0,         173,      -9.306867917,      -6.376105547,      -6.760373599,      -3.790232674
          0,           0,         174,      -9.346830142,      -6.415923974,      -6.799930156,      -3.830383939
          0,           0,         175,       -9.38675217,      -6.455688063,      -6.839459867,      -3.870496376
          0,           0,         176,      -9.426635365,      -6.495394609,       -6.87896079,       -3.91056921
          0,           0,         177,      -9.466485596,      -6.535048552,       -6.91843552,      -3.950610162
          0,           0,         178,       -9.50629495,      -6.574649712,      -6.957887681,       -3.99061138
          0,           0,         179,      -9.546075483,      -6.614198275,      -6.997312397,      -4.030579722
          0,           0,         180,      -9.585816772,      -6.653698762,      -7.036723681,      -4.070509976
          0,           0,         181,       -9.62552294,      -6.693144127,      -7.076087452,       -4.11040169
          0,           0,         182,      -9.665189168,      -6.732547013,      -7.115452206,      -4.150257149
          0,           0,         183,      -9.704827402,      -6.771902522,      -7.154791578,      -4.190080078
          0,           0,         184,      -9.744432412,      -6.811207191,      -7.194098584,      -4.229868556
          0,           0,         185,      -9.784013779,      -6.850474444,      -7.233405993,      -4.269633652
          0,           0,         186,      -9.823555835,      -6.889691504,      -7.272661795,      -4.309352493
          0,           0,         187,      -9.863074172,      -6.928874947,      -7.311932075,      -4.349053467
          0,           0,         188,      -9.902554678,      -6.968018245,      -7.351182081,      -4.388713415
          0,           0,         189,      -9.942012763,      -7.007122702,      -7.390410704,      -4.428346089
          0,           0,         190,      -9.981444468,       -7.04618768,      -7.429604786,      -4.467947649
          0,           0,         191,      -10.02085415,      -7.085222681,      -7.468821624,       -4.50753092
          0,           0,         192,      -10.06021277,      -7.124219343,      -7.507986233,      -4.547051865
          0,           0,         193,      -10.09956437,      -7.163187826,      -7.547152866,      -4.586572403
          0,           0,         194,      -10.13890995,      -7.202125234,      -7.586310836,      -4.626085482
          0,           0,         195,      -10.17821286,      -7.241032077,      -7.625445766,      -4.665544452
          0,           0,         196,      -10.21750706,      -7.279924539,      -7.664597693,      -4.705005173
          0,           0,         197,      -10.25676045,      -7.318767354,      -7.703687232,      -4.744418177
          0,           0,         198,      -10.29600112,      -7.357593704,      -7.742789975,      -4.783810571
          0,           0,         199,      -10.33522995,      -7.396408431,      -7.781937342,      -4.823197193
          0,           0,         200,      -10.37442603,      -7.435192472,       -7.82100511,      -4.862543656
          0,           0,         201,      -10.41363313,      -7.473963834,      -7.860128024,      -4.901878142
          0,           0,         202,      -10.45279523,      -7.512711646,      -7.899182517,      -4.941206833
          0,           0,         203,      -10.49197665,      -7.551440732,      -7.938278878,      -4.980520773
          0,           0,         204,      -10.53107851,      -7.590143596,      -7.977281953,      -5.019758487
          0,           0,         205,      -10.57027778,      -7.628879905,      -8.016479875,      -5.059121132
          0,           0,         206,      -10.60938267,      -7.667523173,      -8.055417244,      -5.098316376
          0,           0,         207,      -10.64852682,      -7.706223395,      -8.094532763,      -5.137582609
          0,           0,         208,      -10.68756232,      -7.744873397,      -8.133564975,      -5.176792319
          0,           0,         209,      -10.72669574,      -7.783522963,      -8.172614561,      -5.216077031
          0,           0,         210,      -10.76570691,      -7.822131603,      -8.211541045,      -5.255177857
          0,           0,         211,      -10.80479457,      -7.860783505,      -8.250763096,      -5.294426292
          0,           0,         212,        -10.843859,      -7.899422339,      -8.289722484,      -5.333554958
          0,           0,         213,      -10.88292595,      -7.938038234,      -8.328798162,      -5.372745095
          0,           0,         214,      -10.92205423,      -7.976647919,      -8.367797466,      -5.412009475
          0,           0,         215,      -10.96097966,      -8.015293801,      -8.406911849,      -5.451114291
          0,           0,         216,      -11.00003366,      -8.053836822,      -8.445838568,      -5.490264803
          0,           0,         217,      -11.03906961,      -8.092494152,       -8.48498303,      -5.529442389
          0,           0,         218,      -11.07805389,      -8.131040439,      -8.524061678,      -5.568516196
          0,           0,         219,      -11.11714541,      -8.169655752,      -8.563047799,      -5.607743531
          0,           0,         220,      -11.15616282,      -8.208229743,      -8.602228322,      -5.646885482
          0,           0,         221,      -11.19528908,      -8.246803814,      -8.641117055,      -5.686111495
          0,           0,         222,      -11.23415725,      -8.285464092,      -8.680321522,      -5.725128254
          0,           0,         223,      -11.27309642,      -8.323973302,      -8.719142669,      -5.764103854
          0,           0,         224,      -11.31216468,      -8.362652746,      -8.758237777,      -5.803364483
          0,           0,         225,      -11.35127627,      -8.401233561,      -8.797267047,      -5.842465057
          0,           0,         226,      -11.39044823,      -8.439921633,      -8.836712863,      -5.881906323
          0,           0,         227,      -11.42902128,      -8.478403317,      -8.875480718,      -5.920368859
          0,           0,         228,       -11.4683683,      -8.517107699,      -8.914759996,       -5.95991559
          0,           0,         229,      -11.50734838,      -8.555664249,      -8.953576205,      -5.999053512
          0,           0,         230,      -11.54638529,      -8.594268866,      -8.992518779,      -6.038048532
          0,           0,         231,      -11.58516429,       -8.63297947,      -9.031883443,      -6.076974745
          0,           0,         232,       -11.6245954,      -8.671495799,      -9.070340799,      -6.116385094
          0,           0,         233,      -11.66371804,      -8.710411119,      -9.110598185,      -6.155813823
          0,           0,         234,      -11.70257902,      -8.748894296,      -9.149096635,      -6.194785588
          0,           0,         235,      -11.74168808,       -8.78730292,      -9.187533834,      -6.233959685
          0,           0,         236,      -11.78046053,      -8.826103116,      -9.226983247,      -6.273029396
          0,           0,         237,       -11.8195179,       -8.86449629,      -9.266093911,      -6.312104304
          0,           0,         238,      -11.85812138,      -8.903246161,       -9.30491263,      -6.350346258
          0,           0,         239,      -11.89654912,      -8.941914787,      -9.344367664,      -6.389373449
          0,           0,         240,      -11.93636072,       -8.98046843,       -9.38276225,      -6.429098371
          0,           0,         241,      -11.97505227,      -9.019035036,      -9.421892192,      -6.468000886
          0,           0,         242,      -12.01504914,      -9.058479064,      -9.463832627,      -6.508052588
          0,           0,         243,      -12.05243248,      -9.096378117,      -9.500214516,      -6.545358817
          0,           0,         244,      -12.09210302,      -9.135100301,      -9.539042836,      -6.585014102
          0,           0,         245,      -12.13193838,      -9.173975949,      -9.578005278,      -6.625957718
          0,           0,         246,      -12.17058951,      -9.212394915,      -9.617396905,      -6.663503952
          0,           0,         247,      -12.21081397,      -9.251777743,       -9.65805651,      -6.705178402
          0,           0,         248,        -12.249688,      -9.291018233,      -9.698440352,         -6.744621
          0,           0,         249,      -12.28733188,      -9.328776207,      -9.734206732,      -6.781367443
          0,           0,         250,      -12.32657291,      -9.367568164,      -9.773918486,      -6.820082765
          0,           0,         251,      -12.36450101,      -9.405736465,      -9.812623007,      -6.857926711
          0,           0,         252,      -12.40591922,      -9.443625579,         -9.850597,      -6.897498257
          0,           0,         253,      -12.44066018,      -9.481961326,       -9.88664379,      -6.931960909
          0,           0,         254,      -12.48914462,      -9.523468077,      -9.935280253,      -6.982806581
          0,           0,         255,      -12.52581974,      -9.560780473,      -9.966017172,      -7.020637174
          0,           0,         256,      -12.56276685,      -9.597991088,      -10.00487206,      -7.055999234
          0,           0,         257,      -12.59699133,      -9.640061025,      -10.05330211,      -7.093438582
          0,           0,         258,      -12.63521496,      -9.676101232,       -10.0815039,      -7.129545727
          0,           0,         259,      -12.67757007,      -9.719023827,      -10.13456039,      -7.174822405
          0,           0,         260,      -12.71502866,       -9.75637534,      -10.16277376,      -7.212405384
          0,           0,         261,      -12.76035489,       -9.79509606,       -10.2014143,      -7.262128399
          0,           0,         262,      -12.78823764,      -9.833228825,      -10.24493657,      -7.288040121
          0,           0,         263,        -12.821057,      -9.869242743,       -10.2711638,      -7.315207035
          0,           0,         264,      -12.87131492,      -9.908012959,      -10.31921157,      -7.366598538
          0,           0,         265,       -12.8989924,      -9.947799437,      -10.35083297,      -7.394014487
          0,           0,         266,      -12.95609664,      -9.988065326,      -10.40258852,      -7.445300288
          0,           0,         267,      -12.99495541,      -10.02561737,      -10.44169796,      -7.485963693
          0,           0,         268,      -13.02992909,      -10.06639864,       -10.4834879,      -7.527175651
          0,           0,         269,       -13.0569617,      -10.10163863,      -10.51598926,      -7.556221655
          0,           0,         270,       -13.0957875,      -10.14438196,      -10.56616209,      -7.598851902
          0,           0,         271,      -13.13941861,       -10.1817115,      -10.59162079,      -7.640171262
          0,           0,         272,       -13.1868932,      -10.22263517,      -10.62569947,      -7.682877042
          0,           0,         273,      -13.21132081,      -10.25902589,      -10.67149353,      -7.707089003
          0,           0,         274,      -13.22595497,      -10.28500354,      -10.66273879,       -7.72716205
          0,           0,         275,      -13.26954002,      -10.33875126,      -10.75914751,      -7.772608853
          0,           0,         276,      -13.33440721,      -10.37103424,      -10.78167194,      -7.827671283
          0,           0,         277,      -13.33455208,      -10.42469675,      -10.83073315,      -7.847909256
          0,           0,         278,      -13.39246694,      -10.44629683,      -10.85040254,      -7.891690085
          0,           0,         279,      -13.39996877,      -10.47275629,      -10.86823936,      -7.905685661
          0,           0,         280,      -13.38540791,      -10.50975655,      -10.85769749,      -7.878925912
          0,           0,         281,       -13.4774856,      -10.55456842,      -10.97452001,      -7.991601063
          0,           0,         282,       -13.5149015,      -10.58916324,      -10.98419233,      -8.021280826
          0,           0,         283,      -13.56609255,      -10.63851484,      -11.06780218,       -8.07643454
          0,           0,         284,      -13.56168106,      -10.65742499,      -11.05329139,      -8.060415781
          0,           0,         285,      -13.54233069,       -10.6881454,      -10.98605298,       -8.04872976
          0,           0,         286,      -13.60342464,      -10.74485647,      -11.13748506,       -8.10418948
          0,           0,         287,      -13.65794348,       -10.8072435,      -11.21358307,      -8.173282043
          0,           0,         288,      -13.61523701,      -10.83428828,      -11.17950667,      -8.157427967
          0,           0,         289,      -13.57397506,      -10.82967455,      -11.15573411,      -8.134801384
          0,           0,         290,      -13.70619219,      -10.90537307,      -11.26986418,      -8.219191448
          0,           0,         291,       -13.6729895,      -10.89317827,      -11.15445269,      -8.162181671
          0,           0,         292,      -13.76366987,      -10.95022283,      -11.30747248,      -8.293413266
          0,           0,         293,      -13.75801238,      -10.96854302,      -11.29165557,      -8.228598906
          0,           0,         294,      -13.77969376,      -11.02304818,      -11.31632955,      -8.318815488
          0,           0,         295,      -13.78715131,      -11.04558908,      -11.34501669,      -8.281943183
          0,           0,         296,      -13.61132173,      -10.95811073,      -11.22556641,      -8.157072851
          0,           0,         297,      -13.82370905,      -11.12076515,      -11.39062119,      -8.316581566
          0,           0,         298,      -13.68283166,      -11.14095198,      -11.29537847,      -8.230974461
          0,           0,         299,      -13.84965091,      -11.13426384,      -11.32777081,      -8.356285872
          0,           0,         300,      -13.80582216,       -11.2085743,      -11.37617852,      -8.357973722
          0,           0,         301,      -13.80901308,      -11.17887075,      -11.32902169,      -8.342048827
          0,           0,         302,      -13.65083095,      -11.06773996,      -11.30319718,      -8.206381708
          0,           0,         303,       -13.8150345,      -11.26980173,      -11.39347374,      -8.351846922
          0,           0,         304,      -13.68579944,      -11.23657167,      -11.20667021,      -8.238641599
          0,           0,         305,      -13.65824971,       -11.1206903,      -11.37765919,      -8.211717687
          0,           0,         306,      -13.78584744,      -11.15713381,      -11.46269411,      -8.247486769
          0,           0,         307,      -13.77240648,      -11.30406635,      -11.31931876,      -8.283348462
          0,           0,         308,       -13.7681855,      -11.17051682,      -11.29697794,      -8.296714916
          0,           0,         309,      -13.57862471,       -11.2066647,      -11.11976446,      -8.137842344
          0,           0,         310,      -13.69797556,      -11.20716737,      -11.21909749,      -8.247018757
          0,           0,         311,      -13.77725416,      -11.20592344,      -11.40763238,      -8.318874748
          0,           0,         312,      -13.59115346,      -11.06384148,       -11.2604199,      -8.185746702
          0,           0,         313,      -13.81437336,      -11.37830664,      -11.40706469,       -8.35736459
          0,           0,         314,      -13.82647665,      -11.26279049,      -11.39091517,      -8.351123183
          0,           0,         315,      -13.75061024,      -11.30628422,      -11.36118275,      -8.311230354
          0,           0,         316,      -13.75178464,      -11.19224674,       -11.4728816,      -8.271846916
          0,           0,         317,      -13.80441523,      -11.23339508,       -11.3916318,      -8.331699278
          0,           0,         318,      -13.55159061,      -11.24245383,       -11.0683543,      -8.100157562
          0,           0,         319,      -13.82836014,      -11.27686347,      -11.42024683,      -8.316620262
          0,           0,         320,      -13.76058702,      -11.27743125,      -11.39662526,      -8.297154305
          0,           0,         321,      -13.75495869,      -11.27545786,      -11.20591256,      -8.268653067
          0,           0,         322,      -13.76440975,      -11.38155459,      -11.39518321,      -8.338337318
          0,           0,         323,      -13.83796671,      -11.33636787,      -11.45517148,      -8.432065631
          0,           0,         324,      -13.84719721,       -11.3800959,      -11.35128703,      -8.360510044
          0,           0,         325,      -13.84455876,      -11.34055577,      -11.44563158,      -8.311791962
          0,           0,         326,      -13.91711694,      -11.31840299,      -11.58078001,      -8.415509422
          0,           0,         327,      -13.82136141,      -11.21619156,      -11.32158813,      -8.333530372
          0,           0,         328,      -13.78304064,      -11.28548785,      -11.26336437,      -8.333761732
          0,           0,         329,      -13.76318336,      -11.31015304,       -11.2906939,      -8.301409757
          0,           0,         330,      -13.76282679,       -11.3319669,      -11.29263038,      -8.272635376
          0,           0,         331,      -13.87713537,      -11.38417512,      -11.45660846,      -8.409238296
          0,           0,         332,      -13.74414519,      -11.37409562,      -11.36596185,      -8.346763047
          0,           0,         333,      -13.68084116,      -11.28360457,      -11.16941372,      -8.233622324
          0,           0,         334,      -13.73887474,      -11.31310508,      -11.30279169,       -8.24219361
          0,           0,         335,      -13.69044169,      -11.25136542,      -11.25640055,      -8.224031199
          0,           0,         336,      -13.81014003,       -11.3050673,      -11.45099785,      -8.319588177
          0,           0,         337,      -13.87799387,      -11.30978748,      -11.47510596,      -8.418407056
          0,           0,         338,      -13.82332067,       -11.2251742,      -11.43474046,      -8.295967085
          0,           0,         339,      -13.72816585,      -11.24293115,      -11.32156661,      -8.274341686
          0,           0,         340,      -13.79303624,      -11.23940557,      -11.29219291,      -8.257161944
          0,           0,         341,      -13.84248799,      -11.40844722,      -11.30293852,      -8.355622528
          0,           0,         342,      -13.86808673,      -11.38478391,      -11.47117706,      -8.418752571
          0,           0,         343,      -13.87607089,      -11.29941156,      -11.48474506,      -8.373636769
          0,           0,         344,       -13.8667893,      -11.42813424,      -11.41724255,      -8.340049682
          0,           0,         345,      -13.68577777,      -11.18837044,      -11.18010245,      -8.209738466
          0,           0,         346,      -13.80611994,      -11.23473809,      -11.43445247,       -8.30551528
          0,           0,         347,      -13.79993647,      -11.24352524,      -11.28981655,      -8.335877789
          0,           0,         348,      -13.81053722,      -11.29220128,      -11.46247822,      -8.349239999
          0,           0,         349,      -13.70770008,      -11.23077442,       -11.1738522,      -8.200100614
          0,           0,         350,      -13.79343558,      -11.16987307,      -11.45251569,      -8.340088623
          0,           0,         351,      -13.67404827,      -11.23221334,      -11.24308763,      -8.202055085
          0,           0,         352,      -13.91945585,      -11.40309567,      -11.50099172,      -8.442570571
          0,           0,         353,      -13.72745186,      -11.15356587,       -11.2912915,      -8.199699128
          0,           0,         354,      -13.85451011,      -11.34507372,      -11.51126095,      -8.354893926
          0,           0,         355,      -13.81831406,      -11.22606534,      -11.37089409,      -8.336984452
          0,           0,         356,      -13.91582167,      -11.38665281,      -11.43445431,      -8.442681859
          0,           0,         357,      -13.68432252,      -11.21328639,      -11.41503691,       -8.30205077
          0,           0,         358,      -13.75122822,      -11.15563598,       -11.3175985,      -8.267465189
          0,           0,         359,      -13.76663104,       -11.2782461,      -11.34814811,      -8.284208303
          0,           0,         360,      -13.72109005,      -11.11369891,      -11.39768969,      -8.247169415
          0,           0,         361,      -13.70859978,      -11.26336548,      -11.20671336,      -8.239775845
          0,           0,         362,      -13.58533959,      -11.13950333,       -11.1057941,      -8.135014587
          0,           0,         363,      -13.79577093,      -11.31540851,      -11.46779591,      -8.322710747
          0,           0,         364,      -13.82208025,      -11.26140747,      -11.54630425,      -8.304587522
          0,           0,         365,      -13.94334771,      -11.38298188,      -11.53280891,      -8.460004395
          0,           0,         366,       -13.7112252,       -11.2306568,      -11.25575633,      -8.267579174
          0,           0,         367,      -13.78425801,      -11.26341993,       -11.4277801,      -8.315817098
          0,           0,         368,      -13.61039657,      -10.99277602,      -11.32119233,      -8.125577626
          0,           0,         369,      -13.71771479,      -11.34559051,      -11.24437888,      -8.282299423
          0,           0,         370,      -13.76735398,       -11.1338652,      -11.40853045,      -8.221996322
          0,           0,         371,      -13.90512625,      -11.32716058,      -11.46769234,       -8.39117749
          0,           0,         372,      -13.73394759,      -11.37036422,      -11.28744593,      -8.297662887
          0,           0,         373,      -13.84067611,      -11.20745944,      -11.45932599,       -8.35460114
          0,           0,         374,      -13.73442926,      -11.26735266,      -11.28232599,      -8.265805031
          0,           0,         375,        -13.613319,      -11.05055027,      -11.26060469,      -8.097200017
          0,           0,         376,       -13.7875414,      -11.30212555,      -11.33844836,      -8.306949693
          0,           0,         377,      -13.54354377,      -10.95722926,      -11.35370367,      -8.069247912
          0,           0,         378,      -13.81965386,      -11.34361111,      -11.32060568,      -8.311824455
          0,           0,         379,      -13.82082842,      -11.26141907,      -11.38512186,      -8.351353055
          0,           0,         380,      -13.86327752,      -11.40168397,      -11.39308952,       -8.40535734
          0,           0,         381,       -13.8589674,      -11.32091216,      -11.44185139,      -8.389094163
          0,           0,         382,      -13.69425013,      -11.21285019,      -11.35319972,      -8.329417708
          0,           0,         383,      -13.90596795,      -11.37589109,      -11.44622635,      -8.417689167
          0,           0,         384,      -13.81051772,       -11.2649137,      -11.40998761,      -8.339949803
          0,           0,         385,      -13.81813338,      -11.32453575,      -11.49899179,      -8.382458356
          0,           0,         386,       -13.8067217,      -11.32723822,      -11.34464796,      -8.377533079
          0,           0,         387,      -13.88110988,      -11.35227837,       -11.4604962,      -8.446551628
          0,           0,         388,      -13.85271215,      -11.41301961,      -11.36765864,      -8.360461323
          0,           0,         389,      -13.78552018,      -11.09742245,      -11.51322626,      -8.267873326
          0,           0,         390,      -13.87362136,      -11.42279075,      -11.40686528,      -8.390518483
          0,           0,         391,      -13.76377103,      -11.38917462,      -11.30055241,      -8.340982569
          0,           0,         392,      -13.64065953,      -11.15723918,      -11.23762178,      -8.201483165
          0,           0,         393,      -13.69446384,      -11.19059763,      -11.39790464,      -8.254170622
          0,           0,         394,      -13.66102678,      -11.07922827,      -11.41194117,      -8.210332979
          0,           0,         395,      -13.68111327,      -11.16918563,       -11.3074128,      -8.186051413
          0,           0,         396,      -13.84242898,      -11.40533955,      -11.45144314,      -8.386700023
          0,           0,         397,      -13.76767969,      -11.30207955,      -11.40182349,      -8.330565395
          0,           0,         398,      -13.76911987,      -11.21032088,      -11.33705161,      -8.266413255
          0,           0,         399,      -13.81458124,      -11.24362952,      -11.42565013,      -8.262772728
          0,           0,         400,      -13.83216857,      -11.27355878,       -11.4277305,      -8.281069912
          0,           0,         401,      -13.94688089,      -11.41353097,       -11.5504013,      -8.486616113
          0,           0,         402,      -13.74408198,      -11.30581832,      -11.30687753,      -8.284035017
          0,           0,         403,      -13.88083223,      -11.28263298,       -11.5188572,      -8.314987884
          0,           0,         404,      -13.70998569,      -11.31559048,      -11.31848961,      -8.257866911
          0,           0,         405,      -13.86933118,      -11.36096502,      -11.44097935,      -8.341672289
          0,           0,         406,      -13.75070041,      -11.26444121,      -11.44103429,      -8.333235622
          0,           0,         407,      -13.79481607,      -11.24425586,      -11.31319502,      -8.275809358
          0,           0,         408,      -13.82745226,       -11.3284389,      -11.35611643,      -8.365300941
          0,           0,         409,      -13.83658393,       -11.3059477,      -11.42208098,       -8.28853534
          0,           0,         410,      -13.78096543,      -11.33886588,      -11.42929689,      -8.320350573
          0,           0,         411,       -13.5692537,      -11.01700441,      -11.26698314,      -8.119201057
          0,           0,         412,      -13.86914769,       -11.2620487,      -11.42564619,      -8.397150124
          0,           0,         413,      -13.81078205,      -11.26311484,      -11.44898958,      -8.365226881
          0,           0,         414,      -13.69713347,      -11.19851416,      -11.31741243,      -8.253277339
          0,           0,         415,       -13.7418038,      -11.22616777,       -11.3515431,      -8.286287886
          0,           0,         416,      -13.88431051,      -11.30106897,      -11.42180877,      -8.374755385
          0,           0,         417,      -13.64006404,      -11.28618579,      -11.15495683,      -8.180488397
          0,           0,         418,      -13.79459748,      -11.34383723,      -11.35476387,       -8.35204888
          0,           0,         419,      -13.83896945,      -11.40079575,      -11.40517078,      -8.357661801
          0,           0,         420,      -13.66728407,      -11.13145081,      -11.19653659,      -8.195247288
          0,           0,         421,      -13.79820682,        -11.318425,      -11.40322234,       -8.33409784
          0,           0,         422,      -13.88121953,      -11.47319908,      -11.46359288,      -8.412041871
          0,           0,         423,      -13.85568396,      -11.24630948,      -11.45073858,       -8.34397132
          0,           0,         424,      -13.81810389,      -11.40162283,      -11.30840236,      -8.354180581
          0,           0,         425,      -13.91742431,       -11.3720789,      -11.42075916,      -8.405416609
          0,           0,         426,       -13.7766581,      -11.19941995,      -11.38129964,      -8.277285182
          0,           0,         427,      -13.77410663,      -11.29216871,      -11.33066503,      -8.279300765
          0,           0,         428,       -13.8743161,      -11.32899118,      -11.43850501,      -8.347738021
          0,           0,         429,       -13.8849488,      -11.33844333,      -11.53307727,      -8.388689748
          0,           0,         430,      -13.77206659,      -11.25248648,      -11.30863267,      -8.290189563
          0,           0,         431,      -13.71572946,      -11.14293366,      -11.45275753,      -8.282274819
          0,           0,         432,      -13.72866393,      -11.30202379,      -11.31032229,      -8.301880246
          0,           0,         433,      -13.75098254,      -11.38446539,      -11.34870745,      -8.302742395
          0,           0,         434,      -13.95648189,        -11.368319,      -11.44235511,      -8.467073163
          0,           0,         435,      -13.69727127,      -11.28364005,      -11.27982165,      -8.230446561
          0,           0,         436,      -13.80485768,      -11.26707661,       -11.4502281,      -8.318481018
          0,           0,         437,       -13.8560938,      -11.28000805,       -11.4523039,      -8.394998586
          0,           0,         438,      -13.82500159,      -11.40580992,      -11.24953933,      -8.350051757
          0,           0,         439,      -13.72359303,      -11.22005381,       -11.3996606,      -8.315108882
          0,           0,         440,      -13.80112696,      -11.28496095,      -11.37510457,      -8.333423015
          0,           0,         441,      -13.87836852,      -11.29739069,      -11.52072606,      -8.397012667
          0,           0,         442,      -13.84661034,      -11.26685314,      -11.40702041,      -8.364283401
          0,           0,         443,      -13.84405756,      -11.33031388,       -11.4416767,      -8.345371638
          0,           0,         444,       -13.7819713,      -11.19166934,      -11.53198905,      -8.302571617
          0,           0,         445,      -13.80030829,      -11.31040684,      -11.42850465,      -8.313937839
          0,           0,         446,      -13.81497896,      -11.16786781,      -11.44762106,      -8.283872503
          0,           0,         447,      -13.67700439,      -11.16498123,      -11.38568475,      -8.236548756
          0,           0,         448,      -13.80018953,      -11.28878728,      -11.37173568,      -8.334314853
          0,           0,         449,      -13.78959216,       -11.3039753,      -11.58819197,      -8.451494573
          0,           0,         450,      -13.88361393,      -11.30188932,      -11.38683218,      -8.427685507
          0,           0,         451,      -13.88273787,      -11.40261168,      -11.57301675,      -8.436339459
          0,           0,         452,      -13.79143672,       -11.2581988,      -11.36625375,      -8.319682468
          0,           0,         453,        -13.671194,      -11.18561746,      -11.36169835,      -8.297122899
          0,           0,         454,      -13.76986871,      -11.30699057,      -11.37997065,      -8.319382084
          0,           0,         455,      -13.84724644,      -11.27782772,      -11.50751701,      -8.391003728
          0,           0,         456,       -13.6315426,      -11.08526308,      -11.38689285,      -8.174506219
          0,           0,         457,      -13.76310573,      -11.12336293,      -11.41696896,      -8.300206712
          0,           0,         458,      -13.83868679,      -11.27505187,      -11.47857085,      -8.393033931
          0,           0,         459,      -13.89155691,      -11.35281051,      -11.47677038,      -8.412112422
          0,           0,         460,       -13.7266447,      -11.19992687,       -11.3476818,      -8.252833978
          0,           0,         461,      -13.70160312,      -11.18877263,      -11.32803968,      -8.235866231
          0,           0,         462,      -13.78822024,      -11.24183367,      -11.39474877,      -8.296904874
          0,           0,         463,      -13.71591973,      -11.12053764,      -11.36562673,      -8.247322388
          0,           0,         464,      -13.74831825,      -11.22288049,      -11.28892198,      -8.253428955
          0,           0,         465,      -13.76155003,      -11.16439531,      -11.43112353,      -8.286561224
          0,           0,         466,      -13.71060346,      -11.21782461,      -11.36624654,      -8.235074856
          0,           0,         467,      -13.82695283,      -11.37565311,      -11.41286889,      -8.390141298
          0,           0,         468,      -13.74373192,       -11.3025889,      -11.34201004,      -8.322580698
          0,           0,         469,       -13.8307391,      -11.35863758,      -11.34979453,      -8.325458863
          0,           0,         470,      -13.77827939,      -11.16655506,       -11.4072338,      -8.255353999
          0,           0,         471,      -13.80092723,      -11.20699597,      -11.43908748,      -8.324703284
          0,           0,         472,       -13.9574355,      -11.39497691,      -11.54387753,      -8.446478842
          0,           0,         473,      -13.71606699,      -11.15492662,      -11.45632426,      -8.303831599
          0,           0,         474,      -13.81569559,      -11.28027277,      -11.34451639,      -8.339789454
          0,           0,         475,      -13.76795431,      -11.27744991,       -11.3822137,      -8.327907952
          0,           0,         476,      -13.82676858,      -11.30405868,      -11.31257518,      -8.360542084
          0,           0,         477,      -13.75638719,      -11.31266292,      -11.26325673,      -8.246807897
          0,           0,         478,      -13.79592935,      -11.28347211,      -11.32358276,      -8.300229768
          0,           0,         479,      -13.71873193,      -11.20211668,      -11.42528734,       -8.25720461
          0,           0,         480,      -13.83135868,      -11.21228992,      -11.43232603,      -8.278476892
          0,           0,         481,      -13.80214029,      -11.34136752,      -11.37017969,      -8.330886605
          0,           0,         482,      -13.72025216,      -11.28051014,      -11.34290593,      -8.340035753
          0,           0,         483,      -13.72805714,      -11.15717268,      -11.33614338,      -8.241435746
          0,           0,         484,      -13.87555428,      -11.38100848,      -11.49709481,      -8.418056358
          0,           0,         485,       -13.7853732,      -11.28045651,       -11.2218981,      -8.269108016
          0,           0,         486,      -13.66209854,      -11.23915653,      -11.22817891,      -8.193065533
          0,           0,         487,      -13.84483782,      -11.33504664,      -11.41194908,      -8.380756836
          0,           0,         488,      -13.71273648,      -11.24995359,      -11.32737089,      -8.299721488
          0,           0,         489,      -13.83599764,      -11.20289875,      -11.61901725,      -8.349931087
          0,           0,         490,      -13.76862497,      -11.29101266,      -11.46944325,      -8.350715925
          0,           0,         491,       -13.8419474,      -11.41242994,      -11.33196775,      -8.371011043
          0,           0,         492,      -13.86376918,      -11.33399773,      -11.38523535,      -8.337823583
          0,           0,         493,      -13.77551599,      -11.29911132,      -11.44745081,      -8.364898557
          0,           0,         494,       -13.7145175,      -11.12525786,      -11.34676162,      -8.216886968
          0,           0,         495,      -13.95494709,      -11.28960566,      -11.44960068,        -8.4201358
          0,           0,         496,      -13.86265405,      -11.29419982,      -11.49547334,      -8.371577279
          0,           0,         497,      -13.75808418,      -11.27389472,      -11.37205003,      -8.310124326
          0,           0,         498,      -13.69862606,      -11.19224501,      -11.27579085,      -8.232323449
          0,           0,         499,      -13.63158604,      -10.98388205,      -11.33411014,      -8.110344873
          0,           0,         500,      -13.86442509,      -11.27441813,      -11.50808813,      -8.371951574
          0,           0,         501,      -13.81761836,      -11.27707595,      -11.33983637,      -8.324634138
          0,           0,         502,      -13.73152083,      -11.13586992,      -11.48260443,      -8.264006891
          0,           0,         503,      -13.88550896,      -11.32714114,      -11.46661911,      -8.377950515
          0,           0,         504,      -13.68117247,      -11.20534921,      -11.30566825,       -8.24308517
          0,           0,         505,      -13.89329846,      -11.29344803,      -11.46334736,      -8.404577008
          0,           0,         506,      -13.79112035,      -11.38762876,      -11.32234689,      -8.338582984
          0,           0,         507,      -13.83778857,      -11.35066469,      -11.34598927,      -8.395547581
          0,           0,         508,      -13.62550515,      -11.12111611,      -11.31919897,      -8.211560325
          0,           0,         509,      -13.58182437,      -11.01192394,      -11.31614062,      -8.137661984
          0,           0,         510,      -13.80130157,      -11.31651745,      -11.44105134,      -8.318564105
          0,           0,         511,      -13.71830667,       -11.1238195,      -11.34913019,      -8.209634761
          0,           0,         512,      -13.84495393,      -11.40781275,       -11.4866125,      -8.361354707
          0,           0,         513,       -13.7259529,      -11.31396855,      -11.29425217,      -8.254242185
          0,           0,         514,      -13.75907688,      -11.41038061,      -11.29632748,      -8.302247687
          0,           0,         515,      -13.79020048,      -11.33717132,      -11.38174692,      -8.315659494
          0,           0,         516,      -13.76343962,      -11.21957259,      -11.37527827,      -8.289110435
          0,           0,         517,      -13.67978527,      -11.15122588,      -11.23907658,      -8.176908058
          0,           0,         518,      -13.80157523,      -11.29014779,      -11.50349381,      -8.310921313
          0,           0,         519,      -13.70113876,      -11.13619585,      -11.28334925,      -8.183871149
          0,           0,         520,      -13.71983204,      -11.28524673,      -11.25813578,      -8.278166138
          0,           0,         521,      -13.71104932,      -11.21542536,      -11.35771161,      -8.249102457
          0,           0,         522,      -13.74638246,      -11.15478889,      -11.43881399,      -8.293042011
          0,           0,         523,      -13.78678045,      -11.28585196,      -11.38779272,      -8.282137509
          0,           0,         524,      -13.66182826,       -11.1341826,      -11.34153715,      -8.213474499
          0,           0,         525,      -13.91736157,      -11.35488278,      -11.41823558,      -8.415947961
          0,           0,         526,      -13.71662447,      -11.07738157,      -11.46136306,      -8.252839784
          0,           0,         527,       -13.8245707,      -11.27768163,      -11.33156313,      -8.324295284
          0,           0,         528,       -13.6453576,      -11.13583584,       -11.2352202,      -8.234956305
          0,           0,         529,      -13.73797174,      -11.29322914,      -11.41233826,      -8.279774698
          0,           0,         530,      -13.86658247,        -11.182747,      -11.47814251,       -8.29023331
          0,           0,         531,      -13.80007393,      -11.31451932,      -11.40264785,      -8.300012366
          0,           0,         532,      -13.78356994,      -11.26250636,      -11.32820221,      -8.290778426
          0,           0,         533,      -13.69583817,      -11.13570646,      -11.30152204,      -8.242780798
          0,           0,         534,      -13.65266567,      -11.14351606,      -11.32285159,      -8.161470138
          0,           0,         535,      -13.72743064,      -11.22446461,      -11.24109927,      -8.266922697
          0,           0,         536,      -13.85915341,      -11.27452273,      -11.45578251,      -8.378572785
          0,           0,         537,      -13.92403492,      -11.41787418,       -11.4911656,      -8.462969569
          0,           0,         538,      -13.74679245,      -11.24092828,      -11.36858795,      -8.283701624
          0,           0,         539,      -13.82375281,      -11.25348597,      -11.41673734,      -8.325267142
          0,           0,         540,       -13.8270454,      -11.32754616,      -11.38073805,      -8.336988938
          0,           0,         541,      -13.84237681,      -11.28849047,      -11.43354074,      -8.316702142
          0,           0,         542,      -13.84999182,      -11.34436811,      -11.38932037,      -8.372097467
          0,           0,         543,      -13.86398988,      -11.26026001,      -11.48216893,      -8.355835322
          0,           0,         544,      -13.76311719,      -11.36282473,      -11.31171691,      -8.292701597
          0,           0,         545,      -13.73499592,      -11.11678137,      -11.41468914,      -8.206498649
          0,           0,         546,      -13.72321525,      -11.20392278,      -11.39458612,      -8.249695791
          0,           0,         547,      -13.80827347,      -11.24424512,      -11.42720362,      -8.343730507
          0,           0,         548,      -13.91157525,      -11.40433828,      -11.42653808,       -8.40285205
          0,           0,         549,      -13.76220593,      -11.22402729,      -11.36523611,      -8.323285611
          0,           0,         550,      -13.81468872,      -11.32120002,       -11.3106795,      -8.309542046
          0,           0,         551,      -13.76689978,      -11.32198032,      -11.35600736,      -8.284125767
          0,           0,         552,      -13.87915614,      -11.40583631,       -11.4203911,      -8.424801322
          0,           0,         553,      -13.82350005,      -11.41220811,      -11.43317844,      -8.382372778
          0,           0,         554,      -13.89532283,      -11.35731967,      -11.42993671,      -8.411245271
          0,           0,         555,      -13.81332861,      -11.34899477,      -11.33609998,       -8.31364787
          0,           0,         556,      -13.74973413,      -11.29211869,      -11.31851055,      -8.272110458
          0,           0,         557,      -13.76431183,      -11.13875724,      -11.43477882,      -8.273678821
          0,           0,         558,      -13.66385654,      -11.24520467,      -11.27422515,      -8.197213892
          0,           0,         559,      -13.75829136,      -11.23708331,      -11.46227693,      -8.301178418
          0,           0,         560,      -13.75162248,      -11.34154523,      -11.33819935,      -8.293368049
          0,           0,         561,      -13.80090409,      -11.24463093,      -11.29391824,      -8.329029011
          0,           0,         562,      -13.83108149,      -11.25852851,      -11.51373001,      -8.376395058
          0,           0,         563,      -13.66426162,      -11.22148031,      -11.19884231,      -8.183607268
          0,           0,         564,      -13.85142267,      -11.36852316,      -11.34407796,      -8.369242932
          0,           0,         565,      -13.85147467,      -11.33875158,      -11.42450631,      -8.311258682
          0,           0,         566,      -13.85409387,      -11.23940706,       -11.4388458,      -8.335834122
          0,           0,         567,      -13.59919577,      -11.09504482,      -11.31837284,      -8.168267108
          0,           0,         568,      -13.78065143,      -11.29734428,      -11.33182148,       -8.28693296
          0,           0,         569,      -13.83362953,      -11.31840358,      -11.50503584,      -8.370237271
          0,           0,         570,       -13.8994382,      -11.37360004,      -11.49205515,      -8.398347263
          0,           0,         571,      -13.83643636,      -11.19588097,      -11.38481678,      -8.247150519
          0,           0,         572,      -13.87731254,      -11.37089727,      -11.45148096,      -8.354582968
          0,           0,         573,      -13.67070859,        -11.105752,      -11.48212073,      -8.163544857
          0,           0,         574,      -13.78877206,      -11.31789048,      -11.42185907,      -8.329456224
          0,           0,         575,      -13.68788503,       -11.2028883,      -11.29784726,      -8.251955194
          0,           0,         576,        -13.912156,       -11.4702463,      -11.41222896,      -8.466316011
          0,           0,         577,      -13.72244696,      -11.25038671,      -11.39415904,       -8.28285302
          0,           0,         578,      -13.92567133,      -11.41682393,      -11.57444473,      -8.450575354
          0,           0,         579,      -13.73475918,      -11.30898459,      -11.28205344,      -8.291368701
          0,           0,         580,      -13.68889553,      -11.13034882,      -11.44855131,       -8.28289746
          0,           0,         581,      -13.73846404,      -11.30075056,      -11.29800616,      -8.324489209
          0,           0,         582,       -13.7592463,      -11.23872367,      -11.47737239,      -8.321727409
          0,           0,         583,      -13.78243604,      -11.29277102,       -11.2821458,      -8.272539906
          0,           0,         584,      -13.62948528,      -11.26410607,      -11.19328115,      -8.188540125
          0,           0,         585,      -13.78591017,      -11.27822382,      -11.38749287,       -8.29027508
          0,           0,         586,      -13.80124459,      -11.30556306,      -11.48036501,      -8.329417136
          0,           0,         587,      -13.77696002,      -11.26113769,      -11.35060329,       -8.32113823
          0,           0,         588,      -13.77765151,      -11.23400783,      -11.40543758,      -8.324663058
          0,           0,         589,      -13.79595309,      -11.27013336,      -11.33501406,      -8.292411436
          0,           0,         590,      -13.89780562,      -11.29049017,      -11.51889054,      -8.333927317
          0,           0,         591,      -13.83664734,       -11.2855509,      -11.44644174,      -8.322178525
          0,           0,         592,      -13.50892451,      -11.01155176,      -11.34831159,      -8.161261646
          0,           0,         593,      -13.88480857,      -11.33972963,       -11.4925307,      -8.443519644
          0,           0,         594,      -13.69224177,      -11.07793945,      -11.44078638,      -8.231979591
          0,           0,         595,      -13.91524934,      -11.33219984,      -11.43989226,      -8.384229418
          0,           0,         596,      -13.81273812,      -11.45457309,      -11.53933783,      -8.359792383
          0,           0,         597,      -13.82819142,      -11.30576646,      -11.45502218,       -8.34097799
          0,           0,         598,      -13.87782812,      -11.20858657,      -11.53931051,      -8.279686566
          0,           0,         599,      -13.76636942,      -11.33511571,      -11.33625419,       -8.31516967
          0,           0,         600,      -13.82751466,      -11.30981497,      -11.39884463,      -8.325476735
