VARIABLES = \
"Time_Iter","Outer_Iter","Inner_Iter",    "rms[Rho]"    ,    "rms[RhoU]"   ,    "rms[RhoV]"   ,    "rms[RhoE]"   
          0,           0,           0,     -0.8864413665,       1.303109094,       1.636704485,       4.573186836
          0,           0,           1,     -0.9149092282,       1.358092985,       1.601957005,       4.551334931
          0,           0,           2,      -1.130357075,       1.212462964,        1.38381479,       4.335866601
          0,           0,           3,      -1.318811819,       1.069961428,       1.131118931,       4.151819099
          0,           0,           4,      -1.511807155,      0.9095842385,      0.9897787716,        3.96193068
          0,           0,           5,      -1.744590213,      0.7512520215,      0.8060366223,       3.731378933
          0,           0,           6,      -1.912721135,      0.6920104643,        0.61899873,       3.563920429
          0,           0,           7,      -2.060025097,      0.6189992745,      0.4405548593,       3.417985966
          0,           0,           8,      -2.187122246,      0.5619545239,      0.2877487963,       3.298631999
          0,           0,           9,      -2.319054017,      0.5177096841,      0.1646344057,       3.186821857
          0,           0,          10,      -2.467035288,       0.474296879,     0.06091281522,       3.068882691
          0,           0,          11,      -2.611502721,      0.4271272194,    -0.03418697048,       2.954716152
          0,           0,          12,      -2.731394226,      0.3751503052,     -0.1251676145,       2.854310018
          0,           0,          13,      -2.816471977,       0.319579835,     -0.2105881576,       2.772176674
          0,           0,          14,      -2.878093204,      0.2620402701,     -0.2860193116,       2.703565507
          0,           0,          15,      -2.934183814,      0.2038398947,     -0.3523443141,       2.640337769
          0,           0,          16,       -2.99319204,       0.145872405,     -0.4151503091,       2.577537232
          0,           0,          17,      -3.054114972,     0.08879295163,     -0.4785664852,       2.514646702
          0,           0,          18,        -3.1123498,     0.03303652783,     -0.5432074202,       2.453657075
          0,           0,          19,      -3.165101619,    -0.02126447336,     -0.6076692367,       2.396292251
          0,           0,          20,      -3.212951073,    -0.07423593675,     -0.6704366567,        2.34265201
          0,           0,          21,      -3.258050509,     -0.1261309051,     -0.7307257134,       2.291715023
          0,           0,          22,      -3.302203385,     -0.1772153295,     -0.7883727518,       2.242347982
          0,           0,          23,      -3.346227199,     -0.2277355743,     -0.8436519308,       2.193870405
          0,           0,          24,      -3.390291083,     -0.2778546803,     -0.8969412962,       2.145990355
          0,           0,          25,       -3.43417569,     -0.3276620185,     -0.9483090097,       2.098728601
          0,           0,          26,      -3.477690374,     -0.3771844254,     -0.9978031843,        2.05215544
          0,           0,          27,      -3.520619916,     -0.4264208934,      -1.045522723,       2.006379509
          0,           0,          28,      -3.562848234,      -0.475364861,      -1.091588113,       1.961456532
          0,           0,          29,      -3.604410431,      -0.524021304,      -1.136144522,       1.917338097
          0,           0,          30,      -3.645441261,     -0.5724079756,      -1.179360629,       1.873895405
          0,           0,          31,      -3.686091277,     -0.6205460471,      -1.221432876,       1.830978331
          0,           0,          32,      -3.726470012,     -0.6684521295,      -1.262567553,       1.788464808
          0,           0,          33,       -3.76662937,     -0.7161387167,      -1.302972277,       1.746274074
          0,           0,          34,      -3.806583328,     -0.7636091148,      -1.342831195,       1.704366442
          0,           0,          35,      -3.846321117,     -0.8108552302,      -1.382283648,       1.662737563
          0,           0,          36,      -3.885831286,     -0.8578650074,      -1.421425159,       1.621396086
          0,           0,          37,      -3.925113286,     -0.9046274419,      -1.460311146,        1.58034934
          0,           0,          38,      -3.964187539,     -0.9511313593,      -1.498978061,        1.53959077
          0,           0,          39,      -4.003092029,     -0.9973671546,      -1.537454101,       1.499099256
          0,           0,          40,      -4.041870606,      -1.043327462,      -1.575761721,       1.458846252
          0,           0,          41,      -4.080559682,      -1.089006538,      -1.613936759,       1.418806392
          0,           0,          42,      -4.119178264,      -1.134397375,      -1.652017256,       1.378965577
          0,           0,          43,      -4.157735329,      -1.179491911,      -1.690037573,       1.339315066
          0,           0,          44,      -4.196233173,      -1.224283604,      -1.728024131,       1.299849031
          0,           0,          45,      -4.234665932,      -1.268767359,      -1.765997912,       1.260566074
          0,           0,          46,      -4.273027087,      -1.312938638,      -1.803964583,        1.22146305
          0,           0,          47,      -4.311324876,      -1.356798231,       -1.84192992,       1.182522133
          0,           0,          48,      -4.349565643,      -1.400350322,      -1.879903408,       1.143726698
          0,           0,          49,      -4.387752949,      -1.443601618,      -1.917892732,       1.105062912
          0,           0,          50,      -4.425888725,       -1.48655934,      -1.955914183,       1.066519508
          0,           0,          51,      -4.463976837,      -1.529231767,      -1.993971565,       1.028084957
          0,           0,          52,      -4.502024206,      -1.571630954,      -2.032064854,      0.9897461794
          0,           0,          53,      -4.540036405,      -1.613769303,      -2.070197143,      0.9514924158
          0,           0,          54,      -4.578020493,      -1.655660972,      -2.108371194,      0.9133124742
          0,           0,          55,      -4.615983049,      -1.697320648,      -2.146589261,      0.8751963084
          0,           0,          56,      -4.653930399,      -1.738762743,      -2.184853808,      0.8371346496
          0,           0,          57,      -4.691872431,      -1.780002941,      -2.223166964,      0.7991152761
          0,           0,          58,      -4.729819208,      -1.821057182,        -2.2615319,      0.7611259992
          0,           0,          59,      -4.767780386,      -1.861941266,      -2.299952314,       0.723155075
          0,           0,          60,      -4.805764983,      -1.902670636,       -2.33843265,      0.6851913536
          0,           0,          61,      -4.843781449,      -1.943260401,      -2.376977456,      0.6472241661
          0,           0,          62,      -4.881836899,      -1.983725099,       -2.41559114,      0.6092440511
          0,           0,          63,      -4.919937099,      -2.024078587,      -2.454277795,      0.5712428068
          0,           0,          64,      -4.958086783,      -2.064334045,      -2.493041073,      0.5332132461
          0,           0,          65,      -4.996291309,      -2.104503986,      -2.531881773,      0.4951474898
          0,           0,          66,      -5.034551691,      -2.144598959,      -2.570804524,      0.4570424399
          0,           0,          67,      -5.072870501,      -2.184629866,      -2.609812859,      0.4188936949
          0,           0,          68,      -5.111251555,      -2.224607525,      -2.648907617,      0.3806956633
          0,           0,          69,      -5.149697857,      -2.264541543,      -2.688089229,      0.3424438144
          0,           0,          70,      -5.188211841,      -2.304440343,      -2.727357329,      0.3041344367
          0,           0,          71,      -5.226794967,      -2.344311595,      -2.766711416,      0.2657650333
          0,           0,          72,      -5.265448385,      -2.384162389,      -2.806151332,      0.2273335689
          0,           0,          73,      -5.304173002,      -2.423999254,      -2.845677077,       0.188838378
          0,           0,          74,      -5.342969414,      -2.463827531,      -2.885288661,      0.1502782054
          0,           0,          75,      -5.381838187,      -2.503652348,      -2.924984572,      0.1116517192
          0,           0,          76,      -5.420779701,      -2.543478236,      -2.964764746,     0.07295805211
          0,           0,          77,      -5.459794365,      -2.583309614,      -3.004630315,     0.03419654396
          0,           0,          78,      -5.498882437,       -2.62315075,      -3.044580179,   -0.004633627716
          0,           0,          79,      -5.538044199,      -2.663005329,      -3.084613457,    -0.04353320847
          0,           0,          80,      -5.577278275,      -2.702877067,      -3.124726287,    -0.08250138384
          0,           0,          81,      -5.616584636,      -2.742767546,      -3.164920729,     -0.1215384095
          0,           0,          82,      -5.655964308,      -2.782679651,      -3.205196036,     -0.1606455908
          0,           0,          83,      -5.695417035,      -2.822615645,       -3.24555124,     -0.1998230185
          0,           0,          84,       -5.73494219,      -2.862577471,      -3.285984834,     -0.2390703835
          0,           0,          85,       -5.77453935,      -2.902566972,      -3.326495279,     -0.2783875113
          0,           0,          86,      -5.814208058,      -2.942585778,      -3.367081392,     -0.3177741488
          0,           0,          87,      -5.853947687,      -2.982635255,      -3.407742205,     -0.3572298307
          0,           0,          88,      -5.893757547,      -3.022716579,      -3.448476733,     -0.3967539855
          0,           0,          89,      -5.933636932,      -3.062830838,      -3.489283856,     -0.4363460004
          0,           0,          90,       -5.97358515,      -3.102979061,      -3.530162011,     -0.4760052499
          0,           0,          91,      -6.013602043,      -3.143162178,      -3.571111258,     -0.5157315013
          0,           0,          92,      -6.053686439,      -3.183380535,      -3.612130503,     -0.5555236669
          0,           0,          93,      -6.093838055,      -3.223634878,      -3.653219093,     -0.5953814587
          0,           0,          94,      -6.134056208,      -3.263925739,       -3.69437591,     -0.6353041824
          0,           0,          95,      -6.174339749,      -3.304253305,      -3.735599126,      -0.675290686
          0,           0,          96,      -6.214687873,      -3.344617815,      -3.776886991,     -0.7153401259
          0,           0,          97,      -6.255100097,      -3.385019633,      -3.818238369,     -0.7554519623
          0,           0,          98,      -6.295575758,      -3.425459059,      -3.859652524,     -0.7956255023
          0,           0,          99,       -6.33611386,      -3.465936213,      -3.901128694,     -0.8358597541
          0,           0,         100,      -6.376713271,      -3.506451084,      -3.942665863,     -0.8761536058
          0,           0,         101,      -6.417372944,      -3.547003618,      -3.984262803,     -0.9165060215
          0,           0,         102,      -6.458091945,      -3.587593744,      -4.025918205,     -0.9569160692
          0,           0,         103,       -6.49886935,      -3.628221361,      -4.067630772,     -0.9973828267
          0,           0,         104,      -6.539704161,      -3.668886315,      -4.109399234,      -1.037905302
          0,           0,         105,      -6.580595269,       -3.70958839,      -4.151222332,      -1.078482406
          0,           0,         106,      -6.621541491,      -3.750327321,      -4.193098788,      -1.119112982
          0,           0,         107,      -6.662541604,      -3.791102803,      -4.235027294,      -1.159795841
          0,           0,         108,      -6.703594367,      -3.831914495,      -4.277006518,      -1.200529781
          0,           0,         109,      -6.744698655,      -3.872762135,      -4.319034873,      -1.241313703
          0,           0,         110,      -6.785854388,      -3.913646231,      -4.361109685,       -1.28214741
          0,           0,         111,       -6.82706094,         -3.954566,      -4.403232451,       -1.32303018
          0,           0,         112,      -6.868314412,      -3.995519707,      -4.445399709,      -1.363958527
          0,           0,         113,      -6.909613756,      -4.036507031,      -4.487611032,      -1.404931532
          0,           0,         114,      -6.950957891,      -4.077527768,      -4.529866424,      -1.445948191
          0,           0,         115,      -6.992344418,      -4.118580968,      -4.572163825,      -1.487006252
          0,           0,         116,      -7.033771398,      -4.159665641,       -4.61449993,      -1.528103837
          0,           0,         117,      -7.075238024,      -4.200781254,      -4.656871965,      -1.569240108
          0,           0,         118,      -7.116743831,      -4.241927524,      -4.699278398,      -1.610414556
          0,           0,         119,      -7.158287793,      -4.283104054,       -4.74171843,      -1.651626189
          0,           0,         120,      -7.199868212,      -4.324310189,      -4.784191266,      -1.692873415
          0,           0,         121,      -7.241483124,      -4.365545102,      -4.826695699,      -1.734154414
          0,           0,         122,      -7.283130669,      -4.406807924,      -4.869230105,      -1.775467464
          0,           0,         123,      -7.324809207,      -4.448097799,      -4.911792594,      -1.816811038
          0,           0,         124,      -7.366517264,       -4.48941388,      -4.954381202,      -1.858183752
          0,           0,         125,      -7.408253366,      -4.530755302,      -4.996993945,      -1.899584223
          0,           0,         126,      -7.450015966,      -4.572121151,      -5.039628879,      -1.941010997
          0,           0,         127,      -7.491803398,      -4.613510474,      -5.082284034,      -1.982462518
          0,           0,         128,       -7.53361395,      -4.654922279,      -5.124957487,      -2.023937184
          0,           0,         129,      -7.575445806,      -4.696355547,      -5.167647204,      -2.065433316
          0,           0,         130,      -7.617297208,       -4.73780925,      -5.210351225,      -2.106949274
          0,           0,         131,      -7.659166349,      -4.779282328,      -5.253067473,      -2.148483408
          0,           0,         132,      -7.701051403,      -4.820773697,      -5.295793831,      -2.190034022
          0,           0,         133,      -7.742950598,       -4.86228227,      -5.338528218,      -2.231599509
          0,           0,         134,      -7.784862102,      -4.903806901,      -5.381268529,      -2.273178183
          0,           0,         135,      -7.826784108,      -4.945346437,      -5.424012542,      -2.314768406
          0,           0,         136,      -7.868714743,       -4.98689969,      -5.466758054,       -2.35636846
          0,           0,         137,      -7.910652198,      -5.028465446,      -5.509502837,      -2.397976696
          0,           0,         138,      -7.952594604,      -5.070042477,      -5.552244641,      -2.439591434
          0,           0,         139,      -7.994540045,      -5.111629518,      -5.594981095,      -2.481210956
          0,           0,         140,      -8.036486766,      -5.153225304,      -5.637710069,      -2.522833654
          0,           0,         141,      -8.078432763,      -5.194828525,      -5.680429005,       -2.56445773
          0,           0,         142,      -8.120376337,      -5.236437924,      -5.723135719,      -2.606081696
          0,           0,         143,      -8.162315591,      -5.278052166,      -5.765827842,      -2.647703813
          0,           0,         144,      -8.204248734,      -5.319669946,      -5.808503093,      -2.689322507
          0,           0,         145,      -8.246173965,      -5.361289932,      -5.851158986,      -2.730936149
          0,           0,         146,      -8.288089485,      -5.402910784,      -5.893793354,      -2.772543174
          0,           0,         147,      -8.329993667,      -5.444531167,      -5.936403721,      -2.814142072
          0,           0,         148,       -8.37188474,      -5.486149777,      -5.978988178,       -2.85573138
          0,           0,         149,      -8.413760852,      -5.527765225,      -6.021543619,       -2.89730933
          0,           0,         150,        -8.4556207,      -5.569376244,      -6.064069038,      -2.938874855
          0,           0,         151,      -8.497462643,      -5.610981464,      -6.106561355,      -2.980426484
          0,           0,         152,      -8.539284844,      -5.652579534,      -6.149018363,      -3.021962546
          0,           0,         153,      -8.581086024,      -5.694169208,      -6.191438789,      -3.063482007
          0,           0,         154,      -8.622864665,      -5.735749194,      -6.233819457,      -3.104983493
          0,           0,         155,      -8.664619446,      -5.777318102,      -6.276159169,      -3.146465709
          0,           0,         156,      -8.706349169,      -5.818874844,      -6.318456078,       -3.18792776
          0,           0,         157,      -8.748052431,      -5.860418098,       -6.36070836,      -3.229368272
          0,           0,         158,      -8.789727569,      -5.901946543,      -6.402912946,      -3.270785962
          0,           0,         159,      -8.831374129,      -5.943459194,      -6.445070137,      -3.312180285
          0,           0,         160,      -8.872991136,       -5.98495484,      -6.487176825,       -3.35355047
          0,           0,         161,       -8.91457706,      -6.026432297,      -6.529232283,      -3.394895152
          0,           0,         162,      -8.956131461,      -6.067890556,      -6.571235825,      -3.436213933
          0,           0,         163,      -8.997652608,      -6.109328372,      -6.613184399,       -3.47750514
          0,           0,         164,      -9.039141379,      -6.150744753,       -6.65507765,      -3.518769827
          0,           0,         165,      -9.080594697,      -6.192138978,      -6.696914811,       -3.56000502
          0,           0,         166,      -9.122015277,      -6.233510165,      -6.738696409,       -3.60121323
          0,           0,         167,      -9.163398468,      -6.274856621,      -6.780416933,      -3.642390486
          0,           0,         168,      -9.204747717,      -6.316178739,      -6.822084034,      -3.683539661
          0,           0,         169,      -9.246060187,      -6.357475014,      -6.863689062,      -3.724658857
          0,           0,         170,       -9.28733612,      -6.398744001,      -6.905234082,      -3.765746538
          0,           0,         171,      -9.328577498,      -6.439986934,      -6.946721767,       -3.80680678
          0,           0,         172,      -9.369779326,      -6.481201024,      -6.988146206,       -3.84783355
          0,           0,         173,      -9.410947349,      -6.522387308,      -7.029513562,      -3.888832499
          0,           0,         174,      -9.452076831,      -6.563543451,      -7.070819191,      -3.929798429
          0,           0,         175,      -9.493169991,      -6.604671072,      -7.112070085,        -3.9707353
          0,           0,         176,      -9.534228005,      -6.645769133,      -7.153258855,      -4.011643588
          0,           0,         177,      -9.575249311,      -6.686835198,      -7.194380655,      -4.052520569
          0,           0,         178,      -9.616236741,      -6.727872462,      -7.235458751,      -4.093370366
          0,           0,         179,        -9.6571863,      -6.768879402,      -7.276477292,      -4.134189238
          0,           0,         180,      -9.698099697,       -6.80985175,      -7.317430397,      -4.174975055
          0,           0,         181,      -9.738978221,      -6.850795101,      -7.358330506,       -4.21573537
          0,           0,         182,      -9.779825972,      -6.891707078,      -7.399184164,       -4.25646896
          0,           0,         183,      -9.820640981,      -6.932587757,      -7.439985421,      -4.297176291
          0,           0,         184,      -9.861420757,      -6.973436303,      -7.480714089,      -4.337852803
          0,           0,         185,       -9.90216591,      -7.014253538,      -7.521424601,      -4.378500479
          0,           0,         186,      -9.942884868,      -7.055038202,      -7.562053384,      -4.419131102
          0,           0,         187,      -9.983580403,      -7.095797081,      -7.602673334,      -4.459742358
          0,           0,         188,      -10.02423792,       -7.13651935,       -7.64321028,      -4.500317749
          0,           0,         189,      -10.06486324,      -7.177213655,      -7.683713134,      -4.540868098
          0,           0,         190,      -10.10546058,      -7.217873133,      -7.724174862,       -4.58139441
          0,           0,         191,       -10.1460482,      -7.258507173,      -7.764609945,      -4.621917261
          0,           0,         192,      -10.18658971,      -7.299111659,      -7.804991528,      -4.662403295
          0,           0,         193,      -10.22711493,      -7.339683831,      -7.845312194,       -4.70287359
          0,           0,         194,      -10.26761668,      -7.380229011,      -7.885621272,      -4.743329235
          0,           0,         195,      -10.30807652,      -7.420737688,      -7.925880009,      -4.783739295
          0,           0,         196,      -10.34854426,      -7.461227702,      -7.966141902,      -4.824164678
          0,           0,         197,      -10.38896857,      -7.501690166,      -8.006363917,      -4.864558814
          0,           0,         198,      -10.42938683,      -7.542119727,      -8.046483584,       -4.90494558
          0,           0,         199,      -10.46979791,      -7.582535297,      -8.086712263,      -4.945331185
          0,           0,         200,       -10.5101701,       -7.62290781,      -8.126792388,      -4.985678648
          0,           0,         201,      -10.55053484,      -7.663278367,       -8.16697224,      -5.026032742
          0,           0,         202,      -10.59085892,      -7.703599079,      -8.207005031,      -5.066339419
          0,           0,         203,      -10.63116355,      -7.743901329,      -8.247121021,      -5.106629826
          0,           0,         204,      -10.67148209,       -7.78417662,      -8.287117922,      -5.146938603
          0,           0,         205,      -10.71176881,      -7.824423414,      -8.327108288,       -5.18722165
          0,           0,         206,      -10.75204617,      -7.864662531,      -8.367211908,       -5.22751027
          0,           0,         207,      -10.79233092,      -7.904900752,      -8.407159122,      -5.267814436
          0,           0,         208,      -10.83263186,      -7.945095441,      -8.447130199,      -5.308109477
          0,           0,         209,      -10.87287473,      -7.985266585,      -8.487144616,      -5.348355892
          0,           0,         210,      -10.91308278,      -8.025409366,      -8.527067143,      -5.388577841
          0,           0,         211,      -10.95332751,      -8.065565117,      -8.567075456,      -5.428855949
          0,           0,         212,      -10.99346955,      -8.105714235,      -8.607116808,      -5.469032134
          0,           0,         213,      -11.03379688,      -8.145752308,      -8.646988097,      -5.509365141
          0,           0,         214,      -11.07394777,       -8.18584536,      -8.686714269,      -5.549583942
          0,           0,         215,      -11.11420268,      -8.225913056,      -8.726890528,      -5.589850569
          0,           0,         216,      -11.15437107,      -8.265975794,      -8.766833439,      -5.630059271
          0,           0,         217,      -11.19451038,      -8.305967481,      -8.806702044,      -5.670264115
          0,           0,         218,      -11.23471727,        -8.3459852,      -8.846666348,       -5.71052894
          0,           0,         219,      -11.27505215,      -8.385999851,      -8.886704754,      -5.750807296
          0,           0,         220,      -11.31505415,      -8.426010942,      -8.926247984,      -5.790934512
          0,           0,         221,      -11.35530953,      -8.465930397,      -8.966389242,      -5.831201245
          0,           0,         222,      -11.39537287,       -8.50594781,      -9.006331116,      -5.871389668
          0,           0,         223,      -11.43552616,      -8.545934812,       -9.04648956,      -5.911633626
          0,           0,         224,      -11.47552493,      -8.585806519,      -9.086275868,      -5.951706064
          0,           0,         225,      -11.51608187,      -8.625918323,      -9.127192192,      -5.992408963
          0,           0,         226,      -11.55596992,      -8.665705388,      -9.166356807,      -6.032168476
          0,           0,         227,      -11.59653213,      -8.705717206,      -9.206581341,       -6.07283005
          0,           0,         228,      -11.63639591,      -8.745413848,      -9.245736286,      -6.112684297
          0,           0,         229,      -11.67668044,      -8.785426014,      -9.286461335,      -6.153076653
          0,           0,         230,      -11.71672369,      -8.825142861,      -9.325775198,      -6.193112335
          0,           0,         231,      -11.75714673,      -8.865419916,      -9.366524215,      -6.233847854
          0,           0,         232,      -11.79735022,      -8.905031743,       -9.40602863,      -6.273958989
          0,           0,         233,      -11.83711236,      -8.944749894,      -9.446079213,      -6.313910431
          0,           0,         234,      -11.87766963,       -8.98503205,      -9.486767921,       -6.35477595
          0,           0,         235,      -11.91746369,       -9.02458494,      -9.526576236,      -6.394567721
          0,           0,         236,      -11.95766659,       -9.06421129,       -9.56538849,      -6.434955519
          0,           0,         237,      -11.99876817,      -9.104546428,      -9.607089509,      -6.476163245
          0,           0,         238,      -12.03788307,      -9.144457655,      -9.646062905,       -6.51575052
          0,           0,         239,      -12.07751467,      -9.183914014,      -9.687817767,      -6.555409374
          0,           0,         240,      -12.11703876,      -9.223280117,      -9.722965688,      -6.595081253
          0,           0,         241,      -12.15844515,      -9.263713697,      -9.769431704,      -6.636677856
          0,           0,         242,      -12.20022223,      -9.303644479,      -9.808785539,      -6.678686391
          0,           0,         243,      -12.23796121,      -9.342565784,      -9.845652396,      -6.716249359
          0,           0,         244,       -12.2789113,      -9.383249346,      -9.887856297,      -6.757554504
          0,           0,         245,      -12.31713518,      -9.421879729,      -9.922024824,      -6.795256182
          0,           0,         246,      -12.35975758,      -9.463039716,       -9.96871443,      -6.839333261
          0,           0,         247,      -12.39946507,      -9.501412721,      -10.00438997,      -6.878204804
          0,           0,         248,      -12.43814082,      -9.542422474,      -10.05035527,      -6.917982298
          0,           0,         249,      -12.47863497,      -9.581908928,      -10.08375807,      -6.958445405
          0,           0,         250,       -12.5187886,      -9.621705885,       -10.1294838,      -6.999115065
          0,           0,         251,      -12.55622041,      -9.660656848,      -10.16892463,       -7.03530217
          0,           0,         252,      -12.59858643,      -9.699665782,      -10.20927573,      -7.078437303
          0,           0,         253,      -12.63689528,      -9.737957502,      -10.23818574,      -7.116613247
          0,           0,         254,      -12.67701969,      -9.777654103,      -10.28212704,      -7.157674096
          0,           0,         255,      -12.71556635,      -9.819501782,      -10.31991148,      -7.197419559
          0,           0,         256,      -12.76019816,      -9.859900433,      -10.36906573,       -7.24050319
          0,           0,         257,      -12.80100227,      -9.900089745,      -10.41834013,      -7.281968432
          0,           0,         258,       -12.8341873,      -9.937330324,       -10.4475527,      -7.315508158
          0,           0,         259,      -12.87808776,      -9.977414195,      -10.48133989,      -7.359111576
          0,           0,         260,       -12.9207194,      -10.01822602,       -10.5313544,      -7.402216355
          0,           0,         261,      -12.94999882,      -10.05920424,      -10.57395005,        -7.4306541
          0,           0,         262,       -13.0011124,        -10.096791,      -10.60006446,      -7.479151815
          0,           0,         263,      -13.03560231,      -10.13627063,      -10.64834324,      -7.519287155
          0,           0,         264,      -13.06440233,      -10.17468073,      -10.67652638,      -7.546947255
          0,           0,         265,      -13.11429321,      -10.21632479,      -10.72618189,      -7.599482145
          0,           0,         266,      -13.14894298,      -10.25561515,      -10.75489835,      -7.637476851
          0,           0,         267,      -13.18480088,      -10.29788303,      -10.81385795,      -7.668897701
          0,           0,         268,      -13.22769484,      -10.33226396,      -10.81340106,      -7.711644199
          0,           0,         269,      -13.25162863,      -10.36364075,      -10.82108671,      -7.736895538
          0,           0,         270,      -13.30065124,      -10.41033231,      -10.92355888,      -7.781364569
          0,           0,         271,      -13.34550795,       -10.4538499,      -10.98569002,      -7.825182668
          0,           0,         272,      -13.36026719,       -10.4791325,      -10.99063949,       -7.84910657
          0,           0,         273,      -13.39576581,      -10.51974725,      -10.97037522,      -7.888411803
          0,           0,         274,      -13.38985906,      -10.54954213,      -10.96234338,       -7.89872701
          0,           0,         275,      -13.39580941,      -10.58219639,      -11.05026417,      -7.898144279
          0,           0,         276,      -13.47014507,      -10.62237536,       -11.0112602,      -7.951680114
          0,           0,         277,      -13.52389263,      -10.67785195,      -11.15124817,      -8.032085869
          0,           0,         278,      -13.56809397,      -10.72107718,      -11.18701124,       -8.06145106
          0,           0,         279,      -13.57088195,      -10.77068679,      -11.20094711,      -8.103706998
          0,           0,         280,       -13.5861774,      -10.76910783,      -11.18178118,      -8.077849888
          0,           0,         281,      -13.58626623,      -10.78971256,      -11.14132796,      -8.074319327
          0,           0,         282,       -13.5376238,      -10.81486196,      -11.14421856,      -8.060203989
          0,           0,         283,      -13.70979473,      -10.89133704,      -11.31797585,      -8.232114731
          0,           0,         284,      -13.69061232,      -10.94692479,        -11.250385,      -8.209705775
          0,           0,         285,       -13.6561678,      -10.95685888,      -11.22196556,      -8.157624102
          0,           0,         286,      -13.57466716,      -11.00880775,      -11.13026625,      -8.102885542
          0,           0,         287,      -13.64719869,       -11.0078345,      -11.22328534,      -8.204819292
          0,           0,         288,      -13.70299741,      -11.03128004,      -11.28463551,      -8.206397947
          0,           0,         289,      -13.80154619,      -11.11576215,      -11.34140707,      -8.327988947
          0,           0,         290,      -13.70088963,      -11.09209852,      -11.31010211,      -8.277589287
          0,           0,         291,      -13.76263322,      -11.17313991,      -11.33700444,      -8.294256761
          0,           0,         292,      -13.84260483,      -11.18469434,      -11.40559494,      -8.368849803
          0,           0,         293,       -13.7841685,      -11.16110106,      -11.40657913,      -8.313019502
          0,           0,         294,      -13.67115199,      -11.13024539,      -11.31384544,      -8.235859926
          0,           0,         295,      -13.78794435,      -11.24345178,      -11.34083543,      -8.288506945
          0,           0,         296,       -13.8334649,      -11.24675136,      -11.36642869,      -8.369498273
          0,           0,         297,      -13.83407137,      -11.27515306,      -11.40726332,      -8.368230389
          0,           0,         298,      -13.82881161,      -11.27056325,       -11.3945207,       -8.33493173
          0,           0,         299,      -13.76177683,      -11.22153322,       -11.3265621,      -8.282934745
          0,           0,         300,      -13.63062001,      -11.12401865,      -11.24697381,      -8.153435275
          0,           0,         301,      -13.70738885,      -11.27188323,      -11.24481787,      -8.265370086
          0,           0,         302,      -13.67609133,      -11.18201918,      -11.31813594,      -8.223332905
          0,           0,         303,      -13.77558816,      -11.29392997,       -11.2933279,      -8.313418251
          0,           0,         304,       -13.8160977,      -11.28263523,      -11.30064221,      -8.286434804
          0,           0,         305,      -13.85248414,      -11.31745714,      -11.42558153,      -8.339041666
          0,           0,         306,      -13.87478089,      -11.29072006,      -11.45960184,      -8.349528249
          0,           0,         307,      -13.73147102,      -11.28122118,      -11.24553451,      -8.247122897
          0,           0,         308,      -13.79940106,      -11.34188019,      -11.36442707,      -8.357214436
          0,           0,         309,      -13.81472846,      -11.38375083,       -11.3395696,      -8.348355249
          0,           0,         310,      -13.75251436,      -11.24804767,      -11.30145455,      -8.291830264
          0,           0,         311,      -13.71889659,      -11.16684758,      -11.34462481,      -8.199231024
          0,           0,         312,      -13.77866176,      -11.33683606,      -11.37329438,      -8.325181126
          0,           0,         313,      -13.84092277,      -11.39029761,       -11.4046088,       -8.42944044
          0,           0,         314,      -13.61896158,      -11.08041596,      -11.15344893,      -8.154803602
          0,           0,         315,      -13.79130954,       -11.2397362,      -11.30339207,      -8.267795785
          0,           0,         316,      -13.76305539,      -11.25688153,      -11.40371299,       -8.27943622
          0,           0,         317,      -13.81128037,      -11.25922111,      -11.47063777,      -8.328259922
          0,           0,         318,      -13.83201254,      -11.36201613,      -11.41571469,      -8.348433885
          0,           0,         319,      -13.85314726,      -11.30920598,      -11.50394581,      -8.363648902
          0,           0,         320,      -13.77617495,      -11.24389286,      -11.30515305,      -8.309410149
          0,           0,         321,      -13.86372034,      -11.31447629,      -11.42098366,      -8.336212041
          0,           0,         322,       -13.7545033,      -11.25937463,       -11.2796438,       -8.25482746
          0,           0,         323,      -13.70398827,      -11.25078161,      -11.20093017,      -8.207088098
          0,           0,         324,      -13.87454811,      -11.29908524,      -11.44029233,      -8.389619926
          0,           0,         325,      -13.78861123,      -11.19102198,      -11.41614486,      -8.213983746
          0,           0,         326,      -13.80789929,      -11.36490224,      -11.36623758,      -8.356087266
          0,           0,         327,      -13.78851888,      -11.21938224,      -11.45916974,      -8.298122543
          0,           0,         328,      -13.92422626,      -11.40313477,      -11.46115382,      -8.405775812
          0,           0,         329,      -13.81225272,      -11.23605607,      -11.49083326,      -8.331428604
          0,           0,         330,      -13.68978682,      -11.23778596,      -11.14422595,      -8.198788579
          0,           0,         331,      -13.91144097,      -11.28843715,      -11.47610127,       -8.37189497
          0,           0,         332,       -13.8232524,      -11.23614373,      -11.37389826,      -8.358201821
          0,           0,         333,      -13.85141019,      -11.36752026,      -11.39728721,      -8.376762855
          0,           0,         334,       -13.7949209,      -11.25538466,      -11.34013362,      -8.265886148
          0,           0,         335,      -13.90941116,      -11.38992027,      -11.43204499,      -8.404398592
          0,           0,         336,       -13.8945843,       -11.3680038,      -11.43507638,      -8.378756698
          0,           0,         337,      -13.76388016,        -11.269325,       -11.5115832,      -8.314982948
          0,           0,         338,      -13.63855303,      -10.97954512,      -11.37236319,      -8.085838048
          0,           0,         339,      -13.80092696,      -11.23777222,      -11.46045274,      -8.346058771
          0,           0,         340,      -13.80881345,      -11.31485075,      -11.34040227,      -8.313878186
          0,           0,         341,      -13.78719055,       -11.2467576,      -11.41163684,      -8.333037582
          0,           0,         342,      -13.83269507,      -11.24909886,      -11.34914969,      -8.236314132
          0,           0,         343,      -13.81831376,      -11.32228906,      -11.31766525,       -8.34196976
          0,           0,         344,      -13.85689663,      -11.31616152,      -11.35001257,      -8.330393565
          0,           0,         345,      -13.71915477,      -11.29125412,      -11.19516383,       -8.25827602
          0,           0,         346,      -13.86687394,       -11.3667007,      -11.33534713,       -8.36622099
          0,           0,         347,      -13.73833934,       -11.3409243,       -11.3091427,      -8.299673685
          0,           0,         348,      -13.82785958,      -11.31646367,      -11.37740421,      -8.323659225
          0,           0,         349,      -13.84478196,      -11.38885713,      -11.28493532,      -8.343104128
          0,           0,         350,       -13.8653893,       -11.3957465,      -11.46453107,      -8.408619508
          0,           0,         351,      -13.86558032,      -11.31744938,       -11.4747636,      -8.389466885
          0,           0,         352,      -13.88687522,      -11.44386715,      -11.37835204,      -8.406100334
          0,           0,         353,      -13.70711542,       -11.1519652,      -11.36575652,      -8.231351344
          0,           0,         354,      -13.62853987,      -10.96927965,      -11.29644383,      -8.069970475
          0,           0,         355,      -13.80980083,      -11.17207141,      -11.38143845,      -8.288199708
          0,           0,         356,       -13.9309357,      -11.29561915,      -11.53591419,      -8.422447122
          0,           0,         357,      -13.76890781,      -11.32863905,      -11.27753834,      -8.323156081
          0,           0,         358,      -13.81165572,      -11.33004901,      -11.33202917,      -8.323400303
          0,           0,         359,      -13.79440256,      -11.37165603,      -11.27250755,      -8.350645667
          0,           0,         360,      -13.83919534,      -11.36394699,      -11.39588017,       -8.35481918
          0,           0,         361,      -13.74398896,       -11.1784192,      -11.48769475,      -8.307460198
          0,           0,         362,      -13.82128849,      -11.33289392,      -11.31597937,      -8.373843455
          0,           0,         363,      -13.77514629,      -11.35807377,       -11.3625866,      -8.288103862
          0,           0,         364,      -13.77564246,      -11.14057272,      -11.39094044,      -8.260845109
          0,           0,         365,      -13.75391305,      -11.23311054,      -11.35259234,       -8.25293919
          0,           0,         366,       -13.8840152,      -11.32407358,      -11.44147128,      -8.379676558
          0,           0,         367,      -13.80229729,      -11.22756692,      -11.31986422,      -8.338636207
          0,           0,         368,      -13.83837282,      -11.32056567,      -11.33104926,      -8.415018347
          0,           0,         369,      -13.81690167,      -11.33187823,      -11.32665417,      -8.320105193
          0,           0,         370,      -13.77069125,      -11.26878221,      -11.33214204,        -8.2776071
          0,           0,         371,      -13.75742507,      -11.30683409,      -11.38557571,      -8.316526325
          0,           0,         372,      -13.82962125,      -11.34635234,      -11.39906181,      -8.362728383
          0,           0,         373,      -13.84941386,      -11.37858913,      -11.36713738,      -8.380904027
          0,           0,         374,      -13.82913019,      -11.41775719,      -11.34219901,      -8.373677038
          0,           0,         375,      -13.76574326,      -11.14904068,      -11.33719201,      -8.205957727
          0,           0,         376,      -13.77487505,      -11.31419745,       -11.4785282,      -8.361870168
          0,           0,         377,      -13.68002391,      -11.09287145,      -11.32208854,      -8.185027488
          0,           0,         378,       -13.7948204,      -11.31988999,      -11.32554771,      -8.286794788
          0,           0,         379,      -13.83350686,      -11.33378895,      -11.34641952,      -8.348046906
          0,           0,         380,      -13.87518226,      -11.35665321,       -11.4394066,      -8.351185449
          0,           0,         381,      -13.88646776,      -11.36909867,      -11.52075397,      -8.439646001
          0,           0,         382,        -13.787028,      -11.16156892,      -11.38354023,      -8.269700818
          0,           0,         383,      -13.82693647,      -11.35222803,      -11.50269882,      -8.366665475
          0,           0,         384,      -13.88831519,      -11.35407874,      -11.41691774,      -8.409158322
          0,           0,         385,      -13.85742574,      -11.41422124,      -11.50505492,      -8.433682816
          0,           0,         386,      -13.84964613,      -11.33334745,      -11.39613202,      -8.342685748
          0,           0,         387,      -13.93233311,      -11.31317689,      -11.55794134,      -8.441207687
          0,           0,         388,       -13.8324439,      -11.41103867,       -11.2770416,      -8.338462557
          0,           0,         389,      -13.75399116,      -11.07074193,      -11.37943322,      -8.155969197
          0,           0,         390,      -13.88841525,       -11.4065511,      -11.53693753,      -8.402109126
          0,           0,         391,      -13.83827391,      -11.28065174,      -11.38468683,      -8.318158745
          0,           0,         392,      -13.86726579,      -11.33655656,      -11.40122187,      -8.389391094
          0,           0,         393,      -13.67154518,      -11.15442779,      -11.37654416,       -8.26925426
          0,           0,         394,      -13.80050584,      -11.29334095,      -11.34301499,      -8.297614762
          0,           0,         395,      -13.87190591,      -11.36309993,      -11.57675826,      -8.381666869
          0,           0,         396,      -13.77867394,      -11.20533297,      -11.45861182,      -8.246571171
          0,           0,         397,      -13.68802573,      -11.28199056,      -11.17074658,      -8.213731588
          0,           0,         398,      -13.86727666,      -11.43819072,      -11.41011316,      -8.409765278
          0,           0,         399,      -13.88020231,      -11.38785676,      -11.43958103,      -8.443356057
          0,           0,         400,        -13.941341,      -11.27651873,      -11.39510677,      -8.383135143
          0,           0,         401,      -13.83191153,      -11.40044424,       -11.2728271,      -8.346074464
          0,           0,         402,      -13.84899267,      -11.38359324,      -11.42662934,      -8.397341367
          0,           0,         403,      -13.92875374,       -11.4046635,      -11.51089334,      -8.436118433
          0,           0,         404,       -13.7520112,      -11.08906865,      -11.50039658,      -8.266686077
          0,           0,         405,       -13.8398931,       -11.2935476,      -11.36967526,       -8.36002202
          0,           0,         406,      -13.73009554,       -11.1449636,      -11.34125548,      -8.213090022
          0,           0,         407,      -13.82460487,      -11.23522552,      -11.47556586,      -8.282420796
          0,           0,         408,      -13.79518586,      -11.19422914,      -11.36410958,      -8.248462059
          0,           0,         409,      -13.73751071,      -11.27397728,      -11.35939388,      -8.266769275
          0,           0,         410,      -13.78874581,      -11.25540286,      -11.37977491,      -8.322054231
          0,           0,         411,      -13.71827017,       -11.2125529,      -11.39582571,      -8.328312385
          0,           0,         412,      -13.94885669,      -11.41724335,      -11.50274468,      -8.449764837
          0,           0,         413,      -13.86389332,      -11.41924358,      -11.42258737,      -8.406225026
          0,           0,         414,      -13.86254583,      -11.42229088,       -11.3778503,      -8.410827636
          0,           0,         415,      -13.72639678,      -11.30843501,      -11.23592578,      -8.272644685
          0,           0,         416,      -13.65711334,        -11.229381,       -11.1611238,      -8.172506273
          0,           0,         417,      -13.74532856,      -11.21455956,      -11.40629304,      -8.221400624
          0,           0,         418,      -13.79794075,      -11.17855371,      -11.36734978,      -8.257051692
          0,           0,         419,      -13.75763527,      -11.32383748,      -11.25009003,      -8.279757069
          0,           0,         420,      -13.62923794,      -11.12878941,      -11.17772924,      -8.169603882
          0,           0,         421,      -13.76544474,      -11.25861663,       -11.3893971,       -8.27607053
          0,           0,         422,      -13.91622382,      -11.31249016,      -11.39548553,      -8.468858403
          0,           0,         423,      -13.85571049,      -11.38942063,      -11.40581139,      -8.419532444
          0,           0,         424,      -13.74049456,      -11.32869757,      -11.23176685,      -8.257095145
          0,           0,         425,      -13.75049683,      -11.16361342,      -11.30814462,      -8.269696035
          0,           0,         426,      -13.78433858,      -11.31423173,      -11.35275106,      -8.299134321
          0,           0,         427,      -13.95720489,       -11.4817262,      -11.58937588,      -8.511110934
          0,           0,         428,      -13.77146202,      -11.29871547,      -11.39657038,      -8.297671376
          0,           0,         429,      -13.95131817,      -11.35956866,      -11.47397696,      -8.411435862
          0,           0,         430,      -13.67046406,      -11.10472306,      -11.33413755,      -8.225278952
          0,           0,         431,      -13.73865498,      -11.21529727,      -11.30030866,      -8.228960004
          0,           0,         432,      -13.80653419,      -11.23132826,      -11.38143507,       -8.30759438
          0,           0,         433,      -13.78043709,       -11.4163931,       -11.3495469,      -8.346215908
          0,           0,         434,      -13.82832233,      -11.31946026,      -11.44321997,      -8.322598539
          0,           0,         435,      -13.81479797,      -11.28957441,      -11.42676993,      -8.304772248
          0,           0,         436,      -13.72826717,      -11.32306943,      -11.35380788,      -8.284296804
          0,           0,         437,      -13.71231356,      -11.04250813,      -11.35466657,      -8.214302742
          0,           0,         438,      -13.72426228,      -11.22389583,      -11.23724018,      -8.262471425
          0,           0,         439,      -13.71296744,      -11.27536865,      -11.32127284,      -8.274701347
          0,           0,         440,      -13.78408408,      -11.37502441,      -11.44741461,      -8.345219412
          0,           0,         441,      -13.85173988,      -11.33157595,      -11.40243478,      -8.384468866
          0,           0,         442,      -13.76691074,      -11.30922622,      -11.27773867,      -8.305048823
          0,           0,         443,      -13.63032103,      -11.17737515,      -11.13194878,      -8.122693645
          0,           0,         444,      -13.76440453,      -11.38144575,      -11.28259537,      -8.296111484
          0,           0,         445,      -13.76423801,      -11.36885556,      -11.28500146,      -8.291527398
          0,           0,         446,      -13.73909454,      -11.19081097,      -11.46850781,      -8.300838651
          0,           0,         447,      -13.76714225,      -11.09593062,       -11.4001867,      -8.246404388
          0,           0,         448,      -13.78355473,      -11.21889479,      -11.53684136,      -8.305798869
          0,           0,         449,       -13.8561426,      -11.23402877,      -11.47891138,      -8.332855055
          0,           0,         450,       -13.7892961,      -11.23462107,      -11.41480867,      -8.305779932
          0,           0,         451,      -13.69346538,      -11.09733672,      -11.32661604,      -8.162267933
          0,           0,         452,      -13.70500044,        -11.265732,      -11.31502899,      -8.240116541
          0,           0,         453,       -13.7974027,      -11.22042429,       -11.4521855,      -8.238103237
          0,           0,         454,      -13.70613338,      -11.33454702,      -11.43683147,       -8.26703989
          0,           0,         455,      -13.62499273,      -10.99927282,      -11.42404618,      -8.108594155
          0,           0,         456,      -13.66829943,      -11.11068492,      -11.34336661,      -8.148342049
          0,           0,         457,       -13.8415625,      -11.32053506,      -11.49078871,       -8.35891702
          0,           0,         458,      -13.77680401,       -11.3671067,      -11.36882926,      -8.317720814
          0,           0,         459,      -13.80304463,      -11.37112583,      -11.38530333,      -8.352309929
          0,           0,         460,      -13.90050907,      -11.43061535,      -11.49654544,      -8.432484313
          0,           0,         461,      -13.92403189,      -11.35373719,      -11.44690103,      -8.423575885
          0,           0,         462,      -13.79623895,      -11.32815969,       -11.3415195,      -8.353986851
          0,           0,         463,      -13.68592867,      -11.20447121,      -11.33632551,      -8.227097806
          0,           0,         464,      -13.88349675,      -11.27390584,      -11.48288006,      -8.370011842
          0,           0,         465,      -13.83815693,      -11.28102246,      -11.44775667,       -8.32620514
          0,           0,         466,      -13.72778053,      -11.19970068,      -11.32531967,      -8.248268881
          0,           0,         467,      -13.73868711,      -11.14447187,      -11.25047775,      -8.204000233
          0,           0,         468,      -13.87819492,      -11.25176714,      -11.42758997,       -8.28402888
          0,           0,         469,      -13.85537419,      -11.35871073,       -11.3994187,      -8.368413127
          0,           0,         470,      -13.63920409,      -11.12245732,      -11.28487712,      -8.181652674
          0,           0,         471,      -13.66939422,      -11.00271299,      -11.34191874,       -8.06975085
          0,           0,         472,      -13.85078564,      -11.35149584,      -11.31097017,      -8.367154531
          0,           0,         473,      -13.71344817,      -11.27886947,      -11.33537223,      -8.308155819
          0,           0,         474,      -13.74911457,      -11.27637139,      -11.32804936,      -8.270843415
          0,           0,         475,      -13.91481783,      -11.37359204,       -11.3879013,      -8.416636391
          0,           0,         476,      -13.77958993,      -11.40078431,      -11.32459834,      -8.343697103
          0,           0,         477,      -13.76992966,       -11.3393579,      -11.30478779,      -8.352483626
          0,           0,         478,      -13.72728079,      -11.15258738,      -11.36839496,      -8.242610817
          0,           0,         479,      -13.75069088,      -11.32322902,      -11.33356454,      -8.328534714
          0,           0,         480,      -13.83870582,      -11.42667655,      -11.31778504,      -8.383340589
          0,           0,         481,      -13.87563237,      -11.42308388,      -11.38124701,      -8.390838521
          0,           0,         482,      -13.76097547,      -11.29904097,       -11.4096027,      -8.297283625
          0,           0,         483,      -13.70079981,        -11.243824,      -11.20177242,      -8.235804894
          0,           0,         484,      -13.77062737,      -11.34951411,      -11.43182559,      -8.340573851
          0,           0,         485,       -13.6403009,      -11.26531623,      -11.17072434,        -8.1958003
          0,           0,         486,      -13.72434406,      -11.31670414,      -11.42302441,      -8.285256095
          0,           0,         487,       -13.7884049,      -11.38445711,      -11.35242507,      -8.328497924
          0,           0,         488,      -13.59294812,      -10.86181467,      -11.33398357,      -8.013246227
          0,           0,         489,      -13.78887446,      -11.31670564,      -11.30560299,      -8.363987537
          0,           0,         490,      -13.68991083,      -11.15228092,       -11.3076092,      -8.208661702
          0,           0,         491,      -13.71047647,      -11.30848525,      -11.28663532,      -8.230212224
          0,           0,         492,      -13.71398092,      -11.12828216,      -11.31147387,      -8.197757209
          0,           0,         493,      -13.72933847,       -11.1826847,       -11.3713502,      -8.220665925
          0,           0,         494,      -13.82119883,      -11.33380526,      -11.43978783,       -8.37887917
          0,           0,         495,      -13.85069098,      -11.35588885,      -11.43009448,      -8.407961854
          0,           0,         496,      -13.69570175,      -11.08393442,      -11.26815795,      -8.164417645
          0,           0,         497,      -13.76987888,      -11.25391086,      -11.33901349,      -8.290445981
          0,           0,         498,       -13.7345457,      -11.18722155,      -11.33256887,      -8.202458999
          0,           0,         499,       -13.7387424,      -11.26882306,      -11.36464878,      -8.302417747
          0,           0,         500,      -13.72926207,      -11.08076555,      -11.48206519,      -8.187224986
          0,           0,         501,      -13.85731594,      -11.26313841,      -11.47714462,      -8.296645363
          0,           0,         502,      -13.80464502,      -11.29770482,      -11.35210442,      -8.330871559
          0,           0,         503,      -13.91230157,      -11.38357686,      -11.59988251,      -8.429766486
          0,           0,         504,      -13.75996054,      -11.35235076,      -11.25066842,      -8.296731031
          0,           0,         505,      -13.86885614,      -11.30521949,      -11.44226962,      -8.369424889
          0,           0,         506,      -13.78634653,      -11.31083843,      -11.42653339,      -8.292639455
          0,           0,         507,      -13.77689996,      -11.28786695,      -11.26580147,      -8.301192388
          0,           0,         508,       -13.7381602,      -11.16632655,      -11.50165317,      -8.325092993
          0,           0,         509,      -13.68754601,      -11.03665275,      -11.30713363,      -8.120962176
          0,           0,         510,      -13.81627609,      -11.22705207,       -11.4008385,      -8.277075132
          0,           0,         511,      -13.82041627,      -11.29836828,      -11.43150352,      -8.342417633
          0,           0,         512,      -13.82440508,      -11.22324023,      -11.43866865,      -8.355077869
          0,           0,         513,      -13.74957888,       -11.3495862,      -11.34796093,      -8.351101139
          0,           0,         514,      -13.80379261,      -11.28179194,      -11.36423137,      -8.294732694
          0,           0,         515,      -13.83169228,       -11.3734082,      -11.34854733,        -8.3945293
          0,           0,         516,      -13.87176193,      -11.33061132,      -11.42036717,      -8.395912894
          0,           0,         517,      -13.82629032,      -11.32678076,      -11.40854011,      -8.338022455
          0,           0,         518,      -13.76080746,      -11.26009275,      -11.56137434,      -8.260921083
          0,           0,         519,      -13.75978232,      -11.20540773,       -11.3074835,      -8.281658222
          0,           0,         520,      -13.72260641,      -11.32598699,      -11.27457748,      -8.272882176
          0,           0,         521,      -13.74701723,      -11.32524619,      -11.47626312,      -8.312140031
          0,           0,         522,      -13.95878417,      -11.35555832,        -11.483516,      -8.463634951
          0,           0,         523,      -13.69642323,      -11.29030304,      -11.26574453,        -8.2638158
          0,           0,         524,      -13.82372418,      -11.24221328,      -11.40833377,       -8.27232471
          0,           0,         525,      -13.86670706,      -11.31702322,      -11.45300711,      -8.365587979
          0,           0,         526,      -13.79425104,      -11.22304661,      -11.33135945,       -8.29740057
          0,           0,         527,      -13.74128367,      -11.30398485,      -11.28136791,      -8.282283635
          0,           0,         528,      -13.83535232,      -11.24695708,      -11.43480622,      -8.352857183
          0,           0,         529,      -13.79857305,      -11.26808141,      -11.35859444,      -8.273247955
          0,           0,         530,      -13.69492386,       -11.3049542,      -11.21615823,      -8.258675821
          0,           0,         531,      -13.81048969,      -11.31182364,      -11.40639238,      -8.352696448
          0,           0,         532,      -13.73462268,      -11.11028036,      -11.47415071,      -8.200577522
          0,           0,         533,      -13.72681088,      -11.25902026,       -11.3144618,      -8.232686139
          0,           0,         534,      -13.85239059,      -11.27689909,      -11.40813394,      -8.348542289
          0,           0,         535,       -13.8256427,      -11.27413548,      -11.41076277,      -8.391353729
          0,           0,         536,      -13.67280297,      -11.26166708,      -11.17544359,      -8.214700267
          0,           0,         537,        -13.819124,      -11.24241932,        -11.426333,      -8.259747559
          0,           0,         538,      -13.80021335,      -11.32090401,      -11.29238034,      -8.349861242
          0,           0,         539,       -13.8225326,      -11.40765377,      -11.31062316,      -8.368977461
          0,           0,         540,      -13.71323171,      -11.20182709,      -11.28846574,      -8.239384315
          0,           0,         541,      -13.85086409,      -11.37905956,      -11.41571301,      -8.385712612
          0,           0,         542,      -13.71369506,      -11.22539016,      -11.25408697,      -8.255281227
          0,           0,         543,      -13.78392009,      -11.30940951,      -11.36989996,       -8.30099227
          0,           0,         544,      -13.71822826,      -11.16781301,      -11.40059635,      -8.211286372
          0,           0,         545,      -13.69369698,      -11.14451471,      -11.51162162,      -8.270146557
          0,           0,         546,      -13.83983526,      -11.25583498,      -11.39239415,      -8.314627062
          0,           0,         547,      -13.76069991,      -11.30164861,      -11.42365637,      -8.340725917
          0,           0,         548,      -13.94418438,      -11.43570314,      -11.49335471,      -8.492937445
          0,           0,         549,      -13.76655468,      -11.33708412,      -11.29252104,      -8.307940153
          0,           0,         550,      -13.72645958,       -11.2312597,      -11.35342172,      -8.259449683
          0,           0,         551,      -13.63890118,      -11.20197401,      -11.21873136,      -8.154169638
          0,           0,         552,      -13.74543101,      -11.28562522,      -11.27644949,      -8.276271948
          0,           0,         553,      -13.78294302,      -11.23737738,        -11.316557,      -8.305678214
          0,           0,         554,      -13.73986081,      -11.27541019,      -11.44343369,      -8.307797459
          0,           0,         555,      -13.78012086,      -11.37564453,      -11.42025516,      -8.339535829
          0,           0,         556,      -13.66714864,      -10.99773629,      -11.43516097,      -8.163483885
          0,           0,         557,      -13.74155532,      -11.28052177,      -11.26781166,      -8.286456149
          0,           0,         558,      -13.82252387,      -11.34558476,      -11.41830948,      -8.342177187
          0,           0,         559,      -13.82191546,      -11.39223978,      -11.35599982,      -8.358007387
          0,           0,         560,      -13.88147621,      -11.37657928,       -11.4217468,       -8.40982608
          0,           0,         561,      -13.79550225,      -11.22483628,      -11.38677597,      -8.319901792
          0,           0,         562,      -13.68660122,      -11.23057604,      -11.27971361,       -8.19733805
          0,           0,         563,      -13.72598854,      -11.26523431,      -11.26682476,      -8.241260923
          0,           0,         564,      -13.92062881,       -11.3269083,       -11.5041396,      -8.455849791
          0,           0,         565,      -13.61683242,      -10.99147121,      -11.40899415,      -8.145038402
          0,           0,         566,       -13.9025296,      -11.32745637,      -11.55492639,      -8.438332905
          0,           0,         567,      -13.78003875,      -11.30255301,      -11.43040833,      -8.334330896
          0,           0,         568,      -13.80684777,      -11.33986158,      -11.34116829,      -8.365393285
          0,           0,         569,      -13.82471126,      -11.37614078,       -11.3170554,      -8.338711904
          0,           0,         570,      -13.73503969,       -11.2800403,      -11.28232128,      -8.258074096
          0,           0,         571,      -13.76830911,      -11.32120145,      -11.43965981,      -8.399282509
          0,           0,         572,      -13.69243952,      -11.16392527,      -11.26285401,      -8.214030267
          0,           0,         573,      -13.80293899,      -11.40685326,       -11.4134469,      -8.370092405
          0,           0,         574,      -13.76341049,      -11.25291941,      -11.29608519,      -8.287292135
          0,           0,         575,      -13.89337869,      -11.29983915,      -11.33859135,      -8.357222391
          0,           0,         576,      -13.81852185,      -11.31256351,      -11.50568034,      -8.300854115
          0,           0,         577,      -13.81888841,      -11.18486231,       -11.3214766,      -8.240251816
          0,           0,         578,      -13.77980948,       -11.2639026,      -11.31437897,         -8.304049
          0,           0,         579,      -13.92207701,      -11.32741241,      -11.42460706,      -8.452841632
          0,           0,         580,      -13.75380523,      -11.08761229,      -11.36826832,       -8.14966743
          0,           0,         581,      -13.73237888,      -11.17135144,      -11.31683523,      -8.206972443
          0,           0,         582,      -13.79239315,      -11.31283847,      -11.41118844,       -8.35637471
          0,           0,         583,      -13.87758419,      -11.35938299,      -11.47712596,      -8.410350218
          0,           0,         584,      -13.90539297,      -11.47305923,      -11.43753197,      -8.450862907
          0,           0,         585,      -13.95552833,      -11.43837537,      -11.45292149,      -8.466246604
          0,           0,         586,      -13.82397794,      -11.28321327,      -11.44523793,      -8.331721539
          0,           0,         587,      -13.91974678,      -11.31534357,      -11.49296243,      -8.408782099
          0,           0,         588,      -13.76223838,      -11.11627889,      -11.37664782,       -8.22189929
          0,           0,         589,      -13.79932823,      -11.19447749,      -11.45949886,      -8.365194545
          0,           0,         590,      -13.66787368,      -11.10644791,      -11.25066309,      -8.163043111
          0,           0,         591,      -13.81865393,      -11.34890839,      -11.33045159,      -8.308536831
          0,           0,         592,      -13.82150141,      -11.33289428,      -11.38919991,      -8.376960375
          0,           0,         593,      -13.80830719,      -11.28795622,      -11.42139304,      -8.335613935
          0,           0,         594,      -13.73232553,      -11.38659959,      -11.25150879,      -8.272811574
          0,           0,         595,      -13.63674739,      -11.23277592,      -11.22907953,        -8.1891487
          0,           0,         596,      -13.99435507,        -11.429789,      -11.63129962,      -8.474956813
          0,           0,         597,      -13.72370688,      -11.12496402,      -11.35136127,      -8.185740049
          0,           0,         598,      -13.69778016,      -11.20767374,      -11.31659241,      -8.217770014
          0,           0,         599,      -13.76383556,      -11.30476373,      -11.35756015,      -8.299157539
          0,           0,         600,       -13.8064901,       -11.2304095,      -11.37495887,       -8.26149355
