VARIABLES = \
"Time_Iter","Outer_Iter","Inner_Iter",    "rms[Rho]"    ,    "rms[RhoU]"   ,    "rms[RhoV]"   ,    "rms[RhoE]"   
          0,           0,           0,      -0.888833699,       1.330773471,       1.623843995,       4.570794504
          0,           0,           1,     -0.8934264308,       1.407606355,       1.620598765,       4.570069856
          0,           0,           2,      -1.097400807,       1.262008256,       1.368430331,       4.367746334
          0,           0,           3,      -1.310744812,       1.165390317,       1.145947174,       4.158282638
          0,           0,           4,      -1.495463821,       1.024584103,      0.9848914441,       3.977121816
          0,           0,           5,      -1.645295154,      0.9403999473,       0.838300415,       3.827717181
          0,           0,           6,      -1.802184998,      0.8787986637,       0.662680252,       3.673790694
          0,           0,           7,      -1.953362424,      0.8099400144,      0.5067379158,       3.525607129
          0,           0,           8,      -2.097114148,      0.7289449085,      0.4057585246,        3.38545716
          0,           0,           9,      -2.237869616,      0.6523075466,      0.3197664419,       3.250499029
          0,           0,          10,      -2.352984173,      0.5884667782,      0.2200312403,       3.141773272
          0,           0,          11,      -2.436876027,      0.5321734137,      0.1138593968,        3.06418309
          0,           0,          12,       -2.51534936,      0.4755293283,     0.01784558299,       2.994314137
          0,           0,          13,      -2.600850074,      0.4154768582,    -0.06307929378,       2.920189401
          0,           0,          14,      -2.688606378,      0.3526795869,     -0.1357240155,       2.843974331
          0,           0,          15,      -2.773979176,       0.288581792,     -0.2067186276,       2.767887412
          0,           0,          16,      -2.857805207,        0.22433537,     -0.2787992013,       2.691201406
          0,           0,          17,      -2.941271091,      0.1608986913,     -0.3528025068,        2.61382134
          0,           0,          18,      -3.022781432,     0.09921928249,      -0.428554158,       2.537570149
          0,           0,          19,      -3.099725881,     0.04005598109,     -0.5050366015,       2.464509812
          0,           0,          20,      -3.170641966,    -0.01630197632,     -0.5807255103,       2.395599606
          0,           0,          21,      -3.235280506,    -0.07007215919,     -0.6543857751,       2.330917928
          0,           0,          22,      -3.293889896,     -0.1217810787,     -0.7253606267,       2.270342204
          0,           0,          23,      -3.347017254,     -0.1720221563,     -0.7932621397,       2.213713024
          0,           0,          24,      -3.395642687,     -0.2213117584,     -0.8576452861,        2.16065894
          0,           0,          25,      -3.441077719,     -0.2700540963,      -0.918126802,        2.11049728
          0,           0,          26,      -3.484649917,     -0.3185586226,     -0.9747432874,       2.062344587
          0,           0,          27,      -3.527351682,     -0.3670647616,      -1.027760233,        2.01538161
          0,           0,          28,      -3.569817254,     -0.4157491411,      -1.077649682,       1.968961478
          0,           0,          29,      -3.612417597,     -0.4647305869,      -1.124970485,       1.922641792
          0,           0,          30,      -3.655346565,     -0.5140768135,      -1.170353033,       1.876154273
          0,           0,          31,      -3.698659696,     -0.5638125266,      -1.214411596,       1.829379067
          0,           0,          32,      -3.742307738,     -0.6139257125,      -1.257633848,       1.782325454
          0,           0,          33,      -3.786201047,      -0.664380965,      -1.300361167,       1.735076908
          0,           0,          34,      -3.830258363,     -0.7151346011,       -1.34283071,       1.687733183
          0,           0,          35,      -3.874437889,     -0.7661390702,      -1.385210983,       1.640369405
          0,           0,          36,      -3.918717472,     -0.8173527403,       -1.42762324,       1.593040779
          0,           0,          37,      -3.963130385,     -0.8687335604,       -1.47015646,        1.54574853
          0,           0,          38,      -4.007716296,     -0.9202377355,      -1.512857761,       1.498476508
          0,           0,          39,      -4.052486962,      -0.971817522,      -1.555732981,        1.45122571
          0,           0,          40,      -4.097437435,      -1.023424378,      -1.598764667,       1.404005672
          0,           0,          41,      -4.142555905,      -1.075005798,      -1.641919525,         1.3568271
          0,           0,          42,      -4.187811749,      -1.126504885,      -1.685151152,       1.309715211
          0,           0,          43,      -4.233153768,      -1.177861982,      -1.728405637,       1.262712898
          0,           0,          44,      -4.278520469,      -1.229016153,      -1.771628984,       1.215871623
          0,           0,          45,      -4.323841525,      -1.279907317,      -1.814765966,       1.169250106
          0,           0,          46,      -4.369061277,      -1.330479132,      -1.857771533,       1.122893325
          0,           0,          47,      -4.414137975,      -1.380681953,      -1.900617014,       1.076833296
          0,           0,          48,      -4.459038914,      -1.430472398,      -1.943284122,       1.031092235
          0,           0,          49,      -4.503736115,      -1.479813363,      -1.985758532,       0.985687501
          0,           0,          50,      -4.548193322,      -1.528676417,      -2.028082342,      0.9406451898
          0,           0,          51,      -4.592446838,      -1.577052659,      -2.070143044,      0.8959261435
          0,           0,          52,      -4.636507874,      -1.624932517,      -2.111992894,      0.8515093562
          0,           0,          53,      -4.680347439,      -1.672305708,      -2.153643102,      0.8074132558
          0,           0,          54,       -4.72395154,      -1.719171269,      -2.195093234,      0.7636449719
          0,           0,          55,      -4.767323269,      -1.765538575,      -2.236357411,      0.7201954962
          0,           0,          56,      -4.810472075,      -1.811427565,      -2.277457537,       0.677049266
          0,           0,          57,      -4.853410735,      -1.856860727,      -2.318413225,       0.634185962
          0,           0,          58,      -4.896152581,      -1.901863813,      -2.359242506,      0.5915846931
          0,           0,          59,      -4.938715089,      -1.946465462,      -2.399963637,      0.5492209195
          0,           0,          60,      -4.981115205,       -1.99069534,      -2.440593214,      0.5070705924
          0,           0,          61,      -5.023367551,      -2.034584833,      -2.481146659,      0.4651125318
          0,           0,          62,      -5.065488871,      -2.078165112,      -2.521638015,      0.4233237349
          0,           0,          63,      -5.107496556,      -2.121468362,      -2.562082275,      0.3816810753
          0,           0,          64,      -5.149408805,      -2.164525965,       -2.60249277,      0.3401613081
          0,           0,          65,      -5.191242524,      -2.207367727,      -2.642881449,      0.2987429865
          0,           0,          66,       -5.23301352,      -2.250021966,      -2.683258895,      0.2574062632
          0,           0,          67,      -5.274736308,      -2.292515281,      -2.723634753,      0.2161330474
          0,           0,          68,      -5.316423932,      -2.334872202,      -2.764017697,      0.1749071738
          0,           0,          69,      -5.358088003,      -2.377115135,      -2.804415394,      0.1337143166
          0,           0,          70,      -5.399738594,      -2.419264312,      -2.844834656,     0.09254206929
          0,           0,          71,      -5.441384395,      -2.461337693,      -2.885281064,     0.05137975413
          0,           0,          72,      -5.483033439,      -2.503351391,      -2.925759124,     0.01021763878
          0,           0,          73,      -5.524692869,      -2.545319817,      -2.966273009,    -0.03095280663
          0,           0,          74,      -5.566368545,      -2.587255555,      -3.006826249,     -0.0721385769
          0,           0,          75,      -5.608065511,      -2.629169604,      -3.047421516,       -0.11334564
          0,           0,          76,      -5.649788321,      -2.671071619,      -3.088060889,     -0.1545792659
          0,           0,          77,       -5.69154103,      -2.712970034,      -3.128746157,     -0.1958440498
          0,           0,          78,      -5.733327121,      -2.754872158,      -3.169478888,     -0.2371438783
          0,           0,          79,      -5.775149496,       -2.79678429,      -3.210260333,     -0.2784819574
          0,           0,          80,      -5.817010527,      -2.838711825,      -3.251091376,     -0.3198608814
          0,           0,          81,      -5.858912113,      -2.880659349,       -3.29197258,     -0.3612827003
          0,           0,          82,       -5.90085587,      -2.922630341,      -3.332903577,     -0.4027491691
          0,           0,          83,      -5.942843185,      -2.964626885,       -3.37388314,     -0.4442617891
          0,           0,          84,      -5.984873644,      -3.006652583,      -3.414914466,     -0.4858199732
          0,           0,          85,      -6.026947063,      -3.048709377,      -3.455996548,     -0.5274236863
          0,           0,          86,      -6.069063183,      -3.090798214,      -3.497128771,     -0.5690724867
          0,           0,          87,      -6.111222532,      -3.132920699,      -3.538310865,     -0.6107666664
          0,           0,          88,      -6.153425094,      -3.175078241,      -3.579542095,     -0.6525063567
          0,           0,          89,      -6.195669979,      -3.217271588,      -3.620821874,     -0.6942907462
          0,           0,          90,      -6.237956002,      -3.259501088,      -3.662149536,       -0.73611867
          0,           0,          91,      -6.280282069,      -3.301766867,      -3.703524376,     -0.7779889884
          0,           0,          92,      -6.322647358,      -3.344068945,      -3.744945719,     -0.8199007897
          0,           0,          93,      -6.365051197,      -3.386407238,      -3.786412976,     -0.8618532893
          0,           0,          94,      -6.407492851,      -3.428781515,      -3.827925633,     -0.9038456391
          0,           0,          95,      -6.449971447,      -3.471191394,      -3.869483206,     -0.9458768543
          0,           0,          96,      -6.492486002,       -3.51363638,      -3.911085237,     -0.9879458525
          0,           0,          97,      -6.535035497,      -3.556115925,      -3.952731283,      -1.030051521
          0,           0,          98,      -6.577618893,      -3.598629429,      -3.994420915,      -1.072192737
          0,           0,          99,      -6.620235097,      -3.641176252,      -4.036153705,      -1.114368341
          0,           0,         100,      -6.662882966,      -3.683755691,      -4.077929211,      -1.156577131
          0,           0,         101,      -6.705561301,      -3.726366971,      -4.119746944,      -1.198817863
          0,           0,         102,      -6.748268865,      -3.769009253,      -4.161606399,      -1.241089258
          0,           0,         103,      -6.791004411,       -3.81168163,      -4.203507047,      -1.283390034
          0,           0,         104,      -6.833766643,      -3.854383125,      -4.245448367,      -1.325718868
          0,           0,         105,      -6.876554251,      -3.897112704,      -4.287429859,      -1.368074415
          0,           0,         106,      -6.919365872,      -3.939869283,      -4.329451039,      -1.410455292
          0,           0,         107,      -6.962200155,      -3.982651742,      -4.371511451,      -1.452860128
          0,           0,         108,      -7.005055761,      -4.025458945,      -4.413610657,      -1.495287562
          0,           0,         109,      -7.047931381,      -4.068289739,      -4.455748256,      -1.537736267
          0,           0,         110,      -7.090825763,      -4.111142975,       -4.49792385,      -1.580204977
          0,           0,         111,      -7.133737705,      -4.154017506,      -4.540137077,      -1.622692476
          0,           0,         112,      -7.176666018,      -4.196912174,      -4.582387578,      -1.665197556
          0,           0,         113,      -7.219609578,      -4.239825824,      -4.624675021,      -1.707719089
          0,           0,         114,      -7.262567255,      -4.282757293,      -4.666999085,      -1.750255929
          0,           0,         115,      -7.305537953,      -4.325705408,      -4.709359429,      -1.792806965
          0,           0,         116,      -7.348520624,      -4.368668998,      -4.751755777,      -1.835371145
          0,           0,         117,       -7.39151418,      -4.411646896,      -4.794187801,      -1.877947383
          0,           0,         118,      -7.434517623,      -4.454637926,      -4.836655224,      -1.920534669
          0,           0,         119,      -7.477529997,      -4.497640954,       -4.87915779,      -1.963132055
          0,           0,         120,      -7.520550326,      -4.540654836,      -4.921695197,      -2.005738562
          0,           0,         121,      -7.563577753,      -4.583678467,      -4.964267221,      -2.048353334
          0,           0,         122,      -7.606611493,      -4.626710759,      -5.006873649,      -2.090975602
          0,           0,         123,       -7.64965074,      -4.669750644,      -5.049514205,      -2.133604546
          0,           0,         124,      -7.692694886,      -4.712797088,      -5.092188739,      -2.176239549
          0,           0,         125,      -7.735743139,      -4.755849113,      -5.134897099,      -2.218879858
          0,           0,         126,      -7.778795067,      -4.798905717,      -5.177638992,      -2.261525017
          0,           0,         127,       -7.82185003,      -4.841966005,      -5.220414358,      -2.304174401
          0,           0,         128,      -7.864907705,      -4.885029069,      -5.263223052,      -2.346827681
          0,           0,         129,      -7.907967422,       -4.92809406,      -5.306064881,      -2.389484227
          0,           0,         130,      -7.951029107,      -4.971160169,      -5.348939743,      -2.432143919
          0,           0,         131,      -7.994092442,      -5.014226632,      -5.391847492,      -2.474806484
          0,           0,         132,      -8.037156998,       -5.05729276,      -5.434788174,       -2.51747151
          0,           0,         133,      -8.080222957,       -5.10035791,      -5.477761637,      -2.560139171
          0,           0,         134,      -8.123290082,      -5.143421425,      -5.520767829,      -2.602809257
          0,           0,         135,      -8.166358357,      -5.186482781,      -5.563806682,      -2.645481766
          0,           0,         136,      -8.209427734,       -5.22954146,      -5.606878243,      -2.688156587
          0,           0,         137,      -8.252498567,      -5.272597048,      -5.649982344,      -2.730834204
          0,           0,         138,       -8.29557081,      -5.315649165,      -5.693119265,      -2.773514516
          0,           0,         139,      -8.338644849,       -5.35869747,      -5.736288796,      -2.816197976
          0,           0,         140,      -8.381720947,      -5.401741667,      -5.779491162,      -2.858884784
          0,           0,         141,      -8.424799249,      -5.444781574,      -5.822726286,      -2.901575246
          0,           0,         142,      -8.467880579,      -5.487817015,      -5.865994262,       -2.94427003
          0,           0,         143,      -8.510965093,      -5.530848052,      -5.909295527,      -2.986969501
          0,           0,         144,      -8.554053392,      -5.573874343,      -5.952629602,       -3.02967407
          0,           0,         145,      -8.597145918,      -5.616896016,      -5.995996864,      -3.072384469
          0,           0,         146,      -8.640243359,      -5.659913241,      -6.039397443,      -3.115101178
          0,           0,         147,      -8.683346239,      -5.702926197,      -6.082831785,      -3.157825108
          0,           0,         148,      -8.726455623,      -5.745934927,      -6.126299777,      -3.200556982
          0,           0,         149,      -8.769571906,      -5.788939536,      -6.169801266,       -3.24329727
          0,           0,         150,      -8.812695901,      -5.831940537,      -6.213336876,      -3.286047005
          0,           0,         151,      -8.855827823,      -5.874938066,      -6.256906581,      -3.328806725
          0,           0,         152,      -8.898970131,      -5.917932609,      -6.300510549,       -3.37157856
          0,           0,         153,      -8.942120481,      -5.960924655,      -6.344149597,      -3.414360419
          0,           0,         154,      -8.985283066,      -6.003914506,      -6.387823632,      -3.457156196
          0,           0,         155,      -9.028456051,      -6.046902507,      -6.431531404,      -3.499965221
          0,           0,         156,       -9.07164321,      -6.089889456,       -6.47527506,       -3.54279006
          0,           0,         157,      -9.114841789,      -6.132876076,      -6.519054561,      -3.585628457
          0,           0,         158,      -9.158056173,      -6.175862611,      -6.562868983,      -3.628486019
          0,           0,         159,      -9.201283893,      -6.218849703,      -6.606720368,      -3.671358826
          0,           0,         160,      -9.244529079,      -6.261837611,      -6.650606249,      -3.714251254
          0,           0,         161,      -9.287788211,      -6.304827753,      -6.694528035,      -3.757161953
          0,           0,         162,      -9.331066822,      -6.347821233,      -6.738488387,      -3.800093777
          0,           0,         163,      -9.374366544,      -6.390816638,      -6.782483893,       -3.84305007
          0,           0,         164,        -9.4176796,      -6.433817277,      -6.826516218,      -3.886024169
          0,           0,         165,      -9.461012084,      -6.476821465,      -6.870584444,      -3.929021713
          0,           0,         166,      -9.504368896,      -6.519831711,      -6.914690944,       -3.97204532
          0,           0,         167,      -9.547744267,      -6.562847452,      -6.958833442,      -4.015092946
          0,           0,         168,      -9.591142815,      -6.605871766,      -7.003014047,      -4.058168621
          0,           0,         169,      -9.634556519,      -6.648901536,      -7.047230277,      -4.101265222
          0,           0,         170,      -9.678000426,      -6.691941639,      -7.091486268,      -4.144395939
          0,           0,         171,       -9.72146604,      -6.734989922,      -7.135776817,      -4.187554001
          0,           0,         172,      -9.764947058,      -6.778045702,      -7.180099489,      -4.230733524
          0,           0,         173,      -9.808464252,      -6.821110977,      -7.224465368,      -4.273952483
          0,           0,         174,      -9.851995407,      -6.864189515,      -7.268865868,      -4.317195374
          0,           0,         175,      -9.895554061,      -6.907282912,      -7.313307059,      -4.360473217
          0,           0,         176,      -9.939133181,      -6.950379487,      -7.357774361,      -4.403773514
          0,           0,         177,      -9.982737328,       -6.99349591,      -7.402290717,      -4.447113341
          0,           0,         178,      -10.02636591,      -7.036624916,      -7.446836186,      -4.490486428
          0,           0,         179,       -10.0700268,      -7.079762514,      -7.491403806,      -4.533897682
          0,           0,         180,       -10.1137024,      -7.122920967,      -7.536028401,      -4.577337171
          0,           0,         181,      -10.15740929,      -7.166087228,      -7.580671523,      -4.620810737
          0,           0,         182,      -10.20111838,      -7.209269894,      -7.625348115,      -4.664302065
          0,           0,         183,      -10.24487532,      -7.252473075,      -7.670073284,      -4.707857174
          0,           0,         184,      -10.28865982,       -7.29567961,      -7.714809472,      -4.751442787
          0,           0,         185,      -10.33242163,      -7.338909131,      -7.759584211,      -4.795031091
          0,           0,         186,      -10.37625465,      -7.382157127,      -7.804393358,       -4.83869682
          0,           0,         187,      -10.42006727,      -7.425415468,      -7.849239703,      -4.882357209
          0,           0,         188,      -10.46393338,      -7.468680816,      -7.894077463,      -4.926082952
          0,           0,         189,      -10.50779333,      -7.511970312,      -7.938962216,      -4.969828848
          0,           0,         190,      -10.55170315,      -7.555288474,      -7.983902551,       -5.01363875
          0,           0,         191,       -10.5955782,      -7.598594909,      -8.028813299,      -5.057438174
          0,           0,         192,      -10.63943329,      -7.641933903,      -8.073782299,      -5.101228065
          0,           0,         193,      -10.68341992,      -7.685284857,      -8.118753979,      -5.145168661
          0,           0,         194,      -10.72734019,      -7.728628541,      -8.163695131,      -5.189076094
          0,           0,         195,      -10.77127981,      -7.772014378,      -8.208773921,      -5.233039899
          0,           0,         196,      -10.81522896,      -7.815394006,      -8.253784903,      -5.277008927
          0,           0,         197,      -10.85922249,      -7.858793035,      -8.298804793,      -5.321032047
          0,           0,         198,      -10.90310764,      -7.902199439,      -8.343876554,      -5.365063891
          0,           0,         199,      -10.94707751,      -7.945611768,      -8.388917821,      -5.409129182
          0,           0,         200,      -10.99108182,       -7.98905092,       -8.43398918,      -5.453258128
          0,           0,         201,      -11.03501371,      -8.032464851,      -8.479050853,      -5.497378993
          0,           0,         202,      -11.07891962,      -8.075878141,      -8.524031708,      -5.541495391
          0,           0,         203,      -11.12282335,      -8.119326217,      -8.569106853,      -5.585633756
          0,           0,         204,      -11.16684876,      -8.162762995,      -8.614238687,       -5.62996815
          0,           0,         205,      -11.21060535,      -8.206183527,      -8.659208462,      -5.674005425
          0,           0,         206,      -11.25463786,      -8.249642187,      -8.704296011,      -5.718389531
          0,           0,         207,      -11.29842658,      -8.293042164,      -8.749218357,      -5.762583252
          0,           0,         208,      -11.34226357,       -8.33645655,      -8.794075985,      -5.806863554
          0,           0,         209,      -11.38598524,      -8.379852345,      -8.839198331,      -5.851052989
          0,           0,         210,      -11.42993271,      -8.423263839,      -8.883952823,      -5.895547157
          0,           0,         211,      -11.47368049,      -8.466630339,      -8.928869102,      -5.939826796
          0,           0,         212,      -11.51745938,      -8.510110632,      -8.973965171,      -5.984228127
          0,           0,         213,      -11.56101173,       -8.55343628,      -9.018681126,      -6.028525132
          0,           0,         214,      -11.60456823,      -8.596687683,       -9.06327536,      -6.072820274
          0,           0,         215,      -11.64831291,      -8.640089827,      -9.108124134,      -6.117339608
          0,           0,         216,      -11.69143376,      -8.683197604,      -9.152464257,      -6.161149689
          0,           0,         217,      -11.73520455,      -8.726487474,      -9.197390373,      -6.205753297
          0,           0,         218,      -11.77856128,      -8.769762538,      -9.242077173,      -6.250187038
          0,           0,         219,      -11.82172153,      -8.813247281,       -9.28683724,      -6.294538958
          0,           0,         220,      -11.86573408,      -8.856011577,      -9.330537128,      -6.339300966
          0,           0,         221,      -11.90828666,      -8.899353122,       -9.37534534,      -6.383034961
          0,           0,         222,       -11.9516795,      -8.942141598,      -9.418851154,      -6.427436261
          0,           0,         223,      -11.99452786,      -8.985033211,        -9.4634193,      -6.471719141
          0,           0,         224,      -12.03812938,       -9.02810038,      -9.506593167,      -6.516408902
          0,           0,         225,      -12.07965102,      -9.071042297,      -9.551298194,      -6.560059907
          0,           0,         226,      -12.12288245,      -9.113613058,      -9.594941647,      -6.604380137
          0,           0,         227,      -12.16581793,      -9.156387068,      -9.638156556,      -6.648703878
          0,           0,         228,       -12.2075369,      -9.198916874,      -9.681789708,      -6.691644098
          0,           0,         229,      -12.24920939,       -9.24152317,       -9.72614733,      -6.734995843
          0,           0,         230,      -12.29219296,        -9.2838432,      -9.768346841,      -6.779298466
          0,           0,         231,      -12.33578567,      -9.326590544,      -9.812568385,      -6.824517421
          0,           0,         232,      -12.37700756,      -9.369090683,      -9.855932013,      -6.867880111
          0,           0,         233,      -12.41712113,      -9.410354984,      -9.897548285,      -6.909805493
          0,           0,         234,      -12.46106615,      -9.453257208,      -9.940363037,      -6.955006572
          0,           0,         235,      -12.50271149,      -9.494654816,      -9.984865047,      -6.998187947
          0,           0,         236,      -12.54343606,      -9.537222476,      -10.02623783,      -7.042858155
          0,           0,         237,      -12.58690101,      -9.578655885,      -10.07074243,      -7.085995645
          0,           0,         238,      -12.62809848,       -9.62038385,      -10.10898646,      -7.129537158
          0,           0,         239,      -12.67255495,       -9.66257229,      -10.15194186,      -7.177155134
          0,           0,         240,      -12.70599337,       -9.70241163,      -10.19349619,      -7.210940354
          0,           0,         241,       -12.7511405,      -9.744130391,      -10.23359484,      -7.259306604
          0,           0,         242,      -12.78695339,      -9.784919617,      -10.27715429,      -7.296376443
          0,           0,         243,      -12.83275521,      -9.826267093,      -10.32068149,      -7.344916767
          0,           0,         244,      -12.87573466,      -9.868005174,      -10.35943266,      -7.391359923
          0,           0,         245,      -12.90709106,      -9.906315914,      -10.39712562,      -7.420322511
          0,           0,         246,      -12.94889217,      -9.949018647,      -10.44219308,      -7.467435369
          0,           0,         247,       -12.9886766,       -9.98766334,      -10.47520351,      -7.510968529
          0,           0,         248,      -13.03398976,       -10.0298262,      -10.52256461,      -7.560077916
          0,           0,         249,      -13.06256851,      -10.06653526,      -10.56401366,      -7.589860605
          0,           0,         250,      -13.11346275,       -10.1081719,      -10.59939663,      -7.638068604
          0,           0,         251,      -13.14987271,      -10.14945568,      -10.65021979,      -7.679255586
          0,           0,         252,      -13.19311559,      -10.19192265,      -10.67536904,      -7.721488394
          0,           0,         253,      -13.21552625,      -10.22807925,       -10.7165719,      -7.752019963
          0,           0,         254,       -13.2635254,       -10.2657419,      -10.75924375,      -7.797517927
          0,           0,         255,      -13.27465571,      -10.30493549,      -10.79514459,      -7.811274229
          0,           0,         256,      -13.31951299,       -10.3462688,       -10.8349951,      -7.859522401
          0,           0,         257,      -13.36413004,      -10.38520704,      -10.86714226,      -7.904323601
          0,           0,         258,      -13.38710632,      -10.42495081,      -10.91322146,      -7.939351343
          0,           0,         259,      -13.45414968,      -10.46241656,       -10.9443753,      -7.996396294
          0,           0,         260,      -13.43794911,      -10.49506642,      -10.96619503,      -7.973009698
          0,           0,         261,      -13.49933313,      -10.53728874,      -10.99996991,       -8.04804563
          0,           0,         262,       -13.5438715,      -10.57531693,      -11.04701522,      -8.090503859
          0,           0,         263,      -13.56102436,      -10.60909118,      -11.09022818,      -8.097881632
          0,           0,         264,      -13.62037715,      -10.65060106,      -11.10975241,       -8.14505368
          0,           0,         265,      -13.62424708,       -10.6878855,       -11.1705796,       -8.17649052
          0,           0,         266,      -13.65335185,      -10.72518297,      -11.18694216,      -8.188254612
          0,           0,         267,      -13.65208559,      -10.75251317,      -11.18004742,      -8.159300411
          0,           0,         268,      -13.59493356,       -10.7736656,      -11.16470549,      -8.146181914
          0,           0,         269,      -13.64618045,      -10.78934571,      -11.26269521,      -8.184658564
          0,           0,         270,      -13.74536034,      -10.86180693,      -11.29403447,      -8.288623797
          0,           0,         271,      -13.75274707,      -10.89954611,       -11.2810159,      -8.274854039
          0,           0,         272,      -13.77940502,      -10.92977473,      -11.31516002,      -8.324898538
          0,           0,         273,      -13.74280102,      -10.96721178,      -11.27057601,       -8.27750794
          0,           0,         274,      -13.83008911,      -10.98411658,      -11.33477946,      -8.375151604
          0,           0,         275,      -13.69104725,      -11.01962679,      -11.28455074,      -8.196181076
          0,           0,         276,      -13.84764867,      -11.06732549,      -11.45860476,      -8.407805059
          0,           0,         277,      -13.81051816,      -11.06698499,      -11.45551721,      -8.381501497
          0,           0,         278,      -13.90254641,      -11.12160196,       -11.4658801,      -8.421947381
          0,           0,         279,         -13.85128,      -11.12990741,      -11.41414905,      -8.384363007
          0,           0,         280,      -13.87296312,      -11.19187579,      -11.46392287,      -8.440283651
          0,           0,         281,      -13.76638565,      -11.13023952,      -11.30344392,      -8.256314856
          0,           0,         282,      -13.87633461,      -11.22412349,      -11.42502698,       -8.39373636
          0,           0,         283,      -13.86305044,      -11.23077566,      -11.36251014,      -8.391465334
          0,           0,         284,      -13.86799333,      -11.24386699,      -11.49359063,      -8.404663126
          0,           0,         285,      -13.93579319,       -11.2895415,      -11.40947197,      -8.436812668
          0,           0,         286,      -13.84293823,       -11.3211538,      -11.39335223,      -8.394200921
          0,           0,         287,      -13.90743682,      -11.31291717,       -11.3662026,      -8.430090591
          0,           0,         288,      -13.85349626,      -11.30260609,      -11.42504539,      -8.389689342
          0,           0,         289,      -13.78295873,      -11.15994492,      -11.45989423,      -8.270289819
          0,           0,         290,      -13.97069246,      -11.40537446,      -11.44976343,      -8.483629727
          0,           0,         291,      -13.88935868,      -11.29018535,      -11.51802657,      -8.396223039
          0,           0,         292,      -13.90086089,      -11.32285089,      -11.41787567,      -8.391027487
          0,           0,         293,      -13.90159808,      -11.39758417,      -11.41914049,      -8.445622562
          0,           0,         294,      -13.98273044,      -11.41462486,      -11.56779144,      -8.506446091
          0,           0,         295,      -13.92208712,      -11.39056756,      -11.48241909,      -8.378973631
          0,           0,         296,      -13.90162556,      -11.38431127,      -11.36618165,      -8.398191875
          0,           0,         297,      -13.84457574,      -11.34418858,      -11.30366119,      -8.394550015
          0,           0,         298,      -13.91603059,      -11.42840888,      -11.54905058,      -8.481076261
          0,           0,         299,      -13.86123385,      -11.39695208,      -11.46374535,      -8.407318651
          0,           0,         300,      -13.85371949,      -11.33015314,      -11.42247633,       -8.37503808
          0,           0,         301,       -13.8193752,      -11.30954408,      -11.43077033,      -8.356578783
          0,           0,         302,      -13.90281464,      -11.40596681,      -11.48274559,      -8.406482761
          0,           0,         303,      -13.71764918,       -11.3523541,      -11.42344788,      -8.251176609
          0,           0,         304,      -13.86663621,      -11.24307042,      -11.47361217,      -8.370018528
          0,           0,         305,      -13.89633848,      -11.25085549,      -11.51490587,       -8.39012763
          0,           0,         306,      -13.90178401,      -11.38371478,      -11.50629503,      -8.422390973
          0,           0,         307,      -13.85402306,      -11.35545739,      -11.44929845,      -8.373919313
          0,           0,         308,      -13.97387748,      -11.46187816,      -11.46091385,      -8.460905242
          0,           0,         309,      -13.86811994,      -11.29205665,      -11.52941165,      -8.366286207
          0,           0,         310,      -13.96254014,      -11.39050192,       -11.4846382,      -8.458921511
          0,           0,         311,      -13.71527013,      -11.15250338,      -11.44571549,      -8.275005399
          0,           0,         312,      -13.97110185,      -11.43143118,      -11.46784711,      -8.491253148
          0,           0,         313,      -13.90152175,      -11.42057851,      -11.44971709,      -8.454872534
          0,           0,         314,      -13.78516363,      -11.19610084,      -11.54944167,      -8.294467798
          0,           0,         315,      -13.89916629,      -11.42140936,      -11.54424754,      -8.426763556
          0,           0,         316,      -13.87700359,      -11.40251872,      -11.46543046,      -8.453057798
          0,           0,         317,      -13.87607978,      -11.33146241,      -11.47998034,      -8.353156975
          0,           0,         318,      -13.90017633,      -11.41449523,      -11.54614734,      -8.376762738
          0,           0,         319,      -13.87234736,      -11.31545074,      -11.41009804,      -8.344276478
          0,           0,         320,      -13.78017142,      -11.21008357,      -11.44558467,      -8.284697855
          0,           0,         321,      -13.80627148,       -11.2168505,      -11.42613986,      -8.302094056
          0,           0,         322,      -13.88517882,      -11.20600317,      -11.51669059,      -8.348714564
          0,           0,         323,      -13.82818934,      -11.36151548,      -11.37092776,      -8.331665588
          0,           0,         324,       -13.8098604,      -11.19223053,       -11.5486722,      -8.283412504
          0,           0,         325,      -13.85376082,      -11.33427416,      -11.45707537,      -8.362704152
          0,           0,         326,      -13.83072666,      -11.40176183,      -11.41954949,      -8.374836062
          0,           0,         327,      -13.84946721,      -11.37027921,       -11.4017784,      -8.341339722
          0,           0,         328,      -13.87977206,      -11.35030464,      -11.41889547,      -8.376728249
          0,           0,         329,      -13.94257831,      -11.34223978,      -11.46343422,      -8.408053004
          0,           0,         330,      -13.78367419,      -11.32014513,      -11.41577378,       -8.29565212
          0,           0,         331,       -13.7983447,       -11.2718991,      -11.34061735,      -8.303380167
          0,           0,         332,      -13.87913271,      -11.47436301,      -11.50622007,       -8.40641204
          0,           0,         333,      -13.99750315,      -11.41541623,      -11.57321577,      -8.470766194
          0,           0,         334,      -13.84429476,      -11.42040017,      -11.39088536,      -8.349280222
          0,           0,         335,      -13.83221905,      -11.41034011,      -11.41503725,      -8.371639896
          0,           0,         336,      -13.94737773,      -11.36979328,      -11.57006615,      -8.456649296
          0,           0,         337,      -13.78982724,      -11.14978197,      -11.46621728,      -8.269274733
          0,           0,         338,       -13.8488834,      -11.39229594,      -11.42036163,      -8.364620514
          0,           0,         339,      -13.97280904,      -11.37890342,        -11.554592,      -8.494246045
          0,           0,         340,      -13.81238712,      -11.24189021,      -11.39386144,      -8.340217793
          0,           0,         341,       -13.9182364,      -11.42031228,      -11.51471038,      -8.466563003
          0,           0,         342,      -13.92068006,      -11.34412704,      -11.44430473,      -8.459333459
          0,           0,         343,      -13.80321949,      -11.28848654,      -11.44548849,      -8.327798072
          0,           0,         344,       -13.8350823,      -11.38084947,      -11.39400355,      -8.340295427
          0,           0,         345,      -13.82950087,      -11.32481344,      -11.49836808,      -8.396947163
          0,           0,         346,      -13.83221106,      -11.26004163,      -11.40391196,      -8.341413687
          0,           0,         347,      -13.87567198,      -11.39648843,      -11.37653673,      -8.385031391
          0,           0,         348,       -13.7981797,      -11.25457402,      -11.48671862,      -8.392234639
          0,           0,         349,      -13.85589878,       -11.3558778,      -11.42682656,      -8.370309296
          0,           0,         350,      -13.84999945,      -11.32190424,      -11.41811845,      -8.367859505
          0,           0,         351,       -13.8605834,      -11.38788769,      -11.44014006,      -8.360561905
          0,           0,         352,      -13.91808678,      -11.31986771,      -11.49415276,      -8.431944288
          0,           0,         353,      -13.85778145,      -11.34456478,      -11.47189453,      -8.410901699
          0,           0,         354,      -13.78576074,      -11.38729708,      -11.44999631,       -8.31766256
          0,           0,         355,      -13.89583039,      -11.37019989,      -11.45338803,      -8.410258295
          0,           0,         356,      -13.91787271,      -11.40336138,      -11.48973603,      -8.502010211
          0,           0,         357,      -13.88271063,      -11.40195019,      -11.39896801,      -8.390828436
          0,           0,         358,       -13.7934485,      -11.23167922,      -11.42518613,      -8.299122139
          0,           0,         359,      -13.69405958,      -11.12920412,      -11.42803282,      -8.213834275
          0,           0,         360,      -13.82403985,      -11.30723523,      -11.39897001,       -8.36646265
          0,           0,         361,      -13.92223109,      -11.38153841,      -11.50203361,      -8.457842739
          0,           0,         362,      -13.92984156,      -11.43384869,      -11.60303273,      -8.464971055
          0,           0,         363,      -13.97712849,      -11.34199007,      -11.61878697,      -8.466604207
          0,           0,         364,      -13.81783523,      -11.25524931,       -11.5023732,      -8.324894621
          0,           0,         365,      -13.92508209,      -11.41669889,      -11.50240944,      -8.481185593
          0,           0,         366,       -14.0004707,      -11.38167346,      -11.45085927,       -8.50971182
          0,           0,         367,      -13.98562961,      -11.41730054,      -11.52210269,      -8.468322879
          0,           0,         368,       -13.8360682,      -11.20675268,      -11.52224985,      -8.343563053
          0,           0,         369,      -13.98291398,        -11.400695,      -11.50772184,      -8.498231423
          0,           0,         370,      -13.84591551,      -11.37969364,      -11.52711143,      -8.374536179
          0,           0,         371,      -13.98895451,      -11.48281315,      -11.53032682,      -8.488870745
          0,           0,         372,      -13.87525717,      -11.39668189,      -11.54132161,      -8.420898855
          0,           0,         373,      -13.86153956,      -11.30867109,      -11.45641363,      -8.369579425
          0,           0,         374,       -13.8744394,      -11.42099545,      -11.43804604,      -8.387957839
          0,           0,         375,      -13.83712024,      -11.41049386,      -11.33891936,       -8.38579278
          0,           0,         376,      -13.87173086,      -11.32510394,      -11.45332008,      -8.351416606
          0,           0,         377,      -13.93249626,      -11.42413494,      -11.51153228,       -8.46468377
          0,           0,         378,      -13.82701015,      -11.22663094,       -11.4838016,      -8.353806376
          0,           0,         379,       -13.8173149,      -11.36789621,      -11.38208939,      -8.342791772
          0,           0,         380,      -13.93922753,       -11.4691429,      -11.47056633,      -8.451911022
          0,           0,         381,      -13.94424038,      -11.34017083,      -11.43949464,      -8.370015543
          0,           0,         382,      -13.91014715,      -11.37565455,      -11.47749592,      -8.416387876
          0,           0,         383,      -13.83412829,      -11.35772142,      -11.40230399,      -8.374452605
          0,           0,         384,       -13.9049286,      -11.25858662,      -11.46062564,      -8.373918336
          0,           0,         385,       -13.8950977,      -11.37494479,      -11.49219123,      -8.408772156
          0,           0,         386,      -13.86237061,      -11.30650641,      -11.52198786,      -8.366023673
          0,           0,         387,      -13.90479925,      -11.31613787,      -11.48571797,      -8.422415327
          0,           0,         388,      -13.82972737,       -11.2657064,      -11.38591413,      -8.263024774
          0,           0,         389,      -13.86086824,      -11.37626246,      -11.47541443,      -8.361534539
          0,           0,         390,      -13.82864813,      -11.34376129,      -11.43533789,      -8.353380169
          0,           0,         391,      -13.91110257,      -11.31763066,       -11.4431894,      -8.403796365
          0,           0,         392,       -13.9413388,      -11.41163447,      -11.39912895,      -8.479207358
          0,           0,         393,      -13.93202055,      -11.37800299,      -11.52821134,      -8.427066447
          0,           0,         394,      -13.87840281,      -11.36918325,      -11.48922341,      -8.407638222
          0,           0,         395,      -13.80462685,      -11.28076871,      -11.47197637,      -8.315501557
          0,           0,         396,       -13.8532532,      -11.32213289,      -11.46867446,      -8.385830485
          0,           0,         397,      -13.96034675,      -11.47617445,      -11.44357983,      -8.462474936
          0,           0,         398,      -13.87282417,      -11.51835088,      -11.45831175,      -8.403063107
          0,           0,         399,      -13.83156114,      -11.20253006,      -11.47562674,      -8.311456748
          0,           0,         400,      -14.00654188,      -11.36038226,      -11.61104316,      -8.444133732
          0,           0,         401,      -13.80018654,      -11.19180597,      -11.31012772,      -8.266046465
          0,           0,         402,      -13.90377359,      -11.42823079,      -11.45018857,      -8.449872595
          0,           0,         403,      -13.97246096,      -11.45533762,      -11.57003816,      -8.467300243
          0,           0,         404,      -13.89508012,      -11.40468362,      -11.47204351,      -8.457977495
          0,           0,         405,      -13.90966554,      -11.42322672,      -11.44499278,      -8.456584396
          0,           0,         406,      -13.83489617,      -11.31823996,      -11.55995665,      -8.425940097
          0,           0,         407,      -13.96589197,      -11.49489207,      -11.48489839,      -8.491417312
          0,           0,         408,      -13.96853261,      -11.37647725,      -11.52392748,       -8.49476243
          0,           0,         409,      -13.78391283,       -11.2331742,      -11.52752649,       -8.29399781
          0,           0,         410,      -13.95951801,      -11.36785108,      -11.48704611,      -8.440932132
          0,           0,         411,      -13.88912058,      -11.36997052,      -11.44322855,      -8.429517523
          0,           0,         412,      -13.84294412,      -11.28585401,      -11.48041356,      -8.381670404
          0,           0,         413,      -13.96705858,      -11.41116771,      -11.55118144,      -8.484135266
          0,           0,         414,      -13.81127748,      -11.30303686,      -11.44955418,      -8.345092709
          0,           0,         415,      -13.87117902,      -11.43454144,      -11.49368379,      -8.414484803
          0,           0,         416,      -13.78964259,      -11.22358834,       -11.4344375,      -8.301445414
          0,           0,         417,      -13.92551446,      -11.44722314,      -11.50961788,       -8.47346764
          0,           0,         418,      -13.92533881,      -11.37156969,       -11.4675125,      -8.401008125
          0,           0,         419,      -13.93434882,      -11.34490964,       -11.5455657,      -8.457727584
          0,           0,         420,      -13.80107225,      -11.15794406,      -11.56900577,      -8.288461989
          0,           0,         421,       -13.8625284,      -11.27609128,      -11.43566625,      -8.399538845
          0,           0,         422,      -13.91591521,      -11.39538142,      -11.41371514,      -8.405810371
          0,           0,         423,      -13.91199027,      -11.42840937,       -11.5139617,      -8.415132464
          0,           0,         424,      -13.86590838,       -11.3017739,      -11.53575056,        -8.4545146
          0,           0,         425,      -13.90975381,      -11.44219526,      -11.47600322,      -8.463416954
          0,           0,         426,      -13.86564061,      -11.37538425,      -11.39344238,       -8.36726732
          0,           0,         427,        -13.930886,      -11.34906014,      -11.52029747,      -8.432914807
          0,           0,         428,      -13.81193718,      -11.32969324,      -11.45401678,      -8.294060284
          0,           0,         429,      -13.81375695,      -11.19993833,      -11.41180137,      -8.333377437
          0,           0,         430,      -13.82983478,      -11.35372711,      -11.54861975,      -8.396943901
          0,           0,         431,      -13.87700656,      -11.36804715,      -11.36202762,      -8.401430976
          0,           0,         432,      -13.76186196,      -11.30669324,      -11.34978906,      -8.283956505
          0,           0,         433,      -13.92618996,      -11.43981467,      -11.46837762,       -8.49358644
          0,           0,         434,      -13.95959685,      -11.39062592,      -11.55961511,      -8.451887732
          0,           0,         435,      -13.99679342,      -11.47919439,      -11.48695331,      -8.481563884
          0,           0,         436,      -13.90293397,      -11.33121897,       -11.4505203,      -8.436566668
          0,           0,         437,      -13.83845562,      -11.38838889,      -11.43133434,      -8.405711839
          0,           0,         438,      -13.99424763,       -11.3822491,      -11.38459728,      -8.483949131
          0,           0,         439,      -13.82848643,      -11.39461309,      -11.45393611,      -8.370579649
          0,           0,         440,      -13.87947521,      -11.40427493,      -11.46127128,      -8.448578014
          0,           0,         441,      -13.86794526,      -11.30214216,      -11.43152892,      -8.400844194
          0,           0,         442,       -13.9286117,      -11.47021317,      -11.51948794,      -8.475767374
          0,           0,         443,      -13.96840999,      -11.46146037,      -11.50814083,      -8.456332428
          0,           0,         444,      -13.92328338,      -11.28892858,      -11.62302579,      -8.382478232
          0,           0,         445,      -13.89813977,      -11.31658732,      -11.41801917,      -8.427736638
          0,           0,         446,      -13.91400261,      -11.36311995,      -11.57068552,      -8.409587295
          0,           0,         447,      -13.85284181,      -11.35543727,      -11.48619652,      -8.360020907
          0,           0,         448,      -13.95336616,      -11.45037968,      -11.45029457,      -8.491999441
          0,           0,         449,      -13.87112007,      -11.36354124,      -11.44948233,      -8.402081118
          0,           0,         450,      -13.90219864,      -11.41780613,      -11.49706316,      -8.428370547
          0,           0,         451,      -13.80309103,      -11.40737977,      -11.38201114,       -8.34672651
          0,           0,         452,      -13.70808149,      -11.25044304,      -11.46756666,      -8.268605589
          0,           0,         453,      -13.89398266,       -11.3306259,      -11.56853984,      -8.432648551
          0,           0,         454,      -13.85922836,      -11.31327349,      -11.35663852,      -8.369035552
          0,           0,         455,      -13.84175586,      -11.43633514,       -11.3952797,      -8.337442088
          0,           0,         456,      -13.78412528,      -11.27808296,      -11.53097249,      -8.340904601
          0,           0,         457,      -13.93123638,      -11.44754833,      -11.40652704,      -8.424461723
          0,           0,         458,      -13.86569266,      -11.34966616,       -11.3503759,      -8.348756778
          0,           0,         459,      -13.85458703,      -11.27544483,      -11.47842834,      -8.327968073
          0,           0,         460,      -13.77394738,      -11.33426289,      -11.40957919,      -8.302234973
          0,           0,         461,      -13.70711414,      -11.27480333,       -11.3675758,       -8.23279828
          0,           0,         462,      -13.95347879,      -11.45129612,      -11.45496836,      -8.464737379
          0,           0,         463,      -13.92949979,      -11.30736591,      -11.48196351,      -8.434247459
          0,           0,         464,      -13.81403973,       -11.4012798,      -11.43072108,      -8.350681026
          0,           0,         465,      -13.96443719,      -11.39273092,      -11.62563213,      -8.456695781
          0,           0,         466,       -13.8573097,      -11.35938916,      -11.42147375,       -8.37688769
          0,           0,         467,       -13.8184729,      -11.35054239,      -11.53130908,      -8.353177261
          0,           0,         468,      -13.87811845,      -11.32476558,      -11.41228448,      -8.407405443
          0,           0,         469,      -13.91028983,      -11.36067603,      -11.51626381,       -8.44949947
          0,           0,         470,      -13.86654594,      -11.28756834,      -11.52225238,      -8.355726753
          0,           0,         471,      -13.77753767,      -11.30246335,      -11.28988791,      -8.304291373
          0,           0,         472,      -13.92155953,      -11.32893669,       -11.5738575,      -8.415545105
          0,           0,         473,      -13.89903123,      -11.38512459,      -11.48352682,      -8.405677713
          0,           0,         474,      -13.84565555,      -11.39231634,      -11.52458787,      -8.380977122
          0,           0,         475,      -13.89471926,      -11.27640109,      -11.54622291,      -8.409880505
          0,           0,         476,      -13.91494986,      -11.42634951,      -11.47629276,       -8.44329999
          0,           0,         477,      -13.84729546,      -11.28539302,       -11.3534445,      -8.319945685
          0,           0,         478,      -13.86037058,      -11.35294344,      -11.45838961,      -8.395510696
          0,           0,         479,      -13.94416854,      -11.45992101,       -11.4891638,      -8.445374376
          0,           0,         480,      -13.79095496,       -11.3512077,      -11.40119074,      -8.337496347
          0,           0,         481,      -13.93679082,      -11.40771219,      -11.45182754,        -8.4744746
          0,           0,         482,      -13.96091324,      -11.52749718,      -11.51675802,      -8.448634447
          0,           0,         483,      -13.86340668,      -11.15713219,      -11.57994615,      -8.301976985
          0,           0,         484,      -13.94972493,      -11.48644855,      -11.50526812,      -8.451439162
          0,           0,         485,      -13.83174606,      -11.34830805,      -11.40083248,      -8.375538244
          0,           0,         486,      -13.86986722,      -11.25792702,      -11.39379052,      -8.339856963
          0,           0,         487,      -13.92721094,      -11.37002553,      -11.56350289,      -8.451285665
          0,           0,         488,      -13.93971052,       -11.3614901,      -11.52191895,      -8.411617232
          0,           0,         489,       -13.8099583,      -11.33126183,      -11.48895801,      -8.336382576
          0,           0,         490,      -13.94065541,      -11.36038206,      -11.62444883,      -8.463905026
          0,           0,         491,      -13.88881596,      -11.38373614,       -11.4753629,      -8.376274058
          0,           0,         492,      -13.72592774,      -11.08297163,      -11.45154459,      -8.160990732
          0,           0,         493,      -13.92425025,      -11.39435027,      -11.49689688,      -8.449912971
          0,           0,         494,      -13.85492782,      -11.32212152,       -11.4901322,      -8.345488094
          0,           0,         495,      -13.88446193,      -11.39373796,      -11.51552541,      -8.406108345
          0,           0,         496,      -13.84930917,      -11.27540509,      -11.54508583,      -8.348993264
          0,           0,         497,       -13.9565786,      -11.37486076,      -11.57619659,      -8.431052537
          0,           0,         498,      -13.83201416,      -11.26469401,      -11.48412149,      -8.334762851
          0,           0,         499,      -13.93883886,      -11.36993103,      -11.49857114,      -8.433669894
          0,           0,         500,      -13.90912958,      -11.39042681,      -11.58169867,      -8.440862659
          0,           0,         501,      -13.79439975,      -11.16501088,      -11.38461665,      -8.256409188
          0,           0,         502,      -13.96555355,      -11.37366407,      -11.55067777,      -8.439994637
          0,           0,         503,      -13.83049096,      -11.35195572,      -11.44190601,      -8.397657664
          0,           0,         504,      -13.98011724,       -11.5047598,      -11.55275281,      -8.514752687
          0,           0,         505,      -13.86086297,      -11.33018674,      -11.42835751,      -8.415970314
          0,           0,         506,      -13.88895592,      -11.32946689,      -11.44990409,      -8.414437869
          0,           0,         507,      -13.79429376,      -11.36191948,      -11.51495557,      -8.340005505
          0,           0,         508,      -13.90686904,      -11.38247136,      -11.47196149,      -8.432040738
          0,           0,         509,      -13.76419266,      -11.34317399,      -11.48010811,      -8.327447539
          0,           0,         510,      -13.90358283,      -11.38906446,      -11.47106396,      -8.378804131
          0,           0,         511,      -13.76699298,      -11.18249797,      -11.38056466,       -8.24149837
          0,           0,         512,      -13.82677859,      -11.24194357,      -11.55739069,      -8.385055771
          0,           0,         513,      -13.74605426,       -11.3110422,      -11.31689282,       -8.28405516
          0,           0,         514,      -13.93353782,       -11.4397851,      -11.46292392,      -8.428989094
          0,           0,         515,      -13.95537075,      -11.40922745,      -11.53375078,      -8.481829864
          0,           0,         516,      -13.92745581,      -11.38987014,      -11.56690417,      -8.463300329
          0,           0,         517,      -13.81976382,       -11.3035875,        -11.484097,      -8.397976996
          0,           0,         518,      -13.82981611,      -11.32118142,      -11.39434052,      -8.374710741
          0,           0,         519,      -13.81952925,      -11.30919785,      -11.38364165,      -8.330085137
          0,           0,         520,       -13.8651799,      -11.41618605,      -11.43587588,       -8.40454322
          0,           0,         521,      -13.95081622,      -11.40933207,      -11.51635902,      -8.445345572
          0,           0,         522,      -13.93419215,      -11.40309557,      -11.42325213,      -8.416742951
          0,           0,         523,      -13.77235482,      -11.41587163,      -11.35777986,      -8.296466493
          0,           0,         524,      -13.87723412,      -11.39697639,      -11.49057448,      -8.414119905
          0,           0,         525,      -13.84754099,      -11.38132987,      -11.49683845,      -8.350241196
          0,           0,         526,      -13.89838888,      -11.42544602,      -11.52803409,      -8.411655242
          0,           0,         527,      -13.83898763,      -11.23965566,      -11.51786416,      -8.331753067
          0,           0,         528,      -13.87735395,      -11.38308103,      -11.50725931,      -8.392176105
          0,           0,         529,      -13.77805162,      -11.22746895,      -11.56967986,      -8.313787126
          0,           0,         530,      -13.90229079,      -11.30906851,      -11.45005292,      -8.440511225
          0,           0,         531,      -13.88276724,      -11.33058798,      -11.50442672,      -8.431022856
          0,           0,         532,      -13.83109393,      -11.34669084,      -11.42190025,      -8.382904265
          0,           0,         533,      -13.82736087,       -11.3424955,      -11.38218573,      -8.432854849
          0,           0,         534,       -13.8840181,      -11.25156741,       -11.4327501,      -8.382722968
          0,           0,         535,      -13.80451857,      -11.29048341,      -11.31522558,      -8.323060852
          0,           0,         536,      -13.96642938,      -11.41607672,      -11.53325351,      -8.468942137
          0,           0,         537,      -13.80719813,       -11.3704694,      -11.37773007,       -8.31026132
          0,           0,         538,      -13.93189704,       -11.3406843,      -11.48940622,      -8.385365413
          0,           0,         539,      -13.81423374,      -11.28448671,      -11.52836207,      -8.365143746
          0,           0,         540,      -14.05248298,      -11.47465892,      -11.48418121,       -8.53275212
          0,           0,         541,      -13.92280436,      -11.40083864,      -11.54749548,       -8.42908264
          0,           0,         542,      -13.88747061,      -11.32188654,      -11.53117395,      -8.413606584
          0,           0,         543,      -13.98940337,      -11.48075928,       -11.5784262,      -8.525474118
          0,           0,         544,      -13.94505921,      -11.46802876,      -11.46741011,      -8.467409348
          0,           0,         545,      -13.85674473,      -11.28604644,      -11.55624202,      -8.334813242
          0,           0,         546,      -13.92803674,      -11.48513705,      -11.48043636,      -8.439798619
          0,           0,         547,      -13.88535758,        -11.338295,      -11.49309214,      -8.440933856
          0,           0,         548,      -13.90570151,      -11.28162102,      -11.51337528,      -8.386685172
          0,           0,         549,      -13.91271007,      -11.34249677,      -11.39049994,       -8.36407285
          0,           0,         550,      -13.79833326,      -11.29766318,      -11.27135524,      -8.277687987
          0,           0,         551,      -13.79255079,      -11.40604121,      -11.33986672,      -8.325793753
          0,           0,         552,       -13.8840195,      -11.39726051,      -11.39452791,      -8.373296137
          0,           0,         553,      -13.80824819,      -11.31049319,      -11.46027234,      -8.330459258
          0,           0,         554,      -13.87521804,      -11.34370128,      -11.40040785,      -8.364943336
          0,           0,         555,      -13.91142756,      -11.38550516,      -11.55695479,       -8.44860251
          0,           0,         556,      -13.73728578,      -11.25522728,      -11.33335642,       -8.29652106
          0,           0,         557,      -13.92358753,      -11.37996217,      -11.57913179,      -8.434232624
          0,           0,         558,      -13.77623532,      -11.19733462,      -11.51983925,      -8.350802668
          0,           0,         559,      -13.89637565,      -11.29940366,      -11.54714869,      -8.399550534
          0,           0,         560,      -13.86411695,      -11.33544854,      -11.47364099,      -8.381056252
          0,           0,         561,      -13.81606684,      -11.25209784,      -11.39776058,      -8.305550038
          0,           0,         562,      -13.96122838,      -11.34652621,      -11.54383004,      -8.379208921
          0,           0,         563,      -13.81509921,      -11.32558501,       -11.3927114,      -8.332406795
          0,           0,         564,      -13.77191603,      -11.17368781,      -11.47542104,      -8.332646486
          0,           0,         565,      -13.77450687,      -11.32500969,      -11.45232593,      -8.306974579
          0,           0,         566,      -13.94791617,      -11.39608853,      -11.53998563,      -8.426188261
          0,           0,         567,      -13.88355659,      -11.36274065,      -11.43467783,      -8.407848135
          0,           0,         568,      -13.79331953,      -11.31063847,      -11.45079036,      -8.363772432
          0,           0,         569,      -13.90257667,      -11.25931836,      -11.48293169,      -8.346320253
          0,           0,         570,      -13.93272464,      -11.41380915,      -11.55642529,      -8.466075213
          0,           0,         571,      -13.89812243,      -11.32301609,      -11.45981041,      -8.384863763
          0,           0,         572,      -13.86255528,      -11.41569147,      -11.39180733,      -8.385051497
          0,           0,         573,      -13.77287323,      -11.17278217,      -11.51172033,      -8.270612113
          0,           0,         574,      -13.78778125,      -11.22888918,      -11.39872394,      -8.323435029
          0,           0,         575,      -13.82556928,      -11.26456319,      -11.41441584,      -8.322442934
          0,           0,         576,      -13.93469425,      -11.39597243,      -11.46730047,      -8.447587945
          0,           0,         577,      -13.89338481,      -11.43857169,       -11.4051532,       -8.42519298
          0,           0,         578,      -13.93643356,      -11.49394078,      -11.47754431,       -8.44519734
          0,           0,         579,      -13.96571154,      -11.41828373,      -11.55208578,      -8.480208748
          0,           0,         580,      -13.75707229,      -11.35265189,      -11.33756695,      -8.322304827
          0,           0,         581,      -13.86358988,      -11.24383042,      -11.52113998,       -8.33193304
          0,           0,         582,      -13.97041785,      -11.44011597,      -11.54298753,      -8.440604947
          0,           0,         583,      -13.79494751,      -11.32144711,      -11.45031823,      -8.346589781
          0,           0,         584,      -13.90298935,      -11.30783857,      -11.52806958,      -8.357693191
          0,           0,         585,      -13.77059286,      -11.26124154,      -11.42364694,      -8.343430315
          0,           0,         586,      -13.85223401,      -11.32417015,        -11.407232,      -8.408828299
          0,           0,         587,      -13.75326846,      -11.22482738,      -11.54218871,      -8.316221709
          0,           0,         588,       -13.9251695,      -11.41704289,      -11.43351554,      -8.396173912
          0,           0,         589,      -13.95778055,       -11.4437603,      -11.63676034,      -8.486889878
          0,           0,         590,       -13.9461328,      -11.44692152,      -11.47002697,      -8.480906201
          0,           0,         591,      -13.68780518,      -11.10196259,      -11.55039369,      -8.190691353
          0,           0,         592,      -13.81315456,      -11.29328878,      -11.46642881,      -8.356912304
          0,           0,         593,      -13.94996527,      -11.36124021,      -11.48675436,       -8.45387254
          0,           0,         594,      -13.96475096,      -11.29217391,      -11.51882617,      -8.458306142
          0,           0,         595,      -13.84009608,       -11.2802532,      -11.37686211,      -8.374762339
          0,           0,         596,      -13.96491515,      -11.37581968,      -11.50466957,      -8.489851242
          0,           0,         597,      -13.78494714,      -11.30199265,       -11.3144284,      -8.289104797
          0,           0,         598,      -13.87906612,      -11.36084994,      -11.46580928,      -8.376098003
          0,           0,         599,      -13.99171021,      -11.36991927,      -11.45814032,       -8.45132385
          0,           0,         600,      -13.85417508,       -11.3429013,      -11.57669083,      -8.375172984
