VARIABLES = \
"Time_Iter","Outer_Iter","Inner_Iter",    "rms[Rho]"    ,    "rms[RhoU]"   ,    "rms[RhoV]"   ,    "rms[RhoE]"   
          0,           0,           0,     -0.9054836024,       1.314366922,       1.607828821,       4.554144601
          0,           0,           1,     -0.9055301416,       1.440341589,       1.588878182,       4.559728753
          0,           0,           2,      -1.107896943,       1.263225825,       1.336406609,       4.360356684
          0,           0,           3,      -1.339108948,       1.154364048,       1.133281129,       4.134111781
          0,           0,           4,      -1.534979268,       0.984355357,       0.976959729,       3.939418876
          0,           0,           5,      -1.706998267,      0.8633475421,      0.8124671794,       3.767373784
          0,           0,           6,      -1.874690286,       0.783398503,      0.6671282852,       3.600075471
          0,           0,           7,      -2.011359617,       0.709914461,      0.5233933093,        3.46562043
          0,           0,           8,      -2.154664097,      0.6361508101,      0.3924602632,       3.331923867
          0,           0,           9,      -2.302888924,      0.5742172253,      0.2783889568,       3.200497562
          0,           0,          10,      -2.429386828,      0.5225721116,      0.1653871132,       3.090112215
          0,           0,          11,      -2.522435867,      0.4735469587,     0.05306599665,        3.00394673
          0,           0,          12,      -2.600145101,      0.4224006884,    -0.05385719116,       2.926683179
          0,           0,          13,      -2.678367127,      0.3682902295,     -0.1504269616,       2.847898119
          0,           0,          14,      -2.756626097,      0.3126397319,     -0.2338710014,       2.768922411
          0,           0,          15,       -2.82878402,      0.2570513645,     -0.3060442417,        2.69424078
          0,           0,          16,       -2.89115496,      0.2022861701,     -0.3706806613,       2.626581012
          0,           0,          17,      -2.945230572,      0.1484275418,     -0.4312448384,       2.565508251
          0,           0,          18,      -2.995013674,     0.09538319238,     -0.4901275515,       2.508584778
          0,           0,          19,      -3.042871721,      0.0431368623,     -0.5482389101,       2.454075171
          0,           0,          20,      -3.089306271,    -0.00836547508,     -0.6054891068,       2.401529063
          0,           0,          21,       -3.13455615,    -0.05929252085,     -0.6616680621,        2.35081667
          0,           0,          22,      -3.179255123,     -0.1098879151,     -0.7167776554,       2.301548845
          0,           0,          23,      -3.224135164,     -0.1603983333,     -0.7708347728,       2.253160561
          0,           0,          24,      -3.269642623,     -0.2109830763,     -0.8237061862,       2.205190075
          0,           0,          25,      -3.315872304,     -0.2617251163,     -0.8751871663,       2.157394087
          0,           0,          26,      -3.362724106,     -0.3126497357,     -0.9251732086,       2.109675762
          0,           0,          27,      -3.410043822,     -0.3637429914,     -0.9737354771,       2.061994658
          0,           0,          28,      -3.457699511,      -0.414966521,      -1.021088789,       2.014317728
          0,           0,          29,      -3.505555543,     -0.4662571343,      -1.067507509,       1.966648816
          0,           0,          30,      -3.553463593,     -0.5175277722,      -1.113248841,       1.919036654
          0,           0,          31,      -3.601346332,     -0.5686991468,      -1.158519075,       1.871499139
          0,           0,          32,      -3.649121008,     -0.6196811006,      -1.203495806,       1.824088776
          0,           0,          33,      -3.696726438,     -0.6703853857,      -1.248279879,       1.776860745
          0,           0,          34,      -3.744130972,     -0.7207354332,      -1.292913191,       1.729850573
          0,           0,          35,      -3.791298632,     -0.7706630079,      -1.337416597,       1.683094152
          0,           0,          36,      -3.838174763,     -0.8201040888,      -1.381793209,       1.636641156
          0,           0,          37,      -3.884690619,     -0.8690028522,      -1.426027023,       1.590554482
          0,           0,          38,      -3.930790361,     -0.9173168454,      -1.470090632,       1.544890779
          0,           0,          39,      -3.976412158,     -0.9650102901,      -1.513957134,       1.499710789
          0,           0,          40,      -4.021511333,      -1.012062517,       -1.55759791,       1.455058929
          0,           0,          41,      -4.066066743,      -1.058465958,      -1.600986343,       1.410957538
          0,           0,          42,      -4.110079627,        -1.1042255,      -1.644101933,        1.36740641
          0,           0,          43,      -4.153571432,      -1.149355039,      -1.686928153,       1.324384903
          0,           0,          44,       -4.19657822,       -1.19387643,      -1.729453444,       1.281857358
          0,           0,          45,      -4.239143363,      -1.237816563,      -1.771672088,       1.239780811
          0,           0,          46,      -4.281311004,      -1.281205094,      -1.813584283,       1.198111453
          0,           0,          47,      -4.323125173,      -1.324073009,      -1.855193763,       1.156805189
          0,           0,          48,      -4.364624169,      -1.366452315,      -1.896505905,       1.115822913
          0,           0,          49,      -4.405832737,        -1.4083733,      -1.937529609,        1.07513831
          0,           0,          50,      -4.446771937,       -1.44986474,      -1.978276941,       1.034728467
          0,           0,          51,      -4.487461521,       -1.49095445,      -2.018757991,      0.9945715523
          0,           0,          52,      -4.527919252,      -1.531670383,      -2.058981575,      0.9546477265
          0,           0,          53,      -4.568160107,      -1.572039574,      -2.098955942,      0.9149398855
          0,           0,          54,      -4.608197182,      -1.612087797,      -2.138691531,      0.8754331109
          0,           0,          55,      -4.648045483,      -1.651841256,      -2.178199176,      0.8361110507
          0,           0,          56,      -4.687721711,      -1.691325884,      -2.217490571,      0.7969560662
          0,           0,          57,      -4.727245023,      -1.730569606,      -2.256579845,      0.7579484253
          0,           0,          58,      -4.766633098,      -1.769595717,      -2.295483143,      0.7190699878
          0,           0,          59,      -4.805903023,      -1.808427403,       -2.33421639,      0.6803032036
          0,           0,          60,      -4.845072172,        -1.8470871,      -2.372795058,      0.6416302653
          0,           0,          61,      -4.884155969,      -1.885595359,      -2.411234949,      0.6030353437
          0,           0,          62,      -4.923169398,      -1.923971317,      -2.449551249,      0.5645029977
          0,           0,          63,       -4.96212627,      -1.962232911,      -2.487757904,      0.5260190943
          0,           0,          64,      -5.001034191,      -2.000395908,      -2.525870827,      0.4875753608
          0,           0,          65,      -5.039902351,      -2.038476081,      -2.563902467,      0.4491620417
          0,           0,          66,      -5.078745234,      -2.076487553,      -2.601865506,      0.4107645947
          0,           0,          67,      -5.117581941,      -2.114443366,      -2.639763389,      0.3723650204
          0,           0,          68,      -5.156421258,      -2.152354256,      -2.677605286,      0.3339543364
          0,           0,          69,      -5.195264599,      -2.190228837,      -2.715405147,      0.2955304339
          0,           0,          70,      -5.234112191,       -2.22807419,      -2.753174042,      0.2570925911
          0,           0,          71,      -5.272966335,      -2.265896736,      -2.790919096,      0.2186382961
          0,           0,          72,      -5.311830554,      -2.303702511,      -2.828644753,      0.1801639288
          0,           0,          73,      -5.350708455,      -2.341497047,      -2.866354011,      0.1416658136
          0,           0,          74,      -5.389603487,      -2.379285353,      -2.904049296,      0.1031404677
          0,           0,          75,      -5.428519383,       -2.41707212,      -2.941732596,     0.06458422281
          0,           0,          76,      -5.467458861,      -2.454861146,      -2.979406632,      0.0259944415
          0,           0,          77,      -5.506424571,      -2.492655693,      -3.017073988,    -0.01263139779
          0,           0,          78,      -5.545418795,      -2.530458606,      -3.054736533,    -0.05129544953
          0,           0,          79,      -5.584442594,      -2.568272004,      -3.092395717,    -0.08999868722
          0,           0,          80,      -5.623496366,      -2.606097479,      -3.130052498,     -0.1287414475
          0,           0,          81,      -5.662579934,       -2.64393625,      -3.167707613,     -0.1675235365
          0,           0,          82,      -5.701692619,      -2.681789224,      -3.205361652,     -0.2063442994
          0,           0,          83,      -5.740833486,      -2.719657071,      -3.243014983,     -0.2452028344
          0,           0,          84,      -5.780001566,      -2.757540372,      -3.280667661,       -0.28409821
          0,           0,          85,      -5.819195607,      -2.795439341,      -3.318319787,     -0.3230291975
          0,           0,          86,      -5.858412576,      -2.833353699,      -3.355971704,     -0.3619929533
          0,           0,          87,      -5.897654212,      -2.871284397,      -3.393622676,     -0.4009910526
          0,           0,          88,      -5.936920118,      -2.909231505,      -3.431272122,     -0.4400229983
          0,           0,          89,      -5.976207491,      -2.947194421,      -3.468919403,      -0.479086091
          0,           0,          90,       -6.01551366,      -2.985172584,      -3.506563738,     -0.5181777833
          0,           0,          91,      -6.054836579,      -3.023165706,      -3.544204741,     -0.5572961425
          0,           0,          92,      -6.094174395,      -3.061173622,      -3.581842412,      -0.596439416
          0,           0,          93,      -6.133525342,      -3.099196145,      -3.619476739,     -0.6356059105
          0,           0,          94,      -6.172887869,      -3.137233066,      -3.657107529,      -0.674794116
          0,           0,          95,      -6.212260561,      -3.175284151,      -3.694734504,     -0.7140026514
          0,           0,          96,      -6.251641971,       -3.21334913,      -3.732357389,     -0.7532301018
          0,           0,          97,      -6.291030504,      -3.251427665,      -3.769975913,     -0.7924749127
          0,           0,          98,      -6.330424417,      -3.289519368,        -3.8075898,     -0.8317353877
          0,           0,          99,      -6.369821846,      -3.327623813,      -3.845198781,     -0.8710097064
          0,           0,         100,      -6.409220841,      -3.365740567,      -3.882802621,      -0.910295965
          0,           0,         101,      -6.448619421,      -3.403869203,      -3.920401127,     -0.9495922177
          0,           0,         102,      -6.488015622,      -3.442009319,      -3.957994134,     -0.9888965238
          0,           0,         103,      -6.527407553,      -3.480160547,      -3.995581517,      -1.028206999
          0,           0,         104,       -6.56679341,      -3.518322554,      -4.033163188,      -1.067521826
          0,           0,         105,      -6.606171498,      -3.556495041,      -4.070739102,       -1.10683928
          0,           0,         106,      -6.645540218,      -3.594677744,      -4.108309262,      -1.146157706
          0,           0,         107,      -6.684898059,      -3.632870425,      -4.145873718,       -1.18547553
          0,           0,         108,      -6.724243605,      -3.671072874,      -4.183432563,      -1.224791246
          0,           0,         109,      -6.763575497,      -3.709284905,      -4.220985934,      -1.264103398
          0,           0,         110,      -6.802892464,      -3.747506354,      -4.258534018,      -1.303410594
          0,           0,         111,      -6.842193293,      -3.785737077,      -4.296077033,      -1.342711489
          0,           0,         112,       -6.88147685,      -3.823976954,      -4.333615233,      -1.382004797
          0,           0,         113,      -6.920742077,      -3.862225889,      -4.371148912,      -1.421289296
          0,           0,         114,       -6.95998799,      -3.900483806,      -4.408678391,      -1.460563821
          0,           0,         115,      -6.999213714,      -3.938750659,       -4.44620402,      -1.499827297
          0,           0,         116,      -7.038418442,      -3.977026419,      -4.483726178,      -1.539078698
          0,           0,         117,      -7.077601467,      -4.015311085,       -4.52124527,       -1.57831709
          0,           0,         118,      -7.116762172,      -4.053604673,      -4.558761722,      -1.617541605
          0,           0,         119,      -7.155900024,      -4.091907225,      -4.596275979,      -1.656751456
          0,           0,         120,      -7.195014594,        -4.1302188,      -4.633788515,       -1.69594593
          0,           0,         121,      -7.234105498,      -4.168539474,      -4.671299809,      -1.735124369
          0,           0,         122,      -7.273172498,      -4.206869348,      -4.708810368,      -1.774286233
          0,           0,         123,      -7.312215383,      -4.245208537,      -4.746320713,      -1.813431004
          0,           0,         124,      -7.351234076,      -4.283557178,      -4.783831372,      -1.852558282
          0,           0,         125,      -7.390228536,      -4.321915421,      -4.821342902,      -1.891667715
          0,           0,         126,      -7.429198831,      -4.360283432,      -4.858855865,      -1.930759019
          0,           0,         127,      -7.468145111,      -4.398661405,      -4.896370841,      -1.969832025
          0,           0,         128,      -7.507067571,      -4.437049532,      -4.933888411,      -2.008886575
          0,           0,         129,      -7.545966521,      -4.475448036,      -4.971409163,      -2.047922634
          0,           0,         130,      -7.584842314,      -4.513857146,       -5.00893372,      -2.086940211
          0,           0,         131,      -7.623695404,       -4.55227711,      -5.046462702,      -2.125939401
          0,           0,         132,      -7.662526273,      -4.590708186,      -5.083996712,      -2.164920343
          0,           0,         133,      -7.701335485,       -4.62915065,      -5.121536376,      -2.203883248
          0,           0,         134,      -7.740123668,      -4.667604778,      -5.159082343,      -2.242828389
          0,           0,         135,      -7.778891524,      -4.706070876,      -5.196635241,      -2.281756128
          0,           0,         136,      -7.817639725,      -4.744549244,      -5.234195724,      -2.320666813
          0,           0,         137,      -7.856369156,      -4.783040206,      -5.271764427,      -2.359560966
          0,           0,         138,      -7.895080569,      -4.821544082,       -5.30934201,      -2.398439027
          0,           0,         139,      -7.933774876,      -4.860061219,      -5.346929103,      -2.437301567
          0,           0,         140,      -7.972453013,      -4.898591958,       -5.38452637,      -2.476149232
          0,           0,         141,      -8.011115944,      -4.937136652,      -5.422134449,      -2.514982641
          0,           0,         142,      -8.049764536,      -4.975695662,      -5.459753989,      -2.553802418
          0,           0,         143,      -8.088400001,      -5.014269359,      -5.497385646,      -2.592609447
          0,           0,         144,      -8.127023222,      -5.052858116,      -5.535030053,      -2.631404336
          0,           0,         145,      -8.165635384,      -5.091462313,      -5.572687905,      -2.670188042
          0,           0,         146,       -8.20423755,      -5.130082332,      -5.610359776,      -2.708961325
          0,           0,         147,      -8.242830814,      -5.168718571,      -5.648046282,      -2.747725037
          0,           0,         148,      -8.281416227,      -5.207371426,      -5.685748142,      -2.786480067
          0,           0,         149,      -8.319995163,      -5.246041286,      -5.723465968,      -2.825227439
          0,           0,         150,      -8.358568491,      -5.284728541,      -5.761200271,      -2.863967953
          0,           0,         151,      -8.397137501,      -5.323433614,      -5.798951835,      -2.902702587
          0,           0,         152,      -8.435703447,      -5.362156902,      -5.836721198,      -2.941432487
          0,           0,         153,      -8.474267352,      -5.400898803,      -5.874508947,      -2.980158464
          0,           0,         154,      -8.512830227,      -5.439659734,      -5.912315624,      -3.018881461
          0,           0,         155,      -8.551393591,      -5.478440083,      -5.950141889,      -3.057602716
          0,           0,         156,      -8.589958492,      -5.517240273,      -5.987988411,      -3.096323215
          0,           0,         157,      -8.628525805,      -5.556060682,      -6.025855617,      -3.135043761
          0,           0,         158,      -8.667096974,      -5.594901758,      -6.063744106,      -3.173765546
          0,           0,         159,      -8.705672926,      -5.633763857,      -6.101654621,      -3.212489519
          0,           0,         160,      -8.744254809,      -5.672647388,      -6.139587535,      -3.251216696
          0,           0,         161,       -8.78284371,      -5.711552775,      -6.177543231,      -3.289948047
          0,           0,         162,      -8.821441057,      -5.750480369,      -6.215522486,      -3.328684932
          0,           0,         163,      -8.860047405,      -5.789430608,      -6.253525826,      -3.367427946
          0,           0,         164,      -8.898664045,      -5.828403838,       -6.29155361,      -3.406178293
          0,           0,         165,      -8.937291552,      -5.867400395,      -6.329606642,      -3.444936514
          0,           0,         166,      -8.975932287,      -5.906420801,      -6.367685051,      -3.483704752
          0,           0,         167,      -9.014585634,      -5.945465252,      -6.405789683,      -3.522482586
          0,           0,         168,      -9.053253561,      -5.984534251,      -6.443920574,      -3.561271904
          0,           0,         169,      -9.091936802,       -6.02362811,      -6.482078742,      -3.600073417
          0,           0,         170,      -9.130635414,      -6.062747194,      -6.520264034,      -3.638887417
          0,           0,         171,      -9.169351372,      -6.101891672,      -6.558477435,      -3.677715563
          0,           0,         172,      -9.208085789,      -6.141062131,      -6.596719126,       -3.71655865
          0,           0,         173,      -9.246839196,      -6.180258908,      -6.634989253,      -3.755417933
          0,           0,         174,      -9.285611916,      -6.219482318,      -6.673289146,      -3.794293727
          0,           0,         175,      -9.324403989,       -6.25873242,       -6.71161826,      -3.833185667
          0,           0,         176,      -9.363219633,      -6.298009988,      -6.749977069,      -3.872097823
          0,           0,         177,      -9.402054327,      -6.337314769,      -6.788367158,      -3.911026682
          0,           0,         178,       -9.44091385,      -6.376647458,      -6.826787219,      -3.949977151
          0,           0,         179,      -9.479795766,       -6.41600826,      -6.865238892,      -3.988946996
          0,           0,         180,      -9.518702677,      -6.455397553,      -6.903721516,      -4.027939073
          0,           0,         181,      -9.557632504,      -6.494815251,      -6.942236502,      -4.066951377
          0,           0,         182,      -9.596589079,       -6.53426209,      -6.980782796,      -4.105987253
          0,           0,         183,      -9.635573288,      -6.573738278,      -7.019362099,      -4.145048289
          0,           0,         184,      -9.674581946,      -6.613243559,      -7.057974737,      -4.184130908
          0,           0,         185,      -9.713620569,      -6.652779218,      -7.096619572,      -4.223241186
          0,           0,         186,      -9.752681814,      -6.692344019,      -7.135298801,      -4.262372086
          0,           0,         187,      -9.791776846,      -6.731939321,      -7.174011537,      -4.301533128
          0,           0,         188,      -9.830896257,      -6.771564812,       -7.21275897,      -4.340717107
          0,           0,         189,       -9.87004919,       -6.81122131,      -7.251539351,      -4.379931404
          0,           0,         190,      -9.909231551,      -6.850908448,      -7.290355046,      -4.419172696
          0,           0,         191,      -9.948437944,      -6.890626676,      -7.329205861,      -4.458436443
          0,           0,         192,      -9.987681446,      -6.930375958,      -7.368089888,      -4.497733666
          0,           0,         193,      -10.02695456,       -6.97015668,      -7.407013708,      -4.537061823
          0,           0,         194,      -10.06625513,      -7.009969267,      -7.445970835,      -4.576414134
          0,           0,         195,      -10.10559414,      -7.049813105,      -7.484963365,      -4.615801761
          0,           0,         196,      -10.14496228,      -7.089689045,      -7.523987505,      -4.655214154
          0,           0,         197,      -10.18436474,      -7.129596897,      -7.563056892,      -4.694661868
          0,           0,         198,      -10.22379537,      -7.169537699,      -7.602156027,      -4.734135666
          0,           0,         199,      -10.26325642,      -7.209511152,      -7.641292582,      -4.773638857
          0,           0,         200,      -10.30276075,      -7.249514335,      -7.680468955,      -4.813182132
          0,           0,         201,      -10.34229513,      -7.289553068,      -7.719680639,      -4.852756554
          0,           0,         202,      -10.38186103,      -7.329623009,       -7.75892559,       -4.89235719
          0,           0,         203,      -10.42146306,      -7.369726361,      -7.798214223,      -4.931992309
          0,           0,         204,      -10.46109798,      -7.409864761,      -7.837544861,      -4.971660482
          0,           0,         205,      -10.50076949,      -7.450032838,      -7.876896418,      -5.011363642
          0,           0,         206,       -10.5404853,      -7.490235784,      -7.916297975,      -5.051107502
          0,           0,         207,      -10.58021507,      -7.530470664,      -7.955743006,      -5.090868412
          0,           0,         208,      -10.61997466,      -7.570739048,      -7.995210213,      -5.130662666
          0,           0,         209,       -10.6597976,      -7.611042885,       -8.03473074,      -5.170506797
          0,           0,         210,      -10.69961697,      -7.651377584,       -8.07427913,      -5.210354794
          0,           0,         211,      -10.73953519,      -7.691749154,      -8.113868735,      -5.250289751
          0,           0,         212,      -10.77944592,      -7.732152472,      -8.153508276,      -5.290227043
          0,           0,         213,      -10.81939833,      -7.772586087,      -8.193168951,      -5.330198391
          0,           0,         214,      -10.85938943,      -7.813058772,       -8.23287118,      -5.370211943
          0,           0,         215,      -10.89939929,       -7.85355995,      -8.272619324,      -5.410236895
          0,           0,         216,      -10.93948129,      -7.894099446,      -8.312413851,      -5.450334731
          0,           0,         217,      -10.97954482,       -7.93466757,      -8.352232853,      -5.490423218
          0,           0,         218,      -11.01967993,       -7.97527599,      -8.392096128,      -5.530574404
          0,           0,         219,      -11.05984118,      -8.015907394,      -8.431999964,      -5.570744768
          0,           0,         220,      -11.10008762,      -8.056582345,      -8.471956884,       -5.61100507
          0,           0,         221,      -11.14028717,      -8.097290236,      -8.511924905,      -5.651207116
          0,           0,         222,      -11.18060179,      -8.138034178,      -8.551949451,      -5.691551502
          0,           0,         223,      -11.22086815,      -8.178808009,      -8.591997733,      -5.731818033
          0,           0,         224,      -11.26121603,      -8.219617628,      -8.632129236,      -5.772189665
          0,           0,         225,      -11.30161167,      -8.260453407,      -8.672252541,        -5.8125765
          0,           0,         226,      -11.34203062,      -8.301332577,      -8.712455556,      -5.853026495
          0,           0,         227,      -11.38254691,      -8.342247005,       -8.75266658,      -5.893568163
          0,           0,         228,      -11.42302174,      -8.383180542,      -8.792909785,      -5.934029307
          0,           0,         229,      -11.46345433,      -8.424171213,      -8.833260004,      -5.974487716
          0,           0,         230,      -11.50412137,      -8.465184846,      -8.873541721,      -6.015114818
          0,           0,         231,      -11.54460707,      -8.506219183,      -8.913958037,      -6.055655655
          0,           0,         232,      -11.58523503,      -8.547289056,      -8.954383801,      -6.096316887
          0,           0,         233,      -11.62586664,      -8.588416644,       -8.99486304,      -6.136960311
          0,           0,         234,      -11.66681941,       -8.62955263,      -9.035266712,       -6.17789771
          0,           0,         235,      -11.70746589,      -8.670727072,      -9.075866061,      -6.218544793
          0,           0,         236,       -11.7482132,      -8.711923444,      -9.116461539,      -6.259268618
          0,           0,         237,      -11.78889697,      -8.753204576,      -9.157040521,      -6.299940831
          0,           0,         238,      -11.82975573,      -8.794473136,      -9.197730811,      -6.340841778
          0,           0,         239,      -11.87081291,      -8.835746335,      -9.238397739,      -6.381822362
          0,           0,         240,      -11.91150268,      -8.877133714,      -9.279189838,      -6.422613024
          0,           0,         241,      -11.95246913,       -8.91848149,      -9.319865945,      -6.463550219
          0,           0,         242,      -11.99351607,      -8.959919718,      -9.360805389,       -6.50466256
          0,           0,         243,      -12.03458888,      -9.001353982,      -9.401612897,      -6.545630181
          0,           0,         244,      -12.07552726,      -9.042863103,      -9.442637923,      -6.586638179
          0,           0,         245,      -12.11690954,      -9.084349998,      -9.483469942,      -6.627922908
          0,           0,         246,      -12.15814294,      -9.125895682,      -9.524353397,      -6.669195562
          0,           0,         247,      -12.19876325,      -9.167455215,      -9.565417372,      -6.709883481
          0,           0,         248,      -12.24012661,      -9.209057536,      -9.606704567,      -6.751214957
          0,           0,         249,      -12.28131959,      -9.250745836,      -9.647657995,      -6.792352912
          0,           0,         250,      -12.32237519,      -9.292359285,      -9.688704214,      -6.833515155
          0,           0,         251,      -12.36380008,      -9.334078512,      -9.730003429,       -6.87480942
          0,           0,         252,      -12.40504996,      -9.375774142,      -9.771185723,      -6.916032985
          0,           0,         253,      -12.44651422,      -9.417586646,      -9.812375009,      -6.957454511
          0,           0,         254,      -12.48770322,      -9.459451838,      -9.853658538,      -6.998656466
          0,           0,         255,       -12.5290554,      -9.501194452,      -9.895149475,      -7.039997767
          0,           0,         256,        -12.570992,        -9.5431241,      -9.936717894,      -7.082066975
          0,           0,         257,      -12.61157475,      -9.584949463,      -9.977741041,      -7.122891697
          0,           0,         258,      -12.65341509,      -9.626848318,      -10.01922243,      -7.164178266
          0,           0,         259,      -12.69462436,      -9.668764907,      -10.06023031,      -7.205424959
          0,           0,         260,      -12.73571429,         -9.710718,      -10.10216538,      -7.246493256
          0,           0,         261,      -12.77691283,      -9.752683356,      -10.14364037,      -7.288191312
          0,           0,         262,      -12.81863678,      -9.794757342,      -10.18574678,      -7.329389822
          0,           0,         263,      -12.86002588,      -9.836775776,      -10.22714523,      -7.370408952
          0,           0,         264,      -12.90264883,      -9.878972634,      -10.26858457,      -7.412830309
          0,           0,         265,      -12.94277452,      -9.921376459,       -10.3099853,       -7.45412496
          0,           0,         266,      -12.98364446,      -9.963342333,      -10.35130144,      -7.495217281
          0,           0,         267,      -13.02501849,      -10.00492593,      -10.39235113,      -7.534423841
          0,           0,         268,      -13.06352856,      -10.04758225,      -10.43427834,      -7.573311181
          0,           0,         269,       -13.1021337,      -10.08955512,      -10.47315472,      -7.614186485
          0,           0,         270,      -13.14856618,      -10.13164106,      -10.51798723,      -7.658132713
          0,           0,         271,      -13.19070347,      -10.17468162,       -10.5601625,      -7.702945178
          0,           0,         272,      -13.22663645,      -10.21556527,      -10.59790718,        -7.7356518
          0,           0,         273,      -13.26637056,      -10.25832338,       -10.6431009,      -7.778574087
          0,           0,         274,       -13.2926107,      -10.29936245,      -10.67862461,      -7.806490968
          0,           0,         275,      -13.33603999,      -10.34238561,      -10.71923961,      -7.848348792
          0,           0,         276,      -13.39113248,      -10.38595058,      -10.76439618,      -7.904003146
          0,           0,         277,      -13.40416422,      -10.42591377,      -10.79618173,      -7.916734019
          0,           0,         278,      -13.45702814,      -10.46956571,       -10.8437933,      -7.970694113
          0,           0,         279,       -13.4959063,      -10.50982658,      -10.88462503,      -8.009253383
          0,           0,         280,      -13.53032777,      -10.55425485,      -10.92586996,      -8.047092001
          0,           0,         281,      -13.54526518,       -10.5921243,      -10.95050067,      -8.060399539
          0,           0,         282,      -13.58836119,      -10.63300892,      -11.00554315,      -8.106745754
          0,           0,         283,      -13.65097682,      -10.67704381,      -11.03513634,      -8.158023075
          0,           0,         284,      -13.62234473,      -10.71536742,      -11.03861874,      -8.141158425
          0,           0,         285,      -13.67881568,      -10.75119832,      -11.10950867,      -8.184293507
          0,           0,         286,      -13.68846059,      -10.79181391,      -11.14027631,      -8.214075509
          0,           0,         287,      -13.73354109,       -10.8342588,      -11.14949339,      -8.224678195
          0,           0,         288,      -13.79367392,      -10.88510876,      -11.20967919,      -8.316616777
          0,           0,         289,      -13.75024192,      -10.90731493,      -11.19617362,      -8.288403553
          0,           0,         290,      -13.71840249,      -10.95352076,      -11.18892585,      -8.247833751
          0,           0,         291,      -13.84182825,      -11.00084018,      -11.26458738,      -8.369943905
          0,           0,         292,      -13.82443861,      -11.02577621,      -11.26632031,      -8.340695758
          0,           0,         293,      -13.83511379,      -11.05700028,      -11.39102418,      -8.366392253
          0,           0,         294,       -13.7844322,      -11.07672879,      -11.36283846,      -8.297376899
          0,           0,         295,        -13.776375,      -11.11877272,      -11.27859247,      -8.286197388
          0,           0,         296,      -13.93927444,      -11.17782626,      -11.39658977,      -8.454507232
          0,           0,         297,       -13.8454169,      -11.05873442,      -11.41784054,      -8.286168029
          0,           0,         298,       -13.8351497,      -11.11533497,      -11.47196829,      -8.261095639
          0,           0,         299,      -13.80351628,      -11.13960273,       -11.4779134,      -8.308431955
          0,           0,         300,      -13.88265652,      -11.22945027,      -11.52398209,      -8.403073093
          0,           0,         301,      -13.89035349,      -11.28826137,       -11.4104168,      -8.402650509
          0,           0,         302,      -13.74940755,      -11.22563342,        -11.297456,      -8.316059963
          0,           0,         303,       -13.9164958,      -11.33298252,       -11.4684551,      -8.468688441
          0,           0,         304,       -13.8031549,      -11.26113258,      -11.39567574,      -8.331329839
          0,           0,         305,      -13.83802377,      -11.30258467,      -11.43209838,       -8.32920256
          0,           0,         306,      -13.83880177,      -11.38091063,       -11.3688519,      -8.356378249
          0,           0,         307,      -13.71446285,       -11.1300647,       -11.4888434,      -8.244069516
          0,           0,         308,       -13.8974808,      -11.32668951,      -11.53615594,       -8.42766905
          0,           0,         309,      -13.79500405,      -11.25110684,      -11.33248968,       -8.28372732
          0,           0,         310,       -13.7300362,      -11.30334403,      -11.26934727,      -8.281603639
          0,           0,         311,      -13.85425076,       -11.3489143,      -11.40811349,      -8.370395937
          0,           0,         312,      -13.74321001,      -11.21638776,      -11.45851758,      -8.319082879
          0,           0,         313,      -13.91649441,       -11.3868832,      -11.54809599,      -8.489151828
          0,           0,         314,      -13.85508622,      -11.35693129,      -11.44001187,      -8.375225522
          0,           0,         315,      -13.81009107,      -11.33399865,      -11.36295052,      -8.343558168
          0,           0,         316,      -13.80942953,      -11.25713404,      -11.46058345,      -8.312328856
          0,           0,         317,      -13.85556939,      -11.39999293,        -11.442709,      -8.377136723
          0,           0,         318,      -13.89417211,      -11.38193738,      -11.46713787,      -8.411553339
          0,           0,         319,      -13.96514564,      -11.39432033,      -11.52161991,      -8.500174938
          0,           0,         320,      -13.87839496,      -11.42535038,      -11.45039026,      -8.411222777
          0,           0,         321,      -13.92388195,      -11.37742832,      -11.50035778,      -8.388694941
          0,           0,         322,      -13.84945917,      -11.40030931,      -11.40701019,      -8.338255632
          0,           0,         323,      -13.75833933,      -11.14070094,      -11.40774199,      -8.238338845
          0,           0,         324,      -13.83642139,       -11.2872118,      -11.34325931,      -8.335844867
          0,           0,         325,      -13.85069372,      -11.30452341,      -11.49714667,      -8.377185856
          0,           0,         326,      -13.73970693,        -11.203028,      -11.29192822,      -8.298681541
          0,           0,         327,      -13.93063911,      -11.44382311,      -11.50220882,      -8.474046528
          0,           0,         328,      -13.86426684,      -11.37711454,      -11.52840161,      -8.392599983
          0,           0,         329,      -13.85059957,       -11.3988148,      -11.42290305,      -8.390902702
          0,           0,         330,      -13.78260774,      -11.35157378,      -11.37603425,      -8.335049212
          0,           0,         331,      -13.79168632,       -11.3438751,      -11.36477292,      -8.337744638
          0,           0,         332,       -13.9396104,      -11.35069587,      -11.58852489,      -8.441601977
          0,           0,         333,       -13.8634698,      -11.33035656,      -11.50680424,      -8.398251904
          0,           0,         334,      -13.92179028,      -11.42181024,      -11.52171851,      -8.483900106
          0,           0,         335,      -13.92878841,      -11.43416674,       -11.4903925,      -8.473104009
          0,           0,         336,      -13.81789843,      -11.32234686,      -11.37282766,      -8.348696082
          0,           0,         337,      -13.93978619,      -11.47161361,      -11.37648447,       -8.44362198
          0,           0,         338,      -13.92376162,      -11.42474717,      -11.55215571,      -8.454084558
          0,           0,         339,      -14.05838896,       -11.5031233,       -11.6163511,       -8.52596017
          0,           0,         340,       -13.9901174,       -11.5236578,      -11.50468857,      -8.490376523
          0,           0,         341,      -13.94600295,      -11.36184404,        -11.502195,      -8.414639133
          0,           0,         342,       -13.7616935,      -11.21253433,      -11.42775404,      -8.351029424
          0,           0,         343,      -13.79663992,      -11.40225986,      -11.37566504,      -8.361325665
          0,           0,         344,      -13.78737764,       -11.1646351,      -11.47741067,      -8.249824918
          0,           0,         345,      -13.83046617,      -11.45169075,       -11.5192995,      -8.419092797
          0,           0,         346,      -13.90550057,      -11.33923895,      -11.60939872,      -8.425768111
          0,           0,         347,       -13.8930105,      -11.35385372,      -11.46826804,      -8.402409432
          0,           0,         348,      -13.90634486,      -11.38354612,      -11.45668402,      -8.429131026
          0,           0,         349,      -13.76100108,      -11.28474035,      -11.35755756,       -8.31933515
          0,           0,         350,      -13.82726658,      -11.34831548,      -11.41094446,      -8.319833098
          0,           0,         351,       -13.8740929,      -11.32360143,      -11.49473729,      -8.416801751
          0,           0,         352,        -13.876462,      -11.31484284,      -11.46966361,      -8.409087219
          0,           0,         353,       -13.9414029,      -11.37355135,       -11.5285282,      -8.357303699
          0,           0,         354,      -13.72998858,      -11.13594865,      -11.36111008,      -8.226073278
          0,           0,         355,      -13.89345074,      -11.43005568,      -11.41603131,      -8.407239404
          0,           0,         356,      -13.88018746,      -11.22105197,      -11.60261455,      -8.339455551
          0,           0,         357,      -13.73480852,      -11.27933217,       -11.2907271,      -8.247462149
          0,           0,         358,      -13.90101653,      -11.34070066,      -11.56553481,      -8.425283163
          0,           0,         359,      -14.01457968,       -11.4306469,      -11.55737069,      -8.563087382
          0,           0,         360,      -13.91909801,      -11.45511013,      -11.49391434,      -8.458869915
          0,           0,         361,         -13.90344,      -11.44822314,      -11.57377528,      -8.462178477
          0,           0,         362,      -13.81818615,      -11.23077139,      -11.42264896,      -8.309169504
          0,           0,         363,      -13.83423589,        -11.286757,      -11.40222736,      -8.323918808
          0,           0,         364,      -13.86535448,      -11.31562249,      -11.50309076,      -8.396559046
          0,           0,         365,      -13.86569531,      -11.38822233,      -11.53573233,      -8.428928789
          0,           0,         366,      -13.94948593,      -11.39942312,      -11.54838608,      -8.452279853
          0,           0,         367,      -13.83569704,      -11.28629025,      -11.49378843,      -8.332642489
          0,           0,         368,      -13.90573489,       -11.3956644,      -11.44160471,      -8.397847776
          0,           0,         369,      -13.87416043,      -11.42590022,      -11.40102985,      -8.400967326
          0,           0,         370,      -13.94918645,      -11.45648591,      -11.51871068,      -8.484535003
          0,           0,         371,      -13.89367243,      -11.39720323,      -11.44345477,      -8.406558212
          0,           0,         372,      -13.93823868,      -11.34980543,      -11.45325415,      -8.342164883
          0,           0,         373,      -13.85179229,      -11.37739137,       -11.3865484,      -8.362674033
          0,           0,         374,      -13.84145646,      -11.40387462,      -11.45228582,      -8.442665362
          0,           0,         375,      -13.80850539,      -11.22432211,      -11.47770297,       -8.35344646
          0,           0,         376,       -13.7962506,      -11.22046353,      -11.32778213,      -8.362029214
          0,           0,         377,      -13.75184659,      -11.16995879,       -11.3710499,      -8.256709046
          0,           0,         378,      -13.90064411,      -11.28178041,      -11.62748398,      -8.414617465
          0,           0,         379,      -13.84883359,      -11.33336929,      -11.42784095,      -8.407212475
          0,           0,         380,      -13.85894219,      -11.19357374,      -11.42134249,      -8.266948926
          0,           0,         381,      -13.94118063,      -11.36456479,      -11.51049386,      -8.415075444
          0,           0,         382,      -13.81880142,      -11.26005498,      -11.38660714,      -8.336235901
          0,           0,         383,      -13.87610181,      -11.39522238,      -11.42264037,      -8.435819425
          0,           0,         384,      -13.81337657,      -11.24913436,      -11.41533258,      -8.307040874
          0,           0,         385,      -13.78781333,      -11.19981731,      -11.43587751,      -8.249298414
          0,           0,         386,      -13.87396697,      -11.28692103,      -11.41198467,       -8.36111282
          0,           0,         387,      -13.82023863,      -11.34925639,      -11.36246461,      -8.327626798
          0,           0,         388,       -13.9136815,      -11.37975316,      -11.47060287,       -8.45983719
          0,           0,         389,      -13.84622068,      -11.25669893,      -11.56101654,      -8.317542958
          0,           0,         390,      -13.90025247,      -11.46360777,      -11.42209312,      -8.384156865
          0,           0,         391,      -13.81834392,      -11.38099748,      -11.37691028,      -8.391884877
          0,           0,         392,      -13.90200031,      -11.38332186,      -11.46877227,      -8.392923495
          0,           0,         393,      -13.79969067,       -11.3217444,      -11.39432994,      -8.365002584
          0,           0,         394,      -13.82348132,      -11.23163632,      -11.41296557,      -8.360345323
          0,           0,         395,      -13.84253419,      -11.27566618,      -11.40188481,      -8.381673678
          0,           0,         396,      -13.82441892,      -11.21130721,      -11.52277033,      -8.302210383
          0,           0,         397,      -13.85888901,      -11.35131269,      -11.44488531,       -8.31893804
          0,           0,         398,      -13.87375911,      -11.36394132,      -11.38435169,      -8.394904303
          0,           0,         399,      -14.02978353,      -11.38020341,      -11.58921333,      -8.452108619
          0,           0,         400,       -13.8301912,      -11.28581108,      -11.49815997,      -8.335597176
          0,           0,         401,      -13.91671928,      -11.45886294,      -11.53212648,      -8.417328912
          0,           0,         402,      -13.81010319,      -11.37583186,      -11.30170012,      -8.319893144
          0,           0,         403,      -13.84214466,       -11.3338926,      -11.53488107,      -8.366705423
          0,           0,         404,      -13.77363821,      -11.23513412,      -11.38618357,      -8.294183348
          0,           0,         405,      -13.87184991,      -11.37437074,      -11.50301976,      -8.413245323
          0,           0,         406,      -13.84822374,      -11.29216303,      -11.44850395,      -8.387234947
          0,           0,         407,      -13.83120469,       -11.3724273,      -11.45336516,        -8.3880257
          0,           0,         408,      -13.91201377,      -11.44507789,      -11.57899705,      -8.454935671
          0,           0,         409,      -13.94729785,      -11.43404322,      -11.55102482,      -8.445363199
          0,           0,         410,      -13.84011923,      -11.24760891,      -11.54777563,      -8.337630461
          0,           0,         411,      -13.82904738,       -11.2161125,      -11.38755392,      -8.267697941
          0,           0,         412,      -13.89043907,      -11.29036292,      -11.56902023,      -8.399803703
          0,           0,         413,      -13.92719995,       -11.3125674,      -11.51884887,      -8.407204349
          0,           0,         414,        -13.939199,      -11.40924937,      -11.51495013,      -8.445329281
          0,           0,         415,      -13.99507503,      -11.47791737,      -11.53768294,       -8.46724675
          0,           0,         416,      -13.81113687,      -11.27583662,      -11.45172092,      -8.324415364
          0,           0,         417,      -13.79695195,      -11.22452496,      -11.36400134,      -8.312246035
          0,           0,         418,      -13.75606373,       -11.2318315,       -11.5650445,      -8.272388842
          0,           0,         419,      -13.93175298,      -11.29014713,      -11.56355644,      -8.453122994
          0,           0,         420,      -13.72311583,      -11.35177971,       -11.3282612,      -8.295369572
          0,           0,         421,      -13.85406843,      -11.34745048,      -11.41208233,      -8.371222894
          0,           0,         422,      -13.86990608,      -11.26489556,      -11.50666874,      -8.363919509
          0,           0,         423,      -13.86726674,      -11.30754271,       -11.5180332,      -8.394692931
          0,           0,         424,      -13.84637538,      -11.36044469,      -11.33486391,      -8.341268272
          0,           0,         425,      -13.84403079,       -11.4222901,      -11.34883546,      -8.372734071
          0,           0,         426,      -13.83226611,      -11.35115124,      -11.37581535,      -8.335949734
          0,           0,         427,      -13.77025007,       -11.2132336,      -11.29944779,       -8.20978276
          0,           0,         428,      -13.80113115,      -11.41663801,      -11.45470155,      -8.333474274
          0,           0,         429,      -13.82021547,      -11.32432761,       -11.3725364,      -8.335271293
          0,           0,         430,      -13.78075741,      -11.30571786,      -11.32550063,      -8.337392185
          0,           0,         431,      -13.85491746,      -11.38309774,       -11.4687941,       -8.38115195
          0,           0,         432,      -13.76395839,      -11.22990951,       -11.3940824,      -8.294179403
          0,           0,         433,      -13.95582256,      -11.44547785,       -11.4266576,      -8.442425985
          0,           0,         434,      -13.94772209,      -11.44825682,      -11.52349864,      -8.485772013
          0,           0,         435,      -13.84669512,      -11.44193089,      -11.53861448,      -8.408262379
          0,           0,         436,      -13.80935305,      -11.21057882,      -11.42732808,      -8.240331701
          0,           0,         437,      -13.84210776,      -11.19429329,      -11.47657876,      -8.267190642
          0,           0,         438,      -13.88145644,      -11.37995649,      -11.47997627,      -8.399939689
          0,           0,         439,      -13.90861377,      -11.35934594,      -11.55473016,      -8.481292071
          0,           0,         440,      -13.86002875,      -11.33560776,      -11.47296861,      -8.429031844
          0,           0,         441,      -13.98557837,      -11.51398186,      -11.53235177,      -8.460701601
          0,           0,         442,      -13.85321233,      -11.32770328,      -11.45575703,      -8.336130223
          0,           0,         443,      -13.86425912,      -11.39330189,      -11.47073064,      -8.422396097
          0,           0,         444,      -13.89915008,      -11.40336994,      -11.47335153,      -8.436290299
          0,           0,         445,      -13.88678577,       -11.3962665,      -11.48446823,       -8.41378035
          0,           0,         446,      -13.72133153,      -11.14729792,      -11.48423619,      -8.234115287
          0,           0,         447,      -13.88003213,      -11.32159794,      -11.62407469,      -8.362699162
          0,           0,         448,      -13.88039146,      -11.35109837,      -11.45997885,      -8.392623237
          0,           0,         449,      -13.84417752,       -11.2226586,      -11.48637729,      -8.316448719
          0,           0,         450,      -13.88596303,      -11.36808359,      -11.50676556,       -8.41126043
          0,           0,         451,      -13.88921381,      -11.39318226,      -11.53874703,      -8.406919737
          0,           0,         452,      -13.86421798,      -11.28401232,      -11.39221417,      -8.365797007
          0,           0,         453,       -13.9249263,      -11.36813195,      -11.55003665,      -8.419483713
          0,           0,         454,      -13.89797341,       -11.4397623,      -11.52405766,      -8.400701714
          0,           0,         455,      -13.83578606,      -11.38170643,      -11.29476802,      -8.336012802
          0,           0,         456,      -13.80951339,      -11.31329993,      -11.42829519,      -8.345117499
          0,           0,         457,      -13.71765783,      -11.14304908,      -11.49962861,       -8.27686253
          0,           0,         458,      -13.96535796,      -11.35031693,      -11.56468135,      -8.483808533
          0,           0,         459,      -13.91737443,      -11.41252639,      -11.51951907,      -8.422397596
          0,           0,         460,      -13.96653102,      -11.35738851,      -11.50895655,      -8.511620109
          0,           0,         461,      -13.80287602,       -11.3387457,      -11.51196539,      -8.368687662
          0,           0,         462,      -13.85500615,      -11.24508112,      -11.47272764,      -8.377091873
          0,           0,         463,      -13.99920405,      -11.42435339,      -11.53389722,      -8.509992359
          0,           0,         464,       -13.8555527,      -11.34782983,      -11.58789709,      -8.367681845
          0,           0,         465,      -13.96572808,      -11.44217698,       -11.4992589,      -8.502667186
          0,           0,         466,      -13.84886293,      -11.26409113,      -11.38239131,      -8.319404377
          0,           0,         467,      -13.83057854,      -11.36871906,      -11.43427376,      -8.361655063
          0,           0,         468,      -13.82849607,      -11.25446251,      -11.55777413,      -8.400958918
          0,           0,         469,      -13.86751968,      -11.39724513,      -11.50459467,        -8.4132812
          0,           0,         470,       -13.8439444,      -11.38542993,      -11.44207706,        -8.3922133
          0,           0,         471,      -13.74913139,      -11.25887314,      -11.35755442,      -8.283812919
          0,           0,         472,      -13.82315094,      -11.25604913,      -11.49478224,       -8.38075769
          0,           0,         473,        -13.895017,      -11.42895305,      -11.44770086,      -8.394280276
          0,           0,         474,       -13.8786235,      -11.47432496,      -11.46682361,      -8.414443911
          0,           0,         475,      -13.90180366,      -11.38198326,      -11.54111475,      -8.376723619
          0,           0,         476,      -13.71689593,      -11.19858546,      -11.36183875,      -8.325714774
          0,           0,         477,      -13.83577753,      -11.25573543,      -11.49035731,      -8.304791187
          0,           0,         478,      -13.96604842,      -11.38936542,      -11.50053367,      -8.438005782
          0,           0,         479,      -13.84431221,      -11.34851878,      -11.38308284,      -8.353305851
          0,           0,         480,       -13.7611657,      -11.29370469,      -11.39277031,      -8.244423415
          0,           0,         481,       -13.8670203,      -11.37848803,      -11.48348103,      -8.387472704
          0,           0,         482,      -13.81236977,      -11.50021399,      -11.40345205,      -8.377624717
          0,           0,         483,      -13.84979314,      -11.34905399,      -11.51652156,      -8.318436159
          0,           0,         484,       -13.8969478,      -11.29623829,      -11.50940366,      -8.375436473
          0,           0,         485,      -13.96218675,       -11.3978429,      -11.56364661,      -8.486537512
          0,           0,         486,      -13.72757513,      -11.26869022,       -11.2746517,      -8.302766292
          0,           0,         487,      -13.78852727,      -11.30310648,      -11.42470563,       -8.30439808
          0,           0,         488,      -13.87403027,      -11.43874303,      -11.37876871,      -8.425080474
          0,           0,         489,      -13.70333449,      -11.21819279,      -11.35622675,      -8.287929248
          0,           0,         490,      -13.90540067,      -11.33638755,      -11.45948831,       -8.41540791
          0,           0,         491,      -13.92241501,      -11.43360316,      -11.43613886,      -8.423230709
          0,           0,         492,      -13.97264463,       -11.4235651,      -11.50504046,      -8.460908675
          0,           0,         493,      -13.93853039,      -11.35388674,      -11.47026578,       -8.44702849
          0,           0,         494,      -13.86371035,      -11.34222833,      -11.43204255,      -8.372632036
          0,           0,         495,      -13.80165826,      -11.36485344,       -11.3524637,       -8.33867176
          0,           0,         496,      -13.86660446,      -11.34364181,      -11.48596427,      -8.397034733
          0,           0,         497,      -13.79602277,      -11.35198186,       -11.3674636,      -8.325960689
          0,           0,         498,      -13.80035215,      -11.12382972,      -11.43669183,      -8.222631424
          0,           0,         499,      -13.87983989,      -11.38249302,      -11.49483984,      -8.416419067
          0,           0,         500,      -13.78227121,       -11.2018412,      -11.39807273,      -8.286650388
          0,           0,         501,      -13.85883613,      -11.33405102,      -11.41004295,      -8.357828212
          0,           0,         502,      -13.76215406,      -11.26600298,      -11.51381324,      -8.294690178
          0,           0,         503,      -13.88187278,      -11.39101962,      -11.50354955,      -8.422977361
          0,           0,         504,      -13.99054677,      -11.47822936,      -11.56551767,      -8.501172243
          0,           0,         505,      -13.84764539,      -11.25159996,      -11.41253599,      -8.318664779
          0,           0,         506,      -13.68887261,      -11.13071428,      -11.48959923,      -8.253938737
          0,           0,         507,      -13.82367698,      -11.19799774,       -11.4401449,      -8.283042268
          0,           0,         508,      -13.88826053,      -11.33711292,      -11.45235128,      -8.405646625
          0,           0,         509,      -13.82230683,      -11.27267291,      -11.56459068,      -8.366870757
          0,           0,         510,      -13.85057024,      -11.25938714,      -11.42210072,      -8.369876333
          0,           0,         511,      -13.87847021,      -11.25162884,      -11.45970534,      -8.371022496
          0,           0,         512,      -13.96602515,      -11.36317427,      -11.54967189,      -8.415364411
          0,           0,         513,      -13.78933991,       -11.1922867,      -11.50344567,      -8.308952663
          0,           0,         514,      -13.91714114,      -11.35445483,      -11.58741672,      -8.389131656
          0,           0,         515,      -13.93722948,      -11.42423615,      -11.41842081,      -8.483993648
          0,           0,         516,      -13.97338705,       -11.4740504,      -11.47291335,      -8.449300256
          0,           0,         517,      -13.89490789,      -11.37116077,       -11.4769575,      -8.405323621
          0,           0,         518,      -13.88719899,      -11.44742767,      -11.47545014,      -8.416029885
          0,           0,         519,      -13.79398217,      -11.34372832,         -11.43433,      -8.344925498
          0,           0,         520,      -13.92304141,      -11.46817661,      -11.49519037,       -8.45042755
          0,           0,         521,      -13.95615736,      -11.49438814,      -11.44233528,      -8.451217152
          0,           0,         522,      -13.72377622,      -11.28706864,      -11.24066962,      -8.239687102
          0,           0,         523,      -13.94213166,      -11.33139742,      -11.59265461,      -8.431973823
          0,           0,         524,      -13.94714287,      -11.42336585,       -11.4278095,      -8.413582096
          0,           0,         525,      -13.75932239,      -11.34895728,       -11.3454188,      -8.296733682
          0,           0,         526,      -13.80734576,      -11.31999532,       -11.4403283,      -8.342950115
          0,           0,         527,       -13.8006766,      -11.27154816,      -11.44140658,      -8.316361051
          0,           0,         528,      -13.89503969,      -11.34467054,      -11.40814749,      -8.419097499
          0,           0,         529,        -13.867927,      -11.39189984,       -11.4487501,      -8.379410514
          0,           0,         530,      -13.91527657,      -11.44423931,      -11.43567167,      -8.459074819
          0,           0,         531,      -13.93937456,      -11.29856016,      -11.52050962,      -8.400280263
          0,           0,         532,      -13.86119566,      -11.40729265,      -11.40303404,      -8.397768842
          0,           0,         533,       -13.9288718,      -11.44514775,      -11.56020428,      -8.450221976
          0,           0,         534,       -13.9663404,      -11.36768791,      -11.59210849,      -8.475773837
          0,           0,         535,      -13.93176288,      -11.34073009,      -11.45746911,      -8.358035949
          0,           0,         536,      -13.81522991,       -11.3351865,      -11.37878275,      -8.389838645
          0,           0,         537,      -13.89182035,      -11.46474898,      -11.46911199,       -8.41943599
          0,           0,         538,      -13.87722127,      -11.16334705,      -11.45534969,      -8.351168843
          0,           0,         539,      -13.92617744,      -11.31048241,      -11.57272745,      -8.423258133
          0,           0,         540,      -13.80721379,      -11.28945461,      -11.37977901,      -8.306014853
          0,           0,         541,      -13.89652709,      -11.38106651,      -11.45769103,      -8.422679508
          0,           0,         542,      -13.74748654,       -11.2832328,      -11.29522187,       -8.31537799
          0,           0,         543,      -13.74544008,      -11.37554463,      -11.24410061,      -8.299265272
          0,           0,         544,      -13.85530275,      -11.38334478,      -11.45044607,      -8.351955772
          0,           0,         545,      -13.84785266,      -11.38262619,      -11.55567551,      -8.390685044
          0,           0,         546,      -13.82761867,      -11.31512384,      -11.47583148,      -8.369441503
          0,           0,         547,      -13.83048376,       -11.3466874,      -11.36798783,       -8.37029521
          0,           0,         548,       -13.7947824,      -11.25905664,      -11.34218534,      -8.313651984
          0,           0,         549,      -13.85956965,      -11.22458329,      -11.52395386,      -8.301452359
          0,           0,         550,      -13.86562212,      -11.35064769,      -11.46643062,      -8.369953064
          0,           0,         551,      -13.81370322,      -11.27222411,      -11.39272124,      -8.343526405
          0,           0,         552,      -13.97769859,      -11.46978954,      -11.47206325,      -8.537259399
          0,           0,         553,      -13.88492328,      -11.32174698,      -11.51182537,      -8.425647412
          0,           0,         554,      -13.93492906,      -11.44876693,      -11.48556173,      -8.467132749
          0,           0,         555,      -13.84675965,      -11.44405804,      -11.37511203,      -8.338392667
          0,           0,         556,      -13.99796031,      -11.37419292,      -11.52017222,       -8.46787365
          0,           0,         557,      -13.85160815,      -11.38200775,       -11.4011267,      -8.400045428
          0,           0,         558,      -13.86728602,      -11.37408258,      -11.49976055,      -8.418213633
          0,           0,         559,      -13.85085633,      -11.31632733,      -11.42029052,      -8.349137051
          0,           0,         560,      -13.76429525,      -11.20482396,      -11.43475851,      -8.296520931
          0,           0,         561,      -13.98133193,      -11.41965792,      -11.50546328,      -8.486375383
          0,           0,         562,      -13.84694139,      -11.33276584,      -11.48210135,      -8.401824538
          0,           0,         563,        -13.855033,      -11.36598217,      -11.43713114,       -8.37146859
          0,           0,         564,      -13.81578939,      -11.24787147,      -11.49582873,      -8.353263383
          0,           0,         565,      -13.81953159,      -11.40116305,       -11.5714553,      -8.424061778
          0,           0,         566,      -13.91705278,      -11.30365205,      -11.52742604,      -8.405990769
          0,           0,         567,      -13.92004023,      -11.29346075,      -11.42831839,      -8.410507635
          0,           0,         568,      -13.79793104,      -11.24779407,      -11.51058634,      -8.368031566
          0,           0,         569,       -13.8916929,       -11.3289489,      -11.49759218,       -8.42729377
          0,           0,         570,      -13.88211931,      -11.38368403,      -11.50507615,       -8.36483932
          0,           0,         571,      -13.99165003,      -11.45600156,      -11.56997288,      -8.527498308
          0,           0,         572,      -13.97712763,      -11.51330337,      -11.56206485,      -8.519101684
          0,           0,         573,      -13.92013329,      -11.42616627,      -11.49473793,      -8.463580077
          0,           0,         574,       -13.7758461,      -11.26986284,      -11.36641576,      -8.303062409
          0,           0,         575,       -13.7719644,      -11.30992192,      -11.30480562,      -8.291243476
          0,           0,         576,      -13.88658021,      -11.35752647,      -11.49266713,      -8.391978081
          0,           0,         577,      -13.78924042,      -11.25415688,      -11.38840031,      -8.299770905
          0,           0,         578,      -13.79661663,      -11.21209506,      -11.31828586,      -8.301319263
          0,           0,         579,      -13.82795914,      -11.33944387,      -11.44700705,      -8.393651998
          0,           0,         580,       -13.8565036,      -11.33361403,      -11.45505968,      -8.371174105
          0,           0,         581,      -13.82696797,       -11.2936518,      -11.46642608,      -8.352268012
          0,           0,         582,       -13.9376282,      -11.32903125,      -11.53650548,      -8.439146846
          0,           0,         583,      -13.84498795,      -11.35474676,      -11.44427601,      -8.370069315
          0,           0,         584,      -13.86184072,      -11.44989351,      -11.46901199,      -8.400883261
          0,           0,         585,      -13.86405149,      -11.41339267,      -11.39331213,      -8.337700926
          0,           0,         586,      -13.81578727,      -11.25214003,      -11.47173495,      -8.307116034
          0,           0,         587,      -14.01966615,      -11.33339201,      -11.58417454,       -8.43024474
          0,           0,         588,      -13.81336697,      -11.19165453,      -11.49583121,      -8.309029048
          0,           0,         589,      -13.74628599,      -11.28126384,      -11.36018646,      -8.274555055
          0,           0,         590,      -13.89260532,       -11.3885902,      -11.51028897,      -8.421134096
          0,           0,         591,      -13.92482439,      -11.36868073,      -11.50629618,      -8.431137381
          0,           0,         592,      -13.92814234,      -11.42875502,       -11.4922628,      -8.408993129
          0,           0,         593,      -13.89374015,       -11.4645882,      -11.47745084,      -8.393051448
          0,           0,         594,      -13.98715773,      -11.49588061,      -11.53020275,      -8.536973765
          0,           0,         595,      -13.83475675,      -11.34280255,      -11.43697105,       -8.33301552
          0,           0,         596,      -13.83384664,      -11.35561306,      -11.40295648,      -8.344562692
          0,           0,         597,      -13.95137904,      -11.34502965,       -11.5956367,      -8.452750738
          0,           0,         598,      -13.85870003,      -11.26246103,      -11.48763961,      -8.408718618
          0,           0,         599,      -13.81599507,       -11.4260857,      -11.34870183,       -8.36100004
          0,           0,         600,      -13.92613623,      -11.34390322,      -11.50238772,      -8.422984015
