VARIABLES = \
"Time_Iter","Outer_Iter","Inner_Iter",    "rms[Rho]"    ,    "rms[RhoU]"   ,    "rms[RhoV]"   ,    "rms[RhoE]"   
          0,           0,           0,      -1.027730428,       1.178252086,       1.492736843,       4.431897775
          0,           0,           1,      -1.017955625,       1.313968331,        1.48569584,       4.446337416
          0,           0,           2,      -1.225020158,        1.13293676,       1.257253896,        4.23957486
          0,           0,           3,      -1.442252812,      0.9672974148,       1.010130479,       4.026066796
          0,           0,           4,      -1.637743255,      0.8345857784,      0.8062117469,       3.831577393
          0,           0,           5,      -1.830132263,      0.7100569798,      0.6222328111,       3.643121555
          0,           0,           6,      -2.017434663,       0.618946954,      0.4519120117,       3.461504748
          0,           0,           7,      -2.172352796,      0.5464311519,      0.2918115773,       3.309095517
          0,           0,           8,      -2.326896521,       0.470728428,      0.1506536257,       3.160785003
          0,           0,           9,      -2.474840238,      0.4029868209,     0.02525563752,       3.023260767
          0,           0,          10,      -2.589894674,      0.3454254385,    -0.09908473624,       2.917326489
          0,           0,          11,      -2.677858992,      0.2933674052,     -0.2142980053,       2.835304544
          0,           0,          12,      -2.766000925,      0.2408130044,     -0.3125439255,       2.753245358
          0,           0,          13,       -2.86290845,       0.185863212,     -0.3984463705,       2.664043245
          0,           0,          14,      -2.960450523,      0.1297093784,     -0.4765374421,       2.574919469
          0,           0,          15,      -3.049341709,     0.07375117915,     -0.5486874154,       2.493685289
          0,           0,          16,      -3.126030428,     0.01858545702,     -0.6157875061,       2.422432561
          0,           0,          17,      -3.191035818,    -0.03558971971,     -0.6784771101,       2.359427972
          0,           0,          18,      -3.246787865,    -0.08864900762,     -0.7378526889,       2.302076591
          0,           0,          19,       -3.29649195,      -0.140536977,     -0.7949889466,       2.248228426
          0,           0,          20,      -3.343159811,     -0.1913411506,     -0.8506050534,       2.196329255
          0,           0,          21,      -3.388794263,     -0.2412461028,     -0.9051766277,       2.145486777
          0,           0,          22,      -3.434296749,     -0.2904803885,      -0.958920339,       2.095351998
          0,           0,          23,      -3.479738269,     -0.3392608741,      -1.011859155,       2.045944142
          0,           0,          24,      -3.524816834,     -0.3877577724,      -1.063724356,       1.997453197
          0,           0,          25,      -3.569257576,      -0.436106635,      -1.114128685,       1.949969348
          0,           0,          26,      -3.612902209,     -0.4844157857,      -1.162709253,       1.903456108
          0,           0,          27,      -3.655721679,     -0.5327669542,       -1.20946856,       1.857795449
          0,           0,          28,      -3.697877636,     -0.5812219347,      -1.254586611,       1.812774331
          0,           0,          29,      -3.739670964,     -0.6298252086,      -1.298361132,       1.768117033
          0,           0,          30,      -3.781419852,     -0.6786022517,      -1.341174471,       1.723556128
          0,           0,          31,      -3.823331812,     -0.7275485599,      -1.383328939,       1.678924234
          0,           0,          32,      -3.865549634,     -0.7766392171,      -1.425048442,       1.634120032
          0,           0,          33,      -3.908146296,     -0.8258386621,       -1.46654005,       1.589106448
          0,           0,          34,      -3.951122878,     -0.8751002157,      -1.507952952,       1.543908489
          0,           0,          35,      -3.994425416,     -0.9243727607,      -1.549387047,       1.498590712
          0,           0,          36,      -4.037968135,     -0.9736046095,      -1.590912246,       1.453239724
          0,           0,          37,      -4.081674976,      -1.022750961,      -1.632575996,       1.407930483
          0,           0,          38,      -4.125504553,      -1.071775107,      -1.674400189,       1.362704441
          0,           0,          39,      -4.169427836,       -1.12064493,      -1.716383999,       1.317589604
          0,           0,          40,       -4.21342513,      -1.169330786,      -1.758514234,       1.272601799
          0,           0,          41,      -4.257463058,      -1.217800243,      -1.800737159,       1.227768945
          0,           0,          42,      -4.301517532,      -1.266022295,      -1.842990729,        1.18311009
          0,           0,          43,      -4.345560919,      -1.313967857,      -1.885225344,       1.138647007
          0,           0,          44,      -4.389562327,      -1.361611313,      -1.927404114,       1.094402685
          0,           0,          45,      -4.433494681,      -1.408932004,      -1.969498408,       1.050394362
          0,           0,          46,      -4.477336055,      -1.455914771,      -2.011486877,       1.006632604
          0,           0,          47,      -4.521067118,      -1.502550644,      -2.053354545,      0.9631250809
          0,           0,          48,      -4.564602373,      -1.548862587,      -2.095301207,      0.9199437695
          0,           0,          49,      -4.608028634,      -1.594897473,      -2.137357107,      0.8769887042
          0,           0,          50,      -4.651617876,      -1.640649787,      -2.179155871,      0.8339766972
          0,           0,          51,      -4.695224054,      -1.686085123,      -2.220745095,      0.7910416239
          0,           0,          52,      -4.738623678,      -1.731175727,      -2.262148085,      0.7483900571
          0,           0,          53,      -4.781741459,       -1.77592069,      -2.303390337,       0.706085527
          0,           0,          54,      -4.824615794,      -1.820344004,      -2.344476927,      0.6640777904
          0,           0,          55,      -4.867303159,      -1.864474307,      -2.385419758,      0.6222980122
          0,           0,          56,      -4.909833887,      -1.908335879,      -2.426232702,      0.5807046546
          0,           0,          57,      -4.952217283,      -1.951949558,       -2.46692857,      0.5392787782
          0,           0,          58,      -4.994460451,      -1.995336017,      -2.507518731,      0.4980050425
          0,           0,          59,      -5.036563977,      -2.038517038,      -2.548017922,      0.4568757298
          0,           0,          60,      -5.078538498,      -2.081516327,      -2.588442465,      0.4158741459
          0,           0,          61,      -5.120391794,      -2.124355472,      -2.628808408,      0.3749871282
          0,           0,          62,      -5.162138372,      -2.167053828,      -2.669131025,      0.3341966124
          0,           0,          63,      -5.203798155,      -2.209631205,      -2.709424268,      0.2934799903
          0,           0,          64,      -5.245389417,      -2.252106836,      -2.749702866,      0.2528168475
          0,           0,          65,       -5.28692625,      -2.294498328,      -2.789980523,      0.2121912974
          0,           0,          66,      -5.328418782,      -2.336820983,      -2.830268027,      0.1715918914
          0,           0,          67,      -5.369876426,      -2.379088203,      -2.870572484,      0.1310085643
          0,           0,          68,      -5.411308852,      -2.421312017,      -2.910898939,     0.09043145639
          0,           0,          69,      -5.452725438,      -2.463503321,      -2.951251874,     0.04985126115
          0,           0,          70,      -5.494134759,      -2.505671985,      -2.991637214,    0.009259651851
          0,           0,          71,      -5.535544501,      -2.547826829,      -3.032055967,     -0.0313504121
          0,           0,          72,      -5.576961096,       -2.58997565,      -3.072511616,    -0.07198482651
          0,           0,          73,      -5.618390012,      -2.632125343,      -3.113007476,     -0.1126484878
          0,           0,          74,      -5.659836854,       -2.67428209,       -3.15354603,     -0.1533462363
          0,           0,          75,      -5.701307078,      -2.716451302,      -3.194129515,     -0.1940826755
          0,           0,          76,      -5.742805562,      -2.758637661,      -3.234759557,     -0.2348618719
          0,           0,          77,      -5.784336269,      -2.800845186,      -3.275437979,     -0.2756870443
          0,           0,          78,      -5.825902331,      -2.843077214,       -3.31616639,     -0.3165606344
          0,           0,          79,       -5.86750677,      -2.885336593,      -3.356945968,     -0.3574849726
          0,           0,          80,      -5.909152355,      -2.927625717,      -3.397777877,     -0.3984621046
          0,           0,          81,       -5.95084121,      -2.969946456,      -3.438662445,     -0.4394935339
          0,           0,          82,      -5.992575074,      -3.012300337,       -3.47959948,     -0.4805804717
          0,           0,          83,      -6.034355374,      -3.054688593,      -3.520589091,     -0.5217238428
          0,           0,          84,      -6.076183301,      -3.097112155,      -3.561631453,     -0.5629243486
          0,           0,          85,      -6.118059986,      -3.139571716,       -3.60272653,     -0.6041826346
          0,           0,          86,      -6.159986413,      -3.182067759,      -3.643874058,     -0.6454992255
          0,           0,          87,      -6.201963323,      -3.224600561,      -3.685073635,      -0.686874439
          0,           0,          88,      -6.243991237,      -3.267170212,      -3.726324782,     -0.7283083986
          0,           0,          89,      -6.286070512,      -3.309776637,      -3.767626968,      -0.769801088
          0,           0,          90,      -6.328201376,      -3.352419619,      -3.808979599,     -0.8113523733
          0,           0,          91,      -6.370383925,      -3.395098811,      -3.850382004,     -0.8529620154
          0,           0,          92,       -6.41261814,      -3.437813757,      -3.891833435,     -0.8946296788
          0,           0,          93,      -6.454903882,      -3.480563899,      -3.933333075,     -0.9363549335
          0,           0,          94,      -6.497240908,      -3.523348601,      -3.974880066,     -0.9781372673
          0,           0,          95,      -6.539628875,      -3.566167156,       -4.01647351,      -1.019976091
          0,           0,          96,      -6.582067362,      -3.609018802,      -4.058112489,      -1.061870757
          0,           0,          97,      -6.624555869,      -3.651902728,       -4.09979606,      -1.103820561
          0,           0,          98,      -6.667093845,      -3.694818088,      -4.141523276,      -1.145824763
          0,           0,          99,      -6.709680699,      -3.737764005,      -4.183293188,      -1.187882598
          0,           0,         100,      -6.752315804,      -3.780739584,      -4.225104851,      -1.229993275
          0,           0,         101,        -6.7949985,      -3.823743917,      -4.266957312,      -1.272155989
          0,           0,         102,      -6.837728112,      -3.866776089,      -4.308849635,      -1.314369925
          0,           0,         103,      -6.880503935,      -3.909835186,      -4.350780885,      -1.356634252
          0,           0,         104,      -6.923325262,        -3.9529203,      -4.392750146,      -1.398948143
          0,           0,         105,      -6.966191383,      -3.996030533,      -4.434756514,      -1.441310776
          0,           0,         106,      -7.009101578,      -4.039164996,      -4.476799084,      -1.483721322
          0,           0,         107,      -7.052055128,      -4.082322828,      -4.518876988,      -1.526178963
          0,           0,         108,      -7.095051306,      -4.125503174,      -4.560989376,       -1.56868287
          0,           0,         109,      -7.138089416,      -4.168705214,      -4.603135407,      -1.611232253
          0,           0,         110,      -7.181168739,      -4.211928148,      -4.645314282,      -1.653826292
          0,           0,         111,      -7.224288615,      -4.255171211,      -4.687525217,      -1.696464227
          0,           0,         112,      -7.267448377,      -4.298433659,      -4.729767457,      -1.739145292
          0,           0,         113,      -7.310647394,      -4.341714787,      -4.772040285,      -1.781868749
          0,           0,         114,       -7.35388505,      -4.385013921,      -4.814342997,      -1.824633869
          0,           0,         115,      -7.397160768,      -4.428330428,      -4.856674922,      -1.867439965
          0,           0,         116,      -7.440473985,      -4.471663696,      -4.899035435,      -1.910286357
          0,           0,         117,      -7.483824196,      -4.515013169,      -4.941423921,       -1.95317242
          0,           0,         118,      -7.527210865,      -4.558378316,      -4.983839786,      -1.996097487
          0,           0,         119,      -7.570633568,      -4.601758634,      -5.026282485,       -2.03906102
          0,           0,         120,      -7.614091863,      -4.645153681,      -5.068751551,      -2.082062422
          0,           0,         121,      -7.657585294,      -4.688563025,      -5.111246404,      -2.125101122
          0,           0,         122,      -7.701113514,      -4.731986275,      -5.153766656,      -2.168176641
          0,           0,         123,      -7.744676187,      -4.775423088,      -5.196311833,      -2.211288461
          0,           0,         124,      -7.788273014,      -4.818873124,      -5.238881499,      -2.254436151
          0,           0,         125,      -7.831903547,      -4.862336124,      -5.281475382,      -2.297619176
          0,           0,         126,       -7.87556766,      -4.905811808,      -5.324093012,      -2.340837191
          0,           0,         127,      -7.919265042,       -4.94929991,      -5.366734048,      -2.384089726
          0,           0,         128,       -7.96299542,       -4.99280029,      -5.409398329,       -2.42737645
          0,           0,         129,      -8.006758586,      -5.036312713,      -5.452085396,      -2.470696916
          0,           0,         130,       -8.05055445,      -5.079837083,      -5.494795166,       -2.51405091
          0,           0,         131,      -8.094382647,      -5.123373212,      -5.537527226,      -2.557437905
          0,           0,         132,       -8.13824317,      -5.166921059,      -5.580281477,      -2.600857755
          0,           0,         133,      -8.182135813,      -5.210480462,      -5.623057593,      -2.644310068
          0,           0,         134,      -8.226060293,      -5.254051322,      -5.665855354,      -2.687794438
          0,           0,         135,      -8.270016505,      -5.297633681,      -5.708674806,       -2.73131062
          0,           0,         136,      -8.314004489,      -5.341227384,      -5.751515632,      -2.774858435
          0,           0,         137,       -8.35802387,      -5.384832399,      -5.794377448,      -2.818437448
          0,           0,         138,      -8.402074569,      -5.428448755,      -5.837260663,      -2.862047378
          0,           0,         139,      -8.446156295,      -5.472076353,      -5.880164455,      -2.905687876
          0,           0,         140,      -8.490269317,      -5.515715279,      -5.923089373,      -2.949358905
          0,           0,         141,      -8.534412819,      -5.559365287,      -5.966034715,      -2.993059696
          0,           0,         142,       -8.57858703,      -5.603026585,       -6.00900081,      -3.036790233
          0,           0,         143,       -8.62279159,      -5.646698956,      -6.051987022,      -3.080550143
          0,           0,         144,      -8.667026434,      -5.690382529,      -6.094993847,      -3.124339027
          0,           0,         145,      -8.711290787,      -5.734077146,      -6.138020771,       -3.16815639
          0,           0,         146,      -8.755584609,      -5.777782732,      -6.181067442,      -3.212001669
          0,           0,         147,      -8.799907775,      -5.821499387,      -6.224134458,      -3.255874947
          0,           0,         148,       -8.84425985,      -5.865226936,      -6.267220812,      -3.299775687
          0,           0,         149,      -8.888640136,      -5.908965195,      -6.310327235,      -3.343702827
          0,           0,         150,      -8.933048214,      -5.952714164,      -6.353452841,      -3.387656257
          0,           0,         151,      -8.977483787,      -5.996473681,      -6.396598101,      -3.431635498
          0,           0,         152,      -9.021946154,      -6.040243673,      -6.439762313,      -3.475639863
          0,           0,         153,      -9.066434792,      -6.084023922,      -6.482944985,      -3.519668574
          0,           0,         154,      -9.110948302,      -6.127814255,      -6.526147129,      -3.563720582
          0,           0,         155,      -9.155487867,      -6.171614485,      -6.569367506,      -3.607796585
          0,           0,         156,       -9.20005025,      -6.215424182,       -6.61260653,      -3.651894304
          0,           0,         157,      -9.244636848,      -6.259243172,      -6.655863434,      -3.696013896
          0,           0,         158,      -9.289245372,      -6.303071678,      -6.699138925,       -3.74015369
          0,           0,         159,      -9.333874715,      -6.346908737,      -6.742431127,      -3.784313848
          0,           0,         160,      -9.378523323,      -6.390754148,      -6.785740423,      -3.828491043
          0,           0,         161,      -9.423192556,      -6.434607789,      -6.829067876,      -3.872687873
          0,           0,         162,      -9.467879353,      -6.478469144,      -6.872412297,      -3.916901267
          0,           0,         163,      -9.512581587,       -6.52233761,      -6.915772501,      -3.961129144
          0,           0,         164,      -9.557299504,      -6.566212817,      -6.959146979,      -4.005370883
          0,           0,         165,      -9.602031807,       -6.61009492,      -7.002541968,      -4.049627796
          0,           0,         166,      -9.646774899,      -6.653982367,      -7.045946908,      -4.093895471
          0,           0,         167,      -9.691529704,      -6.697875648,      -7.089369319,      -4.138173378
          0,           0,         168,      -9.736294449,      -6.741773083,       -7.13280668,      -4.182461677
          0,           0,         169,      -9.781064291,      -6.785675159,       -7.17625787,      -4.226756675
          0,           0,         170,      -9.825838372,      -6.829579913,       -7.21972204,      -4.271056289
          0,           0,         171,      -9.870615348,       -6.87348911,      -7.263201192,      -4.315361332
          0,           0,         172,      -9.915395606,      -6.917400226,      -7.306693313,      -4.359669384
          0,           0,         173,      -9.960174331,      -6.961311337,      -7.350195281,      -4.403979218
          0,           0,         174,      -10.00494904,      -7.005224482,      -7.393708265,      -4.448288181
          0,           0,         175,      -10.04972067,      -7.049139398,      -7.437238472,      -4.492599128
          0,           0,         176,      -10.09448097,      -7.093049489,      -7.480769617,      -4.536897703
          0,           0,         177,      -10.13923771,      -7.136963616,      -7.524321951,      -4.581196162
          0,           0,         178,      -10.18398056,      -7.180872775,       -7.56787798,      -4.625488172
          0,           0,         179,      -10.22870601,      -7.224779989,      -7.611445085,      -4.669769556
          0,           0,         180,      -10.27342165,      -7.268685342,      -7.655025116,       -4.71404472
          0,           0,         181,      -10.31810534,      -7.312581138,      -7.698599159,      -4.758294107
          0,           0,         182,      -10.36277844,      -7.356476161,      -7.742193151,      -4.802541906
          0,           0,         183,      -10.40742357,       -7.40036309,      -7.785794623,        -4.8467665
          0,           0,         184,      -10.45204759,      -7.444245888,      -7.829396276,      -4.890976325
          0,           0,         185,      -10.49662472,      -7.488116698,      -7.873003271,      -4.935153754
          0,           0,         186,      -10.54118529,      -7.531980078,      -7.916616308,      -4.979319251
          0,           0,         187,        -10.585714,      -7.575839275,      -7.960251178,      -5.023467429
          0,           0,         188,      -10.63017533,      -7.619680126,      -8.003860729,      -5.067563328
          0,           0,         189,      -10.67462814,      -7.663516462,      -8.047501555,      -5.111648545
          0,           0,         190,      -10.71904637,      -7.707346173,      -8.091133417,      -5.155718702
          0,           0,         191,      -10.76338193,      -7.751157249,      -8.134766578,      -5.199723071
          0,           0,         192,      -10.80769939,      -7.794951915,      -8.178396615,      -5.243726371
          0,           0,         193,      -10.85196732,      -7.838742556,      -8.222043033,      -5.287672525
          0,           0,         194,      -10.89618903,       -7.88251419,      -8.265672813,      -5.331603657
          0,           0,         195,      -10.94036355,      -7.926280352,      -8.309328981,      -5.375486657
          0,           0,         196,      -10.98439499,      -7.970010033,      -8.352949787,      -5.419293853
          0,           0,         197,      -11.02852224,      -8.013742893,      -8.396611281,      -5.463138096
          0,           0,         198,      -11.07244012,      -8.057442718,      -8.440249701,      -5.506849089
          0,           0,         199,      -11.11635865,       -8.10114329,      -8.483876501,      -5.550576818
          0,           0,         200,      -11.16022135,      -8.144815281,      -8.527533484,      -5.594253068
          0,           0,         201,      -11.20399725,      -8.188470614,      -8.571163145,      -5.637862209
          0,           0,         202,      -11.24776597,      -8.232116163,      -8.614788023,      -5.681474956
          0,           0,         203,      -11.29150479,       -8.27574542,       -8.65842779,      -5.725031951
          0,           0,         204,      -11.33511282,      -8.319346475,      -8.702082619,      -5.768526063
          0,           0,         205,      -11.37862508,      -8.362940783,      -8.745696814,      -5.811949013
          0,           0,         206,      -11.42214669,      -8.406515184,      -8.789302126,       -5.85535971
          0,           0,         207,      -11.46555046,      -8.450066322,       -8.83295464,      -5.898724129
          0,           0,         208,      -11.50892774,      -8.493596331,      -8.876607808,      -5.942061662
          0,           0,         209,      -11.55212058,      -8.537107048,      -8.920247204,      -5.985299161
          0,           0,         210,      -11.59541497,       -8.58061746,      -8.963827933,      -6.028525237
          0,           0,         211,      -11.63864672,      -8.624100583,      -9.007453547,      -6.071699658
          0,           0,         212,      -11.68180802,       -8.66755533,      -9.051021274,      -6.114865799
          0,           0,         213,       -11.7248168,      -8.710985969,      -9.094680532,      -6.157987051
          0,           0,         214,        -11.767844,      -8.754433691,      -9.138258216,      -6.201051925
          0,           0,         215,      -11.81075387,      -8.797857382,      -9.181951503,      -6.244038943
          0,           0,         216,      -11.85357632,      -8.841184191,      -9.225420436,      -6.286973845
          0,           0,         217,      -11.89627087,      -8.884624054,      -9.269072346,       -6.32981151
          0,           0,         218,      -11.93921266,      -8.927985867,      -9.312663857,        -6.3727414
          0,           0,         219,      -11.98196381,      -8.971334133,      -9.356276546,      -6.415714259
          0,           0,         220,      -12.02434607,      -9.014703825,      -9.399955108,       -6.45835736
          0,           0,         221,      -12.06733305,      -9.058063516,      -9.443623943,      -6.501370416
          0,           0,         222,      -12.10979987,      -9.101372559,      -9.487222103,      -6.544011272
          0,           0,         223,      -12.15224949,      -9.144688297,      -9.530953591,      -6.586792163
          0,           0,         224,      -12.19508034,      -9.187997685,      -9.574695224,       -6.62973286
          0,           0,         225,      -12.23702809,      -9.231185318,       -9.61791155,      -6.672202916
          0,           0,         226,      -12.27926088,      -9.274451047,      -9.661594858,      -6.714489988
          0,           0,         227,       -12.3227485,      -9.317773002,      -9.705095621,      -6.758065124
          0,           0,         228,      -12.36516247,      -9.361052066,      -9.749619968,      -6.800497334
          0,           0,         229,      -12.40631644,       -9.40428349,      -9.792657406,      -6.842178257
          0,           0,         230,      -12.44855564,      -9.447787408,      -9.836554524,      -6.884408096
          0,           0,         231,       -12.4914088,      -9.491087429,       -9.88035552,      -6.927654592
          0,           0,         232,      -12.53213513,      -9.533895536,      -9.921189236,        -6.9686824
          0,           0,         233,      -12.57730146,      -9.577374741,      -9.967468055,      -7.014097671
          0,           0,         234,      -12.61886231,      -9.620858204,       -10.0105659,      -7.056051074
          0,           0,         235,      -12.65922738,      -9.664101024,       -10.0552872,      -7.098021077
          0,           0,         236,      -12.70093364,      -9.707390716,      -10.09817648,       -7.14073348
          0,           0,         237,      -12.74323566,      -9.750098878,      -10.14076955,       -7.18160359
          0,           0,         238,      -12.78594304,      -9.793907174,      -10.18619339,      -7.224184536
          0,           0,         239,      -12.82957834,      -9.836785229,      -10.22808947,      -7.267911392
          0,           0,         240,      -12.87430054,      -9.880089666,      -10.27144048,      -7.312691813
          0,           0,         241,      -12.91030025,      -9.923362102,       -10.3163998,      -7.351114454
          0,           0,         242,      -12.95732239,      -9.966737193,      -10.36006228,      -7.397562641
          0,           0,         243,      -12.99402996,      -10.00994867,      -10.40339914,      -7.434541476
          0,           0,         244,       -13.0376121,      -10.05360149,       -10.4475652,       -7.47874473
          0,           0,         245,      -13.08109789,      -10.09571032,      -10.48961704,       -7.52353689
          0,           0,         246,      -13.11810253,      -10.14054197,      -10.53587997,      -7.561535935
          0,           0,         247,      -13.16655676,      -10.18366606,       -10.5799482,      -7.608801352
          0,           0,         248,      -13.20182862,      -10.22598101,      -10.61999434,      -7.646924761
          0,           0,         249,      -13.23858869,      -10.26832449,      -10.65568393,      -7.682914173
          0,           0,         250,      -13.27377149,      -10.31084282,        -10.706293,       -7.72393523
          0,           0,         251,      -13.32939423,      -10.35649292,      -10.75025372,      -7.774175127
          0,           0,         252,      -13.36770288,      -10.39879325,      -10.78736078,      -7.816499343
          0,           0,         253,       -13.3949859,      -10.44073778,      -10.83666102,      -7.840367589
          0,           0,         254,      -13.43103009,      -10.49086526,      -10.87924591,      -7.884196378
          0,           0,         255,      -13.45931463,      -10.52524586,      -10.91558887,      -7.914973497
          0,           0,         256,      -13.52369189,      -10.56983604,      -10.97744819,      -7.978305725
          0,           0,         257,      -13.56220979,       -10.6153348,      -10.99902653,       -8.01339715
          0,           0,         258,      -13.62291316,       -10.6576567,      -11.01980408,      -8.069482081
          0,           0,         259,      -13.62466703,       -10.6971116,      -11.07237423,      -8.086961896
          0,           0,         260,      -13.64762827,      -10.74192648,      -11.09602542,      -8.120075449
          0,           0,         261,      -13.66295342,      -10.78867259,      -11.14965438,      -8.147210599
          0,           0,         262,      -13.65730977,      -10.81205137,      -11.17986898,      -8.128480812
          0,           0,         263,      -13.67236186,      -10.84816254,      -11.16563086,      -8.159574294
          0,           0,         264,      -13.63258817,        -10.870329,      -11.21194338,      -8.131766354
          0,           0,         265,      -13.72880685,      -10.94692235,      -11.24846349,      -8.216610169
          0,           0,         266,      -13.72924769,      -10.96595961,      -11.28855905,      -8.224933425
          0,           0,         267,      -13.78708493,      -11.00135579,      -11.31181758,      -8.296814975
          0,           0,         268,      -13.77183542,      -11.04031115,      -11.37184574,      -8.256080273
          0,           0,         269,      -13.80298834,       -11.0377312,      -11.39242847,      -8.300357079
          0,           0,         270,      -13.91468515,      -11.11702029,      -11.44231142,      -8.410485133
          0,           0,         271,      -13.92001135,      -11.16753302,      -11.42511565,      -8.430731184
          0,           0,         272,      -13.78374346,      -11.14754371,      -11.28177561,      -8.321167431
          0,           0,         273,       -13.9076768,      -11.21870623,        -11.462684,      -8.422050674
          0,           0,         274,      -13.79527723,      -11.17692808,      -11.34856628,      -8.327323262
          0,           0,         275,      -13.83566937,      -11.23765639,      -11.43487807,      -8.368651021
          0,           0,         276,      -13.86163293,      -11.30778089,      -11.46397642,      -8.412856295
          0,           0,         277,      -13.97310505,      -11.31343642,      -11.49103886,      -8.474721237
          0,           0,         278,      -13.74637368,       -11.1183122,      -11.41417434,      -8.271679748
          0,           0,         279,      -13.82994861,      -11.20782384,      -11.43855726,      -8.327901504
          0,           0,         280,      -13.87051031,      -11.33902526,      -11.56522606,      -8.409217782
          0,           0,         281,      -13.82190394,      -11.32072721,      -11.43527762,      -8.393109047
          0,           0,         282,      -13.90788212,      -11.36720104,      -11.42519379,      -8.426972139
          0,           0,         283,      -13.87807902,      -11.35667033,      -11.35841569,      -8.374000371
          0,           0,         284,      -13.87249086,      -11.28972565,      -11.55670083,      -8.360067139
          0,           0,         285,       -13.9433207,      -11.37529994,       -11.5167538,      -8.482425144
          0,           0,         286,      -13.94845273,      -11.43000519,      -11.46411485,      -8.468341742
          0,           0,         287,      -13.87544478,      -11.31341893,      -11.36880935,       -8.35793164
          0,           0,         288,      -13.98799199,      -11.42249948,      -11.57326274,      -8.520821954
          0,           0,         289,      -13.85619649,      -11.29200033,      -11.44307083,      -8.403454926
          0,           0,         290,      -13.83542271,      -11.37960687,      -11.44136904,      -8.418779055
          0,           0,         291,      -13.92374819,         -11.39055,      -11.56391566,      -8.456621751
          0,           0,         292,      -13.89298331,      -11.29228391,      -11.39794152,      -8.348465943
          0,           0,         293,      -13.88132876,      -11.39111987,      -11.38187796,      -8.435748294
          0,           0,         294,      -13.93660375,      -11.50123718,      -11.47316797,       -8.45936419
          0,           0,         295,      -13.83943524,      -11.33591258,       -11.3310791,      -8.361179426
          0,           0,         296,      -13.88460252,      -11.33835587,      -11.49406745,      -8.407420564
          0,           0,         297,      -13.81916173,      -11.30641609,      -11.39372132,      -8.367260404
          0,           0,         298,       -13.8608136,      -11.31435481,      -11.50021863,      -8.383877408
          0,           0,         299,      -13.98234847,      -11.41508091,      -11.56038492,      -8.472453056
          0,           0,         300,      -13.85633567,      -11.32767359,      -11.47884052,      -8.397200318
          0,           0,         301,      -13.89205006,      -11.17323374,      -11.51937716,      -8.301984303
          0,           0,         302,      -13.93099776,      -11.36190363,      -11.51521049,      -8.406769132
          0,           0,         303,      -13.89160556,      -11.39360823,      -11.50472397,      -8.421856838
          0,           0,         304,      -13.88397212,      -11.39385427,       -11.3958355,      -8.388449548
          0,           0,         305,      -13.83265804,      -11.32768554,      -11.46545269,      -8.351579126
          0,           0,         306,       -13.8998243,      -11.44586544,      -11.41736855,      -8.418197467
          0,           0,         307,      -13.92410647,      -11.36511931,      -11.52575596,      -8.406373896
          0,           0,         308,        -13.887111,      -11.34197663,      -11.47450522,       -8.36080743
          0,           0,         309,      -13.85399612,      -11.17510513,      -11.53328214,       -8.32170488
          0,           0,         310,      -13.79690817,      -11.19762332,      -11.47892428,      -8.287198404
          0,           0,         311,      -13.79658866,      -11.26375716,      -11.41909451,      -8.307682581
          0,           0,         312,      -13.95574785,      -11.29019077,      -11.51496231,      -8.444526848
          0,           0,         313,      -13.89422779,      -11.34831732,      -11.51687319,      -8.388282292
          0,           0,         314,      -13.90874845,      -11.31205484,      -11.40834138,      -8.432112933
          0,           0,         315,      -13.82304614,      -11.36192111,      -11.49752767,      -8.383271533
          0,           0,         316,      -13.82531254,      -11.35300463,      -11.47615746,      -8.353615509
          0,           0,         317,      -14.00139231,       -11.3997232,      -11.61426688,      -8.432868901
          0,           0,         318,       -13.8568783,      -11.39192432,      -11.41886699,      -8.368198624
          0,           0,         319,      -13.93719017,      -11.37618558,      -11.49311816,      -8.425473977
          0,           0,         320,      -13.95502265,      -11.35299984,      -11.59821543,      -8.464973304
          0,           0,         321,      -13.84826914,      -11.26345064,      -11.49854816,      -8.358564202
          0,           0,         322,         -13.95573,      -11.48552184,      -11.46343141,      -8.467346864
          0,           0,         323,      -14.00605385,      -11.33472914,      -11.52147333,      -8.448928154
          0,           0,         324,      -13.81741378,      -11.31079536,      -11.52158945,      -8.295623187
          0,           0,         325,      -13.97921846,      -11.49156351,        -11.569239,      -8.547871061
          0,           0,         326,      -13.83589073,      -11.29732162,      -11.41524094,      -8.359082894
          0,           0,         327,      -13.84352957,      -11.32205285,      -11.37311806,      -8.370842489
          0,           0,         328,      -13.85562756,      -11.43931248,      -11.37929858,      -8.390353369
          0,           0,         329,      -13.83026586,      -11.22191567,      -11.43097906,      -8.329236595
          0,           0,         330,      -13.99137599,      -11.41607735,      -11.49682254,      -8.460033014
          0,           0,         331,       -13.9388645,      -11.41485717,      -11.49953488,      -8.456973612
          0,           0,         332,      -13.91219279,      -11.35475987,      -11.51173653,       -8.44037341
          0,           0,         333,      -13.91047338,       -11.3898631,      -11.52010885,      -8.395026754
          0,           0,         334,      -13.86954574,       -11.2764867,      -11.65037788,      -8.415555817
          0,           0,         335,      -13.98966286,      -11.42688801,      -11.51121271,      -8.539304698
          0,           0,         336,      -13.90297312,      -11.31414148,      -11.61402145,      -8.466441994
          0,           0,         337,      -13.99437263,      -11.42870485,      -11.60088206,      -8.480582469
          0,           0,         338,      -13.78874976,      -11.23090596,      -11.49099099,      -8.270736326
          0,           0,         339,      -13.90958454,      -11.35273872,      -11.57596978,      -8.468697717
          0,           0,         340,      -13.90929453,      -11.39865921,      -11.51011148,      -8.459661794
          0,           0,         341,      -13.87138958,      -11.31814746,      -11.47327879,      -8.384963981
          0,           0,         342,      -14.00388683,      -11.40916135,       -11.5091116,      -8.486175505
          0,           0,         343,      -13.74188291,      -11.16435625,      -11.42616453,      -8.249579917
          0,           0,         344,      -13.97767881,       -11.4756556,      -11.52977918,      -8.535054837
          0,           0,         345,      -13.85955086,      -11.26026727,      -11.43442857,      -8.404287784
          0,           0,         346,      -13.77439719,      -11.40312963,      -11.31099116,       -8.28522414
          0,           0,         347,      -13.87062181,      -11.41834422,      -11.47118635,      -8.437429579
          0,           0,         348,      -13.95816871,      -11.41286246,      -11.53161824,      -8.481547557
          0,           0,         349,      -13.87240483,        -11.342503,      -11.44769315,      -8.372289007
          0,           0,         350,      -13.96453373,      -11.49676772,      -11.53820585,      -8.470513594
          0,           0,         351,       -13.8546256,      -11.36487028,      -11.39562327,      -8.382356782
          0,           0,         352,      -14.02638356,      -11.36478433,      -11.55275034,      -8.523350661
          0,           0,         353,      -13.89559909,      -11.32764099,       -11.4229002,      -8.387702514
          0,           0,         354,      -13.78440414,      -11.29489266,      -11.36098229,      -8.301520981
          0,           0,         355,      -13.79610303,      -11.29414954,      -11.39285628,      -8.316973651
          0,           0,         356,      -13.80402573,      -11.25357964,         -11.42246,      -8.324895962
          0,           0,         357,      -13.79836852,       -11.1985686,      -11.47712788,      -8.318797083
          0,           0,         358,      -13.80713174,      -11.10934033,      -11.41363973,        -8.2291518
          0,           0,         359,      -13.91236009,      -11.40680969,       -11.4273244,      -8.409059946
          0,           0,         360,      -13.93459033,      -11.36247653,      -11.46472378,      -8.440767829
          0,           0,         361,       -13.8526083,      -11.37544279,      -11.49099013,      -8.393575954
          0,           0,         362,      -13.93773663,      -11.39401319,      -11.51426352,      -8.461880833
          0,           0,         363,      -13.78961498,      -11.13155262,      -11.56544628,      -8.281445635
          0,           0,         364,      -13.89583123,      -11.34700356,      -11.49121009,      -8.425228632
          0,           0,         365,       -13.9469085,      -11.35408782,      -11.50473681,      -8.454146352
          0,           0,         366,      -13.97246868,      -11.38590633,       -11.5749052,      -8.466789738
          0,           0,         367,      -13.83265603,      -11.32946282,      -11.46409475,      -8.417874842
          0,           0,         368,      -14.00953113,      -11.40700284,       -11.5659338,      -8.518992014
          0,           0,         369,      -14.02694199,      -11.45086278,      -11.51590599,      -8.499290694
          0,           0,         370,      -13.83378617,      -11.33382151,      -11.54730306,      -8.415800501
          0,           0,         371,       -13.8773499,      -11.37467259,      -11.35999264,      -8.384499896
          0,           0,         372,      -13.95961434,      -11.34547563,      -11.58862618,      -8.487657425
          0,           0,         373,      -13.89642285,      -11.39243378,      -11.50914055,      -8.402571845
          0,           0,         374,      -13.84857579,      -11.45150879,      -11.35287104,      -8.403217246
          0,           0,         375,      -13.77095322,      -11.26885519,       -11.4032864,      -8.347238976
          0,           0,         376,      -13.95601934,      -11.47211856,      -11.57016295,      -8.508871904
          0,           0,         377,      -13.78962582,      -11.23988987,      -11.42507855,      -8.334822717
          0,           0,         378,      -13.77773389,      -11.28230973,      -11.36840302,      -8.356056862
          0,           0,         379,      -13.91244121,      -11.39848522,      -11.39115788,      -8.414285993
          0,           0,         380,      -13.87416967,      -11.30551877,       -11.4976074,      -8.362579073
          0,           0,         381,      -13.89366028,      -11.44277639,      -11.49564701,      -8.416270933
          0,           0,         382,      -13.88156275,      -11.36637703,      -11.57259903,      -8.385054558
          0,           0,         383,      -13.86015806,      -11.43504484,      -11.46683141,      -8.385827507
          0,           0,         384,      -13.96730338,       -11.3652527,      -11.48522169,      -8.531338787
          0,           0,         385,      -13.87802369,      -11.44056404,      -11.46735902,      -8.404334597
          0,           0,         386,       -13.8912825,      -11.41019446,      -11.46206106,      -8.400984034
          0,           0,         387,      -13.76673502,      -11.32877816,       -11.3312187,      -8.302636082
          0,           0,         388,        -13.755019,       -11.4524292,      -11.43889215,      -8.326190108
          0,           0,         389,      -13.81076146,      -11.30068373,      -11.37658608,      -8.320433116
          0,           0,         390,      -13.92665002,      -11.39348673,      -11.48060034,      -8.413707651
          0,           0,         391,      -13.94184339,      -11.47377206,      -11.48930045,      -8.424567808
          0,           0,         392,      -13.91913231,       -11.3794962,      -11.60479958,      -8.455091835
          0,           0,         393,      -13.75618468,      -11.19603232,      -11.43142209,      -8.248910843
          0,           0,         394,      -14.00385792,      -11.49809352,       -11.5068035,      -8.526985552
          0,           0,         395,      -13.75285262,       -11.1612821,      -11.44753038,      -8.192556572
          0,           0,         396,      -13.91868612,      -11.35653726,      -11.65293188,      -8.501370574
          0,           0,         397,      -13.86600716,      -11.22020118,      -11.52752754,      -8.359420954
          0,           0,         398,      -13.93589879,      -11.44969644,      -11.51055873,      -8.478903521
          0,           0,         399,      -13.87465334,      -11.28202554,      -11.45728971,      -8.386889967
          0,           0,         400,        -13.773169,      -11.18633056,      -11.34876209,      -8.232399385
          0,           0,         401,      -13.86665545,      -11.43228342,      -11.57357486,      -8.442661662
          0,           0,         402,      -13.90106958,      -11.39509632,      -11.54911847,      -8.417877025
          0,           0,         403,      -13.90471746,      -11.34498846,      -11.48120071,      -8.407069131
          0,           0,         404,      -13.67790502,      -11.02667317,      -11.47678318,      -8.155154582
          0,           0,         405,      -13.95169486,      -11.43849038,      -11.48717483,      -8.482236302
          0,           0,         406,      -13.86379884,      -11.23728536,      -11.40295124,      -8.343609684
          0,           0,         407,      -13.92697011,      -11.43546261,       -11.5024873,      -8.434935894
          0,           0,         408,      -13.94170064,      -11.41865811,      -11.46349084,       -8.49678638
          0,           0,         409,      -13.83835482,      -11.35858115,       -11.3973217,      -8.342328666
          0,           0,         410,      -13.94146587,      -11.42018269,        -11.625977,      -8.466109896
          0,           0,         411,      -13.86087009,      -11.36465289,       -11.3488615,      -8.363909065
          0,           0,         412,      -13.73637699,      -11.21159401,      -11.48760221,      -8.314942672
          0,           0,         413,      -13.95256007,      -11.38360894,      -11.48478573,      -8.464891352
          0,           0,         414,      -13.81199854,      -11.22824171,      -11.47515466,      -8.374704251
          0,           0,         415,      -13.92004624,      -11.33771951,       -11.5688935,      -8.437253637
          0,           0,         416,      -13.82586398,      -11.37615703,      -11.44438893,      -8.383846562
          0,           0,         417,      -13.90895122,      -11.37916889,       -11.4851155,      -8.393434527
          0,           0,         418,      -13.88871912,      -11.40947994,       -11.4635573,      -8.417047086
          0,           0,         419,       -13.9224342,      -11.36514831,      -11.55201251,      -8.454772133
          0,           0,         420,      -13.96228298,      -11.42001677,      -11.62442127,      -8.470210579
          0,           0,         421,      -13.93843517,      -11.44144547,       -11.4189914,        -8.4398539
          0,           0,         422,       -13.8383205,      -11.29718643,      -11.49805604,      -8.361878064
          0,           0,         423,      -13.94740031,      -11.44111558,      -11.50653067,      -8.490587872
          0,           0,         424,      -13.91767028,      -11.44838719,      -11.45506163,       -8.45043216
          0,           0,         425,      -13.87854596,      -11.44167883,      -11.55021567,      -8.469368539
          0,           0,         426,      -13.78771387,      -11.35398516,      -11.47720459,      -8.335506606
          0,           0,         427,      -13.81332567,      -11.18741077,      -11.52897131,       -8.36088876
          0,           0,         428,      -13.84512159,      -11.37403653,      -11.40582908,      -8.393999876
          0,           0,         429,      -13.97707651,      -11.43109365,      -11.49968569,      -8.483002784
          0,           0,         430,      -13.87895889,      -11.44094509,      -11.47353797,      -8.427263483
          0,           0,         431,       -13.7976618,      -11.31021357,      -11.53288399,       -8.36640573
          0,           0,         432,      -13.87781261,      -11.42008437,      -11.36417658,      -8.370299012
          0,           0,         433,      -13.81630763,      -11.23664463,      -11.44886082,      -8.286658177
          0,           0,         434,      -13.97517801,      -11.32752343,      -11.54707478,      -8.422764669
          0,           0,         435,      -13.86134544,      -11.38065716,      -11.48573461,      -8.406554506
          0,           0,         436,      -13.83655048,      -11.22740411,      -11.42944355,      -8.331169483
          0,           0,         437,      -13.88365226,      -11.32407833,      -11.49635827,       -8.42411044
          0,           0,         438,      -13.86778765,       -11.3021747,      -11.45384084,      -8.415952844
          0,           0,         439,      -13.81856834,      -11.36302293,      -11.39226681,      -8.386071732
          0,           0,         440,      -13.79580095,      -11.22208051,      -11.37311938,      -8.273925798
          0,           0,         441,      -13.86210293,      -11.17120104,       -11.4633231,      -8.263131788
          0,           0,         442,      -13.75929886,      -11.14662091,      -11.52360612,      -8.250032688
          0,           0,         443,       -13.8859078,      -11.46010898,      -11.65388527,      -8.454854895
          0,           0,         444,       -13.7449155,      -11.17385058,      -11.51384431,      -8.259366325
          0,           0,         445,       -13.8837313,      -11.37652417,      -11.51667734,      -8.424782761
          0,           0,         446,      -13.91454339,      -11.40642077,      -11.49288965,      -8.465269389
          0,           0,         447,      -13.95788395,       -11.4067215,      -11.49312989,      -8.450108997
          0,           0,         448,      -13.80570301,      -11.30307338,      -11.47262652,      -8.377711632
          0,           0,         449,      -13.97269054,      -11.42555736,      -11.50638441,      -8.456977556
          0,           0,         450,      -13.84060682,      -11.34078037,      -11.39458957,      -8.362904166
          0,           0,         451,       -13.9386886,      -11.32830513,      -11.41677407,      -8.371354443
          0,           0,         452,      -13.76789865,      -11.33331112,      -11.37629342,      -8.313589455
          0,           0,         453,      -13.86447847,      -11.33864497,       -11.4246444,      -8.364002311
          0,           0,         454,       -13.6492264,       -11.0402028,      -11.37224201,      -8.204433142
          0,           0,         455,      -13.89809828,      -11.36571295,      -11.43304045,      -8.400092283
          0,           0,         456,      -13.90419992,       -11.3201855,      -11.47384024,      -8.397543745
          0,           0,         457,      -13.88116438,      -11.28626341,       -11.4647187,      -8.368682312
          0,           0,         458,      -13.87390411,      -11.31968004,      -11.38867326,      -8.363272855
          0,           0,         459,      -13.87486524,      -11.28333436,      -11.45465824,      -8.382414562
          0,           0,         460,      -13.92643031,      -11.32600914,        -11.528162,      -8.426001898
          0,           0,         461,      -13.79613173,       -11.2775324,      -11.38800781,      -8.395724994
          0,           0,         462,      -13.89032691,      -11.38764123,      -11.51006048,      -8.436334272
          0,           0,         463,      -13.94689269,      -11.42013806,       -11.5865324,      -8.455137979
          0,           0,         464,      -14.03026251,      -11.47386991,      -11.43770876,      -8.512239828
          0,           0,         465,      -13.86809481,       -11.3033582,      -11.46643494,      -8.328311114
          0,           0,         466,      -13.95340479,      -11.43903007,      -11.62182521,      -8.461204466
          0,           0,         467,      -13.90082254,      -11.41892814,      -11.56493202,      -8.421893999
          0,           0,         468,      -13.86828187,      -11.18898311,      -11.62054111,       -8.31841694
          0,           0,         469,      -13.76798494,      -11.29139571,      -11.41304205,      -8.307716131
          0,           0,         470,      -13.89059629,      -11.31204584,      -11.51603485,      -8.478503345
          0,           0,         471,      -13.79379998,      -11.27274276,      -11.46285453,      -8.318983781
          0,           0,         472,       -13.9101068,      -11.32887779,       -11.4074181,      -8.380735011
          0,           0,         473,      -13.76493319,      -11.20315052,      -11.29454501,      -8.241695759
          0,           0,         474,      -13.69669825,      -11.06554557,      -11.42766639,      -8.201861534
          0,           0,         475,      -13.85096717,      -11.36093105,      -11.50539511,      -8.400746099
          0,           0,         476,      -13.84633184,      -11.30528328,      -11.40916389,      -8.367158394
          0,           0,         477,      -13.83331721,      -11.18172837,      -11.45584599,      -8.353162978
          0,           0,         478,      -13.85759588,      -11.36773076,      -11.47514704,      -8.396971048
          0,           0,         479,      -13.97508653,      -11.35054187,      -11.51969186,      -8.414809036
          0,           0,         480,      -13.87512984,      -11.36093946,      -11.47844357,      -8.467728904
          0,           0,         481,      -13.71567208,      -11.14591035,      -11.46395446,      -8.197937799
          0,           0,         482,      -13.81472021,      -11.27500028,      -11.41188736,      -8.341742693
          0,           0,         483,      -13.84461117,      -11.23311837,      -11.47797525,       -8.32729397
          0,           0,         484,       -13.9592488,      -11.34025374,      -11.50158115,      -8.419446103
          0,           0,         485,      -13.94377006,      -11.35425578,      -11.53928747,      -8.400213953
          0,           0,         486,      -13.92865499,      -11.36922322,      -11.55420701,      -8.433859391
          0,           0,         487,      -13.93457747,      -11.46806945,      -11.57225431,      -8.483666008
          0,           0,         488,      -13.75877254,      -11.29512569,      -11.38811725,      -8.325382938
          0,           0,         489,      -13.75356702,      -11.32707178,      -11.28851421,      -8.308802688
          0,           0,         490,      -13.82683132,       -11.2162998,      -11.47665794,      -8.286212987
          0,           0,         491,      -13.73742472,      -11.10522235,      -11.43275194,      -8.268836515
          0,           0,         492,      -14.02425948,       -11.3847224,      -11.58802323,      -8.508810331
          0,           0,         493,      -13.75513825,      -11.18199964,      -11.40639546,      -8.287308001
          0,           0,         494,      -13.91566856,      -11.26438144,       -11.5160152,      -8.450851235
          0,           0,         495,      -13.81264391,      -11.37008951,      -11.42037644,       -8.35688547
          0,           0,         496,      -13.84506493,      -11.31233906,      -11.36256915,      -8.374757435
          0,           0,         497,      -13.84469025,       -11.1715475,      -11.49317126,      -8.327648024
          0,           0,         498,      -13.78661439,      -11.14700373,      -11.51246481,       -8.31054644
          0,           0,         499,      -13.86277743,      -11.40241158,      -11.46676461,      -8.400676032
          0,           0,         500,      -13.89707054,      -11.37844988,      -11.49040165,      -8.439097804
          0,           0,         501,      -13.89145157,      -11.39186306,      -11.44550254,      -8.403417549
          0,           0,         502,      -13.78087858,      -11.30074645,      -11.31157047,      -8.285223901
          0,           0,         503,      -13.93405429,      -11.34617186,      -11.56809464,      -8.435417627
          0,           0,         504,      -13.94990114,      -11.40726157,      -11.56121793,      -8.499866149
          0,           0,         505,      -13.86329732,      -11.26547707,       -11.4995156,      -8.389557313
          0,           0,         506,      -13.75122124,      -11.32037057,      -11.38731537,      -8.322258988
          0,           0,         507,       -13.9869538,      -11.48675992,      -11.46375929,      -8.474378547
          0,           0,         508,      -13.87518386,      -11.41557746,      -11.47207244,      -8.425156002
          0,           0,         509,      -13.96903386,      -11.41725756,      -11.50737464,       -8.49631947
          0,           0,         510,      -13.84110333,      -11.19554022,      -11.52719128,      -8.350198512
          0,           0,         511,      -13.90119756,      -11.38258847,      -11.49512852,      -8.455983961
          0,           0,         512,      -13.88084584,      -11.35160245,      -11.46916896,      -8.330498035
          0,           0,         513,      -13.77473519,      -11.37399597,      -11.45144526,      -8.317927305
          0,           0,         514,      -13.93257079,      -11.42166255,      -11.39160426,      -8.457596552
          0,           0,         515,      -13.84965577,      -11.37932916,      -11.44542605,      -8.418053137
          0,           0,         516,      -13.96473594,      -11.42682688,      -11.48056728,      -8.474078005
          0,           0,         517,      -13.95256853,      -11.44407038,       -11.5885411,      -8.467455762
          0,           0,         518,      -13.97281525,      -11.26559804,      -11.53258335,       -8.38363618
          0,           0,         519,      -13.82443655,      -11.19418875,      -11.53629703,      -8.276533434
          0,           0,         520,      -13.89881961,      -11.27203562,      -11.43634621,      -8.368816925
          0,           0,         521,      -13.89598502,      -11.39225425,      -11.50649488,       -8.41536518
          0,           0,         522,      -13.78175593,      -11.16454904,       -11.5469181,       -8.25931049
          0,           0,         523,      -14.01703841,      -11.46373353,      -11.47007881,      -8.483809669
          0,           0,         524,      -13.79846389,      -11.29247627,      -11.35667897,      -8.297650006
          0,           0,         525,       -13.8078914,      -11.20133545,      -11.44253864,      -8.319617528
          0,           0,         526,      -13.96028006,      -11.39360163,      -11.51901056,      -8.452763298
          0,           0,         527,      -13.87272208,      -11.45361715,      -11.53686017,      -8.389251097
          0,           0,         528,      -13.92269019,      -11.51404504,      -11.47822486,      -8.460167197
          0,           0,         529,      -13.81969318,      -11.29948233,      -11.37738187,      -8.359092738
          0,           0,         530,      -13.87121144,      -11.32286607,      -11.42163485,      -8.419792177
          0,           0,         531,      -13.86626323,      -11.35368387,        -11.412427,      -8.386309946
          0,           0,         532,      -13.90812813,      -11.30766043,      -11.47865167,      -8.374576404
          0,           0,         533,      -13.91952577,      -11.44250253,      -11.43185826,      -8.423958557
          0,           0,         534,      -13.98082161,      -11.46042324,      -11.54702264,      -8.444973691
          0,           0,         535,      -13.96578962,      -11.45651615,      -11.38703657,      -8.491707873
          0,           0,         536,      -13.99923798,      -11.43043929,      -11.51765577,      -8.508249998
          0,           0,         537,      -13.96412167,      -11.40443533,      -11.40785443,      -8.466149416
          0,           0,         538,      -13.83649568,      -11.43610249,      -11.37826512,      -8.388856358
          0,           0,         539,      -13.99465667,      -11.52347791,      -11.54786989,      -8.547388606
          0,           0,         540,      -13.83514379,      -11.32692362,      -11.51782144,      -8.374440402
          0,           0,         541,      -13.94621121,      -11.39325856,      -11.47088809,      -8.446702459
          0,           0,         542,      -13.93904847,      -11.26840317,      -11.50065552,      -8.436824347
          0,           0,         543,      -13.91014724,      -11.35053208,      -11.45597128,      -8.357049122
          0,           0,         544,      -13.80433031,      -11.35635012,      -11.32030887,      -8.318223619
          0,           0,         545,      -13.92599147,      -11.46986704,      -11.49193984,      -8.458152761
          0,           0,         546,      -13.91230724,      -11.33275194,      -11.58202651,      -8.403484364
          0,           0,         547,       -13.8969633,      -11.26244301,      -11.55740345,      -8.372706287
          0,           0,         548,      -13.90605639,      -11.45348676,      -11.45879956,      -8.392228489
          0,           0,         549,      -13.83533342,       -11.3043569,      -11.46365648,      -8.347387135
          0,           0,         550,      -13.93986829,      -11.40564182,      -11.53591297,      -8.434884044
          0,           0,         551,      -13.90201533,      -11.50482725,      -11.43174861,      -8.454074903
          0,           0,         552,      -13.85312403,      -11.46313479,      -11.48171185,      -8.412565603
          0,           0,         553,      -13.85645419,      -11.28274539,       -11.6013186,      -8.412076078
          0,           0,         554,      -13.94883037,      -11.40980645,      -11.39959093,      -8.463241211
          0,           0,         555,      -13.88067705,      -11.29117343,      -11.59329978,      -8.408654725
          0,           0,         556,      -13.82583086,      -11.35786814,       -11.4065888,      -8.388023345
          0,           0,         557,      -13.89857695,      -11.38567401,      -11.48357646,      -8.445753655
          0,           0,         558,      -13.98671558,      -11.47916597,      -11.52750063,      -8.478107441
          0,           0,         559,      -13.89805467,      -11.38575334,      -11.64160984,      -8.480946744
          0,           0,         560,      -13.83872892,       -11.2267119,      -11.63857663,       -8.35032094
          0,           0,         561,      -13.83636157,      -11.37327122,      -11.51124763,      -8.426506811
          0,           0,         562,      -13.86860265,      -11.36584149,      -11.37082944,      -8.390857245
          0,           0,         563,      -13.97416859,      -11.45908354,      -11.56189211,      -8.522290117
          0,           0,         564,      -13.85058563,       -11.3566253,      -11.44537276,       -8.41222452
          0,           0,         565,      -13.95584382,      -11.48299166,      -11.49115093,       -8.46096166
          0,           0,         566,      -13.90742991,      -11.39508429,      -11.44723922,      -8.419461788
          0,           0,         567,      -13.88191775,      -11.38700405,      -11.46836274,      -8.417959361
          0,           0,         568,      -13.93047901,      -11.44455941,      -11.47053979,      -8.465506166
          0,           0,         569,      -13.89918923,      -11.36813079,      -11.51198536,      -8.438368217
          0,           0,         570,        -13.784083,      -11.30121327,      -11.36412122,      -8.300049765
          0,           0,         571,      -13.96873567,      -11.40502294,      -11.62223711,      -8.487050789
          0,           0,         572,      -13.81299377,      -11.38191283,      -11.43279235,      -8.340058068
          0,           0,         573,      -13.83663025,       -11.2890509,      -11.42300638,      -8.361321761
          0,           0,         574,      -13.88883269,      -11.30637858,      -11.40432882,      -8.377287016
          0,           0,         575,      -13.93841726,      -11.37444846,      -11.46478301,      -8.436932367
          0,           0,         576,      -13.95525461,      -11.46609345,      -11.59462352,      -8.488679262
          0,           0,         577,      -13.97321766,      -11.36214279,      -11.51487061,      -8.474033223
          0,           0,         578,      -13.88786669,      -11.38376405,      -11.45997242,      -8.426669821
          0,           0,         579,      -13.83929109,      -11.32696713,      -11.50162934,      -8.415013813
          0,           0,         580,      -13.85473384,      -11.34451104,      -11.43978899,      -8.327351153
          0,           0,         581,       -13.9035348,      -11.30889065,      -11.49458575,      -8.355479848
          0,           0,         582,      -13.73867285,      -11.19083566,      -11.30421713,      -8.252674872
          0,           0,         583,      -13.81438375,      -11.32478625,      -11.29773891,      -8.334795999
          0,           0,         584,      -13.87229011,      -11.35897476,      -11.41645595,       -8.38084439
          0,           0,         585,      -13.83408987,      -11.45358855,       -11.5396785,       -8.38447386
          0,           0,         586,      -13.77882335,       -11.3228184,      -11.34436394,      -8.277571176
          0,           0,         587,      -13.88461244,      -11.31528416,      -11.37773758,       -8.37614262
          0,           0,         588,      -13.73535852,      -11.18043778,      -11.37936868,      -8.245753045
          0,           0,         589,      -14.00313105,      -11.32266005,      -11.55433424,      -8.483900187
          0,           0,         590,      -13.92728283,      -11.34604734,      -11.47692895,      -8.434518622
          0,           0,         591,      -13.89094904,      -11.36380698,      -11.39098335,      -8.375900515
          0,           0,         592,      -13.83626995,      -11.39706886,      -11.41868106,      -8.339704849
          0,           0,         593,      -13.80575441,      -11.35525054,      -11.37976755,      -8.338844821
          0,           0,         594,      -13.90065145,      -11.29623988,      -11.51083436,      -8.345205843
          0,           0,         595,      -13.78158951,      -11.16505381,      -11.40147983,      -8.243091262
          0,           0,         596,      -13.86200148,      -11.29337247,      -11.49878011,      -8.383758621
          0,           0,         597,      -13.99704694,      -11.42422168,      -11.60223072,      -8.477621901
          0,           0,         598,       -13.8962293,      -11.39402491,      -11.43306366,      -8.403880716
          0,           0,         599,      -13.90188768,      -11.41361572,      -11.45274022,      -8.429562433
          0,           0,         600,      -13.95918531,      -11.41855845,       -11.5087111,      -8.453663512
