VARIABLES = \
"Time_Iter","Outer_Iter","Inner_Iter",    "rms[Rho]"    ,    "rms[RhoU]"   ,    "rms[RhoV]"   ,    "rms[RhoE]"   
          0,           0,           0,     -0.6796725705,       1.603003447,       1.810320311,       4.779955632
          0,           0,           1,     -0.6847822979,       1.643407657,       1.814544856,       4.784474167
          0,           0,           2,     -0.8590557212,       1.483663577,       1.583328223,       4.609972914
          0,           0,           3,      -1.092297687,       1.373328382,       1.360515513,       4.383278416
          0,           0,           4,      -1.261320378,        1.25522764,        1.20563109,       4.217135837
          0,           0,           5,      -1.437463618,       1.172880735,       1.063837232,       4.047495492
          0,           0,           6,      -1.597523972,       1.113366692,      0.9196590578,       3.895180876
          0,           0,           7,      -1.748528623,       1.045802353,      0.7869342834,       3.755888316
          0,           0,           8,      -1.880986285,      0.9825226839,       0.648534275,       3.637917219
          0,           0,           9,      -1.991396806,      0.9300928521,      0.5183606434,       3.540782221
          0,           0,          10,      -2.100870504,      0.8805340912,       0.415065163,       3.446383186
          0,           0,          11,      -2.209933427,      0.8280237365,      0.3301331904,       3.352769641
          0,           0,          12,      -2.303362928,      0.7718328877,      0.2537421808,       3.268443752
          0,           0,          13,      -2.378525654,      0.7132360594,      0.1833753896,       3.194714782
          0,           0,          14,      -2.445473678,      0.6537405433,      0.1161371618,       3.126169912
          0,           0,          15,      -2.512403134,      0.5940961524,     0.04880405644,       3.058068273
          0,           0,          16,      -2.581287262,       0.534440132,    -0.01942946344,       2.989042907
          0,           0,          17,      -2.650611099,      0.4749075195,    -0.08762841114,       2.919987345
          0,           0,          18,      -2.718485113,      0.4157860893,     -0.1549549889,       2.852108277
          0,           0,          19,      -2.784268098,      0.3573367878,      -0.221193383,       2.785780557
          0,           0,          20,      -2.848227318,      0.2996607004,     -0.2864277312,       2.720744801
          0,           0,          21,      -2.910595167,      0.2426696788,     -0.3509532998,       2.656658283
          0,           0,          22,      -2.971072737,      0.1862339816,     -0.4147336808,       2.593611931
          0,           0,          23,      -3.028902017,      0.1302606098,      -0.477490818,       2.532114672
          0,           0,          24,      -3.083318198,     0.07471432492,     -0.5385250097,       2.472794473
          0,           0,          25,      -3.133997951,     0.01959108963,      -0.596933306,       2.416079717
          0,           0,          26,      -3.181236393,    -0.03512726604,     -0.6519911936,       2.362023808
          0,           0,          27,      -3.225750134,    -0.08949207351,     -0.7034117176,        2.31035156
          0,           0,          28,      -3.268445336,     -0.1435857994,     -0.7514354949,       2.260564329
          0,           0,          29,      -3.310192006,     -0.1975001095,     -0.7966850801,       2.212094071
          0,           0,          30,      -3.351682042,     -0.2513123048,     -0.8399187693,       2.164432132
          0,           0,          31,      -3.393393331,     -0.3050642683,     -0.8819417463,       2.117190363
          0,           0,          32,      -3.435504924,      -0.358777486,     -0.9232728356,       2.070192337
          0,           0,          33,      -3.478047205,     -0.4124635647,     -0.9642757863,       2.023381378
          0,           0,          34,      -3.521022825,     -0.4661127921,      -1.005120478,       1.976721315
          0,           0,          35,      -3.564447931,      -0.519711969,      -1.046027267,       1.930162669
          0,           0,          36,      -3.608307615,     -0.5732347872,      -1.087142114,       1.883680597
          0,           0,          37,      -3.652597757,     -0.6266488836,      -1.128605827,       1.837240134
          0,           0,          38,      -3.697181054,     -0.6798770129,      -1.170434395,       1.790929784
          0,           0,          39,      -3.741998084,     -0.7328571482,      -1.212563995,         1.7447692
          0,           0,          40,      -3.787032952,     -0.7855279342,      -1.254928544,       1.698740938
          0,           0,          41,      -3.832199594,     -0.8378058831,      -1.297476856,       1.652894892
          0,           0,          42,      -3.877485649,     -0.8895895066,      -1.340021364,       1.607221015
          0,           0,          43,      -3.922870956,     -0.9408173479,      -1.382461447,       1.561713299
          0,           0,          44,      -3.968083769,     -0.9914013455,      -1.425079271,       1.516607734
          0,           0,          45,      -4.013176467,      -1.041277068,      -1.467765316,       1.471830672
          0,           0,          46,      -4.058200204,      -1.090411586,      -1.510400184,       1.427321107
          0,           0,          47,      -4.103121624,      -1.138776948,      -1.552924712,       1.383093985
          0,           0,          48,      -4.147900222,      -1.186358122,      -1.595310831,        1.33916666
          0,           0,          49,      -4.192521607,      -1.233161454,      -1.637556872,       1.295531748
          0,           0,          50,      -4.236989024,      -1.279212272,      -1.679673829,       1.252165849
          0,           0,          51,      -4.281298218,      -1.324547813,      -1.721672164,       1.209053712
          0,           0,          52,      -4.325434562,      -1.369217013,       -1.76356168,       1.166191312
          0,           0,          53,      -4.369387848,      -1.413277653,      -1.805352808,        1.12357011
          0,           0,          54,      -4.413158774,      -1.456794849,        -1.8470522,       1.081171822
          0,           0,          55,      -4.456758049,      -1.499837184,      -1.888671017,       1.038970213
          0,           0,          56,      -4.500203586,      -1.542472566,      -1.930223847,      0.9969335678
          0,           0,          57,       -4.54351075,      -1.584767941,      -1.971728886,       0.955033971
          0,           0,          58,      -4.586699323,      -1.626785325,        -2.0131982,      0.9132406545
          0,           0,          59,      -4.629784285,       -1.66858073,      -2.054644268,      0.8715294752
          0,           0,          60,      -4.672776535,      -1.710205548,      -2.096079073,      0.8298814074
          0,           0,          61,      -4.715689119,      -1.751705988,      -2.137510477,      0.7882762714
          0,           0,          62,      -4.758534824,      -1.793123283,      -2.178946856,      0.7466961671
          0,           0,          63,      -4.801321189,      -1.834491654,      -2.220391433,      0.7051280835
          0,           0,          64,      -4.844053305,      -1.875838557,      -2.261843709,      0.6635631145
          0,           0,          65,      -4.886742557,      -1.917189311,       -2.30330493,      0.6219892632
          0,           0,          66,      -4.929403142,      -1.958567754,      -2.344783558,      0.5803922928
          0,           0,          67,      -4.972049728,      -1.999994911,      -2.386289475,      0.5387580525
          0,           0,          68,      -5.014694592,      -2.041487212,      -2.427832744,      0.4970755693
          0,           0,          69,      -5.057346332,      -2.083055547,       -2.46942369,      0.4553378388
          0,           0,          70,      -5.100011883,      -2.124706779,      -2.511065768,      0.4135398802
          0,           0,          71,      -5.142698224,      -2.166444862,      -2.552760831,      0.3716773864
          0,           0,          72,      -5.185411399,      -2.208271666,      -2.594509215,      0.3297472152
          0,           0,          73,      -5.228156306,      -2.250187273,      -2.636310662,      0.2877474085
          0,           0,          74,      -5.270936787,      -2.292190216,      -2.678164943,      0.2456770444
          0,           0,          75,      -5.313756283,      -2.334277774,      -2.720071266,      0.2035355568
          0,           0,          76,      -5.356617766,       -2.37644618,      -2.762029602,      0.1613227608
          0,           0,          77,      -5.399524031,      -2.418690823,      -2.804039951,       0.119038648
          0,           0,          78,      -5.442477859,      -2.461006336,      -2.846101377,     0.07668321665
          0,           0,          79,      -5.485481395,      -2.503386579,      -2.888212972,     0.03425689709
          0,           0,          80,      -5.528536617,      -2.545824764,      -2.930373144,    -0.00824002211
          0,           0,          81,      -5.571644187,      -2.588313981,      -2.972583245,    -0.05080542924
          0,           0,          82,      -5.614805248,      -2.630847083,      -3.014842419,    -0.09343823105
          0,           0,          83,      -5.658020629,      -2.673416326,      -3.057149769,     -0.1361369074
          0,           0,          84,      -5.701290796,      -2.716013811,      -3.099504245,     -0.1788997934
          0,           0,          85,      -5.744615601,      -2.758631456,      -3.141904522,     -0.2217248622
          0,           0,          86,      -5.787994304,      -2.801260968,      -3.184348887,      -0.264609653
          0,           0,          87,      -5.831425698,      -2.843893975,      -3.226835262,      -0.307551388
          0,           0,          88,      -5.874908163,      -2.886522121,      -3.269361231,      -0.350547049
          0,           0,          89,      -5.918439637,       -2.92913708,      -3.311924031,     -0.3935933642
          0,           0,          90,      -5.962017625,       -2.97173057,      -3.354520578,     -0.4366868038
          0,           0,          91,      -6.005639247,      -3.014294392,      -3.397147488,     -0.4798236174
          0,           0,          92,      -6.049301306,       -3.05682049,      -3.439801105,     -0.5229998914
          0,           0,          93,      -6.093000326,      -3.099301005,      -3.482477537,     -0.5662115786
          0,           0,          94,      -6.136732518,      -3.141728292,      -3.525172692,     -0.6094544637
          0,           0,          95,      -6.180493739,      -3.184094938,      -3.567882297,     -0.6527241241
          0,           0,          96,      -6.224279464,       -3.22639377,      -3.610601935,     -0.6960159087
          0,           0,          97,      -6.268084745,      -3.268617864,      -3.653327028,     -0.7393248986
          0,           0,          98,      -6.311904222,      -3.310760563,      -3.696052842,     -0.7826459165
          0,           0,          99,      -6.355732112,      -3.352815496,      -3.738774469,     -0.8259735084
          0,           0,         100,      -6.399562225,      -3.394776593,      -3.781486832,     -0.8693019645
          0,           0,         101,      -6.443387954,      -3.436638101,       -3.82418468,     -0.9126253016
          0,           0,         102,      -6.487202315,      -3.478394608,      -3.866862591,     -0.9559373032
          0,           0,         103,      -6.530997928,      -3.520041049,      -3.909514998,     -0.9992314962
          0,           0,         104,      -6.574767031,      -3.561572727,      -3.952136205,      -1.042501169
          0,           0,         105,      -6.618501455,       -3.60298532,      -3.994720405,       -1.08573935
          0,           0,         106,      -6.662192649,      -3.644274888,      -4.037261715,      -1.128938822
          0,           0,         107,      -6.705831664,      -3.685437881,      -4.079754173,      -1.172092105
          0,           0,         108,      -6.749409169,      -3.726471148,      -4.122191779,      -1.215191459
          0,           0,         109,      -6.792915534,      -3.767371947,        -4.1645685,      -1.258228967
          0,           0,         110,      -6.836340815,      -3.808137948,      -4.206878321,      -1.301196483
          0,           0,         111,      -6.879674836,      -3.848767241,      -4.249115242,      -1.344085733
          0,           0,         112,      -6.922907262,      -3.889258338,      -4.291273323,      -1.386888325
          0,           0,         113,      -6.966027604,      -3.929610173,      -4.333346739,      -1.429595775
          0,           0,         114,      -7.009025373,      -3.969822115,      -4.375329816,      -1.472199617
          0,           0,         115,      -7.051890071,      -4.009893942,       -4.41721704,      -1.514691391
          0,           0,         116,      -7.094611339,      -4.049825852,      -4.459003152,      -1.557062732
          0,           0,         117,      -7.137178987,      -4.089618448,      -4.500683146,       -1.59930541
          0,           0,         118,      -7.179583149,      -4.129272727,      -4.542252294,      -1.641411424
          0,           0,         119,      -7.221814321,      -4.168790074,      -4.583706248,      -1.683373047
          0,           0,         120,      -7.263863478,      -4.208172234,      -4.625040988,      -1.725182874
          0,           0,         121,      -7.305722209,      -4.247421317,      -4.666252926,       -1.76683396
          0,           0,         122,      -7.347382734,      -4.286539742,      -4.707338868,       -1.80831979
          0,           0,         123,      -7.388838133,      -4.325530272,      -4.748296102,      -1.849634485
          0,           0,         124,      -7.430082255,      -4.364395939,      -4.789122358,      -1.890772705
          0,           0,         125,      -7.471109869,      -4.403140041,       -4.82981588,      -1.931729767
          0,           0,         126,      -7.511916809,      -4.441766132,      -4.870375388,      -1.972501773
          0,           0,         127,      -7.552499891,      -4.480277992,      -4.910800129,      -2.013085524
          0,           0,         128,      -7.592857026,      -4.518679588,       -4.95108988,      -2.053478662
          0,           0,         129,      -7.632987205,      -4.556975053,      -4.991244881,      -2.093679582
          0,           0,         130,      -7.672890582,      -4.595168674,      -5.031265891,       -2.13368756
          0,           0,         131,      -7.712568361,      -4.633264879,      -5.071154185,      -2.173502701
          0,           0,         132,      -7.752022824,      -4.671268177,      -5.110911483,      -2.213125911
          0,           0,         133,      -7.791257406,      -4.709183193,       -5.15054001,      -2.252559032
          0,           0,         134,      -7.830276395,      -4.747014564,      -5.190042319,      -2.291804535
          0,           0,         135,      -7.869085137,      -4.784767024,      -5.229421517,      -2.330865786
          0,           0,         136,      -7.907689898,       -4.82244529,      -5.268680988,       -2.36974692
          0,           0,         137,      -7.946097657,      -4.860054113,      -5.307824472,      -2.408452691
          0,           0,         138,      -7.984316162,       -4.89759821,      -5.346856099,      -2.446988515
          0,           0,         139,      -8.022353719,      -4.935082312,      -5.385780227,      -2.485360396
          0,           0,         140,      -8.060219357,      -4.972511063,      -5.424601499,      -2.523574901
          0,           0,         141,       -8.09792237,      -5.009889083,        -5.4633248,      -2.561638976
          0,           0,         142,      -8.135472503,      -5.047220938,      -5.501955069,      -2.599560031
          0,           0,         143,      -8.172879839,      -5.084511133,      -5.540497569,      -2.637345862
          0,           0,         144,      -8.210154463,      -5.121764017,      -5.578957629,      -2.675004352
          0,           0,         145,      -8.247306748,      -5.158983961,      -5.617340556,      -2.712543808
          0,           0,         146,      -8.284346997,       -5.19617515,      -5.655651894,      -2.749972527
          0,           0,         147,      -8.321285497,      -5.233341722,      -5.693897048,      -2.787298994
          0,           0,         148,      -8.358132424,      -5.270487669,      -5.732081533,      -2.824531563
          0,           0,         149,      -8.394897771,        -5.3076169,      -5.770210768,      -2.861678802
          0,           0,         150,       -8.43159106,      -5.344733179,      -5.808290142,      -2.898748796
          0,           0,         151,      -8.468222102,      -5.381840178,      -5.846325013,      -2.935750003
          0,           0,         152,      -8.504800109,       -5.41894146,      -5.884320516,      -2.972690481
          0,           0,         153,      -8.541333774,      -5.456040448,       -5.92228178,       -3.00957799
          0,           0,         154,      -8.577831991,      -5.493140398,      -5.960213782,      -3.046420489
          0,           0,         155,      -8.614302543,      -5.530244582,      -5.998121467,      -3.083225114
          0,           0,         156,      -8.650752978,       -5.56735598,      -6.036009496,      -3.119998987
          0,           0,         157,      -8.687191582,      -5.604477574,      -6.073882502,      -3.156749389
          0,           0,         158,      -8.723625015,      -5.641612193,      -6.111744311,      -3.193482917
          0,           0,         159,      -8.760059136,      -5.678762523,      -6.149599786,        -3.2302053
          0,           0,         160,      -8.796501526,      -5.715931233,      -6.187452855,      -3.266923565
          0,           0,         161,      -8.832956878,      -5.753120676,      -6.225307127,      -3.303642511
          0,           0,         162,      -8.869431787,      -5.790333417,      -6.263166029,      -3.340368581
          0,           0,         163,      -8.905929959,      -5.827571461,      -6.301033956,      -3.377105608
          0,           0,         164,      -8.942457609,      -5.864837208,      -6.338913432,      -3.413859604
          0,           0,         165,      -8.979017421,      -5.902132604,      -6.376807922,      -3.450633845
          0,           0,         166,      -9.015615836,       -5.93945954,      -6.414720056,       -3.48743437
          0,           0,         167,      -9.052255407,      -5.976820076,      -6.452653373,      -3.524264426
          0,           0,         168,      -9.088937824,      -6.014215768,      -6.490610016,      -3.561126001
          0,           0,         169,      -9.125669545,      -6.051648573,      -6.528592705,      -3.598025614
          0,           0,         170,      -9.162451316,      -6.089119604,      -6.566602445,      -3.634963536
          0,           0,         171,      -9.199285951,      -6.126631049,      -6.604644292,      -3.671944683
          0,           0,         172,      -9.236177799,      -6.164183581,      -6.642717617,       -3.70897163
          0,           0,         173,      -9.273126321,      -6.201779221,      -6.680825275,      -3.746045607
          0,           0,         174,      -9.310135599,      -6.239418743,      -6.718968592,      -3.783170166
          0,           0,         175,      -9.347208082,      -6.277103728,      -6.757150828,      -3.820348869
          0,           0,         176,      -9.384339611,      -6.314835122,       -6.79537305,      -3.857578589
          0,           0,         177,      -9.421540263,      -6.352613716,      -6.833633097,      -3.894866938
          0,           0,         178,      -9.458807733,      -6.390441325,      -6.871937008,      -3.932214435
          0,           0,         179,      -9.496141005,       -6.42831806,      -6.910281586,      -3.969619164
          0,           0,         180,      -9.533544044,      -6.466245104,      -6.948673364,       -4.00708652
          0,           0,         181,      -9.571011872,      -6.504223939,      -6.987110627,      -4.044611643
          0,           0,         182,      -9.608551965,      -6.542254269,      -7.025591848,      -4.082201015
          0,           0,         183,      -9.646165002,      -6.580337122,      -7.064120114,       -4.11985638
          0,           0,         184,      -9.683847225,      -6.618474297,      -7.102699091,       -4.15757591
          0,           0,         185,      -9.721599745,      -6.656665083,      -7.141322496,      -4.195359237
          0,           0,         186,      -9.759427269,      -6.694911068,      -7.179999238,      -4.233210057
          0,           0,         187,       -9.79732773,      -6.733210895,       -7.21872082,      -4.271127506
          0,           0,         188,      -9.835302449,      -6.771567474,       -7.25749287,      -4.309113013
          0,           0,         189,      -9.873351574,      -6.809981641,      -7.296316453,      -4.347169907
          0,           0,         190,      -9.911462978,      -6.848451126,        -7.3351973,      -4.385286902
          0,           0,         191,      -9.949656532,      -6.886977773,      -7.374122508,      -4.423474878
          0,           0,         192,       -9.98791876,      -6.925562132,      -7.413101438,      -4.461731341
          0,           0,         193,      -10.02626356,      -6.964206106,      -7.452127233,      -4.500066289
          0,           0,         194,      -10.06468044,       -7.00290704,      -7.491213133,      -4.538467719
          0,           0,         195,      -10.10315772,      -7.041667354,      -7.530346367,      -4.576921928
          0,           0,         196,      -10.14170487,      -7.080484037,      -7.569527058,      -4.615444788
          0,           0,         197,      -10.18034409,      -7.119364685,      -7.608771248,      -4.654056659
          0,           0,         198,      -10.21904778,      -7.158301561,      -7.648062924,      -4.692734026
          0,           0,         199,      -10.25782031,      -7.197299843,      -7.687405986,      -4.731467889
          0,           0,         200,      -10.29666151,      -7.236358681,      -7.726814904,      -4.770273417
          0,           0,         201,      -10.33558351,      -7.275478105,      -7.766265507,      -4.809163276
          0,           0,         202,      -10.37457642,       -7.31465461,      -7.805763541,      -4.848103863
          0,           0,         203,      -10.41365046,      -7.353893881,      -7.845309465,      -4.887130888
          0,           0,         204,      -10.45277265,      -7.393196342,      -7.884944803,      -4.926213332
          0,           0,         205,      -10.49196716,      -7.432551229,      -7.924594141,      -4.965346107
          0,           0,         206,      -10.53127111,      -7.471985116,      -7.964325105,      -5.004610995
          0,           0,         207,      -10.57060249,      -7.511464638,      -8.004073756,      -5.043870597
          0,           0,         208,      -10.61000256,      -7.551010372,      -8.043910476,      -5.083212475
          0,           0,         209,      -10.64952034,      -7.590615404,      -8.083791639,      -5.122666868
          0,           0,         210,       -10.6890575,      -7.630284544,      -8.123733898,       -5.16213469
          0,           0,         211,      -10.72869047,      -7.670020467,       -8.16371247,      -5.201717444
          0,           0,         212,      -10.76836559,      -7.709813166,      -8.203765676,      -5.241309355
          0,           0,         213,      -10.80820503,      -7.749672035,      -8.243813147,      -5.281092153
          0,           0,         214,       -10.8480103,      -7.789577923,      -8.283954021,      -5.320808729
          0,           0,         215,      -10.88796348,      -7.829575804,      -8.324194432,      -5.360716197
          0,           0,         216,      -10.92791955,      -7.869605245,      -8.364432185,      -5.400565779
          0,           0,         217,       -10.9679155,      -7.909703013,      -8.404708762,      -5.440481994
          0,           0,         218,      -11.00808299,      -7.949882931,      -8.445085971,      -5.480606217
          0,           0,         219,      -11.04825318,      -7.990119983,       -8.48552413,      -5.520684599
          0,           0,         220,      -11.08850142,      -8.030420447,       -8.52598215,      -5.560855991
          0,           0,         221,      -11.12875622,      -8.070744822,      -8.566390152,      -5.600964859
          0,           0,         222,       -11.1691477,      -8.111164166,      -8.607004797,      -5.641278668
          0,           0,         223,      -11.20956422,      -8.151671122,      -8.647735453,      -5.681660802
          0,           0,         224,      -11.25012375,      -8.192192505,      -8.688331282,      -5.722101113
          0,           0,         225,      -11.29067922,      -8.232796152,      -8.728997561,      -5.762523888
          0,           0,         226,      -11.33145903,      -8.273486754,        -8.7698774,      -5.803206831
          0,           0,         227,      -11.37224376,      -8.314222837,      -8.810656549,      -5.843918132
          0,           0,         228,      -11.41291185,      -8.355043891,      -8.851582347,      -5.884481726
          0,           0,         229,      -11.45385918,      -8.395870772,      -8.892512089,      -5.925292565
          0,           0,         230,      -11.49472988,      -8.436808351,      -8.933549274,      -5.966162773
          0,           0,         231,      -11.53574985,      -8.477795775,      -8.974513893,      -6.007045496
          0,           0,         232,      -11.57662183,      -8.518848773,      -9.015593015,      -6.047874258
          0,           0,         233,      -11.61794643,      -8.559937935,      -9.056786173,      -6.088982224
          0,           0,         234,       -11.6591436,      -8.601105269,        -9.0978614,      -6.130064842
          0,           0,         235,      -11.70014372,      -8.642440611,      -9.139431061,      -6.171135671
          0,           0,         236,      -11.74190087,      -8.683683982,      -9.180291904,      -6.212593532
          0,           0,         237,      -11.78330544,       -8.72501257,      -9.221793129,      -6.253860028
          0,           0,         238,      -11.82443077,      -8.766416008,      -9.262736179,      -6.294727259
          0,           0,         239,      -11.86585717,      -8.808017759,      -9.304937492,      -6.336374113
          0,           0,         240,      -11.90720265,      -8.849555243,      -9.346596829,      -6.377628953
          0,           0,         241,      -11.94919729,      -8.891135296,      -9.388123894,      -6.419210045
          0,           0,         242,      -11.99083197,      -8.932776855,      -9.429291408,      -6.460545211
          0,           0,         243,      -12.03330536,      -8.974835432,      -9.471998808,      -6.503504401
          0,           0,         244,      -12.07504119,      -9.016589321,      -9.512857908,      -6.545009024
          0,           0,         245,      -12.11634554,      -9.058238261,      -9.553927634,      -6.585479748
          0,           0,         246,      -12.15862528,      -9.100344208,      -9.597212037,      -6.628120726
          0,           0,         247,      -12.20136631,      -9.142319228,      -9.638766265,      -6.670560896
          0,           0,         248,      -12.24316505,      -9.184580297,      -9.680162194,      -6.712350111
          0,           0,         249,      -12.28351248,      -9.226449559,       -9.72223018,       -6.75275762
          0,           0,         250,      -12.32711975,      -9.268967516,      -9.764995173,       -6.79643267
          0,           0,         251,      -12.36950958,      -9.311303307,      -9.808043056,      -6.838291638
          0,           0,         252,      -12.41347934,      -9.353773924,      -9.849197129,      -6.882127307
          0,           0,         253,      -12.45330411,      -9.395873055,      -9.890076239,      -6.921202388
          0,           0,         254,      -12.49673959,      -9.438623272,      -9.933588244,      -6.965703461
          0,           0,         255,      -12.54014478,      -9.480949827,      -9.976272327,      -7.008348915
          0,           0,         256,      -12.58103104,      -9.523244047,      -10.01642997,      -7.049112919
          0,           0,         257,      -12.62486758,      -9.566129538,      -10.06053544,      -7.093555512
          0,           0,         258,       -12.6681696,      -9.609311002,      -10.10403389,      -7.136986824
          0,           0,         259,       -12.7068709,      -9.651801064,      -10.14306209,      -7.175297633
          0,           0,         260,      -12.75499653,      -9.694626541,       -10.1882879,      -7.222981356
          0,           0,         261,      -12.79405162,      -9.737070245,      -10.22650243,      -7.260874704
          0,           0,         262,      -12.83713568,      -9.781033652,      -10.26998909,      -7.306753338
          0,           0,         263,      -12.88007346,      -9.824674077,      -10.31479093,      -7.347746964
          0,           0,         264,      -12.91676778,      -9.866466583,      -10.35949805,       -7.38582562
          0,           0,         265,      -12.96409195,      -9.909660137,      -10.40250795,      -7.432638924
          0,           0,         266,      -13.00227525,      -9.953602636,       -10.4433412,      -7.468869255
          0,           0,         267,      -13.05279856,      -9.996837265,      -10.48814992,      -7.523924997
          0,           0,         268,      -13.09414864,      -10.03987636,      -10.52844482,      -7.562075948
          0,           0,         269,      -13.13405269,      -10.08225023,      -10.56533545,      -7.601726113
          0,           0,         270,      -13.18235498,       -10.1277916,      -10.62084358,      -7.647499534
          0,           0,         271,      -13.21685296,      -10.16959731,      -10.65479969,      -7.681004314
          0,           0,         272,      -13.25348431,      -10.21203968,      -10.67979733,      -7.719928294
          0,           0,         273,      -13.30321768,      -10.25555187,      -10.73795092,      -7.765849841
          0,           0,         274,      -13.33259981,      -10.29825308,      -10.78580605,      -7.804337256
          0,           0,         275,      -13.37312119,      -10.34465229,      -10.81936741,      -7.843405528
          0,           0,         276,      -13.42545389,      -10.38575897,      -10.86330899,      -7.894544442
          0,           0,         277,      -13.44062821,      -10.42909272,      -10.88748734,      -7.909749603
          0,           0,         278,      -13.47211026,      -10.47077561,      -10.94448686,      -7.954151989
          0,           0,         279,      -13.53473683,      -10.51913986,      -10.96664464,      -8.016436876
          0,           0,         280,      -13.56900801,      -10.56387299,      -11.02211482,      -8.045758316
          0,           0,         281,      -13.57722759,       -10.6063221,      -11.03825171,      -8.076099709
          0,           0,         282,      -13.55601204,      -10.63817263,      -11.06198418,      -8.029697749
          0,           0,         283,       -13.6711814,      -10.68881976,      -11.13839954,      -8.150360725
          0,           0,         284,      -13.69616933,       -10.7395094,      -11.12440053,      -8.187829408
          0,           0,         285,      -13.78010477,      -10.78212068,      -11.22824741,      -8.228641612
          0,           0,         286,      -13.71374538,       -10.7997763,      -11.18715678,      -8.180381755
          0,           0,         287,      -13.78268553,      -10.83908574,        -11.279278,      -8.234582223
          0,           0,         288,      -13.77037682,      -10.90152312,      -11.31688624,      -8.263948958
          0,           0,         289,      -13.78332045,      -10.93762637,      -11.34047609,       -8.27664705
          0,           0,         290,      -13.84934156,      -10.97969446,      -11.32694747,      -8.364462814
          0,           0,         291,      -13.75253869,      -10.99401175,      -11.31262677,       -8.27378716
          0,           0,         292,       -13.8863966,      -11.06484414,      -11.38070583,      -8.405753054
          0,           0,         293,      -13.81775188,      -11.08604877,      -11.36303273,      -8.335664691
          0,           0,         294,      -13.87625921,       -11.1173059,      -11.44306234,      -8.389968992
          0,           0,         295,      -13.76569106,      -11.09269201,       -11.2740941,      -8.257587088
          0,           0,         296,      -13.89542792,      -11.20472656,      -11.45126692,      -8.371889869
          0,           0,         297,      -13.90022547,      -11.22184457,      -11.37615594,      -8.416987925
          0,           0,         298,      -13.79058378,      -11.11220809,       -11.3669065,      -8.273346387
          0,           0,         299,       -13.8284257,      -11.14903425,      -11.45923673,      -8.291561696
          0,           0,         300,      -13.76859229,      -11.20575879,      -11.35406396,      -8.295554673
          0,           0,         301,      -13.82341418,      -11.25081875,      -11.39076395,      -8.348584762
          0,           0,         302,      -13.58027023,      -10.93878288,      -11.45931849,       -8.08910281
          0,           0,         303,      -13.72020814,      -11.14991034,      -11.49831948,      -8.270837657
          0,           0,         304,      -13.90260581,      -11.25977926,      -11.43402911,      -8.391385382
          0,           0,         305,      -13.92860271,      -11.27268927,      -11.46720556,      -8.441652514
          0,           0,         306,       -13.8497959,      -11.27345622,      -11.52032239,      -8.377419279
          0,           0,         307,       -13.7711525,      -11.20983857,      -11.39949602,      -8.276140194
          0,           0,         308,      -13.80987366,      -11.29235649,      -11.44007865,      -8.332986986
          0,           0,         309,      -13.80773315,      -11.23769597,      -11.50965672,      -8.336086728
          0,           0,         310,      -13.69496794,      -11.12293631,       -11.5169071,      -8.211259007
          0,           0,         311,      -13.97890385,      -11.29342026,      -11.53593657,      -8.462583072
          0,           0,         312,      -13.84160684,      -11.33102905,      -11.51959356,      -8.414865583
          0,           0,         313,      -13.89481573,      -11.41397942,      -11.42791726,      -8.421244511
          0,           0,         314,      -13.90654583,      -11.39373896,      -11.51004138,      -8.475875138
          0,           0,         315,      -13.82368545,      -11.34256668,      -11.43745671,      -8.366502968
          0,           0,         316,      -13.85960186,      -11.29744086,      -11.64023538,      -8.357944392
          0,           0,         317,      -13.97137129,      -11.41727175,      -11.45597938,      -8.473972328
          0,           0,         318,       -13.7485944,      -11.31838564,      -11.46037919,      -8.320988651
          0,           0,         319,      -13.70648863,      -11.22010509,      -11.43256419,      -8.293443536
          0,           0,         320,      -13.79420678,      -11.23217533,      -11.36947414,      -8.282275455
          0,           0,         321,      -13.85038405,      -11.38473744,       -11.4340126,      -8.420054924
          0,           0,         322,      -13.65288665,      -11.01523227,       -11.3602753,      -8.187168555
          0,           0,         323,       -13.8213809,      -11.22744215,       -11.4405178,      -8.359049046
          0,           0,         324,      -13.92223185,      -11.31726579,      -11.57607822,      -8.389441763
          0,           0,         325,      -13.87306666,      -11.38931221,      -11.45456446,        -8.3931307
          0,           0,         326,       -13.7916874,      -11.19609748,      -11.46619064,       -8.32761495
          0,           0,         327,      -13.85610272,      -11.43915549,      -11.40967319,      -8.411150062
          0,           0,         328,      -13.75688518,      -11.30416947,      -11.42316221,      -8.329119408
          0,           0,         329,      -13.95708122,       -11.4718301,      -11.47260211,      -8.503323004
          0,           0,         330,      -13.92220449,      -11.43816601,      -11.47784331,      -8.419842501
          0,           0,         331,      -13.84873179,      -11.41280862,      -11.43286526,      -8.381915999
          0,           0,         332,      -13.89519723,      -11.39925068,      -11.45457916,      -8.376641251
          0,           0,         333,      -13.91653284,      -11.35933746,      -11.52033701,      -8.461996837
          0,           0,         334,      -13.92337757,      -11.41746012,      -11.46846209,      -8.413419565
          0,           0,         335,      -13.84219062,      -11.39619135,      -11.38953827,      -8.387675571
          0,           0,         336,      -13.83902749,      -11.33893695,      -11.43176284,        -8.3497455
          0,           0,         337,      -13.93512623,      -11.43909304,      -11.50355652,      -8.505099089
          0,           0,         338,       -13.8358069,      -11.30070145,       -11.3693085,       -8.37181229
          0,           0,         339,      -13.89581222,      -11.41992427,      -11.35795852,      -8.436126933
          0,           0,         340,      -13.84852441,      -11.23718996,      -11.44841811,      -8.378871566
          0,           0,         341,      -13.84051324,      -11.34358518,      -11.49515424,      -8.378650822
          0,           0,         342,      -13.66930042,       -11.1259652,      -11.42866022,      -8.231740342
          0,           0,         343,      -13.95274895,      -11.40853486,      -11.46750546,      -8.462439018
          0,           0,         344,      -13.92227952,      -11.36230547,      -11.49883107,      -8.442372742
          0,           0,         345,      -13.96648824,      -11.34310986,      -11.53396159,      -8.429618379
          0,           0,         346,        -13.972961,       -11.4544244,      -11.46995167,      -8.490626551
          0,           0,         347,      -13.81433417,      -11.20508906,      -11.50291184,      -8.329380566
          0,           0,         348,      -13.84711956,      -11.31827264,      -11.46821127,      -8.375005471
          0,           0,         349,      -13.84728829,      -11.32472585,      -11.52578512,      -8.383052087
          0,           0,         350,       -13.9202857,      -11.34655292,      -11.56252979,      -8.447714781
          0,           0,         351,      -13.93836498,       -11.3506959,      -11.48458718,      -8.486085148
          0,           0,         352,      -13.86182959,      -11.24618767,      -11.59640853,      -8.388250855
          0,           0,         353,      -13.78168971,      -11.31867641,      -11.31714849,      -8.308184754
          0,           0,         354,       -13.8142165,      -11.16017792,       -11.4083985,      -8.255569441
          0,           0,         355,      -13.77568469,      -11.25209859,       -11.4301979,       -8.36658191
          0,           0,         356,      -13.83040105,      -11.26637507,      -11.52252666,      -8.357724365
          0,           0,         357,      -13.86876286,      -11.32923846,      -11.61917256,      -8.448785816
          0,           0,         358,      -13.88834829,      -11.41452501,      -11.49093345,      -8.410104387
          0,           0,         359,      -13.88540209,      -11.39966679,      -11.47197371,      -8.428079341
          0,           0,         360,      -13.81427307,       -11.2956215,      -11.42076957,      -8.354163397
          0,           0,         361,      -13.80751482,      -11.26000216,      -11.44851983,      -8.340942323
          0,           0,         362,      -13.93456303,      -11.40432975,      -11.49845564,      -8.474644673
          0,           0,         363,      -13.89705328,      -11.32867269,      -11.53614532,      -8.435616833
          0,           0,         364,       -13.9125107,      -11.48855458,      -11.56537193,      -8.472817353
          0,           0,         365,      -13.93288956,      -11.45124432,      -11.46885464,      -8.476693931
          0,           0,         366,      -13.87195425,      -11.30071377,      -11.54346963,      -8.390703574
          0,           0,         367,      -13.94803938,      -11.37214092,      -11.54314353,      -8.444530395
          0,           0,         368,       -13.8619063,      -11.35988535,      -11.50934591,      -8.377405599
          0,           0,         369,      -13.91581492,      -11.39793106,      -11.55983578,      -8.459207863
          0,           0,         370,      -13.88129351,      -11.30857713,      -11.47468444,      -8.374166116
          0,           0,         371,      -13.87464976,       -11.3463361,      -11.50592071,       -8.38987833
          0,           0,         372,      -13.86036624,      -11.37039901,      -11.42847211,      -8.395795272
          0,           0,         373,      -13.84169363,      -11.35377494,      -11.38190348,      -8.390717017
          0,           0,         374,      -13.99938917,      -11.50374836,      -11.57293538,      -8.522525206
          0,           0,         375,      -13.70567085,      -11.12725766,      -11.36317583,      -8.229309119
          0,           0,         376,      -13.85083188,      -11.30649071,      -11.53538811,      -8.374310439
          0,           0,         377,      -13.79719851,       -11.2322629,      -11.50521076,      -8.315817781
          0,           0,         378,      -13.85701261,       -11.3250446,      -11.43956064,      -8.395107443
          0,           0,         379,      -13.91601275,      -11.39676634,      -11.45309538,      -8.428154975
          0,           0,         380,      -13.92427758,      -11.35379575,      -11.55796745,      -8.410739334
          0,           0,         381,      -13.74389599,      -11.28759009,      -11.34626436,      -8.271102039
          0,           0,         382,      -13.84403182,      -11.35293543,      -11.53003757,      -8.406917049
          0,           0,         383,      -13.77920881,      -11.27901438,      -11.46719694,      -8.315578267
          0,           0,         384,      -13.87778261,      -11.33389085,       -11.5292543,      -8.382926289
          0,           0,         385,      -13.94791791,      -11.39356007,      -11.52353034,      -8.518292404
          0,           0,         386,      -13.85425999,      -11.29091037,      -11.49027198,      -8.359619217
          0,           0,         387,      -14.00077609,      -11.45903876,      -11.47912833,      -8.521747893
          0,           0,         388,      -13.85259221,      -11.37357125,      -11.41830969,      -8.396593378
          0,           0,         389,      -13.84816047,      -11.41630107,      -11.48260343,      -8.396601079
          0,           0,         390,      -13.89102227,      -11.37475887,       -11.4612096,      -8.393479038
          0,           0,         391,       -13.9525501,      -11.46484006,      -11.48597619,      -8.463600282
          0,           0,         392,      -13.78304038,      -11.13028021,       -11.5081453,      -8.255673294
          0,           0,         393,       -13.8159562,      -11.32290483,      -11.40291702,       -8.33846349
          0,           0,         394,      -13.79669592,      -11.20438018,      -11.40276537,      -8.270450446
          0,           0,         395,      -13.83640557,      -11.32128842,      -11.40217196,       -8.37398772
          0,           0,         396,      -13.93750189,      -11.44859991,      -11.50021479,      -8.459098728
          0,           0,         397,      -13.91872139,       -11.3438099,      -11.39960884,      -8.403876026
          0,           0,         398,      -13.76134652,      -11.23025018,      -11.46039014,      -8.312493971
          0,           0,         399,      -13.79191112,      -11.23733355,      -11.49936333,       -8.26149522
          0,           0,         400,      -13.96508701,      -11.29136446,      -11.50268901,      -8.424578575
          0,           0,         401,      -13.81977845,       -11.3578707,      -11.50182188,      -8.350825404
          0,           0,         402,      -13.91582462,      -11.44095469,      -11.51126352,      -8.473560791
          0,           0,         403,      -13.87231232,      -11.26208896,      -11.45621559,      -8.370668538
          0,           0,         404,      -13.69939641,      -11.07586954,      -11.27546574,      -8.124828256
          0,           0,         405,      -13.84063899,      -11.30653623,      -11.39649417,       -8.34811408
          0,           0,         406,      -13.82996658,       -11.2644708,      -11.52252622,      -8.349198113
          0,           0,         407,       -13.7786643,      -11.20338772,      -11.50805841,      -8.323719814
          0,           0,         408,      -13.80824658,      -11.34962781,      -11.45474797,      -8.361340931
          0,           0,         409,       -14.0045141,      -11.33271484,      -11.53284972,      -8.521751002
          0,           0,         410,      -13.79654855,      -11.28449942,      -11.39546821,      -8.307732858
          0,           0,         411,       -13.7984362,      -11.23324128,      -11.43689922,      -8.299002581
          0,           0,         412,      -13.79306553,       -11.3230014,      -11.46868614,      -8.371392996
          0,           0,         413,       -13.9277365,      -11.36368821,       -11.3543702,      -8.437560413
          0,           0,         414,      -13.84591629,      -11.24862899,       -11.4357206,      -8.353246974
          0,           0,         415,      -13.92882281,      -11.43653371,       -11.4741699,       -8.42403197
          0,           0,         416,      -13.80531091,      -11.26697852,      -11.45614212,      -8.371183568
          0,           0,         417,      -13.83058357,      -11.30783222,      -11.49194609,      -8.353371119
          0,           0,         418,      -13.90411578,      -11.40620061,      -11.50313062,      -8.401995892
          0,           0,         419,      -13.90850532,      -11.39076048,      -11.55087827,      -8.433191184
          0,           0,         420,       -13.8563246,      -11.32193028,       -11.5089208,       -8.36505478
          0,           0,         421,      -13.90545218,      -11.31811501,      -11.50434882,      -8.410685579
          0,           0,         422,      -13.82616386,      -11.27190799,      -11.40633926,      -8.351765473
          0,           0,         423,      -13.92165747,        -11.464473,      -11.53693433,      -8.463341686
          0,           0,         424,      -13.95081549,      -11.45871798,      -11.48937327,      -8.450030157
          0,           0,         425,      -13.83096533,      -11.16830345,      -11.49157002,      -8.283438305
          0,           0,         426,      -13.86927229,      -11.33408541,      -11.45493713,       -8.39522328
          0,           0,         427,      -13.97148579,       -11.3908496,      -11.52081297,      -8.496453347
          0,           0,         428,      -13.84506145,      -11.33140383,      -11.54924393,      -8.321213873
          0,           0,         429,      -13.73185424,      -11.16403646,      -11.41549645,      -8.333746777
          0,           0,         430,      -13.84118028,      -11.25884633,      -11.53422573,      -8.344097068
          0,           0,         431,      -13.81673278,      -11.34041953,      -11.56402949,       -8.37347657
          0,           0,         432,      -13.78622822,       -11.1747469,      -11.52853983,      -8.341964552
          0,           0,         433,      -13.83988034,      -11.33941124,       -11.4311239,       -8.35436995
          0,           0,         434,      -13.76352799,       -11.3078113,      -11.39794373,      -8.347817777
          0,           0,         435,      -13.85662662,      -11.38425363,      -11.35808137,      -8.352858505
          0,           0,         436,       -13.8743027,       -11.2823158,      -11.57205779,      -8.383041899
          0,           0,         437,      -13.88251797,      -11.36442187,      -11.44559203,      -8.386086162
          0,           0,         438,      -13.80053667,      -11.32463103,       -11.3476195,       -8.32746084
          0,           0,         439,      -13.96024647,      -11.38179273,      -11.48141362,      -8.423793548
          0,           0,         440,      -13.87099128,      -11.37894764,      -11.46286433,      -8.388118454
          0,           0,         441,      -13.90096765,      -11.36227046,      -11.53616177,      -8.421588763
          0,           0,         442,      -13.89388203,      -11.25379049,      -11.52545177,      -8.371137827
          0,           0,         443,      -13.95491141,      -11.44998537,      -11.52426403,      -8.503251055
          0,           0,         444,      -13.91359285,      -11.47684135,      -11.49567622,      -8.413221666
          0,           0,         445,       -13.9324929,       -11.3603745,      -11.51377768,      -8.429550693
          0,           0,         446,       -13.7947531,      -11.15265274,      -11.50349461,       -8.29254477
          0,           0,         447,      -13.82808627,      -11.33509834,      -11.40188909,      -8.326251869
          0,           0,         448,      -13.92548632,      -11.27167948,      -11.45655084,      -8.370699977
          0,           0,         449,      -13.84740997,      -11.42539516,      -11.45478388,      -8.349364107
          0,           0,         450,      -13.78768744,      -11.28683612,      -11.27659682,      -8.297150069
          0,           0,         451,      -13.85553473,      -11.33160712,      -11.48376165,      -8.375257185
          0,           0,         452,      -13.97513243,      -11.45270075,      -11.52199784,      -8.503367149
          0,           0,         453,      -13.78943146,      -11.22349032,      -11.47499671,      -8.322324608
          0,           0,         454,      -13.88441178,      -11.42218761,      -11.41889488,      -8.393468211
          0,           0,         455,      -13.77657145,      -11.22178748,       -11.5256803,       -8.26870224
          0,           0,         456,      -13.86074404,      -11.24183079,      -11.53926126,      -8.362946865
          0,           0,         457,      -13.88909986,      -11.48348242,      -11.43424522,      -8.428612933
          0,           0,         458,      -13.86062579,      -11.35014011,       -11.5570944,      -8.356788244
          0,           0,         459,      -13.80099915,      -11.37817962,      -11.39044745,      -8.351154712
          0,           0,         460,      -13.84151026,      -11.37725703,      -11.43694677,      -8.410286387
          0,           0,         461,      -13.82305038,      -11.19546537,      -11.44978137,      -8.357735671
          0,           0,         462,      -13.98033586,      -11.37062934,      -11.52593829,      -8.489768206
          0,           0,         463,      -13.98902169,       -11.4783728,      -11.61770672,      -8.472289816
          0,           0,         464,      -13.81633747,      -11.35786757,      -11.40809897,      -8.379139709
          0,           0,         465,      -13.86042495,      -11.45827894,      -11.44555591,       -8.37957179
          0,           0,         466,      -13.83651322,      -11.36312506,      -11.36813964,      -8.381567041
          0,           0,         467,      -13.90213266,      -11.31858193,      -11.56727887,      -8.457356069
          0,           0,         468,      -13.70106702,      -11.10420841,      -11.44798011,      -8.239019152
          0,           0,         469,      -13.91660101,      -11.35719874,      -11.53849033,      -8.413979844
          0,           0,         470,      -13.74928244,      -11.13541085,      -11.48791837,      -8.271106842
          0,           0,         471,      -13.90890457,      -11.35837644,      -11.52537268,      -8.410643466
          0,           0,         472,      -13.92804998,       -11.3170664,      -11.51452619,      -8.430333641
          0,           0,         473,      -13.87330962,      -11.34795452,      -11.44689416,      -8.389977533
          0,           0,         474,      -13.79132235,      -11.40691786,      -11.29720398,      -8.345289686
          0,           0,         475,      -13.78299297,      -11.23522399,      -11.39761968,      -8.360236804
          0,           0,         476,       -13.8571266,      -11.25006121,      -11.49376714,      -8.358778383
          0,           0,         477,      -13.80000104,      -11.24855815,      -11.46419794,      -8.336851043
          0,           0,         478,      -13.89559062,      -11.45506637,      -11.44285846,      -8.412979297
          0,           0,         479,      -13.82433835,      -11.39027429,      -11.35225951,      -8.342649512
          0,           0,         480,      -13.84704277,        -11.325934,      -11.54505755,       -8.35153399
          0,           0,         481,       -13.6858711,       -11.1399959,        -11.534393,      -8.217002972
          0,           0,         482,      -13.76369728,       -11.1738454,      -11.51629739,      -8.313085125
          0,           0,         483,      -13.84056717,      -11.41757243,      -11.47478552,      -8.370818828
          0,           0,         484,       -13.9338821,      -11.39570835,      -11.54871013,      -8.457649082
          0,           0,         485,      -13.76423865,      -11.32042074,      -11.53368476,      -8.368199481
          0,           0,         486,      -13.74430634,      -11.16610366,      -11.34485777,       -8.27572537
          0,           0,         487,      -13.85964789,      -11.49094562,      -11.38751297,      -8.407768932
          0,           0,         488,      -13.82728668,      -11.30634988,      -11.38250988,      -8.280536226
          0,           0,         489,      -13.89353674,      -11.35940958,      -11.53430045,      -8.425062847
          0,           0,         490,      -13.83670099,       -11.2941897,      -11.47886256,       -8.32012918
          0,           0,         491,      -13.83133442,      -11.30278986,       -11.4489482,      -8.361983933
          0,           0,         492,      -13.96601757,      -11.43618471,      -11.55162486,      -8.460934245
          0,           0,         493,       -13.8276653,      -11.25775098,      -11.55745488,      -8.363648048
          0,           0,         494,      -13.91054902,      -11.32620715,      -11.53973454,       -8.41159565
          0,           0,         495,      -13.88883535,      -11.30248136,      -11.46163692,      -8.380428484
          0,           0,         496,       -13.8183534,      -11.37753198,      -11.44700164,      -8.359086063
          0,           0,         497,      -13.92145242,      -11.44732122,      -11.47972617,      -8.404257093
          0,           0,         498,      -13.94671417,      -11.51512179,      -11.58039023,      -8.484588962
          0,           0,         499,      -13.92209146,      -11.38244008,      -11.48693336,      -8.442934059
          0,           0,         500,      -13.74746193,      -11.12859191,      -11.49550317,      -8.223524561
          0,           0,         501,      -13.94042615,      -11.38912065,      -11.40141666,      -8.392322943
          0,           0,         502,      -13.92437785,      -11.44140072,      -11.57468072,      -8.490993082
          0,           0,         503,      -14.02009768,      -11.42216729,      -11.51175965,      -8.477204894
          0,           0,         504,      -13.87097947,      -11.36562764,       -11.4884131,      -8.402036785
          0,           0,         505,      -13.87131083,      -11.44900822,      -11.37889254,       -8.38023516
          0,           0,         506,      -13.87606552,      -11.39207004,      -11.37436591,      -8.399248384
          0,           0,         507,      -13.91048224,      -11.34932008,      -11.49621639,      -8.418586494
          0,           0,         508,      -13.90479734,      -11.42842788,      -11.52384637,      -8.419788907
          0,           0,         509,      -13.84706436,      -11.29772261,      -11.34664103,      -8.349129003
          0,           0,         510,      -13.87866113,      -11.38089613,       -11.6224194,      -8.424506509
          0,           0,         511,      -13.83871464,      -11.22326908,      -11.45843899,      -8.283018676
          0,           0,         512,      -13.93702084,      -11.29747948,      -11.55706999,      -8.408742881
          0,           0,         513,      -13.84344872,       -11.3710725,      -11.37745808,      -8.370237319
          0,           0,         514,      -13.91120259,      -11.37728429,      -11.52152636,      -8.458407181
          0,           0,         515,      -13.91670817,      -11.38632846,      -11.50164842,      -8.462831279
          0,           0,         516,      -13.85544612,      -11.31288507,      -11.45837436,       -8.38315601
          0,           0,         517,      -13.88331071,      -11.32345435,      -11.48118448,       -8.39540476
          0,           0,         518,      -13.69844027,      -11.10206195,      -11.44221392,      -8.238852566
          0,           0,         519,      -13.84909069,      -11.28430528,      -11.40370408,      -8.390846505
          0,           0,         520,      -13.91840528,      -11.43639079,      -11.41609946,      -8.420354617
          0,           0,         521,      -13.90742846,      -11.38216306,      -11.43816206,      -8.425428796
          0,           0,         522,      -13.79531492,      -11.29989035,      -11.37073423,      -8.308138869
          0,           0,         523,      -13.84190823,      -11.28854782,      -11.41072727,      -8.360631431
          0,           0,         524,      -13.92568568,      -11.38895839,      -11.51476751,      -8.446347673
          0,           0,         525,      -13.84720785,      -11.29733832,      -11.46600433,      -8.350417065
          0,           0,         526,      -13.94437116,      -11.51917264,      -11.45373196,        -8.4411091
          0,           0,         527,      -13.70601959,      -11.10801821,      -11.47381556,      -8.205027502
          0,           0,         528,      -13.73016437,      -11.23301018,      -11.39541029,        -8.2381375
          0,           0,         529,      -13.84150424,      -11.32034752,      -11.51228585,      -8.420154842
          0,           0,         530,        -13.672981,      -11.13788015,       -11.4573766,      -8.193057006
          0,           0,         531,      -13.82414524,      -11.23440066,      -11.46959281,      -8.320318711
          0,           0,         532,      -13.74278978,       -11.0780591,      -11.55080375,       -8.19879016
          0,           0,         533,      -13.88261487,      -11.35213656,      -11.53234083,      -8.443756981
          0,           0,         534,      -13.85505023,      -11.29770527,      -11.46376979,      -8.376043661
          0,           0,         535,      -13.88649054,      -11.44183769,      -11.42373739,      -8.423005088
          0,           0,         536,      -13.73793604,      -11.21062478,      -11.33920856,      -8.274648798
          0,           0,         537,       -13.8527604,      -11.36917934,      -11.50778051,      -8.378071504
          0,           0,         538,      -13.82526803,      -11.40551569,      -11.34372671,      -8.397138425
          0,           0,         539,       -13.7168092,      -11.15229731,       -11.5042859,      -8.282578677
          0,           0,         540,      -13.89499766,      -11.34169607,      -11.51108827,      -8.365938249
          0,           0,         541,      -13.82059808,      -11.34549521,      -11.38671444,      -8.375043086
          0,           0,         542,      -13.82653295,      -11.27287517,      -11.36505672,       -8.31240024
          0,           0,         543,      -13.87622729,      -11.49396212,      -11.47327769,      -8.412449509
          0,           0,         544,      -13.89115826,      -11.27688157,       -11.4661921,      -8.411305482
          0,           0,         545,      -13.81991342,      -11.23189755,      -11.41870259,      -8.367100922
          0,           0,         546,      -13.82613133,      -11.25611935,      -11.50789181,      -8.371278839
          0,           0,         547,      -13.81044571,      -11.15874713,      -11.58421899,       -8.29181594
          0,           0,         548,      -13.92773846,      -11.36295298,      -11.57112831,      -8.397988303
          0,           0,         549,       -13.8624416,      -11.36736473,      -11.47823299,      -8.410755904
          0,           0,         550,       -13.7484536,      -11.25729224,      -11.29312348,      -8.270069938
          0,           0,         551,      -13.95060789,      -11.34515952,      -11.57218978,       -8.42978429
          0,           0,         552,      -13.90080356,      -11.26733331,      -11.59595924,      -8.380768459
          0,           0,         553,      -13.88624568,      -11.33369991,      -11.42332865,      -8.419604679
          0,           0,         554,      -13.84329588,      -11.36302953,      -11.44776393,      -8.373695858
          0,           0,         555,       -13.8884089,      -11.32984178,      -11.50671202,      -8.397896445
          0,           0,         556,      -13.88002418,       -11.3153655,       -11.5683852,      -8.404811614
          0,           0,         557,      -13.86667174,      -11.27731776,      -11.43973893,      -8.331783802
          0,           0,         558,      -13.78895026,      -11.38445013,      -11.28554421,      -8.308332597
          0,           0,         559,      -13.89217962,      -11.40102319,      -11.51103326,        -8.3973184
          0,           0,         560,      -13.76987126,      -11.25247466,      -11.53670194,      -8.372538678
          0,           0,         561,      -13.85549157,      -11.23785995,      -11.66402012,      -8.439756552
          0,           0,         562,      -13.79696366,       -11.3013888,      -11.41586112,      -8.341351919
          0,           0,         563,      -13.70461094,      -11.07631744,      -11.38020789,      -8.167720872
          0,           0,         564,      -13.91578099,      -11.29704994,       -11.4726533,      -8.439016255
          0,           0,         565,      -13.89585053,      -11.28564744,      -11.39950548,      -8.373631916
          0,           0,         566,      -13.70981686,      -11.17682615,      -11.36056883,      -8.251056411
          0,           0,         567,      -13.80541068,      -11.30950083,      -11.39943658,      -8.296171199
          0,           0,         568,      -13.92853631,      -11.40815538,      -11.46417066,       -8.44814931
          0,           0,         569,      -13.97151343,      -11.42917987,      -11.51459224,      -8.445748439
          0,           0,         570,      -13.83655237,      -11.35068741,      -11.38905764,      -8.403039927
          0,           0,         571,      -13.87034076,      -11.25463695,      -11.50881935,        -8.3295829
          0,           0,         572,      -13.94371174,      -11.33008196,      -11.51003586,      -8.482667982
          0,           0,         573,      -13.87747881,      -11.44536122,      -11.45864033,      -8.394731225
          0,           0,         574,      -13.88665169,      -11.48437822,      -11.42596504,      -8.435630662
          0,           0,         575,      -13.83973027,      -11.36118282,      -11.42532845,      -8.365551675
          0,           0,         576,      -13.82396582,      -11.31483248,      -11.51920029,      -8.349224301
          0,           0,         577,      -13.86157453,      -11.25034071,      -11.47240576,       -8.33601655
          0,           0,         578,      -13.84921183,      -11.30071334,        -11.477818,      -8.382582054
          0,           0,         579,      -13.89617962,      -11.36314948,         -11.45795,      -8.431275464
          0,           0,         580,      -13.69807116,      -11.09096399,      -11.38163182,      -8.243675881
          0,           0,         581,        -13.701871,         -11.17322,      -11.36277947,      -8.241885841
          0,           0,         582,      -13.99572145,      -11.39002252,      -11.58046152,       -8.48712861
          0,           0,         583,      -13.90367501,      -11.34244525,      -11.52061025,      -8.415029999
          0,           0,         584,      -13.91759517,      -11.32095977,      -11.61350503,      -8.405084707
          0,           0,         585,      -13.80081932,      -11.32873715,      -11.43411828,      -8.399300698
          0,           0,         586,      -13.90514191,      -11.30070692,      -11.46624783,      -8.444317376
          0,           0,         587,       -13.7694437,      -11.24467751,      -11.51706443,      -8.328543422
          0,           0,         588,      -13.82933246,      -11.23869549,      -11.43617177,      -8.379380391
          0,           0,         589,      -13.83716034,       -11.2903092,      -11.37245975,      -8.345416823
          0,           0,         590,      -13.86623604,      -11.39774978,      -11.38892172,       -8.40167046
          0,           0,         591,      -13.89567795,      -11.42513197,      -11.47636791,      -8.390891619
          0,           0,         592,      -13.85968192,      -11.28829729,      -11.43323591,      -8.389674557
          0,           0,         593,      -13.79588011,      -11.32117287,      -11.31200211,      -8.327524563
          0,           0,         594,      -13.92571038,      -11.43354861,      -11.49178424,      -8.477344695
          0,           0,         595,       -13.9079851,      -11.24341592,      -11.53375677,      -8.385722126
          0,           0,         596,      -13.85217323,      -11.31247499,      -11.47056382,      -8.377266871
          0,           0,         597,      -13.82503685,      -11.31985033,      -11.43042002,      -8.284263674
          0,           0,         598,      -13.75035097,      -11.17474593,      -11.41224228,       -8.30421195
          0,           0,         599,      -13.86717112,      -11.31262893,      -11.46981374,      -8.355727383
          0,           0,         600,       -13.8532292,      -11.33827105,      -11.49193706,      -8.378420983
