VARIABLES = \
"Time_Iter","Outer_Iter","Inner_Iter",    "rms[Rho]"    ,    "rms[RhoU]"   ,    "rms[RhoV]"   ,    "rms[RhoE]"   
          0,           0,           0,     -0.8433722055,       1.353900375,        1.67747648,       4.616255997
          0,           0,           1,     -0.8998497814,       1.443655536,       1.640939516,       4.562484377
          0,           0,           2,      -1.115050054,       1.277165247,       1.364418554,       4.347407368
          0,           0,           3,      -1.308760849,        1.14620514,       1.143652125,       4.155418459
          0,           0,           4,      -1.456687938,       1.044149025,      0.9786919579,       4.009880333
          0,           0,           5,      -1.651976504,      0.9335161286,      0.8054751084,       3.817089556
          0,           0,           6,      -1.795343822,      0.8623215618,      0.6500707269,       3.673395504
          0,           0,           7,      -1.938248318,      0.7662567172,      0.5381013886,       3.534138828
          0,           0,           8,      -2.095896395,      0.6659395051,      0.4460923582,       3.384726679
          0,           0,           9,      -2.247096881,      0.5865139473,      0.3406090598,        3.24460196
          0,           0,          10,       -2.38029874,      0.5233772914,      0.2183185381,       3.123071243
          0,           0,          11,      -2.486401103,      0.4687553981,      0.0972503493,        3.02585818
          0,           0,          12,       -2.56340463,      0.4163078123,    -0.00401862093,       2.952382014
          0,           0,          13,      -2.623341179,      0.3603817829,    -0.08098333939,       2.892267831
          0,           0,          14,      -2.683257598,      0.2985237465,     -0.1461128635,       2.832027993
          0,           0,          15,      -2.752121821,      0.2313967347,     -0.2133013022,        2.76424878
          0,           0,          16,      -2.830878648,        0.16105689,     -0.2881617965,       2.687774996
          0,           0,          17,      -2.916827405,     0.08976269473,     -0.3704148505,       2.604548353
          0,           0,          18,      -3.005501792,     0.01955972797,     -0.4573538255,       2.518176838
          0,           0,          19,      -3.091726153,    -0.04802872129,     -0.5459221078,       2.432884659
          0,           0,          20,      -3.171079778,     -0.1121480346,     -0.6338732765,       2.352288909
          0,           0,          21,      -3.241441032,     -0.1725893686,      -0.719988888,       2.278317101
          0,           0,          22,      -3.303387691,     -0.2296486171,     -0.8033182704,       2.211016891
          0,           0,          23,      -3.359189731,     -0.2838939341,     -0.8826353723,       2.149162433
          0,           0,          24,      -3.411237153,     -0.3359435295,     -0.9566350262,       2.091233301
          0,           0,          25,      -3.461126616,     -0.3863355345,      -1.024440202,       2.036076878
          0,           0,          26,      -3.509630259,     -0.4354924159,      -1.085901539,        1.98303083
          0,           0,          27,      -3.557034338,     -0.4837284306,      -1.141554231,        1.93175093
          0,           0,          28,      -3.603451694,     -0.5312959234,      -1.192440629,       1.882019738
          0,           0,          29,      -3.648935828,     -0.5783803202,      -1.239772897,       1.833677431
          0,           0,          30,      -3.693621266,     -0.6251311119,      -1.284623885,       1.786512799
          0,           0,          31,       -3.73777731,     -0.6716842732,      -1.327767822,       1.740214166
          0,           0,          32,      -3.781289134,      -0.718075654,      -1.370006202,       1.694861248
          0,           0,          33,      -3.824229188,     -0.7643391782,      -1.411684589,       1.650362699
          0,           0,          34,      -3.866774256,     -0.8105069761,      -1.452972896,       1.606533711
          0,           0,          35,       -3.90911805,     -0.8565992834,      -1.493947479,       1.563184214
          0,           0,          36,      -3.951429849,       -0.90262324,      -1.534694867,       1.520139615
          0,           0,          37,      -3.993820681,     -0.9485783988,      -1.575303986,       1.477272014
          0,           0,          38,      -4.036317926,     -0.9944700628,      -1.615721706,        1.43453804
          0,           0,          39,      -4.079003525,      -1.040306443,      -1.656000651,       1.391834818
          0,           0,          40,        -4.1219237,      -1.086091405,      -1.696207549,        1.34909535
          0,           0,          41,      -4.165080807,      -1.131820881,      -1.736386509,       1.306301124
          0,           0,          42,      -4.208456197,      -1.177487158,      -1.776566458,       1.263453938
          0,           0,          43,      -4.252027747,      -1.223078535,      -1.816764634,       1.220556186
          0,           0,          44,      -4.295767105,      -1.268584101,      -1.856995618,        1.17761572
          0,           0,          45,      -4.339649984,      -1.313991261,      -1.897268981,       1.134636322
          0,           0,          46,      -4.383654547,      -1.359284399,      -1.937582275,       1.091619914
          0,           0,          47,      -4.427755827,      -1.404446085,      -1.977926724,       1.048573019
          0,           0,          48,      -4.471926306,      -1.449459995,      -2.018290099,       1.005506733
          0,           0,          49,      -4.516134178,       -1.49430578,      -2.058658152,      0.9624378597
          0,           0,          50,      -4.560347261,      -1.538966964,      -2.099017958,       0.919385674
          0,           0,          51,      -4.604560013,      -1.583445424,      -2.139328727,      0.8763453076
          0,           0,          52,       -4.64876559,      -1.627738618,      -2.179600016,      0.8333146348
          0,           0,          53,      -4.692905865,      -1.671823475,      -2.219866383,      0.7903440443
          0,           0,          54,      -4.736931703,      -1.715688115,      -2.260094036,      0.7474758277
          0,           0,          55,      -4.780827275,      -1.759332191,      -2.300249595,      0.7047193773
          0,           0,          56,      -4.824585487,      -1.802758805,      -2.340314971,      0.6620765564
          0,           0,          57,      -4.868199512,      -1.845973126,      -2.380285267,      0.6195503907
          0,           0,          58,      -4.911663729,       -1.88898217,      -2.420159699,      0.5771437996
          0,           0,          59,       -4.95497288,      -1.931770231,       -2.46002574,        0.53485466
          0,           0,          60,      -4.998060519,      -1.974357693,      -2.499803971,       0.492746253
          0,           0,          61,      -5.040952944,      -2.016767177,      -2.539424316,      0.4507973401
          0,           0,          62,      -5.083711475,      -2.059015339,      -2.578898533,      0.4089494753
          0,           0,          63,      -5.126357677,      -2.101111527,       -2.61825433,      0.3671809371
          0,           0,          64,      -5.168894905,      -2.143064438,       -2.65751349,      0.3254878895
          0,           0,          65,       -5.21132365,      -2.184884245,      -2.696691577,      0.2838699147
          0,           0,          66,      -5.253644407,      -2.226581546,      -2.735796762,      0.2423270106
          0,           0,          67,       -5.29586099,      -2.268166746,      -2.774835809,      0.2008563618
          0,           0,          68,       -5.33797965,      -2.309649639,      -2.813815132,      0.1594530671
          0,           0,          69,      -5.380006652,      -2.351039099,      -2.852739859,      0.1181123522
          0,           0,          70,      -5.421948043,      -2.392343315,      -2.891613455,     0.07682969351
          0,           0,          71,       -5.46380987,      -2.433570019,      -2.930438459,     0.03560053473
          0,           0,          72,      -5.505597777,      -2.474726423,      -2.969217296,   -0.005579349041
          0,           0,          73,      -5.547316655,      -2.515819118,      -3.007952656,    -0.04671349853
          0,           0,          74,      -5.588970845,      -2.556854102,      -3.046647578,    -0.08780493482
          0,           0,          75,      -5.630564622,      -2.597836928,      -3.085305465,     -0.1288566151
          0,           0,          76,      -5.672102475,      -2.638772825,      -3.123930078,     -0.1698717068
          0,           0,          77,      -5.713589002,      -2.679666738,      -3.162525471,     -0.2108535267
          0,           0,          78,      -5.755028636,      -2.720523312,      -3.201095895,     -0.2518053023
          0,           0,          79,      -5.796425408,      -2.761346851,      -3.239645698,     -0.2927299645
          0,           0,          80,      -5.837782854,      -2.802141301,      -3.278179244,     -0.3336300594
          0,           0,          81,      -5.879104037,      -2.842910254,       -3.31670085,     -0.3745077658
          0,           0,          82,      -5.920391623,      -2.883656969,      -3.355214733,     -0.4153649537
          0,           0,          83,      -5.961647949,      -2.924384404,       -3.39372497,     -0.4562032514
          0,           0,          84,      -6.002875089,      -2.965095246,      -3.432235483,     -0.4970240957
          0,           0,          85,      -6.044074889,      -3.005791944,      -3.470750028,      -0.537828769
          0,           0,          86,      -6.085248992,      -3.046476737,      -3.509272193,     -0.5786184195
          0,           0,          87,      -6.126398859,       -3.08715167,      -3.547805395,     -0.6193940779
          0,           0,          88,      -6.167525773,      -3.127818618,      -3.586352878,     -0.6601566596
          0,           0,          89,       -6.20863086,      -3.168479297,       -3.62491772,     -0.7009069725
          0,           0,          90,      -6.249715087,       -3.20913528,      -3.663502844,     -0.7416457154
          0,           0,          91,      -6.290779275,      -3.249788006,      -3.702111027,     -0.7823734821
          0,           0,          92,      -6.331824345,      -3.290439151,      -3.740744913,     -0.8230910073
          0,           0,          93,      -6.372850942,       -3.33108993,      -3.779407154,     -0.8637987386
          0,           0,          94,      -6.413859481,      -3.371741407,      -3.818100182,     -0.9044969229
          0,           0,          95,      -6.454850486,      -3.412394664,      -3.856826444,      -0.945185961
          0,           0,          96,      -6.495824417,      -3.453050674,       -3.89558837,      -0.985866209
          0,           0,          97,      -6.536781625,      -3.493710271,      -3.934388152,      -1.026537907
          0,           0,          98,      -6.577722363,      -3.534374174,      -3.973227678,      -1.067201212
          0,           0,          99,       -6.61864687,      -3.575043033,      -4.012108548,      -1.107856281
          0,           0,         100,      -6.659555441,      -3.615717427,      -4.051032146,      -1.148503283
          0,           0,         101,      -6.700448305,      -3.656397894,      -4.089999703,      -1.189142359
          0,           0,         102,      -6.741325689,      -3.697084934,      -4.129012379,      -1.229773635
          0,           0,         103,      -6.782187828,      -3.737779011,       -4.16807127,      -1.270397234
          0,           0,         104,      -6.823034994,       -3.77848056,      -4.207177395,      -1.311013308
          0,           0,         105,      -6.863867492,      -3.819189997,      -4.246331682,      -1.351622037
          0,           0,         106,      -6.904685676,      -3.859907723,      -4.285534965,      -1.392223649
          0,           0,         107,      -6.945489954,      -3.900634123,       -4.32478799,      -1.432818411
          0,           0,         108,      -6.986280793,      -3.941369571,      -4.364091425,      -1.473406641
          0,           0,         109,      -7.027058716,      -3.982114432,      -4.403445858,      -1.513988707
          0,           0,         110,      -7.067824298,       -4.02286906,      -4.442851813,      -1.554565015
          0,           0,         111,      -7.108578187,      -4.063633805,       -4.48230975,      -1.595136025
          0,           0,         112,       -7.14932107,      -4.104409009,      -4.521820064,      -1.635702236
          0,           0,         113,      -7.190053697,      -4.145195012,      -4.561383084,      -1.676264197
          0,           0,         114,       -7.23077686,      -4.185992152,      -4.600999097,      -1.716822489
          0,           0,         115,        -7.2714914,      -4.226800762,      -4.640668304,      -1.757377736
          0,           0,         116,      -7.312198202,      -4.267621182,      -4.680390887,      -1.797930602
          0,           0,         117,      -7.352898183,      -4.308453745,      -4.720166954,      -1.838481774
          0,           0,         118,      -7.393592329,      -4.349298791,      -4.759996571,      -1.879032003
          0,           0,         119,      -7.434281602,      -4.390156657,      -4.799879758,      -1.919582019
          0,           0,         120,      -7.474967083,      -4.431027687,      -4.839816511,       -1.96013265
          0,           0,         121,       -7.51564981,      -4.471912228,      -4.879806784,      -2.000684707
          0,           0,         122,      -7.556330879,      -4.512810627,      -4.919850491,       -2.04123903
          0,           0,         123,      -7.597011424,      -4.553723241,      -4.959947528,      -2.081796505
          0,           0,         124,      -7.637692563,      -4.594650423,      -5.000097775,      -2.122358013
          0,           0,         125,      -7.678375465,       -4.63559254,      -5.040301059,      -2.162924466
          0,           0,         126,      -7.719061275,      -4.676549955,      -5.080557234,      -2.203496782
          0,           0,         127,      -7.759751187,      -4.717523038,      -5.120866119,      -2.244075909
          0,           0,         128,       -7.80044632,       -4.75851217,      -5.161227489,      -2.284662744
          0,           0,         129,      -7.841147865,      -4.799517722,      -5.201641152,      -2.325258255
          0,           0,         130,      -7.881857035,      -4.840540077,      -5.242106938,      -2.365863395
          0,           0,         131,      -7.922574943,       -4.88157962,      -5.282624551,        -2.4064791
          0,           0,         132,      -7.963302785,      -4.922636745,       -5.32319379,      -2.447106336
          0,           0,         133,      -8.004041651,       -4.96371184,      -5.363814428,      -2.487745982
          0,           0,         134,      -8.044792686,      -5.004805295,      -5.404486214,      -2.528398999
          0,           0,         135,      -8.085557012,      -5.045917508,      -5.445208955,      -2.569066309
          0,           0,         136,      -8.126335761,      -5.087048885,      -5.485982322,       -2.60974886
          0,           0,         137,       -8.16712989,      -5.128199818,      -5.526806157,      -2.650447444
          0,           0,         138,      -8.207940385,      -5.169370719,      -5.567680205,      -2.691162902
          0,           0,         139,      -8.248768598,      -5.210561996,      -5.608604256,      -2.731896343
          0,           0,         140,       -8.28961519,      -5.251774035,      -5.649578001,      -2.772648379
          0,           0,         141,      -8.330481248,      -5.293007282,      -5.690601313,      -2.813419909
          0,           0,         142,      -8.371367622,      -5.334262144,      -5.731673857,      -2.854211664
          0,           0,         143,      -8.412275168,      -5.375538968,       -5.77279552,      -2.895024378
          0,           0,         144,      -8.453205232,      -5.416838259,      -5.813966078,      -2.935859196
          0,           0,         145,      -8.494157875,      -5.458160366,      -5.855185319,      -2.976716182
          0,           0,         146,       -8.53513484,      -5.499505763,      -5.896453049,      -3.017596827
          0,           0,         147,      -8.576136124,      -5.540874834,      -5.937769019,      -3.058501204
          0,           0,         148,       -8.61716304,      -5.582268049,      -5.979133285,      -3.099430497
          0,           0,         149,       -8.65821589,      -5.623685767,      -6.020545462,      -3.140384866
          0,           0,         150,      -8.699295635,      -5.665128487,      -6.062005379,      -3.181365129
          0,           0,         151,      -8.740402883,      -5.706596563,      -6.103512995,      -3.222371969
          0,           0,         152,      -8.781538044,       -5.74809049,      -6.145068029,      -3.263405665
          0,           0,         153,      -8.822702205,      -5.789610639,      -6.186670621,      -3.304467351
          0,           0,         154,      -8.863895809,      -5.831157552,      -6.228320398,      -3.345557135
          0,           0,         155,      -8.905119266,      -5.872731623,      -6.270017442,      -3.386675634
          0,           0,         156,      -8.946372899,      -5.914333239,      -6.311761396,      -3.427823189
          0,           0,         157,      -8.987657635,      -5.955962914,      -6.353552275,      -3.469000437
          0,           0,         158,      -9.028974072,      -5.997621088,      -6.395390147,      -3.510208443
          0,           0,         159,      -9.070321297,      -6.039308295,      -6.437275271,      -3.551445747
          0,           0,         160,      -9.111701818,      -6.081024822,      -6.479206535,      -3.592715013
          0,           0,         161,      -9.153114703,      -6.122771251,      -6.521184267,      -3.634015406
          0,           0,         162,       -9.19456082,       -6.16454787,      -6.563208953,      -3.675347806
          0,           0,         163,      -9.236039054,      -6.206355339,      -6.605280811,      -3.716711156
          0,           0,         164,      -9.277551444,       -6.24819431,      -6.647398578,      -3.758107444
          0,           0,         165,      -9.319099914,      -6.290064925,      -6.689563525,      -3.799537949
          0,           0,         166,      -9.360681265,      -6.331967453,      -6.731774649,      -3.841000687
          0,           0,         167,      -9.402296404,      -6.373902772,      -6.774033062,      -3.882496103
          0,           0,         168,      -9.443948089,      -6.415871544,      -6.816336601,      -3.924026711
          0,           0,         169,      -9.485631688,      -6.457873782,       -6.85868771,      -3.965589036
          0,           0,         170,      -9.527351302,      -6.499910091,      -6.901085899,      -4.007185805
          0,           0,         171,       -9.56910737,      -6.541981209,      -6.943531103,      -4.048818031
          0,           0,         172,      -9.610897703,      -6.584087418,      -6.986021653,      -4.090485063
          0,           0,         173,      -9.652724462,      -6.626229363,       -7.02856049,      -4.132186872
          0,           0,         174,      -9.694585817,      -6.668406462,      -7.071143993,      -4.173922229
          0,           0,         175,      -9.736482534,       -6.71062096,      -7.113776699,      -4.215692847
          0,           0,         176,       -9.77841552,      -6.752871696,      -7.156453891,      -4.257499425
          0,           0,         177,      -9.820384197,      -6.795160569,      -7.199180747,      -4.299342049
          0,           0,         178,      -9.862390857,      -6.837487682,      -7.241952824,      -4.341221452
          0,           0,         179,      -9.904427783,       -6.87985227,      -7.284772783,      -4.383132404
          0,           0,         180,       -9.94649693,      -6.922256652,      -7.327644221,      -4.425078618
          0,           0,         181,       -9.98860711,      -6.964700692,       -7.37055697,      -4.467063703
          0,           0,         182,      -10.03076273,        -7.0071833,       -7.41351992,      -4.509090669
          0,           0,         183,      -10.07293803,      -7.049706787,      -7.456528803,      -4.551142469
          0,           0,         184,      -10.11514468,      -7.092271469,      -7.499593991,      -4.593230304
          0,           0,         185,      -10.15740344,      -7.134877036,      -7.542698313,      -4.635365798
          0,           0,         186,      -10.19967674,      -7.177523462,      -7.585854085,      -4.677525765
          0,           0,         187,      -10.24200031,      -7.220211951,      -7.629052595,      -4.719728334
          0,           0,         188,       -10.2843404,      -7.262943353,      -7.672299275,      -4.761956816
          0,           0,         189,      -10.32672902,      -7.305720858,      -7.715615417,      -4.804234918
          0,           0,         190,      -10.36913044,      -7.348535608,      -7.758956934,      -4.846527071
          0,           0,         191,      -10.41158628,      -7.391398415,      -7.802356104,      -4.888874472
          0,           0,         192,       -10.4540474,      -7.434301368,      -7.845801023,      -4.931239346
          0,           0,         193,      -10.49656855,      -7.477253833,      -7.889293533,      -4.973659362
          0,           0,         194,      -10.53911114,      -7.520247605,      -7.932840225,      -5.016101261
          0,           0,         195,      -10.58168632,      -7.563288435,      -7.976445627,      -5.058598339
          0,           0,         196,      -10.62426874,      -7.606371473,      -8.020080927,        -5.1010894
          0,           0,         197,      -10.66692581,      -7.649500868,      -8.063756189,      -5.143670915
          0,           0,         198,      -10.70957484,      -7.692675186,      -8.107517354,      -5.186247389
          0,           0,         199,      -10.75224138,      -7.735902236,       -8.15130625,        -5.2288456
          0,           0,         200,      -10.79492241,      -7.779168727,      -8.195154334,      -5.271476288
          0,           0,         201,      -10.83763763,      -7.822484778,      -8.239048041,      -5.314140833
          0,           0,         202,      -10.88046686,      -7.865848743,      -8.282988845,      -5.356910527
          0,           0,         203,      -10.92323224,      -7.909259693,      -8.326984787,       -5.39964801
          0,           0,         204,      -10.96601439,      -7.952721291,      -8.371017062,      -5.442414275
          0,           0,         205,      -11.00880127,      -7.996227638,      -8.415140121,      -5.485194083
          0,           0,         206,      -11.05169632,      -8.039771036,      -8.459270868,      -5.528057741
          0,           0,         207,       -11.0945463,      -8.083368212,      -8.503465536,      -5.570907576
          0,           0,         208,      -11.13738772,      -8.127009943,      -8.547713136,      -5.613789097
          0,           0,         209,      -11.18018915,       -8.17068496,      -8.591990821,      -5.656633821
          0,           0,         210,      -11.22321723,      -8.214462888,      -8.636353658,      -5.699672666
          0,           0,         211,      -11.26602559,      -8.258244739,      -8.680760465,      -5.742591432
          0,           0,         212,      -11.30902428,      -8.302081007,      -8.725170066,      -5.785642545
          0,           0,         213,       -11.3519686,       -8.34597065,      -8.769759929,      -5.828639381
          0,           0,         214,       -11.3949084,      -8.389901074,      -8.814246958,      -5.871706678
          0,           0,         215,      -11.43782045,      -8.433854732,      -8.858816923,      -5.914777516
          0,           0,         216,      -11.48060798,      -8.477878177,      -8.903444224,      -5.957720833
          0,           0,         217,      -11.52368292,       -8.52200633,      -8.948263767,       -6.00098495
          0,           0,         218,      -11.56664955,      -8.566116389,       -8.99303839,      -6.044019056
          0,           0,         219,      -11.60971653,      -8.610248226,      -9.037604625,      -6.087305167
          0,           0,         220,      -11.65265464,      -8.654378629,      -9.082398414,      -6.130421529
          0,           0,         221,      -11.69544504,      -8.698702667,      -9.127498346,      -6.173474473
          0,           0,         222,      -11.73830896,      -8.742952411,      -9.172365387,      -6.216705634
          0,           0,         223,      -11.78117727,      -8.787390788,      -9.217399104,      -6.259824255
          0,           0,         224,      -11.82445316,        -8.8316085,      -9.262481096,      -6.303426321
          0,           0,         225,      -11.86699578,      -8.876063663,      -9.307565809,      -6.346277063
          0,           0,         226,      -11.91022451,      -8.920710561,      -9.353011574,      -6.389731012
          0,           0,         227,      -11.95281621,      -8.965100216,      -9.397898234,       -6.43274603
          0,           0,         228,      -11.99544255,      -9.009629649,      -9.443076627,      -6.475948083
          0,           0,         229,      -12.03880577,      -9.054293955,      -9.488093245,      -6.519609939
          0,           0,         230,       -12.0811512,      -9.098745345,      -9.533319551,      -6.562656463
          0,           0,         231,      -12.12433944,      -9.143509291,      -9.579222064,      -6.606086697
          0,           0,         232,      -12.16660548,      -9.188245635,      -9.623981536,      -6.649054418
          0,           0,         233,      -12.20937057,      -9.232751088,      -9.669971928,      -6.692262938
          0,           0,         234,      -12.25137857,      -9.277822867,      -9.715585465,      -6.734849282
          0,           0,         235,      -12.29391185,      -9.322345939,      -9.760408202,      -6.778216296
          0,           0,         236,      -12.33747884,      -9.367405693,      -9.805983758,      -6.822131202
          0,           0,         237,      -12.37925973,      -9.412172392,      -9.852348162,      -6.865007473
          0,           0,         238,      -12.42057271,      -9.456642374,      -9.897998058,      -6.907374335
          0,           0,         239,      -12.46510744,      -9.501879285,      -9.941943718,      -6.952389827
          0,           0,         240,      -12.50556956,      -9.546453524,      -9.986900552,      -6.993711718
          0,           0,         241,      -12.54973385,      -9.591650653,      -10.03536465,      -7.038174342
          0,           0,         242,       -12.5909811,      -9.636447006,      -10.08022308,      -7.080681531
          0,           0,         243,      -12.63160818,      -9.680911261,      -10.12679978,      -7.122263842
          0,           0,         244,      -12.67536544,      -9.726929824,      -10.17171996,      -7.166407093
          0,           0,         245,      -12.71633711,      -9.771222597,      -10.21719783,      -7.209079954
          0,           0,         246,      -12.75895908,      -9.817362392,      -10.26383281,      -7.251949247
          0,           0,         247,      -12.80018864,      -9.861601982,      -10.30674588,      -7.294308517
          0,           0,         248,      -12.84087964,      -9.906619364,      -10.35305453,      -7.335707152
          0,           0,         249,      -12.88360187,      -9.950442997,      -10.39823557,      -7.379362406
          0,           0,         250,      -12.92583825,       -9.99664281,       -10.4462195,      -7.423034117
          0,           0,         251,      -12.96823127,      -10.04112706,      -10.49310953,      -7.465914015
          0,           0,         252,      -13.00667541,      -10.08663132,      -10.53433908,      -7.509378515
          0,           0,         253,      -13.04672766,      -10.13015937,      -10.58119526,      -7.548335332
          0,           0,         254,      -13.08532099,      -10.17482656,      -10.62084602,      -7.587058821
          0,           0,         255,      -13.12977557,      -10.21953137,      -10.66689678,      -7.633567973
          0,           0,         256,      -13.16963951,       -10.2624296,      -10.71701787,      -7.675371712
          0,           0,         257,      -13.20469816,      -10.30958712,      -10.76280083,      -7.712385504
          0,           0,         258,      -13.23669934,      -10.35261668,      -10.79791042,      -7.747928902
          0,           0,         259,      -13.27269708,      -10.39705079,      -10.83023994,      -7.785981329
          0,           0,         260,      -13.31053369,      -10.43933711,      -10.86668906,      -7.818065269
          0,           0,         261,      -13.34580603,      -10.48331205,      -10.91231507,       -7.86373777
          0,           0,         262,      -13.40591747,      -10.53329154,      -10.97639716,      -7.922171733
          0,           0,         263,      -13.43635203,      -10.57226033,      -11.02323323,      -7.953781046
          0,           0,         264,      -13.46329422,      -10.61796082,      -11.06157464,      -7.987375809
          0,           0,         265,      -13.49686929,      -10.65809114,      -11.07554569,      -8.015355211
          0,           0,         266,      -13.51893879,      -10.70225299,       -11.1105103,      -8.054287923
          0,           0,         267,      -13.56010285,      -10.74154623,      -11.19410364,      -8.081122805
          0,           0,         268,      -13.57764203,      -10.77181233,      -11.20594494,      -8.087272913
          0,           0,         269,      -13.61014595,      -10.81830507,      -11.25114276,       -8.14048959
          0,           0,         270,       -13.6721058,      -10.87680867,      -11.29382306,       -8.20565629
          0,           0,         271,      -13.68128339,      -10.89866319,      -11.28840459,      -8.174978774
          0,           0,         272,      -13.67649618,      -10.94249899,      -11.22662722,      -8.204440137
          0,           0,         273,      -13.71416932,      -10.92737834,      -11.39172554,      -8.191082889
          0,           0,         274,      -13.75965028,      -11.02972546,      -11.35097583,      -8.294105736
          0,           0,         275,      -13.79096424,      -11.05944694,      -11.39707799,      -8.302007669
          0,           0,         276,       -13.8303032,      -11.06774161,      -11.40704593,      -8.308813307
          0,           0,         277,      -13.67283956,      -11.00552199,      -11.40796794,       -8.16476048
          0,           0,         278,      -13.86127839,      -11.12708473,       -11.4662538,      -8.387604689
          0,           0,         279,      -13.85851269,      -11.19816428,      -11.44343053,      -8.396949701
          0,           0,         280,      -13.74093297,      -11.14902889,      -11.33763937,      -8.293778766
          0,           0,         281,      -13.88564713,      -11.24894685,      -11.42438695,      -8.392170665
          0,           0,         282,      -13.87858444,      -11.22550813,      -11.45612262,      -8.391294335
          0,           0,         283,      -13.80171827,      -11.21912247,       -11.2938813,      -8.327015644
          0,           0,         284,      -13.86398609,      -11.14394819,      -11.52266727,      -8.333049757
          0,           0,         285,      -13.92899348,      -11.31153548,      -11.49465035,      -8.414565989
          0,           0,         286,      -13.93053617,      -11.37821643,      -11.56472125,      -8.432292648
          0,           0,         287,       -13.9038035,      -11.28893749,      -11.60276605,       -8.44005122
          0,           0,         288,      -13.80385977,      -11.31198505,      -11.32428565,      -8.349396797
          0,           0,         289,      -13.87472176,      -11.36620789,      -11.51877934,      -8.417641771
          0,           0,         290,       -13.9548976,      -11.35406775,      -11.52589573,      -8.466271496
          0,           0,         291,      -13.80487902,      -11.30646855,      -11.41525415,      -8.324880342
          0,           0,         292,      -13.88049385,      -11.31491732,      -11.44241884,      -8.393279173
          0,           0,         293,      -13.88261363,      -11.31853849,      -11.45595338,      -8.313283061
          0,           0,         294,      -13.76051292,      -11.18939505,      -11.37592116,      -8.279884642
          0,           0,         295,      -13.97852077,      -11.34498453,      -11.53918911,      -8.474782081
          0,           0,         296,      -13.81755488,      -11.31529782,       -11.4396422,      -8.354586721
          0,           0,         297,      -13.90896732,      -11.37338387,      -11.57841141,      -8.432153591
          0,           0,         298,      -13.85478403,      -11.29492228,      -11.44530344,      -8.382472062
          0,           0,         299,      -13.90787477,      -11.37108881,      -11.47858243,      -8.419723615
          0,           0,         300,      -13.94526723,      -11.39931134,      -11.47267864,      -8.449227532
          0,           0,         301,      -13.89881313,      -11.24310383,      -11.47684068,      -8.406048126
          0,           0,         302,      -13.87172295,      -11.23206896,      -11.45702881,      -8.347111903
          0,           0,         303,      -13.79781228,      -11.28183615,      -11.36174728,      -8.296289875
          0,           0,         304,        -13.834772,      -11.34551898,      -11.40626051,      -8.359555952
          0,           0,         305,      -13.85714564,      -11.35379808,      -11.49355397,      -8.381033201
          0,           0,         306,      -13.92305457,       -11.3834482,      -11.47984093,      -8.428796559
          0,           0,         307,       -13.8631745,      -11.26282618,      -11.50750475,      -8.376450644
          0,           0,         308,      -13.82328879,      -11.22767541,       -11.5294224,      -8.381051305
          0,           0,         309,      -13.94453944,      -11.51777483,      -11.59951144,      -8.489044825
          0,           0,         310,      -13.75775678,       -11.3020509,      -11.28207048,      -8.300920188
          0,           0,         311,      -13.94241164,      -11.44620576,      -11.46856858,      -8.487771868
          0,           0,         312,      -13.86602169,      -11.24764093,      -11.44315154,      -8.426723324
          0,           0,         313,      -13.85471405,      -11.26907318,      -11.53002597,      -8.403274061
          0,           0,         314,      -13.84577654,      -11.33610168,      -11.56406487,      -8.384797724
          0,           0,         315,      -13.81352995,      -11.20031174,      -11.55459954,      -8.329634413
          0,           0,         316,      -13.72211345,      -11.22108081,      -11.40345334,      -8.281826265
          0,           0,         317,       -13.7902639,      -11.36484792,      -11.38020813,      -8.313338332
          0,           0,         318,      -13.81544096,      -11.33853491,      -11.59099627,      -8.362104249
          0,           0,         319,      -13.96552811,      -11.41229523,      -11.48133872,      -8.440822603
          0,           0,         320,      -13.83357427,      -11.36347897,      -11.37265106,      -8.372785028
          0,           0,         321,      -13.80886421,      -11.34567638,      -11.46688816,      -8.325860449
          0,           0,         322,        -13.896092,      -11.38926598,      -11.55083415,      -8.437241871
          0,           0,         323,      -13.75622039,      -11.15895348,       -11.4151252,      -8.288936862
          0,           0,         324,      -13.82600056,      -11.34952106,      -11.39336945,      -8.358137301
          0,           0,         325,      -13.88900767,       -11.3218327,       -11.4795402,      -8.401226774
          0,           0,         326,      -13.84512234,      -11.34431824,      -11.49551544,      -8.360916308
          0,           0,         327,      -13.69362447,      -11.08325596,       -11.5460518,      -8.207282491
          0,           0,         328,      -13.70532383,      -11.06137638,      -11.42409236,      -8.173838355
          0,           0,         329,      -13.71796541,      -11.05750072,      -11.46271976,      -8.247698422
          0,           0,         330,      -13.79148635,       -11.2229749,      -11.44611125,      -8.287929236
          0,           0,         331,      -13.88048756,      -11.27807122,      -11.45985498,      -8.319628716
          0,           0,         332,       -13.7147344,      -11.23776126,      -11.34480695,      -8.221275959
          0,           0,         333,      -13.71545306,      -11.19346692,      -11.34562452,      -8.231535273
          0,           0,         334,      -13.98034954,      -11.35720234,      -11.55225236,      -8.464858747
          0,           0,         335,       -13.8614358,       -11.3587986,      -11.40686839,      -8.359474029
          0,           0,         336,      -13.91446775,      -11.36984209,      -11.43283007,      -8.418043994
          0,           0,         337,      -13.82625674,      -11.33623166,      -11.36631032,      -8.340239358
          0,           0,         338,      -13.78975594,      -11.27005024,      -11.35635468,      -8.276252136
          0,           0,         339,      -13.81247643,      -11.18851171,      -11.39471947,      -8.289905211
          0,           0,         340,      -13.83375996,      -11.32658365,      -11.40891068,      -8.393513388
          0,           0,         341,      -13.94792147,      -11.40333531,      -11.52192481,      -8.444153812
          0,           0,         342,      -13.89167572,      -11.41831754,      -11.50994094,       -8.38097503
          0,           0,         343,      -13.92640529,      -11.42025205,      -11.44579085,      -8.436905262
          0,           0,         344,      -13.91203807,      -11.28942198,      -11.41178984,      -8.336107861
          0,           0,         345,      -13.82833005,       -11.2508756,       -11.5872198,      -8.368173917
          0,           0,         346,      -13.92562685,      -11.29045496,      -11.42606117,      -8.462227913
          0,           0,         347,      -13.92772751,       -11.3665095,      -11.48122309,      -8.420946689
          0,           0,         348,      -13.85225035,      -11.32958151,      -11.49404858,      -8.361232168
          0,           0,         349,      -13.84710451,      -11.25020906,      -11.46343291,      -8.327156023
          0,           0,         350,      -13.89395906,      -11.34110915,      -11.54124024,      -8.416183183
          0,           0,         351,      -13.77503743,      -11.28124979,      -11.54922162,      -8.333111742
          0,           0,         352,      -13.84741155,      -11.31391113,       -11.3724638,      -8.366837429
          0,           0,         353,       -13.8154655,      -11.36042266,      -11.33102801,      -8.376541584
          0,           0,         354,      -13.91259461,      -11.41850984,      -11.47214739,      -8.455537801
          0,           0,         355,       -13.8146211,       -11.3788741,      -11.37006624,      -8.351454515
          0,           0,         356,      -13.81107778,      -11.41652955,      -11.50881736,      -8.423879791
          0,           0,         357,      -13.88327653,      -11.38824267,      -11.48047274,       -8.39466019
          0,           0,         358,      -14.06175591,      -11.54679735,      -11.57679532,      -8.554838103
          0,           0,         359,      -13.98482345,      -11.44675581,      -11.63791296,      -8.471871054
          0,           0,         360,      -13.76296261,      -11.27325315,      -11.41996476,      -8.278671011
          0,           0,         361,      -14.01633991,      -11.55188082,      -11.52045975,      -8.497247924
          0,           0,         362,      -13.86151461,      -11.37342325,      -11.43734829,      -8.382323149
          0,           0,         363,      -13.82796578,      -11.33314572,      -11.36146605,      -8.333259386
          0,           0,         364,      -13.90864433,      -11.43537881,      -11.48588787,      -8.437104309
          0,           0,         365,      -13.81828663,      -11.30798377,      -11.52447737,      -8.362349955
          0,           0,         366,      -13.90850856,      -11.34012138,       -11.4965544,      -8.449130337
          0,           0,         367,      -13.92015286,      -11.29261794,      -11.59413787,      -8.411013038
          0,           0,         368,      -13.78573421,      -11.19627807,      -11.40042136,      -8.311885073
          0,           0,         369,      -13.76331807,      -11.26323292,      -11.35447597,      -8.311669876
          0,           0,         370,       -13.8225364,      -11.26118917,      -11.46121278,      -8.350366316
          0,           0,         371,      -14.00925167,      -11.54592641,      -11.53537152,      -8.500752769
          0,           0,         372,      -13.94697739,      -11.42051498,      -11.43036426,      -8.474720049
          0,           0,         373,      -13.88654899,      -11.26579303,      -11.57780534,      -8.317474476
          0,           0,         374,      -13.86641696,      -11.31082066,      -11.44438005,      -8.414004206
          0,           0,         375,      -13.84271058,       -11.3059016,      -11.40710035,      -8.332001859
          0,           0,         376,      -13.97987493,      -11.33634351,       -11.5170471,      -8.402904616
          0,           0,         377,       -13.8960298,      -11.22117722,      -11.49012184,      -8.314590044
          0,           0,         378,      -13.89514451,      -11.35746827,      -11.50457053,      -8.394701645
          0,           0,         379,      -13.96448549,      -11.46928475,      -11.49448118,      -8.464766902
          0,           0,         380,      -13.93784733,      -11.44404263,      -11.46538043,      -8.462019027
          0,           0,         381,      -13.93970233,      -11.41565824,      -11.53463694,      -8.465664303
          0,           0,         382,      -14.00801411,       -11.4303217,       -11.4680376,      -8.461138168
          0,           0,         383,      -13.81556748,      -11.22351406,       -11.4295793,      -8.323581303
          0,           0,         384,      -13.70619142,      -11.22149598,      -11.36663751,      -8.284426802
          0,           0,         385,      -13.84655975,      -11.25651441,      -11.48160317,      -8.335555472
          0,           0,         386,      -13.98334267,      -11.32629003,      -11.57930929,      -8.487569839
          0,           0,         387,      -13.90531683,      -11.41481836,      -11.64407505,      -8.409530567
          0,           0,         388,      -13.91926378,      -11.38212315,      -11.54709287,      -8.418296427
          0,           0,         389,      -13.88804773,      -11.40132834,      -11.47263305,       -8.38687044
          0,           0,         390,      -13.74015791,      -11.21107885,      -11.36077214,      -8.285054507
          0,           0,         391,      -13.93523943,      -11.31838809,      -11.51907881,      -8.482232877
          0,           0,         392,      -14.02038986,      -11.33217106,      -11.62108351,      -8.491833166
          0,           0,         393,       -13.8868029,      -11.22222109,      -11.49012274,      -8.327633046
          0,           0,         394,      -13.81218356,      -11.29788759,      -11.39121289,      -8.361828036
          0,           0,         395,      -13.80258323,      -11.29979171,      -11.33062772,      -8.339593329
          0,           0,         396,      -13.81054935,      -11.27119059,      -11.46468884,       -8.32919271
          0,           0,         397,      -13.87695037,      -11.37532169,      -11.35457599,      -8.377883483
          0,           0,         398,      -13.86152375,      -11.43152927,      -11.33732923,      -8.390698981
          0,           0,         399,      -13.93722377,      -11.37501615,      -11.46134245,      -8.472595371
          0,           0,         400,      -13.79856855,       -11.2365959,      -11.52772357,      -8.307490234
          0,           0,         401,       -13.8323822,      -11.26621166,      -11.35197424,      -8.289054759
          0,           0,         402,       -13.9369647,       -11.4733256,      -11.50010638,      -8.441863571
          0,           0,         403,      -13.84104929,      -11.32670574,      -11.43162559,      -8.363929802
          0,           0,         404,      -13.90329627,      -11.32762991,      -11.56387265,      -8.428029317
          0,           0,         405,      -14.01478786,      -11.44294595,      -11.49779226,       -8.48747747
          0,           0,         406,      -13.79320653,      -11.27995416,      -11.41149302,      -8.294890618
          0,           0,         407,      -13.88310443,      -11.29270532,      -11.58068814,      -8.402367641
          0,           0,         408,      -13.86600332,      -11.40336116,      -11.48243356,      -8.374177955
          0,           0,         409,      -13.94851847,      -11.42638511,      -11.50584533,      -8.434233357
          0,           0,         410,      -13.94642582,      -11.45282831,      -11.57876198,      -8.455802627
          0,           0,         411,       -13.8425665,      -11.44073074,      -11.43369571,      -8.396642665
          0,           0,         412,      -13.95314286,      -11.43390489,      -11.46521898,      -8.463559721
          0,           0,         413,      -13.87112243,       -11.3281401,      -11.46257096,      -8.383013241
          0,           0,         414,      -13.89282571,      -11.38251862,      -11.47620505,      -8.392815008
          0,           0,         415,      -13.82976339,      -11.37260186,      -11.46149972,      -8.411063296
          0,           0,         416,      -13.85998825,      -11.41190565,        -11.471117,      -8.348479086
          0,           0,         417,      -13.88627607,      -11.29746028,      -11.47964897,      -8.326029416
          0,           0,         418,      -13.81857011,      -11.16114033,      -11.46985964,      -8.298972904
          0,           0,         419,      -13.85165541,       -11.2754364,       -11.5909605,      -8.316777029
          0,           0,         420,      -13.87656828,       -11.2602696,      -11.46730862,      -8.379946331
          0,           0,         421,      -13.84647866,       -11.3448585,      -11.44801866,      -8.392339822
          0,           0,         422,      -13.86593894,      -11.39439411,       -11.5395142,      -8.412881362
          0,           0,         423,       -13.9443307,      -11.35928282,      -11.53927092,      -8.494961324
          0,           0,         424,      -13.97749517,      -11.47016832,      -11.54582287,      -8.475548142
          0,           0,         425,      -13.85735828,      -11.33388811,      -11.42905972,      -8.403025543
          0,           0,         426,       -13.8198136,      -11.38317952,      -11.34759985,      -8.361195918
          0,           0,         427,      -13.82131439,      -11.32260154,      -11.35734943,      -8.328643727
          0,           0,         428,      -13.82600548,       -11.4127182,      -11.39094572,      -8.321142234
          0,           0,         429,      -13.83521325,      -11.37741159,      -11.47736908,      -8.358017831
          0,           0,         430,      -13.90082086,      -11.41233527,      -11.38974137,      -8.426283942
          0,           0,         431,      -13.82688265,      -11.41151195,      -11.55621597,      -8.372738172
          0,           0,         432,      -13.76928121,      -11.31374347,      -11.26986677,      -8.311363093
          0,           0,         433,      -13.99030493,      -11.48509034,      -11.50796233,      -8.527101352
          0,           0,         434,      -13.90355178,      -11.39579086,      -11.49348751,      -8.411478011
          0,           0,         435,      -13.81594718,      -11.27383546,      -11.36828342,      -8.336168104
          0,           0,         436,      -13.80131164,      -11.28155638,      -11.45087047,      -8.285689086
          0,           0,         437,       -13.9721061,       -11.3546868,      -11.52769464,      -8.416189706
          0,           0,         438,      -13.85537753,      -11.33263191,      -11.34747838,      -8.386359665
          0,           0,         439,      -13.89598842,      -11.36075708,      -11.51128904,      -8.397654106
          0,           0,         440,      -13.95127544,      -11.42375435,      -11.53372126,       -8.47889656
          0,           0,         441,      -13.88161956,      -11.38043638,      -11.46266211,      -8.439168324
          0,           0,         442,      -13.89388155,       -11.3686122,       -11.3745189,      -8.389052616
          0,           0,         443,      -13.73478283,      -11.24555431,      -11.28470741,      -8.239693782
          0,           0,         444,      -13.90445053,      -11.39291422,      -11.49353824,      -8.415471023
          0,           0,         445,      -13.87399318,      -11.22840811,      -11.54838372,      -8.335503634
          0,           0,         446,      -13.85272711,      -11.26986489,      -11.41331174,      -8.302480455
          0,           0,         447,      -13.81154415,      -11.27939176,      -11.44132992,      -8.281713681
          0,           0,         448,       -13.7604504,      -11.12109114,      -11.47091408,      -8.233008841
          0,           0,         449,      -13.79306884,      -11.09182397,      -11.45757957,      -8.245191744
          0,           0,         450,      -13.87835433,       -11.4036154,      -11.45174208,      -8.410718303
          0,           0,         451,      -13.95966276,      -11.38318805,      -11.46275843,      -8.422095627
          0,           0,         452,      -13.88718966,      -11.33402353,      -11.50020555,       -8.34615371
          0,           0,         453,      -13.80145264,      -11.25527985,      -11.35003192,      -8.278551445
          0,           0,         454,      -13.85620095,      -11.34212568,      -11.44931903,       -8.36650395
          0,           0,         455,      -13.92222067,      -11.37780343,      -11.58881261,      -8.425486528
          0,           0,         456,      -13.95840628,      -11.31668614,      -11.60793792,       -8.46224296
          0,           0,         457,       -13.7419994,       -11.1873754,      -11.39413753,      -8.254421669
          0,           0,         458,      -13.81224971,      -11.19857576,      -11.49939917,      -8.311206679
          0,           0,         459,      -13.88858978,      -11.29989424,      -11.56641359,      -8.397754327
          0,           0,         460,       -13.9435511,      -11.38533435,         -11.56862,      -8.426011124
          0,           0,         461,      -13.95602421,      -11.39362991,      -11.45813967,      -8.439994081
          0,           0,         462,      -13.83588616,      -11.36993897,      -11.38830025,      -8.366501006
          0,           0,         463,      -13.77665051,      -11.34676663,      -11.40886688,      -8.316163869
          0,           0,         464,      -13.89387732,      -11.41986205,      -11.53800474,      -8.430137356
          0,           0,         465,      -13.84600828,      -11.24180574,      -11.48995417,      -8.342267144
          0,           0,         466,      -13.88800185,      -11.26591779,      -11.48753061,      -8.399530409
          0,           0,         467,      -13.77455429,      -11.22773912,      -11.51902619,      -8.285074497
          0,           0,         468,      -13.92011238,      -11.43864794,       -11.5241999,      -8.463021585
          0,           0,         469,      -13.86613046,      -11.26228713,      -11.54384871,      -8.362219381
          0,           0,         470,      -13.75236624,      -11.25177452,      -11.45180389,      -8.302952116
          0,           0,         471,      -13.87199464,      -11.29117506,      -11.45307906,      -8.362309857
          0,           0,         472,      -13.86706545,      -11.43385682,      -11.45824579,      -8.415212868
          0,           0,         473,      -13.84082763,      -11.31938076,      -11.39580737,      -8.355584856
          0,           0,         474,      -13.81732587,      -11.36047538,      -11.30040573,      -8.356447195
          0,           0,         475,      -13.70455406,      -11.06931531,      -11.43796157,      -8.217873765
          0,           0,         476,      -13.89076757,      -11.36378834,      -11.40545321,      -8.346624366
          0,           0,         477,      -13.84120932,      -11.28422942,      -11.42941085,      -8.330997206
          0,           0,         478,      -13.84623413,      -11.31601917,      -11.52699801,      -8.387173459
          0,           0,         479,      -13.62200152,      -10.97619601,      -11.52955711,      -8.157325676
          0,           0,         480,      -13.97575757,      -11.46098509,      -11.56845995,      -8.481596994
          0,           0,         481,      -13.81891396,      -11.23298961,      -11.52931282,      -8.310769345
          0,           0,         482,      -13.87097315,      -11.42857142,      -11.38503549,      -8.395357936
          0,           0,         483,      -13.83915695,      -11.31967812,      -11.42976315,      -8.314876391
          0,           0,         484,      -13.94182172,      -11.33856773,      -11.54395911,      -8.418427517
          0,           0,         485,      -13.88644392,       -11.3937197,      -11.56876759,       -8.44801295
          0,           0,         486,      -13.85039786,      -11.38092008,      -11.38763852,      -8.401639232
          0,           0,         487,      -13.91656064,      -11.46238457,      -11.58134088,      -8.421362173
          0,           0,         488,      -14.01221295,      -11.39344166,      -11.60012452,      -8.453063551
          0,           0,         489,      -13.81962199,      -11.48547513,      -11.40679761,      -8.367539521
          0,           0,         490,      -13.89958428,       -11.4213476,      -11.46864479,      -8.473529649
          0,           0,         491,      -13.79973161,       -11.1435459,      -11.58318099,      -8.316584592
          0,           0,         492,      -13.82611196,      -11.30742672,        -11.506256,      -8.360833225
          0,           0,         493,      -13.82950557,      -11.29312128,      -11.47848191,      -8.345510338
          0,           0,         494,      -13.86948558,      -11.28286509,      -11.37313821,      -8.363355569
          0,           0,         495,      -13.88056833,      -11.38308463,      -11.52003387,      -8.380117124
          0,           0,         496,      -13.77619868,        -11.331112,      -11.54674432,      -8.328922792
          0,           0,         497,      -13.70133272,       -11.1977882,      -11.36459768,      -8.266860097
          0,           0,         498,      -13.90574698,      -11.31963612,      -11.50202779,      -8.441813716
          0,           0,         499,      -13.94255394,      -11.31133039,      -11.59751366,      -8.456092468
          0,           0,         500,      -13.89874927,       -11.2960104,      -11.44854586,      -8.414145001
          0,           0,         501,      -13.90049748,      -11.41030661,       -11.4663538,      -8.428631014
          0,           0,         502,      -13.90545421,      -11.40727936,      -11.51200226,      -8.422457582
          0,           0,         503,      -13.78753362,      -11.23067079,      -11.28737567,      -8.320426577
          0,           0,         504,      -13.84936421,      -11.28642919,      -11.50328118,       -8.42238433
          0,           0,         505,      -13.87618719,      -11.36270285,      -11.52384046,      -8.401279458
          0,           0,         506,      -13.94744792,      -11.27211881,      -11.52725866,      -8.418893528
          0,           0,         507,       -13.8105687,      -11.08270927,      -11.51134742,      -8.220585275
          0,           0,         508,      -13.90614813,       -11.4882945,      -11.34648612,      -8.414332078
          0,           0,         509,      -13.92801042,      -11.41468941,      -11.47990191,       -8.41376002
          0,           0,         510,       -13.8494121,       -11.3613079,      -11.46313162,      -8.420273688
          0,           0,         511,      -13.92672416,      -11.45480681,      -11.48949166,      -8.444707895
          0,           0,         512,      -13.87356643,       -11.2975028,      -11.40130224,      -8.383000943
          0,           0,         513,      -13.93290312,      -11.34567897,      -11.56508699,      -8.384100133
          0,           0,         514,      -13.87504697,      -11.39294473,       -11.3622025,       -8.37274917
          0,           0,         515,      -13.90744711,      -11.31322611,      -11.48008151,      -8.410607558
          0,           0,         516,      -13.97436048,      -11.43946949,      -11.50530788,      -8.500415864
          0,           0,         517,      -13.84738072,      -11.34634533,        -11.360781,      -8.380568834
          0,           0,         518,      -13.78142234,      -11.34831038,      -11.43494049,      -8.388642615
          0,           0,         519,      -13.95585644,      -11.29551836,       -11.4973161,       -8.39816025
          0,           0,         520,      -13.89793261,      -11.51409047,       -11.5453285,      -8.408554453
          0,           0,         521,       -13.7023591,      -11.18589734,      -11.47554214,      -8.242061724
          0,           0,         522,      -13.90530799,      -11.20062669,      -11.54537606,      -8.331702191
          0,           0,         523,      -13.95123459,      -11.44475591,      -11.51679077,      -8.479297276
          0,           0,         524,      -13.91045066,      -11.42635153,      -11.44923736,      -8.448126515
          0,           0,         525,        -13.906274,      -11.41893728,      -11.40745742,      -8.414583263
          0,           0,         526,      -13.82534711,       -11.2470191,      -11.45332064,       -8.32118342
          0,           0,         527,      -13.84164321,       -11.2768908,      -11.36523571,      -8.335386183
          0,           0,         528,      -13.94478391,      -11.38900277,      -11.56121953,      -8.502729873
          0,           0,         529,      -13.88510487,      -11.32653858,      -11.45567491,      -8.340830236
          0,           0,         530,      -13.80003977,      -11.33031254,      -11.42953814,      -8.321337512
          0,           0,         531,      -13.90131213,      -11.46775173,      -11.44257925,      -8.420100495
          0,           0,         532,      -13.76820299,      -11.38425109,      -11.31524423,      -8.295840078
          0,           0,         533,      -13.78613362,      -11.35627252,      -11.42331161,      -8.288589393
          0,           0,         534,       -13.8306665,      -11.32199681,       -11.4810812,      -8.429128221
          0,           0,         535,      -13.95417387,      -11.40883447,      -11.56890361,      -8.505912101
          0,           0,         536,      -13.79449504,      -11.24196005,      -11.41933062,      -8.328464496
          0,           0,         537,      -13.71501371,       -11.1909694,      -11.28961602,      -8.259935287
          0,           0,         538,      -13.85433243,      -11.36503403,      -11.47667693,      -8.394162593
          0,           0,         539,      -13.98956811,      -11.27573065,        -11.540793,      -8.440672285
          0,           0,         540,       -13.8553715,      -11.31388643,      -11.38958279,      -8.353942149
          0,           0,         541,      -13.92742942,      -11.41220351,      -11.48526082,      -8.454647324
          0,           0,         542,      -13.83832564,       -11.3139942,      -11.33197987,      -8.326200485
          0,           0,         543,       -13.7922158,      -11.30033423,      -11.52744584,       -8.36132832
          0,           0,         544,      -13.89742818,       -11.3157509,      -11.49932237,      -8.398528172
          0,           0,         545,      -13.81947488,      -11.24105438,      -11.50004306,      -8.302403689
          0,           0,         546,      -13.78510141,      -11.23142071,      -11.40996255,      -8.274013102
          0,           0,         547,      -13.97036411,      -11.33291218,      -11.50408785,      -8.394157386
          0,           0,         548,      -13.97501629,      -11.48443311,      -11.56251829,      -8.502972752
          0,           0,         549,      -13.93443979,      -11.46969671,      -11.47131533,      -8.444847466
          0,           0,         550,      -13.86899182,      -11.34409048,      -11.56448924,      -8.393358692
          0,           0,         551,       -13.7759569,      -11.33118843,      -11.53620458,      -8.378028823
          0,           0,         552,        -13.870575,      -11.33842363,      -11.51217007,      -8.415159729
          0,           0,         553,      -13.78438104,      -11.21030729,      -11.38591654,      -8.266971563
          0,           0,         554,      -13.72780557,      -11.25726945,       -11.2981081,       -8.27118168
          0,           0,         555,      -13.84441053,      -11.36907248,      -11.46241492,      -8.394993783
          0,           0,         556,       -13.8856082,      -11.27339684,      -11.53814633,      -8.367751668
          0,           0,         557,      -13.84809517,       -11.4179898,      -11.43270652,      -8.403871907
          0,           0,         558,      -13.77196627,      -11.10929641,      -11.53670854,      -8.236493076
          0,           0,         559,      -13.89469055,      -11.41968636,      -11.42613992,      -8.397094334
          0,           0,         560,      -13.75748266,      -11.35664634,      -11.34265173,      -8.282169227
          0,           0,         561,      -13.95013593,      -11.39637011,      -11.49595105,      -8.473568793
          0,           0,         562,       -13.9346485,      -11.34730239,      -11.53919669,      -8.385946196
          0,           0,         563,      -13.76472705,      -11.19451906,      -11.32979165,      -8.297077628
          0,           0,         564,      -13.89032472,      -11.34094457,      -11.46695677,      -8.391448585
          0,           0,         565,      -13.78655655,      -11.14253214,      -11.54642121,      -8.263170807
          0,           0,         566,      -13.76249483,      -11.24133951,         -11.45381,      -8.324859213
          0,           0,         567,      -13.68202108,      -11.07422375,      -11.31037084,      -8.192088209
          0,           0,         568,      -13.90130102,      -11.26673166,      -11.49931854,      -8.335784835
          0,           0,         569,      -13.88472691,      -11.40949896,      -11.45839117,      -8.423416554
          0,           0,         570,      -13.88029016,      -11.29650058,      -11.50011612,      -8.376167309
          0,           0,         571,      -13.96219162,      -11.29514979,      -11.58656376,      -8.477095657
          0,           0,         572,      -13.79696448,      -11.17892934,      -11.48117264,      -8.284265774
          0,           0,         573,      -13.91476137,      -11.40640112,      -11.48246005,      -8.480979814
          0,           0,         574,       -13.9676005,      -11.32081057,      -11.61158909,      -8.447999345
          0,           0,         575,       -13.7121491,      -11.16327539,       -11.4800008,      -8.250820949
          0,           0,         576,       -13.7844078,      -11.35360524,      -11.30054674,      -8.356332567
          0,           0,         577,      -13.77917593,      -11.33546461,      -11.34257331,      -8.307301178
          0,           0,         578,      -13.86142633,      -11.39962235,      -11.45328814,      -8.406931524
          0,           0,         579,      -13.85490335,      -11.37256291,      -11.40698302,      -8.365668214
          0,           0,         580,      -13.86260055,      -11.35403784,      -11.36990488,      -8.338901795
          0,           0,         581,      -13.76235903,      -11.31925869,      -11.39651149,      -8.364705789
          0,           0,         582,      -13.90239679,      -11.40024106,      -11.52256578,      -8.363600345
          0,           0,         583,       -13.8230055,      -11.24864848,      -11.52916664,      -8.363771688
          0,           0,         584,      -13.74392118,      -11.08032957,      -11.53411604,       -8.21390083
          0,           0,         585,      -13.77355686,      -11.05810077,      -11.60272385,      -8.199504214
          0,           0,         586,      -13.77492151,      -11.03859847,      -11.58643224,      -8.259510795
          0,           0,         587,      -13.95215783,       -11.3724743,      -11.55859683,      -8.439293524
          0,           0,         588,      -14.03278587,      -11.45666743,      -11.59244821,      -8.539692836
          0,           0,         589,      -13.88429922,      -11.35568348,      -11.42145224,      -8.416283647
          0,           0,         590,      -13.92352736,      -11.48395533,      -11.51289826,      -8.459610455
          0,           0,         591,      -13.86888839,      -11.46650005,       -11.3544887,      -8.409380922
          0,           0,         592,      -13.87290663,      -11.44576252,      -11.54321144,      -8.435126763
          0,           0,         593,      -13.92628538,      -11.32068334,      -11.54901628,      -8.399740269
          0,           0,         594,      -13.84207074,      -11.29327264,      -11.51342208,       -8.38151945
          0,           0,         595,      -13.96919108,      -11.41621816,      -11.49907866,      -8.490650097
          0,           0,         596,      -13.82935766,      -11.31535344,       -11.4115762,      -8.344763252
          0,           0,         597,      -13.89693643,      -11.35949197,      -11.54268951,      -8.391227291
          0,           0,         598,      -13.85851668,      -11.37060879,      -11.36527839,      -8.407300952
          0,           0,         599,      -13.86847621,      -11.39559863,      -11.38612123,      -8.393083289
          0,           0,         600,      -13.88363441,      -11.37128108,      -11.44055418,      -8.394476999
