VARIABLES = \
"Time_Iter","Outer_Iter","Inner_Iter",    "rms[Rho]"    ,    "rms[RhoU]"   ,    "rms[RhoV]"   ,    "rms[RhoE]"   
          0,           0,           0,     -0.7056516864,       1.530795791,       1.803279612,       4.753976517
          0,           0,           1,     -0.7664876923,       1.597268442,       1.755701112,       4.700250381
          0,           0,           2,     -0.9584376075,       1.405505316,       1.502723802,       4.509755205
          0,           0,           3,      -1.154422781,       1.312297039,       1.282910978,       4.313117715
          0,           0,           4,      -1.315637943,       1.185019622,       1.124436426,       4.153589862
          0,           0,           5,      -1.514497551,       1.069916017,      0.9726173309,       3.958442654
          0,           0,           6,      -1.644808384,      0.9935350665,      0.8078441345,       3.828417102
          0,           0,           7,      -1.767308566,      0.9153003809,      0.6718835273,       3.709331505
          0,           0,           8,      -1.919972963,      0.8236531111,       0.573076296,       3.566313925
          0,           0,           9,      -2.075784395,      0.7410944117,      0.4730936357,       3.422811996
          0,           0,          10,      -2.209645539,      0.6730283961,       0.354796649,       3.297462673
          0,           0,          11,      -2.327651336,      0.6126430985,      0.2355838019,        3.18496197
          0,           0,          12,       -2.43771828,      0.5541961761,      0.1333902008,       3.081597731
          0,           0,          13,      -2.532076073,      0.4950053607,     0.04549213697,       2.994525426
          0,           0,          14,      -2.605545995,      0.4345920338,    -0.03521433602,       2.925718113
          0,           0,          15,      -2.665322746,      0.3734470937,     -0.1102468868,       2.866808745
          0,           0,          16,      -2.722496072,      0.3121994726,      -0.179339325,        2.80785784
          0,           0,          17,      -2.782152904,      0.2514854128,     -0.2432201449,       2.744651574
          0,           0,          18,       -2.84324192,      0.1920400529,     -0.3031180692,       2.678353431
          0,           0,          19,      -2.902671722,      0.1346068035,     -0.3598762983,       2.612289155
          0,           0,          20,      -2.957936483,     0.07973364608,      -0.413873093,       2.549675916
          0,           0,          21,      -3.007956795,      0.0275965478,     -0.4654485263,       2.492452412
          0,           0,          22,      -3.053191306,    -0.02199342811,     -0.5151651066,       2.440765087
          0,           0,          23,       -3.09509679,    -0.06946887507,     -0.5636066596,       2.393385942
          0,           0,          24,      -3.135125268,      -0.115347601,     -0.6110756137,        2.34883318
          0,           0,          25,       -3.17420659,     -0.1600743741,     -0.6574883201,       2.306069585
          0,           0,          26,      -3.212814232,     -0.2039928923,     -0.7025762094,        2.26452075
          0,           0,          27,      -3.251213209,     -0.2473601846,     -0.7461015183,        2.22384794
          0,           0,          28,      -3.289607577,     -0.2903547817,     -0.7880070511,       2.183770643
          0,           0,          29,      -3.328140356,     -0.3331089949,     -0.8284468597,       2.144047998
          0,           0,          30,      -3.366908574,     -0.3757323571,     -0.8677410516,       2.104474427
          0,           0,          31,      -3.405977059,      -0.418318776,     -0.9062975016,       2.064880885
          0,           0,          32,      -3.445407691,     -0.4609612797,     -0.9445414522,       2.025118021
          0,           0,          33,      -3.485262519,     -0.5037493004,     -0.9828452488,       1.985056539
          0,           0,          34,      -3.525601004,     -0.5467633791,      -1.021505194,       1.944590802
          0,           0,          35,      -3.566471593,     -0.5900739593,      -1.060737787,        1.90364256
          0,           0,          36,      -3.607911002,     -0.6337358406,      -1.100686824,        1.86215852
          0,           0,          37,      -3.649942319,     -0.6777879982,      -1.141435517,       1.820107418
          0,           0,          38,      -3.692575809,     -0.7222550349,       -1.18301555,       1.777474622
          0,           0,          39,      -3.735809906,      -0.767158974,      -1.225445734,       1.734257998
          0,           0,          40,      -3.779654856,     -0.8125089498,      -1.268686733,       1.690442798
          0,           0,          41,      -3.824114991,     -0.8582969592,      -1.312701751,       1.646016554
          0,           0,          42,      -3.869141733,     -0.9045034858,       -1.35744017,       1.601017614
          0,           0,          43,      -3.914684954,     -0.9511045023,      -1.402822579,       1.555491391
          0,           0,          44,      -3.960714698,     -0.9980776548,      -1.448767553,       1.509469187
          0,           0,          45,      -4.007220521,      -1.045399904,      -1.495214932,       1.462961302
          0,           0,          46,      -4.054195684,      -1.093044375,       -1.54212119,       1.415971853
          0,           0,          47,      -4.101625533,      -1.140980529,      -1.589449083,       1.368512947
          0,           0,          48,      -4.149486016,      -1.189172456,      -1.637162979,       1.320607497
          0,           0,          49,      -4.197744659,      -1.237581585,      -1.685226568,       1.272287762
          0,           0,          50,      -4.246362252,      -1.286166211,      -1.733603461,        1.22359284
          0,           0,          51,      -4.295295687,      -1.334882699,      -1.782256409,       1.174565475
          0,           0,          52,      -4.344499127,      -1.383685878,      -1.831146316,       1.125250928
          0,           0,          53,      -4.393924867,      -1.432529378,      -1.880233055,       1.075696316
          0,           0,          54,      -4.443523817,      -1.481366808,      -1.929476622,       1.025950197
          0,           0,          55,      -4.493245752,       -1.53015199,      -1.978836899,      0.9760625039
          0,           0,          56,      -4.543039521,       -1.57883943,      -2.028274329,      0.9260843652
          0,           0,          57,      -4.592853695,      -1.627385312,       -2.07775017,      0.8760674375
          0,           0,          58,      -4.642637675,      -1.675750088,      -2.127226311,      0.8260628222
          0,           0,          59,      -4.692339221,      -1.723893352,      -2.176665975,      0.7761234244
          0,           0,          60,      -4.741908224,      -1.771780109,      -2.226033015,      0.7263002074
          0,           0,          61,      -4.791296697,      -1.819379461,      -2.275290722,      0.6766421038
          0,           0,          62,      -4.840458605,      -1.866665343,      -2.324401595,      0.6271959819
          0,           0,          63,      -4.889350775,      -1.913614985,      -2.373333887,      0.5780056869
          0,           0,          64,       -4.93793249,      -1.960211215,      -2.422053409,      0.5291123682
          0,           0,          65,       -4.98616637,      -2.006441458,      -2.470526899,      0.4805534974
          0,           0,          66,      -5.034020159,       -2.05229864,      -2.518720176,       0.432360851
          0,           0,          67,      -5.081465388,      -2.097779114,       -2.56660756,      0.3845620329
          0,           0,          68,      -5.128478451,      -2.142884167,        -2.6141632,       0.337179218
          0,           0,          69,      -5.175041236,      -2.187619004,      -2.661364376,      0.2902285563
          0,           0,          70,       -5.22114102,      -2.231992089,      -2.708191672,      0.2437202063
          0,           0,          71,      -5.266770285,      -2.276014664,      -2.754628468,      0.1976585239
          0,           0,          72,      -5.311925894,      -2.319700094,      -2.800661803,      0.1520430128
          0,           0,          73,      -5.356608651,      -2.363064647,      -2.846279703,      0.1068688974
          0,           0,          74,      -5.400823991,      -2.406124399,      -2.891476708,     0.06212638988
          0,           0,          75,       -5.44457976,      -2.448895239,      -2.936254075,     0.01780320996
          0,           0,          76,      -5.487885227,      -2.491394068,      -2.980612417,    -0.02611435827
          0,           0,          77,      -5.530752401,      -2.533637511,      -3.024555487,    -0.06964285208
          0,           0,          78,      -5.573195035,      -2.575641828,      -3.068089461,     -0.1128004041
          0,           0,          79,      -5.615227584,      -2.617423881,       -3.11122265,     -0.1556054231
          0,           0,          80,      -5.656865541,      -2.659007645,      -3.153964573,     -0.1980764139
          0,           0,          81,      -5.698123189,      -2.700396192,      -3.196330167,     -0.2402312945
          0,           0,          82,      -5.739015995,      -2.741602611,      -3.238333323,     -0.2820884233
          0,           0,          83,      -5.779563085,       -2.78264997,      -3.279988981,     -0.3236686209
          0,           0,          84,      -5.819777741,      -2.823537707,      -3.321316005,      -0.364988454
          0,           0,          85,      -5.859675778,      -2.864276648,      -3.362332378,     -0.4060649379
          0,           0,          86,      -5.899271879,      -2.904876741,      -3.403056699,     -0.4469139175
          0,           0,          87,      -5.938581194,      -2.945347247,       -3.44350803,     -0.4875511379
          0,           0,          88,      -5.977619224,      -2.985696845,      -3.483705763,     -0.5279921599
          0,           0,          89,      -6.016401224,      -3.025933631,      -3.523669528,     -0.5682519875
          0,           0,          90,      -6.054942123,      -3.066065179,      -3.563418922,     -0.6083451006
          0,           0,          91,      -6.093256603,      -3.106098648,      -3.602973301,     -0.6482855463
          0,           0,          92,      -6.131359047,      -3.146040847,      -3.642351692,     -0.6880869254
          0,           0,          93,      -6.169263482,      -3.185898279,      -3.681572699,     -0.7277623716
          0,           0,          94,      -6.206983556,      -3.225677177,      -3.720654385,     -0.7673245868
          0,           0,          95,      -6.244532506,      -3.265383523,       -3.75961415,     -0.8067858648
          0,           0,          96,      -6.281923104,      -3.305023049,      -3.798468634,     -0.8461580731
          0,           0,          97,      -6.319167595,      -3.344601246,      -3.837233635,     -0.8854526267
          0,           0,          98,      -6.356277675,      -3.384123358,      -3.875924078,     -0.9246804904
          0,           0,          99,      -6.393264453,      -3.423594392,      -3.914553971,     -0.9638521589
          0,           0,         100,      -6.430138412,      -3.463019111,      -3.953136416,      -1.002977657
          0,           0,         101,      -6.466909368,      -3.502402032,      -3.991683579,      -1.042066494
          0,           0,         102,      -6.503586455,      -3.541747417,      -4.030206718,      -1.081127681
          0,           0,         103,      -6.540178094,       -3.58105927,      -4.068716209,      -1.120169701
          0,           0,         104,       -6.57669198,      -3.620341333,      -4.107221554,      -1.159200494
          0,           0,         105,      -6.613135065,      -3.659597052,      -4.145731406,      -1.198227424
          0,           0,         106,      -6.649513575,      -3.698829593,      -4.184253603,      -1.237257297
          0,           0,         107,      -6.685833009,      -3.738041853,      -4.222795169,      -1.276296372
          0,           0,         108,      -6.722098135,      -3.777236425,      -4.261362359,      -1.315350324
          0,           0,         109,      -6.758313024,       -3.81641561,      -4.299960685,      -1.354424251
          0,           0,         110,      -6.794481072,      -3.855581432,       -4.33859495,      -1.393522695
          0,           0,         111,       -6.83060488,      -3.894735885,      -4.377269241,      -1.432649422
          0,           0,         112,      -6.866686862,      -3.933880175,      -4.415987133,      -1.471808266
          0,           0,         113,      -6.902728662,      -3.973015514,      -4.454751574,       -1.51100229
          0,           0,         114,      -6.938731378,      -4.012142845,      -4.493564979,       -1.55023403
          0,           0,         115,      -6.974695612,      -4.051262853,      -4.532429204,      -1.589505551
          0,           0,         116,      -7.010621589,      -4.090376011,      -4.571345648,      -1.628818556
          0,           0,         117,      -7.046509119,      -4.129482586,       -4.61031529,      -1.668174322
          0,           0,         118,      -7.082357698,      -4.168582647,      -4.649338735,      -1.707573795
          0,           0,         119,      -7.118166502,      -4.207676087,      -4.688416165,      -1.747017559
          0,           0,         120,      -7.153934459,      -4.246762647,      -4.727547487,      -1.786505906
          0,           0,         121,      -7.189660306,      -4.285841934,      -4.766732293,       -1.82603887
          0,           0,         122,      -7.225342599,      -4.324913436,      -4.805970012,      -1.865616233
          0,           0,         123,      -7.260979799,      -4.363976533,      -4.845259813,      -1.905237597
          0,           0,         124,      -7.296570249,      -4.403030511,      -4.884600748,       -1.94490235
          0,           0,         125,      -7.332112233,      -4.442074592,      -4.923991742,      -1.984609758
          0,           0,         126,       -7.36760401,      -4.481107919,      -4.963431533,      -2.024358882
          0,           0,         127,      -7.403043814,      -4.520129591,      -5.002918729,      -2.064148722
          0,           0,         128,      -7.438429941,      -4.559138677,      -5.042452046,      -2.103978245
          0,           0,         129,      -7.473760662,      -4.598134208,      -5.082029831,      -2.143846155
          0,           0,         130,       -7.50903434,      -4.637115198,       -5.12165058,      -2.183751214
          0,           0,         131,      -7.544249406,      -4.676080653,      -5.161312706,       -2.22369211
          0,           0,         132,      -7.579404383,      -4.715029572,      -5.201014586,      -2.263667451
          0,           0,         133,      -7.614497883,      -4.753960971,      -5.240754603,      -2.303675867
          0,           0,         134,      -7.649528603,       -4.79287386,      -5.280531091,      -2.343715873
          0,           0,         135,        -7.6844954,       -4.83176728,      -5.320342411,      -2.383786081
          0,           0,         136,      -7.719397223,      -4.870640268,      -5.360186909,      -2.423884891
          0,           0,         137,      -7.754233162,      -4.909491906,      -5.400063046,      -2.464010992
          0,           0,         138,      -7.789002442,      -4.948321329,      -5.439969273,      -2.504162903
          0,           0,         139,      -7.823704356,      -4.987127631,      -5.479903861,       -2.54433893
          0,           0,         140,      -7.858338493,      -5.025909983,      -5.519865357,      -2.584537857
          0,           0,         141,      -7.892904442,       -5.06466764,      -5.559852306,       -2.62475821
          0,           0,         142,      -7.927401914,        -5.1033998,      -5.599863228,      -2.664998439
          0,           0,         143,      -7.961830837,      -5.142105714,      -5.639896605,      -2.705257223
          0,           0,         144,       -7.99619119,      -5.180784745,      -5.679950936,      -2.745532953
          0,           0,         145,      -8.030483158,      -5.219436209,      -5.720025299,      -2.785824593
          0,           0,         146,      -8.064707008,      -5.258059488,      -5.760117655,      -2.826130371
          0,           0,         147,      -8.098863096,      -5.296654027,      -5.800227403,      -2.866449315
          0,           0,         148,      -8.132951872,      -5.335219265,      -5.840352876,      -2.906779648
          0,           0,         149,       -8.16697399,      -5.373754682,      -5.880493046,      -2.947120411
          0,           0,         150,      -8.200930084,      -5.412259836,      -5.920646472,      -2.987469928
          0,           0,         151,      -8.234820945,      -5.450734295,      -5.960812445,      -3.027827251
          0,           0,         152,      -8.268647522,      -5.489177627,      -6.000989259,      -3.068191082
          0,           0,         153,      -8.302410733,      -5.527589483,      -6.041176234,      -3.108560098
          0,           0,         154,       -8.33611159,       -5.56596953,      -6.081372168,      -3.148932797
          0,           0,         155,      -8.369751129,      -5.604317439,      -6.121576224,      -3.189308175
          0,           0,         156,      -8.403330617,      -5.642632956,      -6.161787066,      -3.229685039
          0,           0,         157,      -8.436851267,       -5.68091584,      -6.202004003,      -3.270062262
          0,           0,         158,      -8.470314237,      -5.719165867,      -6.242225723,      -3.310438462
          0,           0,         159,      -8.503720908,      -5.757382844,      -6.282451617,      -3.350812485
          0,           0,         160,      -8.537072573,      -5.795566659,      -6.322681204,      -3.391183065
          0,           0,         161,      -8.570370815,      -5.833717135,      -6.362912828,      -3.431549929
          0,           0,         162,      -8.603616689,      -5.871834078,      -6.403146143,      -3.471910161
          0,           0,         163,      -8.636811927,      -5.909917688,      -6.443380013,      -3.512264249
          0,           0,         164,      -8.669957949,      -5.947967535,      -6.483613853,      -3.552610687
          0,           0,         165,      -8.703056317,      -5.985983999,      -6.523847334,      -3.592948945
          0,           0,         166,      -8.736108251,      -6.023966845,      -6.564079384,      -3.633277414
          0,           0,         167,      -8.769115122,      -6.061916074,      -6.604308594,      -3.673593392
          0,           0,         168,      -8.802078828,       -6.09983173,      -6.644534927,      -3.713898819
          0,           0,         169,      -8.835000483,      -6.137714242,      -6.684758196,      -3.754191229
          0,           0,         170,      -8.867881975,      -6.175563084,       -6.72497706,      -3.794469722
          0,           0,         171,      -8.900724284,      -6.213378799,      -6.765190611,      -3.834732826
          0,           0,         172,      -8.933529314,      -6.251161737,       -6.80540125,      -3.874980836
          0,           0,         173,      -8.966298356,       -6.28891162,      -6.845603834,      -3.915212155
          0,           0,         174,      -8.999032802,       -6.32662882,       -6.88580197,      -3.955425312
          0,           0,         175,      -9.031733964,      -6.364313705,        -6.9259915,      -3.995622909
          0,           0,         176,      -9.064403804,      -6.401965947,      -6.966174661,      -4.035800422
          0,           0,         177,      -9.097043036,       -6.43958677,      -7.006350888,       -4.07595921
          0,           0,         178,      -9.129653385,      -6.477175423,      -7.046518036,      -4.116096449
          0,           0,         179,      -9.162235567,      -6.514733303,      -7.086681803,      -4.156213422
          0,           0,         180,      -9.194791632,      -6.552259546,      -7.126830514,      -4.196307231
          0,           0,         181,       -9.22732244,      -6.589755382,      -7.166975052,      -4.236378848
          0,           0,         182,      -9.259829774,      -6.627220977,      -7.207106934,      -4.276427047
          0,           0,         183,      -9.292314358,      -6.664656485,      -7.247232435,      -4.316456646
          0,           0,         184,      -9.324776953,      -6.702063133,      -7.287349439,      -4.356461248
          0,           0,         185,      -9.357219502,        -6.7394396,      -7.327460147,      -4.396438821
          0,           0,         186,      -9.389642765,      -6.776787452,      -7.367556352,      -4.436395578
          0,           0,         187,      -9.422048851,      -6.814107579,      -7.407644472,      -4.476322549
          0,           0,         188,      -9.454437706,      -6.851400705,      -7.447725932,      -4.516238119
          0,           0,         189,      -9.486809647,       -6.88866534,      -7.487792139,      -4.556111396
          0,           0,         190,      -9.519167165,      -6.925903642,      -7.527855867,      -4.595970352
          0,           0,         191,      -9.551511209,      -6.963116348,      -7.567913507,      -4.635805503
          0,           0,         192,      -9.583841072,      -7.000301571,      -7.607953893,      -4.675600668
          0,           0,         193,      -9.616159956,      -7.037462182,      -7.647989785,      -4.715387474
          0,           0,         194,      -9.648467332,      -7.074599497,      -7.688012237,      -4.755144656
          0,           0,         195,      -9.680764773,      -7.111712458,      -7.728041569,      -4.794884296
          0,           0,         196,      -9.713051679,      -7.148800556,      -7.768042058,      -4.834583046
          0,           0,         197,      -9.745331227,      -7.185867924,      -7.808054791,      -4.874262047
          0,           0,         198,      -9.777601703,      -7.222910148,      -7.848060663,      -4.913920493
          0,           0,         199,      -9.809863242,      -7.259931222,      -7.888048697,      -4.953545743
          0,           0,         200,      -9.842120697,      -7.296930204,      -7.928026136,      -4.993145471
          0,           0,         201,      -9.874373298,      -7.333910157,      -7.968025376,      -5.032749886
          0,           0,         202,      -9.906618243,       -7.37086896,      -8.007973559,      -5.072307696
          0,           0,         203,      -9.938862383,      -7.407810019,      -8.047968572,      -5.111856842
          0,           0,         204,      -9.971098839,      -7.444732437,      -8.087940437,      -5.151387571
          0,           0,         205,      -10.00333163,      -7.481633931,      -8.127906464,      -5.190886396
          0,           0,         206,      -10.03556521,      -7.518518252,      -8.167862457,      -5.230335398
          0,           0,         207,        -10.067796,      -7.555385556,      -8.207823089,      -5.269798454
          0,           0,         208,      -10.10002077,      -7.592236979,      -8.247784615,       -5.30925417
          0,           0,         209,      -10.13224867,      -7.629070345,      -8.287754692,      -5.348692698
          0,           0,         210,      -10.16447437,      -7.665893336,      -8.327715336,      -5.388071133
          0,           0,         211,      -10.19670201,      -7.702695558,      -8.367669354,      -5.427483465
          0,           0,         212,      -10.22892737,      -7.739489218,      -8.407618932,      -5.466856722
          0,           0,         213,      -10.26115287,      -7.776263356,      -8.447602835,      -5.506181782
          0,           0,         214,      -10.29337161,      -7.813020737,      -8.487546188,      -5.545468335
          0,           0,         215,      -10.32560459,      -7.849772086,      -8.527568073,       -5.58485387
          0,           0,         216,      -10.35784014,      -7.886509471,      -8.567522338,      -5.624132107
          0,           0,         217,      -10.39006783,      -7.923241095,      -8.607548602,      -5.663406947
          0,           0,         218,      -10.42230084,      -7.959945036,      -8.647422301,      -5.702673507
          0,           0,         219,      -10.45453872,      -7.996648793,      -8.687479592,        -5.7419258
          0,           0,         220,      -10.48677561,      -8.033341833,      -8.727523353,      -5.781227792
          0,           0,         221,      -10.51901239,      -8.070018377,       -8.76754584,      -5.820417554
          0,           0,         222,      -10.55126254,      -8.106695375,      -8.807596346,      -5.859787623
          0,           0,         223,      -10.58350346,      -8.143355882,       -8.84762424,      -5.898910852
          0,           0,         224,      -10.61576404,       -8.18000561,      -8.887568612,      -5.938071918
          0,           0,         225,      -10.64802653,      -8.216649081,       -8.92769375,       -5.97741706
          0,           0,         226,      -10.68029532,      -8.253311657,      -8.967755579,      -6.016685747
          0,           0,         227,      -10.71255128,      -8.289923271,      -9.007730649,      -6.055812896
          0,           0,         228,      -10.74482744,      -8.326537863,      -9.047838701,      -6.094992284
          0,           0,         229,          -10.7771,       -8.36315946,      -9.087892073,      -6.133991469
          0,           0,         230,       -10.8093953,      -8.399774995,      -9.127896602,      -6.173347266
          0,           0,         231,      -10.84166443,      -8.436367029,      -9.168154554,      -6.212604507
          0,           0,         232,      -10.87394931,      -8.472959901,      -9.208477927,      -6.251723857
          0,           0,         233,      -10.90626382,      -8.509535036,      -9.248325835,      -6.290955965
          0,           0,         234,      -10.93856017,      -8.546120191,      -9.288675408,      -6.330040077
          0,           0,         235,      -10.97085712,      -8.582691811,      -9.328826326,      -6.369215811
          0,           0,         236,      -11.00317685,      -8.619266882,      -9.368808392,      -6.408388718
          0,           0,         237,      -11.03551231,       -8.65585601,      -9.409403757,      -6.447725434
          0,           0,         238,      -11.06781928,      -8.692411548,      -9.449305071,      -6.486416739
          0,           0,         239,      -11.10017548,      -8.728972028,      -9.489670258,      -6.525961695
          0,           0,         240,      -11.13247858,      -8.765515908,      -9.529877465,      -6.564814718
          0,           0,         241,      -11.16483931,      -8.802066514,      -9.569957473,      -6.603973073
          0,           0,         242,      -11.19718903,      -8.838616829,       -9.61033413,      -6.643645334
          0,           0,         243,      -11.22956764,      -8.875072802,      -9.649889113,      -6.682603895
          0,           0,         244,      -11.26191724,      -8.911685166,      -9.691094784,      -6.722000594
          0,           0,         245,      -11.29427601,      -8.948226005,      -9.731437864,      -6.760886013
          0,           0,         246,      -11.32667176,      -8.984636761,      -9.771003081,      -6.799648241
          0,           0,         247,      -11.35898478,      -9.021159207,      -9.811499612,      -6.838172208
          0,           0,         248,      -11.39141447,      -9.057762173,      -9.852309117,       -6.87810694
          0,           0,         249,        -11.423789,      -9.094176993,      -9.892317453,      -6.917029074
          0,           0,         250,      -11.45623074,      -9.130690946,      -9.932020541,       -6.95646569
          0,           0,         251,      -11.48855813,       -9.16715336,      -9.972957553,      -6.994855049
          0,           0,         252,      -11.52110168,      -9.203741511,      -10.01180749,      -7.035099998
          0,           0,         253,      -11.55349599,       -9.24022544,      -10.05324385,      -7.073631515
          0,           0,         254,       -11.5859538,      -9.276738666,      -10.09342793,      -7.111227936
          0,           0,         255,       -11.6183137,      -9.313098419,       -10.1322918,      -7.150574092
          0,           0,         256,       -11.6508375,      -9.349799521,      -10.17445209,      -7.191981024
          0,           0,         257,      -11.68326437,         -9.386215,      -10.21393101,      -7.229065089
          0,           0,         258,      -11.71560436,      -9.422646269,      -10.25404791,      -7.269014278
          0,           0,         259,      -11.74810643,      -9.459246182,      -10.29490195,      -7.307620007
          0,           0,         260,      -11.78051157,      -9.495620222,       -10.3316021,      -7.346301074
          0,           0,         261,      -11.81298654,      -9.532126694,      -10.37653433,       -7.38245163
          0,           0,         262,      -11.84551083,      -9.568743573,      -10.41022982,      -7.423966447
          0,           0,         263,      -11.87791017,       -9.60504534,      -10.45526441,      -7.460147717
          0,           0,         264,      -11.91054673,      -9.641381607,      -10.49450351,      -7.501742556
          0,           0,         265,      -11.94302736,       -9.67787466,      -10.53062767,       -7.53559298
          0,           0,         266,      -11.97564108,      -9.714227455,      -10.57470177,      -7.571260208
          0,           0,         267,      -12.00820619,      -9.750963665,      -10.61196917,      -7.613434662
          0,           0,         268,      -12.04058687,      -9.786886685,      -10.64376088,      -7.646182157
          0,           0,         269,      -12.07300093,      -9.823982894,      -10.68478013,      -7.688926862
          0,           0,         270,      -12.10578356,       -9.86021855,      -10.71685905,      -7.728818226
          0,           0,         271,      -12.13813273,      -9.896283514,      -10.75804562,      -7.750661022
          0,           0,         272,      -12.17073352,      -9.932450485,      -10.80144814,      -7.797331111
          0,           0,         273,      -12.20288547,      -9.968963908,      -10.83560402,      -7.831228632
          0,           0,         274,      -12.23571695,      -10.00515573,      -10.88116704,      -7.852782458
          0,           0,         275,      -12.26861811,      -10.04228143,      -10.90304809,      -7.906261263
          0,           0,         276,      -12.30078367,      -10.07775728,       -10.9336743,      -7.935493606
          0,           0,         277,      -12.33301744,      -10.11296987,      -10.98520886,      -7.964660425
          0,           0,         278,      -12.36597501,      -10.15140362,      -11.02074454,      -8.008472279
          0,           0,         279,      -12.39857938,      -10.18723974,      -11.05257811,      -8.041933361
          0,           0,         280,      -12.43153898,      -10.22312904,       -11.0845013,      -8.078469681
          0,           0,         281,      -12.46420353,      -10.26041624,      -11.12393723,      -8.107347329
          0,           0,         282,      -12.49713169,      -10.29644605,      -11.12421836,      -8.127575896
          0,           0,         283,      -12.52896433,      -10.33206048,      -11.19317228,      -8.177707096
          0,           0,         284,      -12.56117681,       -10.3668312,      -11.16413434,        -8.1740226
          0,           0,         285,      -12.59467347,       -10.4048138,      -11.21506753,      -8.189065077
          0,           0,         286,      -12.62680217,      -10.43848872,      -11.24107807,      -8.207414354
          0,           0,         287,      -12.65974659,      -10.47680428,      -11.28836434,      -8.249989564
          0,           0,         288,      -12.69144986,      -10.51061019,      -11.29763164,      -8.285559544
          0,           0,         289,      -12.72376871,      -10.54576956,      -11.26949994,      -8.299235602
          0,           0,         290,      -12.75707842,      -10.58446997,      -11.28293643,      -8.268278547
          0,           0,         291,      -12.78773778,      -10.60343562,       -11.2945355,      -8.171775596
          0,           0,         292,      -12.82124112,      -10.64415832,      -11.37795536,      -8.252158666
          0,           0,         293,       -12.8516661,      -10.68111813,      -11.25921412,      -8.233369719
          0,           0,         294,      -12.88514284,      -10.72411941,      -11.40790594,        -8.3194162
          0,           0,         295,      -12.91814863,      -10.75753379,      -11.38738546,       -8.30565662
          0,           0,         296,      -12.95089562,      -10.79228851,      -11.40378025,      -8.391030569
          0,           0,         297,      -12.98244003,      -10.80856987,      -11.44431214,       -8.37003714
          0,           0,         298,      -13.01656033,      -10.85361045,      -11.44444381,      -8.410770473
          0,           0,         299,      -13.04778819,      -10.89137493,      -11.47361526,      -8.436283127
          0,           0,         300,      -13.07356401,      -10.84310105,      -11.41860192,      -8.182928914
          0,           0,         301,      -13.11287831,      -10.93385093,      -11.38027395,      -8.356943135
          0,           0,         302,      -13.14989481,      -10.97532429,      -11.48412406,      -8.423568504
          0,           0,         303,      -13.16709312,      -10.96657797,      -11.37507754,      -8.259943481
          0,           0,         304,      -13.20329303,      -11.02100664,       -11.4863017,      -8.315415048
          0,           0,         305,      -13.24291909,      -11.06182687,       -11.5789364,      -8.445008367
          0,           0,         306,      -13.27391536,      -11.06395156,      -11.44380866,      -8.356694437
          0,           0,         307,      -13.29964361,      -11.11484293,      -11.46560289,       -8.43143131
          0,           0,         308,      -13.33575151,      -11.16518191,      -11.55126362,      -8.430417566
          0,           0,         309,      -13.35568349,      -11.18717481,      -11.65010121,      -8.410574972
          0,           0,         310,      -13.39572264,      -11.18715014,      -11.44299185,      -8.465822829
          0,           0,         311,        -13.422586,      -11.16369892,       -11.4121766,      -8.401610543
          0,           0,         312,      -13.45342867,      -11.24295435,      -11.41266149,      -8.384504212
          0,           0,         313,      -13.45901066,      -11.14122193,      -11.39344087,      -8.313444614
          0,           0,         314,      -13.50312517,      -11.27357843,      -11.50950047,      -8.438731825
          0,           0,         315,      -13.51807793,       -11.2161326,       -11.5122315,      -8.397669836
          0,           0,         316,      -13.56010144,      -11.33753224,      -11.49799858,      -8.432643456
          0,           0,         317,      -13.57799397,      -11.26649513,      -11.47849561,      -8.365616618
          0,           0,         318,      -13.61479779,      -11.32696325,      -11.48335298,      -8.467716082
          0,           0,         319,      -13.61193771,      -11.31052203,      -11.45210046,      -8.359186237
          0,           0,         320,      -13.63527571,      -11.25557103,      -11.38516724,       -8.33969134
          0,           0,         321,      -13.66220041,      -11.33672476,      -11.46165735,      -8.386871963
          0,           0,         322,      -13.66387621,      -11.23273914,       -11.4675947,      -8.338728226
          0,           0,         323,      -13.70975883,      -11.36742888,      -11.51008388,      -8.431830416
          0,           0,         324,        -13.717724,       -11.4137752,      -11.52995644,      -8.426402807
          0,           0,         325,      -13.78024368,      -11.32392494,      -11.59759569,      -8.497427072
          0,           0,         326,      -13.75349795,      -11.24274372,      -11.41917088,      -8.408181262
          0,           0,         327,      -13.69253065,       -11.2831468,      -11.30043864,       -8.29061855
          0,           0,         328,      -13.81697614,      -11.51629734,      -11.37648911,      -8.494297482
          0,           0,         329,      -13.74673773,      -11.30773019,      -11.50688581,      -8.348954798
          0,           0,         330,      -13.81568958,       -11.3148985,      -11.39366149,       -8.40297127
          0,           0,         331,      -13.83736513,      -11.43576837,      -11.47328594,      -8.411942831
          0,           0,         332,      -13.77281516,      -11.30873725,      -11.43893847,      -8.325991553
          0,           0,         333,      -13.76502869,      -11.28878404,      -11.36080427,      -8.337842101
          0,           0,         334,      -13.89270844,      -11.27247594,      -11.48305253,      -8.421204187
          0,           0,         335,      -13.92554831,      -11.46359344,      -11.61421457,      -8.523786577
          0,           0,         336,      -13.90337183,      -11.49168243,      -11.63550979,      -8.515143935
          0,           0,         337,      -13.84808775,      -11.37402022,      -11.45029614,      -8.386516265
          0,           0,         338,       -13.7258255,      -11.34427862,      -11.26486933,      -8.257219579
          0,           0,         339,      -13.82854403,      -11.38777954,      -11.48080572,      -8.382174256
          0,           0,         340,      -13.88682572,      -11.39070271,      -11.48474906,      -8.413802064
          0,           0,         341,       -13.8199699,      -11.44152458,      -11.42151866,      -8.356349609
          0,           0,         342,      -13.81633549,      -11.34009737,      -11.41537149,      -8.353241098
          0,           0,         343,      -13.66817053,      -11.32057343,      -11.17756219,      -8.201589219
          0,           0,         344,      -13.83942449,      -11.20688884,      -11.47471162,      -8.286952626
          0,           0,         345,      -13.87749292,      -11.39064596,      -11.48579401,       -8.43690061
          0,           0,         346,      -13.81215878,      -11.38552031,      -11.41762485,      -8.357138956
          0,           0,         347,      -13.84680173,       -11.3243825,       -11.4507286,      -8.409896804
          0,           0,         348,      -13.88787573,      -11.45918762,      -11.36992616,       -8.41975564
          0,           0,         349,      -13.69133409,      -11.18829847,       -11.3354412,      -8.262841369
          0,           0,         350,      -13.84951898,      -11.35788783,       -11.4580517,      -8.429290153
          0,           0,         351,      -13.93499532,      -11.40641318,      -11.53668062,      -8.467060215
          0,           0,         352,      -13.76249755,      -11.07333438,      -11.65326521,      -8.296575227
          0,           0,         353,       -13.8398734,      -11.32484106,      -11.47875527,      -8.393485515
          0,           0,         354,      -13.84086065,      -11.29268795,      -11.42363146,      -8.342194348
          0,           0,         355,      -13.86376126,      -11.34622927,      -11.49712605,      -8.401422089
          0,           0,         356,       -13.8432721,      -11.40197591,      -11.53119031,      -8.393984186
          0,           0,         357,      -13.80666194,      -11.29265533,      -11.33986302,      -8.302146446
          0,           0,         358,      -13.89282682,      -11.42438417,      -11.39839171,      -8.437564771
          0,           0,         359,      -13.87472732,      -11.31862647,      -11.50630743,       -8.34965148
          0,           0,         360,      -13.90667925,      -11.38085611,      -11.50098099,      -8.395686322
          0,           0,         361,      -13.77445746,      -11.13867575,      -11.52752547,      -8.291829202
          0,           0,         362,      -13.87326627,      -11.26188145,      -11.48645763,      -8.343496261
          0,           0,         363,      -13.88327224,      -11.26871559,      -11.51727782,      -8.387918205
          0,           0,         364,      -13.82989195,      -11.30864409,      -11.43782845,      -8.353180141
          0,           0,         365,      -13.89067508,      -11.39642137,      -11.42294692,      -8.404356675
          0,           0,         366,      -13.88176121,      -11.32451351,      -11.42310553,      -8.382665008
          0,           0,         367,      -13.84115562,      -11.28044107,       -11.4685275,      -8.352677119
          0,           0,         368,      -13.82506843,      -11.38797642,       -11.4075983,      -8.372887096
          0,           0,         369,      -13.82487085,      -11.45826692,      -11.47424179,       -8.36125067
          0,           0,         370,      -13.83819488,       -11.3446161,        -11.356495,      -8.386026754
          0,           0,         371,      -13.90177161,       -11.3581277,      -11.48423126,      -8.387587779
          0,           0,         372,      -13.94176883,       -11.4590953,      -11.58321913,      -8.483963149
          0,           0,         373,      -13.90012879,      -11.39196131,      -11.41693492,      -8.385419484
          0,           0,         374,       -13.9772591,      -11.43197254,      -11.61198352,      -8.491922596
          0,           0,         375,      -13.90090185,      -11.39524909,      -11.54277636,      -8.432988699
          0,           0,         376,      -13.98940839,      -11.43449012,      -11.52367684,      -8.516301055
          0,           0,         377,      -13.85556663,      -11.40626409,      -11.41025454,      -8.399570711
          0,           0,         378,      -13.97323409,      -11.33968165,      -11.50796337,      -8.476967731
          0,           0,         379,      -13.86693178,      -11.38881811,      -11.40774185,      -8.386095693
          0,           0,         380,      -13.83285188,      -11.34286373,      -11.36650889,      -8.351454229
          0,           0,         381,      -13.79740565,      -11.24743914,      -11.32366613,      -8.288709183
          0,           0,         382,      -13.86740819,       -11.3492572,      -11.43025235,      -8.364109969
          0,           0,         383,      -13.96647716,      -11.48856335,      -11.59266386,      -8.483551402
          0,           0,         384,      -13.93986132,       -11.4072788,      -11.39539814,      -8.452856821
          0,           0,         385,      -13.92129685,      -11.42310354,      -11.51722298,      -8.431582046
          0,           0,         386,      -13.89200132,      -11.31336378,      -11.49250743,      -8.361801304
          0,           0,         387,      -13.97169926,       -11.3316579,      -11.56146599,      -8.470938593
          0,           0,         388,      -13.92357974,      -11.35813278,      -11.56467331,      -8.489123476
          0,           0,         389,      -13.93685267,      -11.36232859,      -11.55128055,      -8.468258045
          0,           0,         390,      -13.87189195,      -11.36180599,      -11.41622896,       -8.37457179
          0,           0,         391,      -13.83655298,      -11.42944278,      -11.41321451,      -8.364366451
          0,           0,         392,      -13.92638125,      -11.46461566,      -11.62344125,      -8.459929938
          0,           0,         393,       -13.7867765,      -11.31360753,      -11.31980585,      -8.366471333
          0,           0,         394,      -13.96360579,      -11.50344632,      -11.56478581,      -8.502829983
          0,           0,         395,      -13.93572715,      -11.47495736,      -11.43514274,      -8.480358433
          0,           0,         396,      -13.78402552,        -11.270435,      -11.45532729,      -8.330691313
          0,           0,         397,      -13.81308682,      -11.24794712,       -11.4252296,      -8.328525087
          0,           0,         398,      -13.73601487,      -11.28898825,       -11.3933153,       -8.26790611
          0,           0,         399,      -13.87164101,      -11.39166104,      -11.39832482,      -8.357058285
          0,           0,         400,      -13.95554809,      -11.43795105,       -11.5327884,      -8.466278117
          0,           0,         401,       -13.8577684,      -11.28805811,      -11.52965327,      -8.334188716
          0,           0,         402,       -13.8433315,      -11.26108081,      -11.52428502,      -8.307056209
          0,           0,         403,      -13.86132201,      -11.40995966,      -11.50098284,      -8.360690103
          0,           0,         404,      -13.83786386,      -11.39383833,      -11.39008698,      -8.362635013
          0,           0,         405,      -13.72531248,      -11.05952737,      -11.49027784,      -8.202498869
          0,           0,         406,      -13.85757668,       -11.3262283,      -11.46388101,       -8.41781616
          0,           0,         407,      -13.97905518,      -11.42979405,      -11.59388901,      -8.480170683
          0,           0,         408,      -13.91733052,      -11.39065985,      -11.44035136,       -8.41190009
          0,           0,         409,      -13.97795585,      -11.40113279,      -11.55262698,      -8.497576816
          0,           0,         410,       -13.7854806,      -11.35198563,      -11.38521333,        -8.3662135
          0,           0,         411,      -13.94077471,      -11.42586096,      -11.51182892,      -8.482779156
          0,           0,         412,      -14.02860023,      -11.50247601,      -11.48161562,      -8.503356724
          0,           0,         413,       -13.8365754,      -11.40385285,      -11.35984202,      -8.344442035
          0,           0,         414,      -14.00822861,      -11.42546546,      -11.58162576,      -8.531764453
          0,           0,         415,        -14.023125,      -11.43166626,      -11.60311658,      -8.514281451
          0,           0,         416,      -13.92705359,      -11.41963651,      -11.54658348,      -8.425697747
          0,           0,         417,      -13.91040824,      -11.40264276,       -11.4737072,      -8.447751286
          0,           0,         418,      -13.80566523,      -11.26041149,      -11.45594789,       -8.34622378
          0,           0,         419,      -13.90145559,      -11.37995151,       -11.4677796,       -8.39944452
          0,           0,         420,      -13.89598826,      -11.41362302,      -11.53193419,      -8.413348641
          0,           0,         421,      -13.80872521,       -11.4516348,        -11.421425,      -8.297402106
          0,           0,         422,       -13.6723369,      -11.10305154,      -11.33067524,      -8.155175685
          0,           0,         423,      -13.84491992,      -11.35660728,      -11.39442908,      -8.370261656
          0,           0,         424,      -13.87474796,      -11.37790442,      -11.44633041,      -8.379144407
          0,           0,         425,      -13.80856951,      -11.40329416,      -11.42579203,       -8.36199322
          0,           0,         426,      -13.95389713,      -11.55719596,      -11.54318775,      -8.488958856
          0,           0,         427,      -13.87618769,      -11.27021992,      -11.55743314,      -8.396546661
          0,           0,         428,      -13.86571694,      -11.43726363,       -11.4501955,      -8.405971856
          0,           0,         429,      -13.90017316,      -11.39048251,      -11.50359089,      -8.419819158
          0,           0,         430,      -13.92832849,       -11.3274474,      -11.45486599,      -8.444438166
          0,           0,         431,      -13.96412501,        -11.429733,      -11.55858347,      -8.498915679
          0,           0,         432,      -13.84724997,      -11.25631405,      -11.47185785,      -8.322997904
          0,           0,         433,      -13.83920044,      -11.23529727,      -11.44739003,      -8.303748047
          0,           0,         434,      -13.94263191,       -11.4148171,      -11.49168814,      -8.451532129
          0,           0,         435,      -13.90011866,      -11.42380904,      -11.41174991,      -8.430934406
          0,           0,         436,      -13.84684607,       -11.4060257,      -11.42107516,      -8.396314504
          0,           0,         437,      -13.85039243,      -11.32568713,      -11.45274384,      -8.330094374
          0,           0,         438,      -13.86763753,       -11.3288663,       -11.5217579,      -8.371452911
          0,           0,         439,       -13.9075819,      -11.30415702,      -11.42322645,      -8.401784065
          0,           0,         440,      -13.87370364,      -11.41793995,      -11.49990211,      -8.433698498
          0,           0,         441,      -13.99441478,      -11.37562805,      -11.45271565,      -8.421242707
          0,           0,         442,      -13.90104774,      -11.41787091,      -11.45092366,      -8.425923251
          0,           0,         443,      -13.86729116,      -11.24950011,      -11.42970624,      -8.414668916
          0,           0,         444,      -13.79804709,      -11.25933923,      -11.50470293,       -8.29700415
          0,           0,         445,      -13.85259034,      -11.42696397,      -11.37923381,      -8.404768361
          0,           0,         446,      -13.90358067,      -11.31935464,      -11.46388768,      -8.379009041
          0,           0,         447,      -13.90896089,      -11.35045654,      -11.56355326,      -8.377433116
          0,           0,         448,      -13.84572711,      -11.33809812,      -11.43877543,      -8.374719778
          0,           0,         449,       -13.7788633,      -11.21406855,      -11.43015341,      -8.271698588
          0,           0,         450,        -13.900126,      -11.27176412,      -11.54419835,      -8.406302683
          0,           0,         451,      -13.77528941,      -11.31442122,      -11.30411109,       -8.30205922
          0,           0,         452,      -13.83655992,      -11.34951271,      -11.46167977,      -8.312415827
          0,           0,         453,      -13.98283769,      -11.42033829,      -11.61237875,      -8.485727763
          0,           0,         454,      -13.89793374,      -11.35103851,      -11.45236366,      -8.430954872
          0,           0,         455,      -13.81923633,      -11.36312131,      -11.42462871,      -8.369857821
          0,           0,         456,      -13.90190054,      -11.42739685,      -11.43532838,      -8.381162194
          0,           0,         457,      -13.83464882,      -11.40830162,      -11.38757562,      -8.406091525
          0,           0,         458,      -13.99701647,      -11.47194465,      -11.61827614,      -8.479277495
          0,           0,         459,      -13.80944637,       -11.2077416,      -11.53753621,      -8.349377772
          0,           0,         460,      -13.85337481,      -11.37164045,      -11.35684421,       -8.39206663
          0,           0,         461,      -13.87966871,      -11.28782449,      -11.58128866,      -8.426399916
          0,           0,         462,      -14.04507053,      -11.48921405,      -11.54899518,      -8.594730878
          0,           0,         463,      -13.88117264,      -11.37715589,      -11.41967668,      -8.398231954
          0,           0,         464,      -13.90637699,      -11.38813862,      -11.48240533,      -8.412855485
          0,           0,         465,      -13.91348663,      -11.34007606,      -11.57732035,      -8.367652231
          0,           0,         466,      -13.94939697,      -11.39240901,      -11.62816303,      -8.420204777
          0,           0,         467,      -13.77270549,      -11.20796912,      -11.50731902,      -8.323143764
          0,           0,         468,      -13.82824061,      -11.35918271,      -11.42319674,      -8.409781115
          0,           0,         469,      -13.85110146,      -11.36803372,      -11.50859498,      -8.445573632
          0,           0,         470,      -13.95646339,       -11.3952405,      -11.56459322,      -8.480834873
          0,           0,         471,      -13.92465982,      -11.34271976,      -11.55464291,      -8.362000115
          0,           0,         472,      -13.96346133,      -11.40548671,      -11.51920436,      -8.452905181
          0,           0,         473,      -13.95177853,      -11.40608867,      -11.53293182,      -8.431526939
          0,           0,         474,      -13.85033271,       -11.2290615,      -11.49230883,      -8.366153543
          0,           0,         475,      -13.88602604,      -11.35077493,      -11.42737058,      -8.355144898
          0,           0,         476,      -13.87697948,      -11.32675182,      -11.51770347,      -8.385106273
          0,           0,         477,      -13.93882572,      -11.39941187,      -11.50080989,      -8.468650516
          0,           0,         478,      -13.83265592,       -11.3183192,      -11.54441494,       -8.33624791
          0,           0,         479,      -13.75562243,      -11.23186204,      -11.47480471,      -8.276279029
          0,           0,         480,      -13.82353102,      -11.29156234,       -11.3677487,       -8.30576146
          0,           0,         481,      -13.95613314,      -11.43454557,      -11.53509516,      -8.423835212
          0,           0,         482,       -13.9296341,      -11.40639828,      -11.46164921,      -8.393283112
          0,           0,         483,      -13.79341761,      -11.34422865,      -11.29864923,      -8.346716217
          0,           0,         484,      -13.88086718,      -11.39981086,      -11.46722155,      -8.476421795
          0,           0,         485,      -13.82413333,      -11.28656483,       -11.4331075,      -8.367556276
          0,           0,         486,      -13.93155992,      -11.40856386,      -11.59309714,      -8.428670513
          0,           0,         487,      -13.85855346,      -11.26243059,      -11.47513996,      -8.337307541
          0,           0,         488,      -13.87345614,      -11.39075361,      -11.43438553,      -8.450123712
          0,           0,         489,      -13.88607717,      -11.22883226,      -11.60977752,      -8.323885608
          0,           0,         490,      -13.81447251,      -11.41784875,      -11.34159216,      -8.310927947
          0,           0,         491,      -13.82757993,      -11.28501936,      -11.44176174,      -8.327274445
          0,           0,         492,       -13.8633081,      -11.38436464,      -11.47246283,      -8.421198095
          0,           0,         493,      -13.85153757,      -11.37259053,      -11.33467036,      -8.364986372
          0,           0,         494,      -13.83643329,      -11.31920243,      -11.48757668,      -8.384120505
          0,           0,         495,      -13.84970417,      -11.31659899,      -11.50193907,      -8.400396287
          0,           0,         496,      -14.04374639,        -11.493093,      -11.63880896,      -8.557241049
          0,           0,         497,      -13.95625021,      -11.35473076,      -11.51139681,      -8.416357916
          0,           0,         498,      -13.88709065,      -11.35462565,      -11.44810028,      -8.394951899
          0,           0,         499,      -13.88965433,      -11.26060918,      -11.54517926,      -8.388358821
          0,           0,         500,      -13.81718317,      -11.31292657,      -11.37104612,       -8.35015703
          0,           0,         501,      -13.91843592,        -11.279689,       -11.4980922,      -8.378252462
          0,           0,         502,      -13.92428053,      -11.42043833,      -11.58576671,      -8.440991451
          0,           0,         503,      -13.66771649,      -11.16095809,      -11.36289729,      -8.198367252
          0,           0,         504,      -13.91032631,      -11.39856505,       -11.4911175,      -8.435991682
          0,           0,         505,      -13.84383075,      -11.30317689,      -11.44538963,      -8.364801689
          0,           0,         506,      -13.87779319,      -11.35039581,      -11.55113431,      -8.379425357
          0,           0,         507,      -13.72410686,      -11.24821785,      -11.27764479,       -8.26486642
          0,           0,         508,      -13.80946819,      -11.29354782,       -11.5030696,      -8.341887379
          0,           0,         509,      -13.83138772,      -11.29223729,       -11.4893933,      -8.321257279
          0,           0,         510,      -13.83386384,      -11.28455313,      -11.45968749,      -8.399766798
          0,           0,         511,      -13.87996729,      -11.40298612,      -11.54755095,      -8.398374138
          0,           0,         512,      -13.80209233,      -11.32537023,      -11.39239573,      -8.321954894
          0,           0,         513,      -13.90967679,      -11.37003028,      -11.43230111,      -8.410766679
          0,           0,         514,      -13.78043817,      -11.22738782,      -11.38797735,      -8.263445323
          0,           0,         515,      -13.92074682,      -11.37595199,        -11.474052,      -8.413443808
          0,           0,         516,      -13.80379909,      -11.36706149,      -11.28989845,      -8.348025131
          0,           0,         517,      -13.87579002,      -11.34470455,      -11.45437206,      -8.367005554
          0,           0,         518,      -13.84636132,      -11.42440474,      -11.38877162,      -8.415747059
          0,           0,         519,      -13.85989467,      -11.39614581,      -11.51125699,      -8.417132548
          0,           0,         520,      -13.78795248,      -11.32284209,      -11.28371608,      -8.315627237
          0,           0,         521,      -13.83793351,      -11.32061813,      -11.40490702,      -8.325307958
          0,           0,         522,      -13.86557919,      -11.38077034,      -11.39660253,      -8.389118476
          0,           0,         523,         -13.88608,      -11.32285603,      -11.55842197,      -8.354849025
          0,           0,         524,      -13.96403369,      -11.36837437,      -11.49798557,      -8.461105174
          0,           0,         525,        -13.976646,      -11.39947243,      -11.56239925,      -8.444363836
          0,           0,         526,      -13.82728862,       -11.3023516,      -11.39111138,      -8.307620527
          0,           0,         527,       -13.8676864,      -11.32504858,      -11.46151058,      -8.405934908
          0,           0,         528,      -13.95095409,      -11.47060137,      -11.55551483,      -8.509346464
          0,           0,         529,      -13.74042978,      -11.21826303,      -11.34626137,      -8.294424873
          0,           0,         530,      -13.87848101,      -11.38223186,      -11.52518872,      -8.454076561
          0,           0,         531,      -13.86260924,       -11.3739045,      -11.44717508,      -8.394276175
          0,           0,         532,      -13.91666772,      -11.46160987,      -11.47316053,      -8.430900698
          0,           0,         533,      -13.91664293,      -11.34758825,      -11.56760109,        -8.4729548
          0,           0,         534,      -13.71459416,      -11.14517699,      -11.47737031,      -8.244767817
          0,           0,         535,      -13.86044662,      -11.39455259,      -11.46130737,      -8.421931251
          0,           0,         536,      -13.91518134,      -11.40721353,      -11.48833269,      -8.426342474
          0,           0,         537,      -13.84687423,      -11.38267049,      -11.50782176,      -8.401372517
          0,           0,         538,      -13.83292061,      -11.25562797,      -11.44327091,      -8.326925982
          0,           0,         539,      -13.86895654,      -11.32590693,      -11.47728534,      -8.300982642
          0,           0,         540,      -13.83280854,      -11.22247437,      -11.43464946,      -8.287763524
          0,           0,         541,      -13.88227494,      -11.25504766,      -11.52216281,      -8.365091985
          0,           0,         542,      -13.87159208,      -11.37852582,      -11.48202413,      -8.429473968
          0,           0,         543,      -13.89645702,      -11.36353446,      -11.47096584,      -8.454736821
          0,           0,         544,      -13.90690488,      -11.43184463,      -11.48895458,       -8.44309891
          0,           0,         545,      -13.84202321,      -11.38234997,      -11.42420927,      -8.385155055
          0,           0,         546,      -13.87898751,      -11.34442588,      -11.37810981,      -8.403994839
          0,           0,         547,      -13.75885802,      -11.28207416,      -11.38452115,      -8.282027536
          0,           0,         548,      -13.80173748,       -11.1780793,      -11.47162611,      -8.300624695
          0,           0,         549,      -13.80718294,      -11.23179327,         -11.48439,      -8.305379171
          0,           0,         550,      -13.89463738,      -11.29989055,      -11.49399606,      -8.341425892
          0,           0,         551,      -13.99742233,      -11.44564827,      -11.51997356,      -8.454366812
          0,           0,         552,      -13.70605035,      -11.15512865,      -11.28004819,      -8.168683535
          0,           0,         553,      -13.87524437,      -11.39611398,      -11.39785304,      -8.400401067
          0,           0,         554,      -13.89574973,       -11.3404644,      -11.43597432,      -8.404005108
          0,           0,         555,      -13.92158112,      -11.40154337,      -11.41180287,      -8.411100551
          0,           0,         556,      -13.86828754,      -11.35959336,       -11.4764026,      -8.415836879
          0,           0,         557,      -13.97214344,      -11.51012696,      -11.48570819,      -8.504538622
          0,           0,         558,      -13.69277133,      -11.11995862,      -11.34558494,       -8.26905847
          0,           0,         559,      -13.82486325,      -11.28028162,      -11.39587903,      -8.354469964
          0,           0,         560,      -13.87044842,      -11.36653071,      -11.38975502,      -8.368035002
          0,           0,         561,       -13.8313062,       -11.4144757,      -11.38066487,       -8.34510572
          0,           0,         562,      -13.87032399,      -11.33549094,      -11.54468103,      -8.391117113
          0,           0,         563,      -13.84104704,      -11.26298621,       -11.3693878,      -8.306615343
          0,           0,         564,      -13.88165199,      -11.35962075,      -11.38700992,      -8.372440797
          0,           0,         565,      -13.89959208,      -11.40034767,      -11.55931824,      -8.469059994
          0,           0,         566,      -13.77125532,      -11.28265846,      -11.47279242,      -8.347911831
          0,           0,         567,       -13.8817227,      -11.43472289,      -11.49910804,      -8.409279721
          0,           0,         568,      -13.84368688,      -11.32245755,      -11.51075306,      -8.354631654
          0,           0,         569,      -13.80655889,      -11.31944607,      -11.40245995,      -8.335463151
          0,           0,         570,      -13.83552451,      -11.32552223,      -11.36221939,      -8.362750157
          0,           0,         571,      -13.81265583,      -11.32883395,      -11.36527813,       -8.32285916
          0,           0,         572,       -13.8708652,      -11.35475076,      -11.52564432,      -8.411923723
          0,           0,         573,      -13.91769159,      -11.37724872,      -11.54985975,       -8.42340081
          0,           0,         574,      -13.94922206,      -11.37662018,      -11.55755822,      -8.447730766
          0,           0,         575,      -13.97408346,      -11.38283755,      -11.64672014,      -8.478403636
          0,           0,         576,      -14.07968453,      -11.55195962,      -11.58359148,      -8.631313511
          0,           0,         577,      -13.90444422,       -11.3168876,      -11.42285857,      -8.384833166
          0,           0,         578,      -13.82785164,      -11.38234247,       -11.3778919,      -8.362749834
          0,           0,         579,      -13.82435846,      -11.27426523,      -11.37345836,      -8.324533509
          0,           0,         580,      -13.87098477,      -11.25986111,      -11.46045055,      -8.367607618
          0,           0,         581,      -13.87321144,      -11.32757073,      -11.48630186,        -8.3671502
          0,           0,         582,      -13.93574767,      -11.32851471,      -11.44943121,       -8.41414757
          0,           0,         583,      -13.98703726,       -11.4271679,      -11.52483973,      -8.472813202
          0,           0,         584,      -13.83209093,      -11.24054375,      -11.42780901,      -8.322303547
          0,           0,         585,      -13.93879324,      -11.43775078,      -11.51772091,      -8.443067303
          0,           0,         586,      -13.93006328,      -11.30643918,       -11.5803882,      -8.418584177
          0,           0,         587,       -13.9622749,      -11.36811773,      -11.57313172,      -8.513953683
          0,           0,         588,      -13.79065659,       -11.2993826,      -11.42626399,      -8.363941005
          0,           0,         589,      -13.96674521,      -11.42786181,      -11.55566188,      -8.486824285
          0,           0,         590,      -13.86826214,      -11.36866373,      -11.44648246,       -8.41833028
          0,           0,         591,      -13.89106148,      -11.38197389,      -11.54650512,      -8.459127191
          0,           0,         592,        -13.915997,      -11.28926503,      -11.51327868,      -8.370806546
          0,           0,         593,      -13.98616753,      -11.43277718,      -11.52287927,      -8.487934843
          0,           0,         594,      -13.94091285,      -11.45369222,      -11.41747028,      -8.391687539
          0,           0,         595,      -13.89478055,      -11.28327066,        -11.471062,      -8.340757862
          0,           0,         596,       -13.9508031,      -11.48192068,      -11.46822188,      -8.453325492
          0,           0,         597,      -13.99668561,      -11.46483268,      -11.56816581,      -8.514930572
          0,           0,         598,      -13.86594286,      -11.39354905,      -11.41294363,      -8.404942985
          0,           0,         599,      -13.83632595,      -11.29750707,      -11.49266612,      -8.351496558
          0,           0,         600,      -13.98185115,      -11.40066466,      -11.48716212,      -8.476084881
