VARIABLES = \
"Time_Iter","Outer_Iter","Inner_Iter",    "rms[Rho]"    ,    "rms[RhoU]"   ,    "rms[RhoV]"   ,    "rms[RhoE]"   
          0,           0,           0,     -0.8084696925,       1.453593986,       1.689903783,        4.65115851
          0,           0,           1,     -0.7793553841,        1.49740226,       1.763804039,       4.688988716
          0,           0,           2,      -1.009414758,       1.283574792,       1.501392497,       4.458227345
          0,           0,           3,      -1.245422211,       1.155347167,       1.210574822,       4.226058807
          0,           0,           4,      -1.470338747,      0.9568952627,       1.027909242,       3.998061627
          0,           0,           5,      -1.658605665,      0.8374593097,      0.8415290491,       3.814150867
          0,           0,           6,      -1.826717702,      0.7482744166,      0.6526312886,       3.648416385
          0,           0,           7,      -1.992953376,      0.6603089137,      0.5017313366,       3.482397761
          0,           0,           8,      -2.149097816,      0.5950711727,      0.3688299573,       3.338818946
          0,           0,           9,      -2.297383612,      0.5500643236,      0.2564760133,       3.216060992
          0,           0,          10,      -2.441302301,      0.5073816918,      0.1597409418,       3.106400726
          0,           0,          11,      -2.569960311,      0.4601840532,     0.06148293534,       3.011137416
          0,           0,          12,      -2.678691012,       0.405569934,    -0.03860918538,       2.924810545
          0,           0,          13,      -2.770510959,      0.3436599135,     -0.1286270307,        2.84226216
          0,           0,          14,      -2.851967174,      0.2761699095,     -0.2053685504,       2.761763608
          0,           0,          15,      -2.930331921,      0.2046981005,     -0.2767702907,       2.681438738
          0,           0,          16,      -3.008005581,       0.130765466,     -0.3513792513,       2.600481287
          0,           0,          17,      -3.082005033,     0.05604750226,     -0.4324648471,       2.520460368
          0,           0,          18,      -3.148531665,    -0.01762568136,     -0.5183764231,       2.443794344
          0,           0,          19,      -3.206991808,    -0.08860557567,     -0.6051518682,       2.371853362
          0,           0,          20,      -3.259974208,     -0.1558060781,     -0.6893863697,       2.304482342
          0,           0,          21,      -3.310279091,     -0.2188451106,     -0.7695454678,       2.240936095
          0,           0,          22,      -3.358659168,     -0.2778528976,     -0.8453092658,       2.181190771
          0,           0,          23,      -3.404239549,      -0.333245676,     -0.9163395534,       2.125986566
          0,           0,          24,       -3.44606524,     -0.3854850342,     -0.9815730587,       2.076024027
          0,           0,          25,        -3.4841735,     -0.4350236069,      -1.039780948,       2.031135462
          0,           0,          26,      -3.519429442,     -0.4822891586,      -1.090548093,       1.990356246
          0,           0,          27,      -3.552893218,     -0.5276699788,      -1.134672253,       1.952474487
          0,           0,          28,      -3.585422124,     -0.5715104257,      -1.173755803,       1.916432433
          0,           0,          29,      -3.617597755,     -0.6141040342,      -1.209482263,       1.881455552
          0,           0,          30,      -3.649799245,     -0.6556963017,      -1.243198478,       1.847017233
          0,           0,          31,      -3.682259254,     -0.6965062557,      -1.276112877,       1.812777178
          0,           0,          32,      -3.715231517,     -0.7367649782,       -1.30879851,       1.778432482
          0,           0,          33,      -3.748707315,     -0.7766111041,      -1.341605985,         1.7439237
          0,           0,          34,      -3.782670211,     -0.8161503629,      -1.374707894,       1.709238422
          0,           0,          35,      -3.817200407,     -0.8555025982,       -1.40819787,       1.674283891
          0,           0,          36,      -3.852345798,     -0.8947680251,      -1.442166463,       1.638971714
          0,           0,          37,      -3.888091038,     -0.9340093707,      -1.476665454,       1.603268986
          0,           0,          38,      -3.924393112,     -0.9732581462,      -1.511696742,       1.567181544
          0,           0,          39,      -3.961195696,      -1.012526709,      -1.547230886,       1.530735017
          0,           0,          40,      -3.998435743,      -1.051816596,      -1.583226231,       1.493960993
          0,           0,          41,      -4.036046505,      -1.091124803,      -1.619635031,       1.456896969
          0,           0,          42,      -4.073967238,      -1.130449323,      -1.656408892,       1.419580677
          0,           0,          43,      -4.112146488,      -1.169788888,      -1.693502812,       1.382047038
          0,           0,          44,      -4.150541544,      -1.209143807,      -1.730869167,       1.344327353
          0,           0,          45,      -4.189122802,      -1.248515887,      -1.768464529,       1.306442629
          0,           0,          46,      -4.227870232,      -1.287906782,      -1.806252834,       1.268405878
          0,           0,          47,       -4.26676539,       -1.32731613,      -1.844204486,       1.230228143
          0,           0,          48,      -4.305789326,      -1.366740758,      -1.882293486,       1.191920879
          0,           0,          49,      -4.344924343,      -1.406176207,      -1.920496356,        1.15349455
          0,           0,          50,      -4.384148533,      -1.445619003,      -1.958793412,       1.114964764
          0,           0,          51,      -4.423439403,       -1.48506576,      -1.997167768,       1.076348648
          0,           0,          52,      -4.462776559,      -1.524517093,      -2.035620343,       1.037661866
          0,           0,          53,       -4.50222022,      -1.563967816,      -2.073939712,      0.9988474318
          0,           0,          54,      -4.541774381,      -1.603513477,      -2.112458968,      0.9599011993
          0,           0,          55,      -4.581308945,      -1.643073549,      -2.151151843,      0.9209412667
          0,           0,          56,      -4.620771033,      -1.682602825,      -2.189923291,      0.8820187267
          0,           0,          57,      -4.660201094,      -1.722113097,      -2.228703964,      0.8431022674
          0,           0,          58,      -4.699636223,      -1.761624491,      -2.267475527,      0.8041574571
          0,           0,          59,      -4.739086133,      -1.801147433,      -2.306245939,      0.7651743073
          0,           0,          60,      -4.778547183,      -1.840685152,      -2.345024396,      0.7261579922
          0,           0,          61,      -4.818013145,      -1.880239542,      -2.383816512,      0.6871168749
          0,           0,          62,      -4.857482183,      -1.919813585,      -2.422626735,      0.6480544205
          0,           0,          63,       -4.89695783,      -1.959411674,      -2.461459533,      0.6089683681
          0,           0,          64,      -4.936445293,      -1.999038199,      -2.500322657,       0.569855013
          0,           0,          65,      -4.975950827,      -2.038697047,      -2.539223552,      0.5307099113
          0,           0,          66,      -5.015480117,       -2.07839118,       -2.57816782,      0.4915291735
          0,           0,          67,      -5.055038007,      -2.118122822,      -2.617160165,        0.45230964
          0,           0,          68,       -5.09462848,      -2.157893668,      -2.656203813,      0.4130487054
          0,           0,          69,      -5.134254193,      -2.197705081,      -2.695300546,      0.3737448235
          0,           0,          70,       -5.17391727,      -2.237558239,      -2.734451474,      0.3343967812
          0,           0,          71,      -5.213619198,      -2.277454242,      -2.773657352,      0.2950038739
          0,           0,          72,      -5.253361275,      -2.317394165,      -2.812918578,        0.25556546
          0,           0,          73,      -5.293144953,      -2.357379045,      -2.852235447,      0.2160807155
          0,           0,          74,      -5.332971939,      -2.397409858,      -2.891608287,      0.1765485469
          0,           0,          75,      -5.372844101,      -2.437487473,      -2.931037481,      0.1369676653
          0,           0,          76,      -5.412763309,      -2.477612617,      -2.970523419,     0.09733673015
          0,           0,          77,      -5.452731318,      -2.517785887,        -3.0100664,     0.05765445878
          0,           0,          78,      -5.492749718,       -2.55800782,      -3.049666567,     0.01791967936
          0,           0,          79,      -5.532819901,      -2.598278801,      -3.089324127,    -0.02186863845
          0,           0,          80,      -5.572943113,      -2.638599259,      -3.129039142,    -0.06171142373
          0,           0,          81,       -5.61312043,      -2.678969614,      -3.168811664,     -0.1016094742
          0,           0,          82,      -5.653352803,      -2.719390282,      -3.208641751,     -0.1415634945
          0,           0,          83,      -5.693641118,       -2.75986168,      -3.248529475,     -0.1815741423
          0,           0,          84,      -5.733986222,      -2.800384213,      -3.288474913,     -0.2216420587
          0,           0,          85,      -5.774388948,      -2.840958265,      -3.328478142,     -0.2617678813
          0,           0,          86,      -5.814850112,      -2.881584199,       -3.36853922,     -0.3019522466
          0,           0,          87,      -5.855370502,      -2.922262348,      -3.408658179,     -0.3421957798
          0,           0,          88,      -5.895950864,      -2.962993016,      -3.448835025,     -0.3824990767
          0,           0,          89,      -5.936591877,      -3.003776479,      -3.489069723,     -0.4228626784
          0,           0,          90,       -5.97729413,      -3.044612988,      -3.529362196,     -0.4632870616
          0,           0,          91,      -6.018058141,      -3.085502775,      -3.569712339,     -0.5037726502
          0,           0,          92,      -6.058884373,      -3.126446052,      -3.610120029,     -0.5443198247
          0,           0,          93,      -6.099773244,      -3.167443017,      -3.650585124,     -0.5849289304
          0,           0,          94,      -6.140725137,      -3.208493852,      -3.691107481,     -0.6256002883
          0,           0,          95,      -6.181740411,      -3.249598724,      -3.731686955,      -0.666334204
          0,           0,          96,      -6.222819397,      -3.290757782,      -3.772323403,     -0.7071309653
          0,           0,          97,      -6.263962396,       -3.33197121,       -3.81301658,     -0.7479908394
          0,           0,          98,      -6.305169738,      -3.373239544,      -3.853765712,     -0.7889141222
          0,           0,          99,       -6.34644218,      -3.414562579,      -3.894571936,     -0.8299014545
          0,           0,         100,      -6.387779674,      -3.455940301,      -3.935435182,     -0.8709528582
          0,           0,         101,      -6.429182175,      -3.497372593,      -3.976355008,     -0.9120683169
          0,           0,         102,       -6.47064961,      -3.538859299,      -4.017330898,     -0.9532477579
          0,           0,         103,      -6.512181967,      -3.580400347,      -4.058362504,     -0.9944911743
          0,           0,         104,      -6.553779227,      -3.621995687,      -4.099449626,      -1.035798571
          0,           0,         105,      -6.595441299,      -3.663645223,      -4.140592065,      -1.077169892
          0,           0,         106,      -6.637168037,      -3.705348795,      -4.181789525,      -1.118605032
          0,           0,         107,      -6.678959328,      -3.747106213,      -4.223041672,      -1.160103911
          0,           0,         108,      -6.720815092,      -3.788917275,      -4.264348184,      -1.201666475
          0,           0,         109,      -6.762735215,      -3.830781755,      -4.305708787,      -1.243292642
          0,           0,         110,      -6.804719524,      -3.872699391,      -4.347123231,       -1.28498227
          0,           0,         111,      -6.846767769,      -3.914669874,      -4.388591261,       -1.32673515
          0,           0,         112,      -6.888879648,      -3.956692861,      -4.430112612,      -1.368551021
          0,           0,         113,      -6.931054806,      -3.998767973,      -4.471686978,      -1.410429577
          0,           0,         114,      -6.973292854,      -4.040894795,       -4.51331402,       -1.45237048
          0,           0,         115,      -7.015593381,      -4.083072891,      -4.554993384,      -1.494373368
          0,           0,         116,      -7.057955959,      -4.125301794,      -4.596724682,      -1.536437866
          0,           0,         117,      -7.100380134,      -4.167581005,       -4.63850751,      -1.578563567
          0,           0,         118,      -7.142865424,      -4.209910003,      -4.680341467,      -1.620750044
          0,           0,         119,      -7.185411288,      -4.252288223,      -4.722226125,      -1.662996807
          0,           0,         120,      -7.228017172,      -4.294715079,      -4.764161058,       -1.70530336
          0,           0,         121,      -7.270682449,      -4.337189945,      -4.806145792,      -1.747669136
          0,           0,         122,      -7.313406497,      -4.379712186,      -4.848179899,      -1.790093564
          0,           0,         123,      -7.356188643,      -4.422281131,      -4.890262893,      -1.832576045
          0,           0,         124,      -7.399028199,      -4.464896085,      -4.932394288,      -1.875115937
          0,           0,         125,      -7.441924442,      -4.507556345,       -4.97457362,      -1.917712592
          0,           0,         126,      -7.484876626,      -4.550261173,      -5.016800376,      -1.960365315
          0,           0,         127,      -7.527883972,      -4.593009824,      -5.059074074,      -2.003073399
          0,           0,         128,      -7.570945678,      -4.635801523,      -5.101394169,      -2.045836101
          0,           0,         129,      -7.614060932,      -4.678635481,      -5.143760157,      -2.088652686
          0,           0,         130,       -7.65722887,      -4.721510913,      -5.186171509,       -2.13152234
          0,           0,         131,      -7.700448616,       -4.76442698,      -5.228627676,      -2.174444276
          0,           0,         132,       -7.74371924,      -4.807382855,       -5.27112812,      -2.217417621
          0,           0,         133,      -7.787039864,        -4.8503777,      -5.313672303,      -2.260441575
          0,           0,         134,      -7.830409509,      -4.893410642,      -5.356259619,      -2.303515218
          0,           0,         135,      -7.873827258,      -4.936480853,      -5.398889569,      -2.346637719
          0,           0,         136,      -7.917292032,      -4.979587422,      -5.441561511,      -2.389808076
          0,           0,         137,      -7.960802897,      -5.022729477,      -5.484274906,       -2.43302542
          0,           0,         138,       -8.00435881,      -5.065906132,      -5.527029154,      -2.476288801
          0,           0,         139,      -8.047958754,      -5.109116509,        -5.5698237,       -2.51959726
          0,           0,         140,      -8.091601579,      -5.152359689,      -5.612657868,      -2.562949738
          0,           0,         141,      -8.135286358,      -5.195634802,      -5.655531215,      -2.606345399
          0,           0,         142,      -8.179011875,      -5.238940929,      -5.698442981,      -2.649783071
          0,           0,         143,      -8.222777105,       -5.28227718,      -5.741392585,      -2.693261868
          0,           0,         144,      -8.266580942,      -5.325642669,      -5.784379558,      -2.736780737
          0,           0,         145,      -8.310422217,      -5.369036494,      -5.827403104,      -2.780338541
          0,           0,         146,      -8.354299787,      -5.412457788,      -5.870462642,      -2.823934329
          0,           0,         147,      -8.398212659,      -5.455905688,      -5.913557795,       -2.86756711
          0,           0,         148,      -8.442159568,      -5.499379319,      -5.956687817,      -2.911235718
          0,           0,         149,      -8.486139392,      -5.542877781,      -5.999851864,      -2.954939137
          0,           0,         150,      -8.530151013,      -5.586400292,      -6.043049869,       -2.99867637
          0,           0,         151,      -8.574193337,      -5.629945983,      -6.086280648,      -3.042446312
          0,           0,         152,      -8.618265127,         -5.673514,       -6.12954393,      -3.086247904
          0,           0,         153,      -8.662365253,      -5.717103604,      -6.172839215,      -3.130080025
          0,           0,         154,      -8.706492584,      -5.760713992,      -6.216165464,      -3.173941767
          0,           0,         155,      -8.750646105,      -5.804344401,      -6.259522637,      -3.217832141
          0,           0,         156,      -8.794824711,      -5.847994067,      -6.302909828,       -3.26174996
          0,           0,         157,      -8.839026838,      -5.891662204,      -6.346326621,      -3.305693957
          0,           0,         158,      -8.883252308,      -5.935348182,      -6.389772186,      -3.349663838
          0,           0,         159,      -8.927498944,      -5.979051129,      -6.433246358,      -3.393657834
          0,           0,         160,      -8.971766349,      -6.022770702,      -6.476748499,      -3.437675417
          0,           0,         161,       -9.01605365,      -6.066506066,      -6.520277715,      -3.481715804
          0,           0,         162,      -9.060359253,      -6.110256324,      -6.563833523,      -3.525777374
          0,           0,         163,      -9.104682113,      -6.154021288,      -6.607415847,      -3.569859371
          0,           0,         164,      -9.149021707,      -6.197800263,      -6.651023723,      -3.613961189
          0,           0,         165,      -9.193376799,      -6.241592658,      -6.694656905,      -3.658081833
          0,           0,         166,      -9.237746242,      -6.285397732,      -6.738314404,      -3.702220124
          0,           0,         167,      -9.282129247,      -6.329215374,      -6.781997078,      -3.746375551
          0,           0,         168,      -9.326525029,      -6.373044794,      -6.825701509,      -3.790546962
          0,           0,         169,      -9.370932726,      -6.416885865,      -6.869431285,      -3.834734192
          0,           0,         170,      -9.415350807,      -6.460737584,      -6.913182837,      -3.878935051
          0,           0,         171,      -9.459779332,      -6.504600358,      -6.956957596,        -3.9231499
          0,           0,         172,      -9.504216506,        -6.5484727,      -7.000752978,      -3.967377131
          0,           0,         173,      -9.548664104,      -6.592355726,      -7.044570824,      -4.011619089
          0,           0,         174,      -9.593117482,      -6.636247755,       -7.08840883,      -4.055870405
          0,           0,         175,      -9.637577895,      -6.680148857,      -7.132267379,      -4.100132363
          0,           0,         176,      -9.682044836,      -6.724058741,      -7.176147624,      -4.144405262
          0,           0,         177,      -9.726518528,      -6.767978161,      -7.220045542,      -4.188689579
          0,           0,         178,      -9.770994325,      -6.811905499,      -7.263963316,      -4.232979734
          0,           0,         179,      -9.815477371,      -6.855840936,      -7.307902158,      -4.277279739
          0,           0,         180,      -9.859964363,      -6.899784241,      -7.351859287,      -4.321589272
          0,           0,         181,      -9.904451746,       -6.94373631,      -7.395835346,      -4.365904372
          0,           0,         182,      -9.948943894,      -6.987695814,      -7.439826817,      -4.410226378
          0,           0,         183,      -9.993436523,      -7.031662494,      -7.483838192,      -4.454555533
          0,           0,         184,      -10.03793427,      -7.075636768,      -7.527864818,      -4.498892825
          0,           0,         185,      -10.08243231,      -7.119618515,      -7.571911257,      -4.543234653
          0,           0,         186,      -10.12693253,      -7.163607261,      -7.615972427,      -4.587582484
          0,           0,         187,      -10.17142897,      -7.207603347,      -7.660052805,      -4.631933522
          0,           0,         188,      -10.21592373,      -7.251606839,      -7.704146073,      -4.676284128
          0,           0,         189,      -10.26042725,      -7.295617745,      -7.748261065,      -4.720651556
          0,           0,         190,      -10.30492461,      -7.339635318,      -7.792383122,      -4.765013479
          0,           0,         191,      -10.34942488,      -7.383661538,      -7.836526939,      -4.809383164
          0,           0,         192,      -10.39391576,      -7.427691616,       -7.88068281,      -4.853753609
          0,           0,         193,      -10.43841355,      -7.471731142,      -7.924854467,      -4.898134282
          0,           0,         194,      -10.48291132,      -7.515779212,      -7.969046504,      -4.942516341
          0,           0,         195,      -10.52740347,      -7.559834397,      -8.013246898,      -4.986899226
          0,           0,         196,      -10.57189798,      -7.603897092,      -8.057469543,      -5.031288096
          0,           0,         197,       -10.6163923,      -7.647961732,      -8.101692449,      -5.075679058
          0,           0,         198,      -10.66087274,      -7.692038703,      -8.145939112,      -5.120072263
          0,           0,         199,      -10.70535041,       -7.73612316,      -8.190199561,      -5.164454659
          0,           0,         200,      -10.74984782,      -7.780212518,      -8.234476309,      -5.208858111
          0,           0,         201,      -10.79432396,      -7.824309095,      -8.278764144,       -5.25325728
          0,           0,         202,      -10.83883129,      -7.868422827,      -8.323047161,      -5.297684057
          0,           0,         203,      -10.88328314,      -7.912532117,      -8.367363863,      -5.342066322
          0,           0,         204,      -10.92777418,      -7.956656969,      -8.411697146,      -5.386495344
          0,           0,         205,      -10.97224943,      -8.000790445,      -8.456044237,      -5.430901062
          0,           0,         206,      -11.01673029,      -8.044931534,      -8.500384436,      -5.475325045
          0,           0,         207,      -11.06119621,      -8.089074963,      -8.544761868,       -5.51974647
          0,           0,         208,      -11.10569471,      -8.133236018,       -8.58915037,      -5.564195263
          0,           0,         209,      -11.15013398,      -8.177398859,      -8.633503773,      -5.608587379
          0,           0,         210,      -11.19461949,      -8.221566073,      -8.677916916,      -5.653033098
          0,           0,         211,      -11.23906501,      -8.265750438,      -8.722362229,      -5.697457101
          0,           0,         212,      -11.28356059,       -8.30994748,      -8.766741428,      -5.741909244
          0,           0,         213,      -11.32798945,      -8.354144154,      -8.811231864,      -5.786331177
          0,           0,         214,      -11.37250111,      -8.398370537,      -8.855683064,      -5.830826144
          0,           0,         215,      -11.41698616,      -8.442569274,      -8.900119725,      -5.875235595
          0,           0,         216,      -11.46132673,       -8.48677521,      -8.944619948,      -5.919621387
          0,           0,         217,       -11.5057965,      -8.531010699,      -8.989082052,       -5.96409115
          0,           0,         218,      -11.55037068,      -8.575273991,      -9.033538219,      -6.008643608
          0,           0,         219,       -11.5948245,      -8.619549402,      -9.078109959,      -6.053110551
          0,           0,         220,      -11.63925402,      -8.663802808,      -9.122607072,      -6.097546588
          0,           0,         221,      -11.68381045,      -8.708074337,      -9.167112467,      -6.142102409
          0,           0,         222,      -11.72817434,       -8.75231929,      -9.211682249,      -6.186462632
          0,           0,         223,      -11.77271015,      -8.796679188,      -9.256183982,      -6.231054601
          0,           0,         224,      -11.81716923,      -8.840968558,      -9.300730687,      -6.275537199
          0,           0,         225,      -11.86144488,      -8.885235823,      -9.345369572,       -6.31982293
          0,           0,         226,      -11.90610581,      -8.929633687,       -9.39008662,      -6.364506134
          0,           0,         227,      -11.95054461,      -8.973954686,      -9.434583344,      -6.409011053
          0,           0,         228,       -11.9948856,      -9.018251082,      -9.479162179,      -6.453394447
          0,           0,         229,      -12.03947201,      -9.062692074,      -9.523776227,      -6.498062826
          0,           0,         230,      -12.08387009,      -9.106944454,      -9.568197846,      -6.542458566
          0,           0,         231,      -12.12837948,      -9.151346313,      -9.612884431,      -6.587027045
          0,           0,         232,      -12.17303134,      -9.195715916,      -9.657706704,      -6.631629437
          0,           0,         233,      -12.21716073,      -9.240080086,      -9.702237905,      -6.675890643
          0,           0,         234,      -12.26164618,      -9.284608513,      -9.746580704,      -6.720542935
          0,           0,         235,      -12.30591521,      -9.328940935,      -9.791218915,      -6.764975658
          0,           0,         236,      -12.35062786,       -9.37339322,      -9.836163968,      -6.809766427
          0,           0,         237,      -12.39476659,      -9.417586869,      -9.880939929,      -6.853876824
          0,           0,         238,      -12.43923442,      -9.462182617,      -9.925691507,      -6.898382537
          0,           0,         239,      -12.48459322,      -9.506738954,      -9.970071808,       -6.94364127
          0,           0,         240,      -12.52796509,      -9.551216152,        -10.014802,      -6.987585378
          0,           0,         241,      -12.57271014,      -9.595636573,      -10.05921135,      -7.032478311
          0,           0,         242,      -12.61768259,      -9.640351132,       -10.1036374,      -7.077253386
          0,           0,         243,      -12.66019259,      -9.684289317,      -10.14878582,      -7.120160927
          0,           0,         244,      -12.70621042,      -9.728765103,      -10.19433062,      -7.166139376
          0,           0,         245,      -12.75098144,      -9.773370084,      -10.23809136,      -7.210498161
          0,           0,         246,      -12.79385956,      -9.817799164,       -10.2823848,      -7.254542793
          0,           0,         247,      -12.83755448,      -9.861998063,      -10.32673063,      -7.296937666
          0,           0,         248,      -12.88232281,      -9.906781433,      -10.37275089,      -7.343405546
          0,           0,         249,      -12.92535481,      -9.951076108,      -10.41623218,      -7.387804578
          0,           0,         250,      -12.96985942,      -9.995942269,      -10.45932377,      -7.431239314
          0,           0,         251,      -13.01609609,       -10.0401568,      -10.50484423,      -7.476744603
          0,           0,         252,      -13.05943717,      -10.08519451,      -10.54830627,      -7.520997169
          0,           0,         253,      -13.10073212,      -10.12891885,      -10.59561428,       -7.56127777
          0,           0,         254,      -13.13913927,      -10.17283557,       -10.6399613,      -7.603557828
          0,           0,         255,      -13.18513811,      -10.21784052,      -10.68235769,      -7.649322657
          0,           0,         256,      -13.22631976,      -10.26290579,      -10.72348715,      -7.693508795
          0,           0,         257,      -13.27739759,      -10.30701153,      -10.76770602,      -7.741731901
          0,           0,         258,      -13.31809336,      -10.35176047,      -10.81312961,      -7.783941009
          0,           0,         259,      -13.34331773,      -10.39341755,      -10.84437882,      -7.813992348
          0,           0,         260,      -13.40117434,      -10.44229663,      -10.89698305,      -7.869282945
          0,           0,         261,      -13.43371385,      -10.48271123,       -10.9311319,      -7.903201622
          0,           0,         262,      -13.48791764,       -10.5289354,      -10.98292433,      -7.956801801
          0,           0,         263,      -13.46544518,      -10.56152016,      -11.01919785,      -7.955331254
          0,           0,         264,      -13.52004239,      -10.61049115,      -11.06630694,      -8.016031656
          0,           0,         265,       -13.5682812,      -10.65141595,      -11.10267027,      -8.050908836
          0,           0,         266,      -13.62460305,      -10.70051133,      -11.12093972,      -8.090745274
          0,           0,         267,      -13.64415683,      -10.74343832,      -11.17514773,      -8.123812774
          0,           0,         268,      -13.69619258,      -10.79013267,      -11.21608524,       -8.17533308
          0,           0,         269,      -13.71170231,        -10.829306,      -11.24422859,      -8.196285837
          0,           0,         270,        -13.733351,      -10.86921537,      -11.25496107,      -8.214408462
          0,           0,         271,       -13.6729884,      -10.88352754,      -11.24882514,       -8.19922564
          0,           0,         272,      -13.75747633,      -10.94426427,      -11.30483508,      -8.248798237
          0,           0,         273,      -13.75814086,      -10.98893817,       -11.3624842,      -8.266009944
          0,           0,         274,      -13.78321495,      -11.00688033,      -11.28311017,      -8.286006571
          0,           0,         275,      -13.84110738,      -11.05972523,      -11.44700663,      -8.355817727
          0,           0,         276,      -13.81105305,       -11.0872635,      -11.38624819,      -8.327393183
          0,           0,         277,      -13.56421137,      -10.88536356,      -11.31445004,      -8.050848667
          0,           0,         278,      -13.74395666,      -11.12390059,      -11.35644367,      -8.264500032
          0,           0,         279,      -13.75219623,      -11.12996937,      -11.35021888,      -8.278364015
          0,           0,         280,      -13.76153505,      -11.06419686,      -11.42933725,      -8.231280823
          0,           0,         281,      -13.70218151,      -11.10574273,      -11.40034671,      -8.213214181
          0,           0,         282,       -13.7676387,      -11.20187474,      -11.33129596,      -8.289585996
          0,           0,         283,      -13.77758975,      -11.21301937,      -11.37423129,      -8.313537181
          0,           0,         284,      -13.87402909,      -11.32020415,      -11.54540694,      -8.455619586
          0,           0,         285,      -13.80041896,      -11.18907727,      -11.43760116,      -8.319112453
          0,           0,         286,      -13.82917077,      -11.23685042,      -11.38161858,      -8.347528239
          0,           0,         287,      -13.88447792,      -11.32605949,      -11.49084879,      -8.438122072
          0,           0,         288,      -13.80451301,      -11.21998586,      -11.47538371,      -8.329673857
          0,           0,         289,      -13.77726649,      -11.30848378,      -11.32451961,      -8.327770912
          0,           0,         290,      -13.81938329,      -11.27243003,      -11.33507752,      -8.351992528
          0,           0,         291,      -13.67463782,      -11.13596479,      -11.45245904,      -8.250314672
          0,           0,         292,      -13.79982028,       -11.2217135,      -11.42173372,      -8.350043095
          0,           0,         293,      -13.76937068,      -11.16252946,      -11.47855484,      -8.280460962
          0,           0,         294,      -13.91775799,      -11.37261904,      -11.54002368,      -8.487653267
          0,           0,         295,      -13.91497546,      -11.38475899,      -11.50215739,      -8.407784135
          0,           0,         296,        -13.823539,      -11.26333145,      -11.47563541,      -8.304220965
          0,           0,         297,      -13.73811822,      -11.26402983,       -11.3153943,      -8.273528643
          0,           0,         298,      -13.86198188,      -11.24062904,      -11.44027879,      -8.324539189
          0,           0,         299,      -13.84901217,      -11.22459378,      -11.51756234,      -8.293612215
          0,           0,         300,      -13.77947508,       -11.2588297,      -11.48066955,      -8.393361049
          0,           0,         301,      -13.83415212,      -11.28973327,      -11.51708302,      -8.422517394
          0,           0,         302,      -13.88633166,      -11.32166075,      -11.60400802,      -8.398757712
          0,           0,         303,      -13.89782756,      -11.37085583,      -11.43918611,      -8.390769768
          0,           0,         304,      -13.79953762,      -11.22099863,      -11.49126517,      -8.328770717
          0,           0,         305,      -14.00703341,      -11.44676831,      -11.58562613,      -8.518466964
          0,           0,         306,       -13.9414234,      -11.34206451,      -11.51002908,      -8.445230536
          0,           0,         307,      -13.90299705,      -11.37148038,      -11.40319077,      -8.423575979
          0,           0,         308,      -13.82526102,      -11.30499552,      -11.46412001,      -8.339067526
          0,           0,         309,      -13.90037114,       -11.3341006,      -11.47193779,      -8.388673601
          0,           0,         310,      -13.93681233,      -11.39544574,       -11.5482499,      -8.524738638
          0,           0,         311,      -13.89333302,      -11.37608988,      -11.61618355,      -8.476744771
          0,           0,         312,      -13.77814653,      -11.33093595,      -11.41420401,      -8.323048045
          0,           0,         313,      -13.85907119,      -11.21560791,      -11.42471809,      -8.383244246
          0,           0,         314,      -13.84412733,      -11.34766423,      -11.38635013,      -8.384571348
          0,           0,         315,      -13.91075698,       -11.3191341,      -11.44212962,      -8.405970535
          0,           0,         316,      -13.80764112,      -11.35106684,      -11.44071961,      -8.350534501
          0,           0,         317,      -13.85991754,      -11.33931827,      -11.50451028,      -8.388175162
          0,           0,         318,      -13.87197033,      -11.33291375,      -11.51533855,      -8.423005121
          0,           0,         319,      -13.80561672,      -11.36151896,      -11.36666134,      -8.341156101
          0,           0,         320,      -13.85237964,      -11.37219816,      -11.44842736,      -8.373309469
          0,           0,         321,      -13.81695752,      -11.35064554,      -11.46700123,      -8.363126966
          0,           0,         322,      -13.91810304,      -11.41804942,      -11.49567556,      -8.443013156
          0,           0,         323,      -13.87792292,      -11.27067367,      -11.44218103,      -8.378633914
          0,           0,         324,      -13.73491722,      -11.24650455,      -11.37294873,      -8.273881363
          0,           0,         325,      -13.85262981,       -11.2598674,      -11.46283587,      -8.356394565
          0,           0,         326,      -13.86563705,      -11.29788386,      -11.55512261,      -8.348618956
          0,           0,         327,      -13.93543844,      -11.35883146,      -11.53212061,      -8.466774749
          0,           0,         328,      -13.88819315,      -11.32622327,      -11.50102987,      -8.404954325
          0,           0,         329,      -13.87144449,      -11.23465699,      -11.55713414,      -8.386427189
          0,           0,         330,      -13.72180244,      -11.30873593,      -11.24266358,        -8.2434979
          0,           0,         331,      -13.84531252,      -11.36704537,      -11.49114208,      -8.388827151
          0,           0,         332,      -13.85802162,      -11.42686666,      -11.52078754,       -8.39825483
          0,           0,         333,      -13.80252467,      -11.30831938,      -11.54231938,      -8.308509761
          0,           0,         334,      -13.80641164,      -11.39765497,       -11.3807546,      -8.352237302
          0,           0,         335,      -13.66134869,       -11.0132279,      -11.52093106,      -8.152952836
          0,           0,         336,       -13.8110019,      -11.33759766,      -11.37310801,      -8.380326364
          0,           0,         337,      -13.80482399,      -11.33154429,        -11.389333,      -8.342292515
          0,           0,         338,      -13.86004173,       -11.2572709,      -11.49996397,      -8.375525067
          0,           0,         339,      -13.93255137,      -11.44622646,      -11.43470829,      -8.471319712
          0,           0,         340,      -13.91827953,      -11.37653423,         -11.45033,      -8.390346389
          0,           0,         341,      -13.97721133,      -11.42110652,      -11.55527366,      -8.484862356
          0,           0,         342,      -13.96951222,       -11.4254519,      -11.57914421,      -8.510062381
          0,           0,         343,      -13.96657587,      -11.31720975,       -11.5307562,      -8.404339051
          0,           0,         344,      -13.77056368,       -11.2929345,      -11.38390325,      -8.323436733
          0,           0,         345,      -13.96700154,      -11.42510427,      -11.49532685,      -8.506657067
          0,           0,         346,      -13.80931353,      -11.27143883,      -11.43748049,      -8.396178515
          0,           0,         347,      -13.99859742,      -11.39790481,       -11.5783159,      -8.466303129
          0,           0,         348,        -13.809948,      -11.25740951,      -11.50262839,      -8.349678771
          0,           0,         349,      -13.83991127,      -11.36566384,      -11.49075369,      -8.376668204
          0,           0,         350,      -13.92949056,      -11.41835999,      -11.46793033,      -8.432856598
          0,           0,         351,      -13.81351538,      -11.24039292,      -11.41687323,      -8.368100086
          0,           0,         352,      -13.89182599,      -11.39791624,      -11.42514065,      -8.477921243
          0,           0,         353,      -13.83155128,      -11.34436413,      -11.50160882,      -8.402909929
          0,           0,         354,        -13.870926,      -11.36269933,      -11.41949362,      -8.378846816
          0,           0,         355,       -13.7475857,      -11.24652449,      -11.52837366,      -8.306323679
          0,           0,         356,      -13.80722757,       -11.3027535,      -11.43053705,       -8.33942128
          0,           0,         357,      -13.82378059,      -11.44455049,      -11.40308455,      -8.371707598
          0,           0,         358,      -13.81527624,      -11.33252668,      -11.53790554,       -8.42264296
          0,           0,         359,      -13.76821374,      -11.32657441,      -11.35431969,      -8.307812013
          0,           0,         360,      -13.87993712,      -11.39007357,      -11.40531909,      -8.444376486
          0,           0,         361,      -13.83769322,      -11.27493728,      -11.47051354,      -8.347039278
          0,           0,         362,      -13.86034769,      -11.35437255,      -11.40229222,      -8.375328827
          0,           0,         363,      -13.84805605,      -11.39204102,       -11.4486202,      -8.410837765
          0,           0,         364,      -13.76754305,      -11.28258949,      -11.54755339,      -8.374735026
          0,           0,         365,      -13.75284017,      -11.14172993,      -11.43855642,      -8.304505912
          0,           0,         366,      -13.74298832,      -11.31026213,       -11.3182814,      -8.317492852
          0,           0,         367,      -13.86755606,      -11.35612093,      -11.50703531,      -8.425035515
          0,           0,         368,      -13.79082545,      -11.34938567,      -11.44107441,      -8.365417275
          0,           0,         369,      -13.92451682,      -11.40990919,      -11.55142035,      -8.469319074
          0,           0,         370,      -13.84046807,      -11.29057205,      -11.53071047,      -8.351492992
          0,           0,         371,      -13.86943361,      -11.34174815,      -11.44607962,      -8.383210748
          0,           0,         372,      -13.99484706,      -11.40333022,      -11.55882463,      -8.521179721
          0,           0,         373,      -13.87389861,      -11.44002666,      -11.48590334,      -8.434268339
          0,           0,         374,      -13.89418842,      -11.27449222,      -11.43356895,      -8.380596997
          0,           0,         375,      -13.94960657,      -11.37647679,      -11.47044833,      -8.458703515
          0,           0,         376,      -13.69379305,      -11.16985872,      -11.37312471,      -8.259820383
          0,           0,         377,      -13.90631409,      -11.29661126,      -11.56202728,      -8.429727153
          0,           0,         378,      -13.84200712,      -11.38846462,      -11.40374229,       -8.36249435
          0,           0,         379,      -13.89434581,      -11.35072869,      -11.57886183,      -8.458145561
          0,           0,         380,       -13.8315061,      -11.27475217,      -11.44154111,      -8.355198748
          0,           0,         381,      -13.95376814,      -11.44639127,      -11.45311994,      -8.454858526
          0,           0,         382,        -13.890754,      -11.42603589,      -11.39405832,      -8.390990466
          0,           0,         383,      -13.87867719,       -11.3650623,      -11.49297793,      -8.416078844
          0,           0,         384,      -13.96794987,      -11.38911017,      -11.45925192,      -8.460237318
          0,           0,         385,      -13.77761275,      -11.23198384,      -11.39610703,      -8.272687639
          0,           0,         386,      -13.85699142,      -11.28814324,      -11.50090333,      -8.395221243
          0,           0,         387,        -13.905386,      -11.20045778,      -11.58334442,      -8.316763907
          0,           0,         388,      -13.78989813,      -11.27862319,      -11.41693941,      -8.352324273
          0,           0,         389,      -13.96434674,       -11.4401435,      -11.48403389,      -8.499635871
          0,           0,         390,      -13.81484456,      -11.30386188,      -11.41117993,      -8.312697901
          0,           0,         391,      -13.91526007,      -11.41376456,       -11.5142404,      -8.383876734
          0,           0,         392,      -13.74020776,      -11.13275065,      -11.42019115,      -8.257938982
          0,           0,         393,      -13.90250735,      -11.36076384,      -11.40918137,      -8.425865875
          0,           0,         394,      -13.79472542,      -11.23076367,      -11.51897956,      -8.290416394
          0,           0,         395,      -13.93809421,      -11.45076769,      -11.52288238,      -8.475893402
          0,           0,         396,      -13.80783417,      -11.27394202,      -11.37341614,      -8.343163077
          0,           0,         397,      -13.89734496,      -11.32966846,      -11.52726859,      -8.435332905
          0,           0,         398,      -13.90651561,      -11.38383009,      -11.48256715,      -8.472861456
          0,           0,         399,      -13.74173966,      -11.24822023,       -11.5234762,      -8.310950703
          0,           0,         400,      -13.72043152,      -11.29361808,      -11.47126897,       -8.32658108
          0,           0,         401,      -13.87143335,      -11.29843633,      -11.48176297,      -8.411358619
          0,           0,         402,      -13.86774506,      -11.35604138,      -11.43780218,      -8.424940448
          0,           0,         403,       -13.9357683,      -11.42739017,      -11.58374422,      -8.489678793
          0,           0,         404,      -13.91492668,      -11.35725601,      -11.57438093,      -8.457587356
          0,           0,         405,      -13.82980373,      -11.24857241,      -11.57826563,      -8.337082769
          0,           0,         406,      -13.84128819,      -11.28400827,      -11.42855032,      -8.364549598
          0,           0,         407,      -13.78370634,      -11.28170521,      -11.30706932,      -8.298317425
          0,           0,         408,      -13.85649928,       -11.2188179,      -11.55394003,       -8.34154026
          0,           0,         409,      -13.77520343,       -11.1118128,      -11.41448113,      -8.236161509
          0,           0,         410,      -13.74164012,      -11.11549666,      -11.37058959,      -8.256190335
          0,           0,         411,      -13.87776276,      -11.31475794,      -11.46031167,       -8.37334821
          0,           0,         412,      -13.88264339,      -11.43667351,      -11.48068431,       -8.44296086
          0,           0,         413,      -13.83443693,      -11.34030898,      -11.49914225,      -8.404213418
          0,           0,         414,      -13.97244509,      -11.43315927,      -11.53111945,      -8.454459228
          0,           0,         415,      -13.85155929,      -11.31039562,      -11.42238496,      -8.400179399
          0,           0,         416,      -13.92120939,      -11.34751871,      -11.56498961,      -8.394842226
          0,           0,         417,      -13.87868611,      -11.28814541,      -11.52853715,      -8.416918998
          0,           0,         418,      -13.87957436,      -11.34458063,      -11.42770253,      -8.405531312
          0,           0,         419,      -13.79193219,      -11.37861939,      -11.30363772,        -8.3457879
          0,           0,         420,       -13.8036348,      -11.17645384,      -11.46647735,      -8.288514093
          0,           0,         421,      -13.90787282,      -11.39872438,      -11.40444664,       -8.46339997
          0,           0,         422,      -14.00800236,      -11.39552658,      -11.55919898,      -8.509533677
          0,           0,         423,      -13.72766069,      -11.20917176,      -11.42955531,       -8.28987178
          0,           0,         424,      -13.88320907,      -11.34954807,      -11.49919886,      -8.418531809
          0,           0,         425,       -13.7976694,      -11.22975123,      -11.33309018,      -8.303161585
          0,           0,         426,      -13.93527405,       -11.3613573,      -11.41499594,      -8.422421239
          0,           0,         427,      -13.88000981,      -11.30126318,      -11.44507704,      -8.378249626
          0,           0,         428,      -13.82338138,      -11.37292218,      -11.44229483,      -8.409971864
          0,           0,         429,      -13.87099788,      -11.31489349,      -11.37111014,        -8.3381071
          0,           0,         430,      -13.83707367,      -11.26262839,      -11.53973071,      -8.379419678
          0,           0,         431,      -13.88349133,      -11.40362168,      -11.41856466,      -8.412971424
          0,           0,         432,      -13.76345002,      -11.27921356,      -11.27104953,      -8.285473268
          0,           0,         433,      -13.88827204,      -11.36251141,      -11.47219174,      -8.434646997
          0,           0,         434,      -13.80440343,      -11.35657234,      -11.38770897,      -8.386884837
          0,           0,         435,      -13.84725934,      -11.28998656,      -11.52652367,      -8.391935777
          0,           0,         436,      -13.90881081,      -11.40331994,       -11.5178082,      -8.445716747
          0,           0,         437,      -13.96131658,      -11.43406015,      -11.48841949,      -8.498582085
          0,           0,         438,      -13.79788421,      -11.16238627,      -11.42678012,      -8.309213912
          0,           0,         439,      -13.95299674,       -11.3397514,      -11.52118275,      -8.459730906
          0,           0,         440,      -13.83725291,      -11.34925559,      -11.40778785,      -8.388682183
          0,           0,         441,      -13.88928295,      -11.28197334,       -11.5033549,      -8.406317113
          0,           0,         442,      -13.85103115,       -11.4252916,      -11.44202146,      -8.372637745
          0,           0,         443,      -13.80706509,      -11.36414791,      -11.51624792,       -8.37749669
          0,           0,         444,      -13.84315332,      -11.27887685,      -11.45737178,      -8.391834747
          0,           0,         445,      -13.92552546,       -11.3966257,      -11.50628679,      -8.406374313
          0,           0,         446,      -13.90833137,       -11.3276497,      -11.47063982,      -8.397419843
          0,           0,         447,      -13.81667962,      -11.23512583,      -11.44936833,      -8.289975662
          0,           0,         448,      -13.90214503,      -11.39861875,      -11.63672379,      -8.440956772
          0,           0,         449,       -13.7780192,      -11.38908523,      -11.35225686,      -8.332623462
          0,           0,         450,      -13.85494929,      -11.29481163,      -11.46658962,      -8.342620544
          0,           0,         451,      -13.86233951,      -11.27109336,      -11.43822664,      -8.417261639
          0,           0,         452,      -13.77939868,      -11.23725085,      -11.48772594,      -8.343208355
          0,           0,         453,      -13.95807115,      -11.37793108,      -11.58632971,      -8.493712958
          0,           0,         454,       -13.8099949,       -11.3929767,      -11.39582931,      -8.343155451
          0,           0,         455,      -13.91678757,      -11.26429597,      -11.51827168,      -8.470627706
          0,           0,         456,      -14.06579724,      -11.44225022,       -11.6358965,      -8.517433268
          0,           0,         457,      -13.85593298,      -11.37633691,      -11.47160813,      -8.389074032
          0,           0,         458,      -13.80648125,      -11.31540231,      -11.44040288,      -8.364547629
          0,           0,         459,      -13.82005681,      -11.26146697,      -11.47404662,      -8.326766426
          0,           0,         460,      -13.86440264,      -11.32585115,        -11.480095,      -8.411669179
          0,           0,         461,      -13.84330138,      -11.37011186,      -11.45886609,      -8.396057765
          0,           0,         462,      -13.93603396,      -11.33091462,      -11.54997938,      -8.421649375
          0,           0,         463,      -13.90178826,      -11.40810484,      -11.51666185,      -8.418169347
          0,           0,         464,      -13.80930337,      -11.33104025,       -11.3797317,       -8.32292414
          0,           0,         465,      -13.87783391,      -11.30483987,      -11.49978432,      -8.433262694
          0,           0,         466,      -14.01823291,      -11.40462753,      -11.58042754,      -8.440633109
          0,           0,         467,      -13.89823353,       -11.4000183,       -11.4348476,       -8.38734893
          0,           0,         468,      -13.86475068,      -11.33916525,      -11.51032701,      -8.376755625
          0,           0,         469,      -13.83490767,      -11.42080194,      -11.43930365,      -8.407867898
          0,           0,         470,      -13.97352224,      -11.45450232,       -11.4156793,      -8.484027099
          0,           0,         471,      -13.86979711,      -11.36257003,      -11.59518325,      -8.399286319
          0,           0,         472,       -13.8573198,      -11.27161471,      -11.36600142,      -8.391384325
          0,           0,         473,      -13.88300895,      -11.34451733,      -11.57344466,      -8.407537512
          0,           0,         474,      -13.91158353,      -11.46071078,      -11.44622223,      -8.431454458
          0,           0,         475,       -13.8922725,      -11.29261719,      -11.49467981,       -8.41300568
          0,           0,         476,      -13.89989529,      -11.36755824,      -11.41728563,      -8.426114625
          0,           0,         477,      -13.80585783,      -11.20766907,      -11.50809375,      -8.307425669
          0,           0,         478,      -14.00145069,       -11.3639577,      -11.57480864,      -8.552044863
          0,           0,         479,      -13.91758813,      -11.34295794,      -11.42447876,      -8.379638541
          0,           0,         480,      -13.93671431,      -11.44230764,      -11.47890138,      -8.431799501
          0,           0,         481,      -13.95646851,      -11.34499832,      -11.56200163,      -8.423820173
          0,           0,         482,      -13.70855111,      -11.12805304,       -11.3277373,      -8.243125395
          0,           0,         483,      -13.86610971,      -11.34017969,      -11.36198688,      -8.386528369
          0,           0,         484,      -13.81229322,      -11.32826503,      -11.33665557,      -8.343872652
          0,           0,         485,      -13.81265575,      -11.37227365,      -11.49593967,      -8.401024321
          0,           0,         486,       -13.7582685,      -11.23706023,      -11.45065805,      -8.307928288
          0,           0,         487,      -13.88479974,       -11.3135998,      -11.43944036,       -8.33315355
          0,           0,         488,      -13.97698601,      -11.45939322,       -11.4838048,      -8.536707783
          0,           0,         489,      -13.90120172,      -11.39148973,      -11.45626867,      -8.425462327
          0,           0,         490,      -13.77893576,       -11.1830528,      -11.55735338,      -8.324218412
          0,           0,         491,      -13.77781322,      -11.23675823,      -11.48740191,      -8.326089288
          0,           0,         492,      -13.82387069,      -11.41281293,      -11.47069031,      -8.363679013
          0,           0,         493,      -13.92867844,      -11.34405627,      -11.59727017,      -8.447631051
          0,           0,         494,      -13.76469448,      -11.25679109,      -11.39984627,      -8.375302809
          0,           0,         495,      -13.87240044,      -11.31745014,      -11.45519377,      -8.372056172
          0,           0,         496,      -13.82711989,      -11.20280921,      -11.46995709,       -8.31840516
          0,           0,         497,       -13.7494623,      -11.15684256,      -11.47322074,       -8.25321664
          0,           0,         498,      -13.87975435,      -11.38357492,      -11.48500576,      -8.434786179
          0,           0,         499,      -13.92918037,      -11.35259986,      -11.48265353,      -8.419656125
          0,           0,         500,      -13.92832419,       -11.3692698,       -11.5475595,      -8.432035367
          0,           0,         501,      -13.98018043,      -11.46404759,      -11.40650529,      -8.469669946
          0,           0,         502,      -13.85191672,      -11.47878279,      -11.46074271,      -8.413347738
          0,           0,         503,      -13.78783269,      -11.33165638,      -11.32617633,      -8.341574572
          0,           0,         504,      -13.77266907,      -11.24166293,      -11.45200387,      -8.325946221
          0,           0,         505,      -13.79951381,      -11.27232601,      -11.34546854,      -8.319488965
          0,           0,         506,      -13.91926405,      -11.35343709,       -11.4681612,      -8.457848324
          0,           0,         507,      -13.85334997,      -11.26528497,      -11.52859057,      -8.362344033
          0,           0,         508,      -13.89701758,      -11.42637082,      -11.45483271,      -8.413288834
          0,           0,         509,      -13.79126638,      -11.24741347,      -11.44864521,      -8.342370302
          0,           0,         510,      -13.81011572,      -11.25503719,      -11.45313999,      -8.386221333
          0,           0,         511,      -13.90270194,      -11.36436675,      -11.53321285,      -8.391107771
          0,           0,         512,      -13.71531019,      -11.23405781,      -11.31212586,      -8.277854455
          0,           0,         513,      -13.88046758,      -11.36022948,      -11.55585757,      -8.450527175
          0,           0,         514,      -13.82410441,      -11.29622315,      -11.55077597,      -8.402304508
          0,           0,         515,      -13.84265917,      -11.15148828,      -11.53163343,      -8.316237724
          0,           0,         516,      -13.96410508,      -11.43049333,      -11.55325297,       -8.45492412
          0,           0,         517,      -13.92314969,      -11.37144677,      -11.46504186,      -8.382835662
          0,           0,         518,      -13.78354266,      -11.36338526,      -11.53327723,      -8.379968231
          0,           0,         519,      -13.94719842,      -11.41111916,      -11.47071516,      -8.504172688
          0,           0,         520,      -13.99947934,      -11.36728446,      -11.58965584,      -8.428923435
          0,           0,         521,      -13.73828809,      -11.24712926,      -11.40994873,      -8.244590223
          0,           0,         522,      -13.83485296,      -11.29759393,      -11.51114753,      -8.432297204
          0,           0,         523,      -13.90722431,      -11.39446954,      -11.47399764,      -8.432417912
          0,           0,         524,      -13.89308827,      -11.30249983,      -11.46897233,      -8.365592065
          0,           0,         525,      -13.95983018,      -11.43184625,      -11.52523367,      -8.448466763
          0,           0,         526,      -13.83166861,      -11.29657252,      -11.57732024,      -8.337467185
          0,           0,         527,      -13.78680103,       -11.3261726,      -11.40443396,      -8.258022434
          0,           0,         528,      -14.01951075,       -11.4651571,       -11.5386016,      -8.455563981
          0,           0,         529,      -13.86377059,      -11.33576354,      -11.47293018,      -8.349084272
          0,           0,         530,      -13.78280017,      -11.32772703,      -11.43412815,       -8.39090038
          0,           0,         531,      -13.83630147,      -11.33217562,      -11.39895825,      -8.399066857
          0,           0,         532,      -13.87841902,        -11.432727,      -11.41790353,      -8.439084644
          0,           0,         533,      -13.89121716,       -11.3445618,      -11.50596116,      -8.399934245
          0,           0,         534,      -13.83494742,      -11.38168143,      -11.32781105,      -8.377622767
          0,           0,         535,      -13.89834101,      -11.35741145,      -11.52105246,      -8.411209168
          0,           0,         536,      -13.67207214,      -11.27323912,      -11.42585855,      -8.236930086
          0,           0,         537,      -13.82209784,      -11.22332795,      -11.62125939,       -8.35623284
          0,           0,         538,       -13.7306386,      -11.19564506,      -11.39260066,      -8.251464166
          0,           0,         539,      -13.94084869,      -11.30971742,      -11.56907144,      -8.461225806
          0,           0,         540,      -13.87303103,      -11.39404539,      -11.49924724,       -8.35111056
          0,           0,         541,      -13.91283023,      -11.37921118,      -11.48186509,      -8.513763147
          0,           0,         542,      -13.71047123,      -11.17053122,      -11.47874174,      -8.218185732
          0,           0,         543,      -13.87314607,       -11.3019828,      -11.47290075,      -8.375288971
          0,           0,         544,      -13.77448723,      -11.35105219,      -11.34762718,      -8.291262322
          0,           0,         545,      -13.84666878,      -11.45512979,      -11.39820525,      -8.370231587
          0,           0,         546,      -13.93265897,      -11.44781519,      -11.52005301,      -8.491311226
          0,           0,         547,      -13.80536734,      -11.21343822,       -11.4296121,      -8.272200194
          0,           0,         548,      -13.91980907,      -11.33026077,      -11.53882574,      -8.430991439
          0,           0,         549,      -13.77169959,      -11.12453825,      -11.55908811,      -8.275900976
          0,           0,         550,      -13.96716078,      -11.42262214,       -11.5581156,      -8.454926475
          0,           0,         551,       -13.8943471,      -11.35372144,      -11.66692946,      -8.481212676
          0,           0,         552,      -13.92327342,      -11.31674511,      -11.56204992,      -8.420046415
          0,           0,         553,      -13.84986016,       -11.3789267,      -11.42337218,      -8.392656758
          0,           0,         554,      -13.94987797,      -11.39218023,      -11.46064508,      -8.440110942
          0,           0,         555,      -13.81502236,      -11.23625156,       -11.5056295,      -8.341680491
          0,           0,         556,      -13.82393562,      -11.28825439,      -11.41684965,      -8.349560229
          0,           0,         557,      -13.86591154,      -11.28881559,      -11.53479169,      -8.387924121
          0,           0,         558,      -13.87603333,      -11.32696209,      -11.39335376,      -8.395288379
          0,           0,         559,      -13.92646098,      -11.37006215,       -11.5284389,      -8.478064652
          0,           0,         560,      -13.79788947,      -11.29294378,       -11.3915002,       -8.36138053
          0,           0,         561,      -13.85079767,       -11.3425479,      -11.53416231,      -8.414201468
          0,           0,         562,      -13.72338267,      -11.13273756,      -11.40952113,      -8.237189637
          0,           0,         563,      -13.79715818,      -11.27128005,      -11.41514973,      -8.322613583
          0,           0,         564,      -13.86324849,      -11.46653801,      -11.48498419,      -8.395202476
          0,           0,         565,      -13.94660475,       -11.3998706,       -11.5711739,      -8.425310836
          0,           0,         566,      -13.84636917,      -11.22143215,      -11.52748817,      -8.305477346
          0,           0,         567,      -13.87340235,      -11.35065888,      -11.55678686,      -8.426748617
          0,           0,         568,      -13.86646754,      -11.36077138,      -11.41044934,      -8.384269296
          0,           0,         569,      -13.95718491,      -11.38543258,      -11.59746525,      -8.415876654
          0,           0,         570,      -13.94604208,      -11.37029011,      -11.52787391,       -8.51259844
          0,           0,         571,      -13.89291385,      -11.33384371,      -11.50017285,       -8.40307226
          0,           0,         572,       -13.8763956,      -11.30840169,      -11.48256659,       -8.39534517
          0,           0,         573,      -13.89543806,      -11.41473071,      -11.48381684,      -8.391034725
          0,           0,         574,        -13.942338,        -11.417142,      -11.44809545,      -8.431192952
          0,           0,         575,       -13.7046503,      -11.21028288,      -11.53392709,       -8.29891908
          0,           0,         576,      -13.81223044,      -11.18977751,      -11.45885676,      -8.337772835
          0,           0,         577,      -13.93066246,      -11.42754105,      -11.46053032,      -8.421623653
          0,           0,         578,      -13.95048242,      -11.46473657,      -11.57198936,      -8.475073529
          0,           0,         579,      -13.83286559,      -11.27944998,        -11.545003,      -8.382242892
          0,           0,         580,      -13.82415143,      -11.30025089,      -11.44058374,      -8.362088273
          0,           0,         581,      -13.71724006,      -11.21092464,      -11.36378778,       -8.27396813
          0,           0,         582,      -13.95322607,      -11.33216088,      -11.48692803,      -8.431368261
          0,           0,         583,      -13.72968494,      -11.24533724,      -11.31940593,      -8.244826238
          0,           0,         584,      -13.94223806,      -11.38665777,      -11.46221145,      -8.476085066
          0,           0,         585,      -13.86369833,      -11.41988585,      -11.39280312,      -8.372052235
          0,           0,         586,      -14.01265466,      -11.50609282,      -11.51631423,      -8.508322081
          0,           0,         587,       -13.8493575,      -11.29609317,      -11.48231046,      -8.405015508
          0,           0,         588,      -13.85208197,      -11.32442946,      -11.48067838,      -8.390293512
          0,           0,         589,      -13.90642948,      -11.43417629,       -11.5653643,      -8.459686849
          0,           0,         590,      -13.80020136,      -11.27792036,      -11.53674183,      -8.357516515
          0,           0,         591,      -13.84247454,      -11.40316095,      -11.48905486,      -8.393944401
          0,           0,         592,      -13.94976719,       -11.3959059,      -11.48073383,      -8.451668001
          0,           0,         593,      -13.92578454,      -11.47086057,      -11.51074215,      -8.444758142
          0,           0,         594,      -13.94273918,      -11.42093408,      -11.52717407,      -8.481094816
          0,           0,         595,      -13.81894434,      -11.21342571,      -11.50739147,      -8.374491819
          0,           0,         596,      -13.93183612,      -11.42838297,      -11.51909558,      -8.456237417
          0,           0,         597,       -13.8639122,      -11.33557309,      -11.52344498,      -8.412623202
          0,           0,         598,      -13.76914197,      -11.22847016,      -11.39453388,      -8.350208279
          0,           0,         599,      -13.91110407,      -11.41702107,      -11.51190985,      -8.488414251
          0,           0,         600,      -13.82398703,      -11.24099873,      -11.36600828,      -8.330021453
