VARIABLES = \
"Time_Iter","Outer_Iter","Inner_Iter",    "rms[Rho]"    ,    "rms[RhoU]"   ,    "rms[RhoV]"   ,    "rms[RhoE]"   
          0,           0,           0,     -0.6474971197,       1.632104241,       1.844218499,       4.812131083
          0,           0,           1,     -0.6838803831,       1.664363588,       1.833071473,       4.786115651
          0,           0,           2,      -0.877526586,       1.469500948,       1.596458847,       4.588334303
          0,           0,           3,       -1.10822577,       1.277746157,       1.304818515,       4.363498749
          0,           0,           4,       -1.30532235,       1.147495554,       1.136345987,       4.169702704
          0,           0,           5,      -1.504314567,       1.043669026,      0.9623073609,       3.973881976
          0,           0,           6,      -1.689413989,      0.9724213642,      0.8026477009,       3.802932102
          0,           0,           7,      -1.852259282,      0.9073202801,      0.6472478805,        3.65698301
          0,           0,           8,      -1.999571414,      0.8498414529,      0.5038909912,       3.526091486
          0,           0,           9,       -2.12603281,      0.7972402486,      0.3720687348,       3.419890955
          0,           0,          10,      -2.241844132,      0.7478343354,      0.2764147321,        3.33257358
          0,           0,          11,      -2.351672979,      0.6985349298,      0.2154183914,       3.252576373
          0,           0,          12,      -2.459089666,      0.6451561492,        0.15547243,       3.170190204
          0,           0,          13,      -2.567118115,      0.5860973163,     0.08434419558,       3.082738027
          0,           0,          14,      -2.669331237,      0.5221001547,    0.006327682393,       2.995075752
          0,           0,          15,      -2.755875666,      0.4548905803,    -0.07336756873,       2.913099616
          0,           0,          16,      -2.827990346,      0.3862201991,     -0.1531205936,       2.837302877
          0,           0,          17,      -2.895000207,      0.3175583291,     -0.2331779488,       2.764323293
          0,           0,          18,      -2.962074184,      0.2500364599,      -0.313470287,       2.691957298
          0,           0,          19,      -3.028684726,       0.184405433,     -0.3930041061,       2.620420803
          0,           0,          20,      -3.092441841,      0.1210073355,      -0.470374107,       2.551070207
          0,           0,          21,      -3.151631429,     0.05989278886,     -0.5444702831,        2.48516276
          0,           0,          22,      -3.205495032,   0.0008980710936,     -0.6144944207,        2.42348713
          0,           0,          23,      -3.254187238,    -0.05623543316,     -0.6798112395,       2.366171617
          0,           0,          24,      -3.298692649,     -0.1117967649,     -0.7399033615,       2.312657609
          0,           0,          25,       -3.34038651,     -0.1660720206,     -0.7945572039,       2.261981997
          0,           0,          26,      -3.380524366,     -0.2193090443,     -0.8440639746,       2.213151633
          0,           0,          27,      -3.419840026,      -0.271735775,     -0.8891593552,       2.165478267
          0,           0,          28,      -3.458633638,     -0.3234952932,     -0.9309514956,       2.118630889
          0,           0,          29,      -3.497079487,     -0.3746703317,     -0.9704901764,       2.072441088
          0,           0,          30,      -3.535296934,     -0.4253141491,      -1.008693146,       2.026835561
          0,           0,          31,      -3.573433847,     -0.4754645022,      -1.046234263,       1.981739131
          0,           0,          32,      -3.611664127,     -0.5251623188,      -1.083561785,       1.937038628
          0,           0,          33,      -3.650154492,     -0.5744353008,       -1.12091798,       1.892612882
          0,           0,          34,      -3.689039309,     -0.6233208899,      -1.158403591,       1.848370961
          0,           0,          35,      -3.728388389,     -0.6718554769,      -1.196131457,        1.80424145
          0,           0,          36,      -3.768283241,     -0.7200621536,       -1.23426309,       1.760135833
          0,           0,          37,        -3.8087353,     -0.7679655061,      -1.272846171,       1.716002852
          0,           0,          38,      -3.849766072,     -0.8155993278,      -1.311884111,       1.671782755
          0,           0,          39,      -3.891270436,     -0.8629758917,      -1.351411464,       1.627525747
          0,           0,          40,       -3.93313579,     -0.9100913096,       -1.39140697,        1.58328496
          0,           0,          41,       -3.97532026,      -0.956953718,      -1.431794568,       1.539059408
          0,           0,          42,      -4.017803529,      -1.003570777,      -1.472507648,       1.494834222
          0,           0,          43,      -4.060560119,      -1.049945256,      -1.513490795,       1.450599717
          0,           0,          44,       -4.10356053,      -1.096077522,      -1.554692745,       1.406353026
          0,           0,          45,      -4.146771046,      -1.141968233,      -1.596066497,       1.362099929
          0,           0,          46,      -4.190155076,      -1.187618507,       -1.63757374,       1.317852487
          0,           0,          47,      -4.233675565,      -1.233030578,      -1.679185036,       1.273625728
          0,           0,          48,       -4.27729791,      -1.278208673,      -1.720878059,       1.229434755
          0,           0,          49,      -4.320993347,      -1.323159211,      -1.762633551,       1.185291751
          0,           0,          50,      -4.364738954,      -1.367889802,      -1.804433547,       1.141205693
          0,           0,          51,      -4.408518286,      -1.412408908,      -1.846260063,       1.097180908
          0,           0,          52,      -4.452315639,      -1.456726846,      -1.888100818,       1.053222664
          0,           0,          53,      -4.496119093,      -1.500854198,      -1.929944591,       1.009333431
          0,           0,          54,      -4.539919956,      -1.544801859,      -1.971782442,      0.9655134578
          0,           0,          55,       -4.58371158,      -1.588580963,      -2.013607882,      0.9217618724
          0,           0,          56,      -4.627488276,       -1.63220273,      -2.055416284,      0.8780775431
          0,           0,          57,      -4.671245533,      -1.675678626,      -2.097204222,       0.834458766
          0,           0,          58,      -4.714980567,      -1.719020682,      -2.138968879,      0.7909027022
          0,           0,          59,      -4.758691738,      -1.762239996,      -2.180711809,      0.7474057737
          0,           0,          60,      -4.802378704,      -1.805348507,      -2.222433932,      0.7039633935
          0,           0,          61,      -4.846041403,      -1.848358066,      -2.264136218,      0.6605709002
          0,           0,          62,      -4.889680193,      -1.891279288,      -2.305821907,      0.6172237633
          0,           0,          63,      -4.933297351,      -1.934121891,      -2.347495305,      0.5739157924
          0,           0,          64,      -4.976894225,      -1.976894799,      -2.389159451,      0.5306418048
          0,           0,          65,      -5.020468639,      -2.019606059,      -2.430816948,      0.4874007946
          0,           0,          66,      -5.064020286,      -2.062262357,      -2.472469053,      0.4441901725
          0,           0,          67,      -5.107548654,      -2.104869639,       -2.51411585,      0.4010079381
          0,           0,          68,      -5.151052577,      -2.147433232,      -2.555756872,      0.3578530126
          0,           0,          69,      -5.194530273,      -2.189957887,      -2.597391466,      0.3147251568
          0,           0,          70,      -5.237979843,      -2.232447922,      -2.639018863,       0.271624534
          0,           0,          71,      -5.281399452,      -2.274907246,        -2.6806382,      0.2285515626
          0,           0,          72,      -5.324787389,      -2.317339445,      -2.722248618,      0.1855068156
          0,           0,          73,      -5.368141975,      -2.359747783,      -2.763849341,      0.1424910671
          0,           0,          74,      -5.411461618,      -2.402135204,      -2.805439746,     0.09950520208
          0,           0,          75,       -5.45474494,      -2.444504346,      -2.847019344,     0.05655008007
          0,           0,          76,      -5.497990834,      -2.486857554,      -2.888587743,     0.01362645954
          0,           0,          77,      -5.541198427,      -2.529196883,      -2.930144604,    -0.02926501465
          0,           0,          78,      -5.584367022,      -2.571524117,      -2.971689602,    -0.07212378954
          0,           0,          79,       -5.62749602,      -2.613840833,      -3.013222377,     -0.1149493643
          0,           0,          80,      -5.670584734,      -2.656148675,      -3.054742359,     -0.1577411299
          0,           0,          81,      -5.713632644,      -2.698448509,      -3.096249534,     -0.2004986591
          0,           0,          82,      -5.756639805,      -2.740741418,      -3.137743585,     -0.2432220043
          0,           0,          83,      -5.799606169,      -2.783028333,      -3.179224116,     -0.2859111159
          0,           0,          84,      -5.842531455,      -2.825310023,      -3.220690863,     -0.3285657304
          0,           0,          85,      -5.885415453,      -2.867587148,      -3.262143676,     -0.3711856354
          0,           0,          86,      -5.928258133,      -2.909860246,      -3.303582442,     -0.4137707468
          0,           0,          87,      -5.971059638,      -2.952129726,      -3.345007081,     -0.4563211036
          0,           0,          88,      -6.013820235,      -2.994395861,      -3.386417568,     -0.4988368284
          0,           0,          89,      -6.056540247,      -3.036658794,      -3.427813928,     -0.5413180819
          0,           0,          90,      -6.099220029,      -3.078918531,      -3.469196191,     -0.5837650417
          0,           0,          91,      -6.141859955,      -3.121174947,      -3.510564375,     -0.6261778999
          0,           0,          92,      -6.184460424,      -3.163427789,      -3.551918478,     -0.6685568656
          0,           0,          93,      -6.227021854,      -3.205676693,      -3.593258481,     -0.7109021605
          0,           0,          94,      -6.269544678,      -3.247921182,      -3.634584364,     -0.7532140129
          0,           0,          95,       -6.31202933,      -3.290160679,      -3.675896109,     -0.7954926451
          0,           0,          96,      -6.354476239,      -3.332394515,      -3.717193707,     -0.8377382688
          0,           0,          97,      -6.396885821,      -3.374621931,      -3.758477154,     -0.8799510789
          0,           0,          98,       -6.43925848,      -3.416842087,      -3.799746457,      -0.922131257
          0,           0,          99,      -6.481594608,       -3.45905407,      -3.841001624,     -0.9642789725
          0,           0,         100,      -6.523894574,      -3.501256894,      -3.882242658,      -1.006394377
          0,           0,         101,       -6.56615872,      -3.543449509,      -3.923469557,        -1.0484776
          0,           0,         102,      -6.608387353,      -3.585630803,      -3.964682305,      -1.090528751
          0,           0,         103,      -6.650580741,      -3.627799609,      -4.005880873,      -1.132547909
          0,           0,         104,      -6.692739093,      -3.669954709,       -4.04706521,      -1.174535111
          0,           0,         105,      -6.734862555,      -3.712094839,      -4.088235254,      -1.216490347
          0,           0,         106,      -6.776951203,      -3.754218692,      -4.129390919,      -1.258413555
          0,           0,         107,      -6.819005038,      -3.796324924,      -4.170532102,      -1.300304612
          0,           0,         108,      -6.861023968,      -3.838412157,      -4.211658681,      -1.342163324
          0,           0,         109,      -6.903007815,      -3.880478986,      -4.252770508,      -1.383989431
          0,           0,         110,      -6.944956298,       -3.92252398,      -4.293867416,      -1.425782585
          0,           0,         111,      -6.986869025,      -3.964545687,       -4.33494921,      -1.467542356
          0,           0,         112,      -7.028745486,      -4.006542639,       -4.37601567,      -1.509268216
          0,           0,         113,      -7.070585085,      -4.048513353,      -4.417066541,      -1.550959567
          0,           0,         114,      -7.112387076,      -4.090456333,      -4.458101541,       -1.59261568
          0,           0,         115,      -7.154150616,      -4.132370087,      -4.499120363,      -1.634235776
          0,           0,         116,      -7.195874737,      -4.174253113,       -4.54012267,      -1.675818947
          0,           0,         117,      -7.237558367,      -4.216103912,      -4.581108072,      -1.717364207
          0,           0,         118,      -7.279200324,      -4.257920996,      -4.622076188,      -1.758870491
          0,           0,         119,      -7.320799309,       -4.29970288,      -4.663026556,       -1.80033661
          0,           0,         120,      -7.362353915,      -4.341448096,      -4.703958731,      -1.841761313
          0,           0,         121,      -7.403862665,      -4.383155195,      -4.744872215,      -1.883143272
          0,           0,         122,         -7.445324,      -4.424822742,      -4.785766479,      -1.924481082
          0,           0,         123,      -7.486736214,      -4.466449335,      -4.826640991,      -1.965773232
          0,           0,         124,      -7.528097599,      -4.508033584,      -4.867495141,      -2.007018188
          0,           0,         125,       -7.56940634,      -4.549574152,      -4.908328376,       -2.04821434
          0,           0,         126,      -7.610660536,       -4.59106971,      -4.949140044,      -2.089359978
          0,           0,         127,      -7.651858401,      -4.632518992,      -4.989929525,      -2.130453505
          0,           0,         128,      -7.692997839,      -4.673920749,      -5.030696163,      -2.171493045
          0,           0,         129,      -7.734077026,      -4.715273797,      -5.071439328,      -2.212476963
          0,           0,         130,      -7.775093912,      -4.756576971,      -5.112158273,      -2.253403383
          0,           0,         131,      -7.816046613,      -4.797829197,      -5.152852411,      -2.294270645
          0,           0,         132,      -7.856933207,      -4.839029411,      -5.193521031,      -2.335076973
          0,           0,         133,      -7.897751755,      -4.880176622,      -5.234163487,      -2.375820621
          0,           0,         134,      -7.938500381,      -4.921269897,      -5.274779093,      -2.416499829
          0,           0,         135,      -7.979177426,       -4.96230834,      -5.315367225,      -2.457113135
          0,           0,         136,      -8.019781061,      -5.003291188,      -5.355927281,      -2.497658828
          0,           0,         137,      -8.060309837,      -5.044217606,      -5.396458542,      -2.538135496
          0,           0,         138,      -8.100762236,      -5.085086978,      -5.436960555,      -2.578541737
          0,           0,         139,      -8.141136862,      -5.125898628,      -5.477432638,        -2.6188762
          0,           0,         140,      -8.181432376,      -5.166652053,      -5.517874406,       -2.65913762
          0,           0,         141,      -8.221647734,      -5.207346723,      -5.558285344,       -2.69932493
          0,           0,         142,      -8.261782339,      -5.247982241,      -5.598664799,      -2.739437478
          0,           0,         143,      -8.301834948,      -5.288558246,      -5.639012642,      -2.779474078
          0,           0,         144,      -8.341805532,      -5.329074497,      -5.679328379,      -2.819434582
          0,           0,         145,      -8.381693227,      -5.369530748,       -5.71961166,      -2.859317966
          0,           0,         146,      -8.421497634,      -5.409926953,      -5.759862393,      -2.899123778
          0,           0,         147,      -8.461219786,      -5.450262972,      -5.800080297,      -2.938852926
          0,           0,         148,      -8.500858449,      -5.490538799,      -5.840264836,      -2.978503927
          0,           0,         149,      -8.540415164,      -5.530754715,      -5.880416766,      -3.018078341
          0,           0,         150,      -8.579890443,      -5.570910726,       -5.92053543,      -3.057576242
          0,           0,         151,      -8.619284313,      -5.611007096,      -5.960620979,       -3.09699737
          0,           0,         152,      -8.658598706,      -5.651044206,      -6.000673577,      -3.136343647
          0,           0,         153,      -8.697834028,      -5.691022454,      -6.040693568,      -3.175615094
          0,           0,         154,      -8.736992163,      -5.730942345,      -6.080680765,      -3.214813158
          0,           0,         155,      -8.776074506,       -5.77080414,      -6.120635901,      -3.253939396
          0,           0,         156,      -8.815082893,       -5.81060888,      -6.160559147,      -3.292995179
          0,           0,         157,      -8.854018986,      -5.850356897,      -6.200451118,      -3.331981181
          0,           0,         158,      -8.892885017,      -5.890049102,      -6.240311774,      -3.370900121
          0,           0,         159,      -8.931683868,      -5.929686258,      -6.280142725,      -3.409754597
          0,           0,         160,      -8.970417425,      -5.969269447,      -6.319943367,      -3.448545589
          0,           0,         161,      -9.009085771,       -6.00879906,        -6.3597149,      -3.487273207
          0,           0,         162,       -9.04769614,      -6.048276663,      -6.399458508,      -3.525944802
          0,           0,         163,      -9.086246963,      -6.087703151,      -6.439174334,      -3.564557828
          0,           0,         164,      -9.124743592,      -6.127079571,      -6.478864948,      -3.603117375
          0,           0,         165,      -9.163189981,       -6.16640686,      -6.518528688,      -3.641627137
          0,           0,         166,      -9.201583211,      -6.205686896,      -6.558167612,      -3.680085203
          0,           0,         167,      -9.239935361,      -6.244920397,      -6.597783685,      -3.718500842
          0,           0,         168,      -9.278241867,      -6.284108488,      -6.637376407,      -3.756871916
          0,           0,         169,      -9.316508776,      -6.323253302,      -6.676948312,      -3.795202742
          0,           0,         170,      -9.354735087,      -6.362354886,      -6.716497102,      -3.833491776
          0,           0,         171,      -9.392933585,      -6.401416803,      -6.756030929,      -3.871753301
          0,           0,         172,      -9.431097952,      -6.440437969,      -6.795543976,       -3.90997868
          0,           0,         173,      -9.469230578,      -6.479422143,      -6.835040804,      -3.948172951
          0,           0,         174,      -9.507345518,      -6.518369397,      -6.874522734,      -3.986347516
          0,           0,         175,      -9.545435051,      -6.557280488,      -6.913987935,      -4.024493997
          0,           0,         176,      -9.583502647,      -6.596159707,      -6.953444142,       -4.06261857
          0,           0,         177,      -9.621556232,      -6.635006077,      -6.992885595,      -4.100728473
          0,           0,         178,       -9.65959878,      -6.673823624,      -7.032317448,      -4.138825861
          0,           0,         179,      -9.697631214,      -6.712611078,       -7.07173885,      -4.176909857
          0,           0,         180,      -9.735652847,      -6.751369391,      -7.111148669,      -4.214978852
          0,           0,         181,      -9.773672667,      -6.790104497,      -7.150554786,      -4.253048038
          0,           0,         182,       -9.81168275,      -6.828817438,      -7.189960085,      -4.291106383
          0,           0,         183,      -9.849688733,      -6.867506464,      -7.229359737,      -4.329156599
          0,           0,         184,      -9.887708519,      -6.906170618,       -7.26874901,      -4.367215127
          0,           0,         185,      -9.925726082,      -6.944822783,      -7.308142037,      -4.405277205
          0,           0,         186,      -9.963758595,        -6.9834528,      -7.347541403,       -4.44334545
          0,           0,         187,      -10.00178841,      -7.022064535,      -7.386928475,       -4.48141689
          0,           0,         188,      -10.03984031,      -7.060664323,      -7.426316374,      -4.519502047
          0,           0,         189,      -10.07788508,      -7.099249445,      -7.465721089,       -4.55758908
          0,           0,         190,      -10.11595255,      -7.137822709,        -7.5051241,      -4.595688567
          0,           0,         191,      -10.15405133,      -7.176386906,       -7.54453192,      -4.633816213
          0,           0,         192,      -10.19214533,      -7.214941749,      -7.583936367,      -4.671939976
          0,           0,         193,       -10.2302741,      -7.253492796,      -7.623370518,      -4.710102392
          0,           0,         194,      -10.26840767,      -7.292036842,      -7.662792318,      -4.748273313
          0,           0,         195,      -10.30657464,      -7.330566958,      -7.702205102,      -4.786454564
          0,           0,         196,      -10.34475382,      -7.369104318,       -7.74166369,      -4.824661003
          0,           0,         197,       -10.3829973,      -7.407629227,      -7.781123635,      -4.862931706
          0,           0,         198,      -10.42118678,      -7.446162531,      -7.820592178,      -4.901139557
          0,           0,         199,      -10.45946993,      -7.484690923,      -7.860063883,      -4.939434074
          0,           0,         200,      -10.49780115,      -7.523239061,      -7.899604369,      -4.977819201
          0,           0,         201,      -10.53605557,      -7.561754971,      -7.939057298,      -5.016081417
          0,           0,         202,      -10.57442913,      -7.600295024,        -7.9785899,      -5.054487959
          0,           0,         203,      -10.61278201,      -7.638841928,       -8.01814227,      -5.092874194
          0,           0,         204,       -10.6512536,      -7.677377638,      -8.057676533,       -5.13131466
          0,           0,         205,      -10.68960874,      -7.715954798,      -8.097286311,      -5.169730159
          0,           0,         206,      -10.72814979,      -7.754506375,      -8.136823011,      -5.208270668
          0,           0,         207,      -10.76664618,      -7.793068097,      -8.176403732,      -5.246790816
          0,           0,         208,      -10.80518261,      -7.831635607,       -8.21605025,      -5.285342739
          0,           0,         209,      -10.84366002,       -7.87021714,       -8.25561327,      -5.323818296
          0,           0,         210,      -10.88230658,      -7.908858665,      -8.295343703,      -5.362563717
          0,           0,         211,      -10.92087434,      -7.947425775,      -8.334907862,      -5.401125233
          0,           0,         212,      -10.95951783,      -7.986092938,       -8.37477015,      -5.439849274
          0,           0,         213,      -10.99826369,      -8.024714523,      -8.414416988,      -5.478588476
          0,           0,         214,      -11.03693199,      -8.063374062,      -8.454172266,      -5.517308766
          0,           0,         215,      -11.07574704,      -8.102035813,      -8.493817313,       -5.55612285
          0,           0,         216,      -11.11441091,      -8.140713706,      -8.533545207,      -5.594848595
          0,           0,         217,      -11.15331609,      -8.179423306,      -8.573417322,      -5.633855908
          0,           0,         218,      -11.19217234,      -8.218162471,      -8.613243494,      -5.672706142
          0,           0,         219,      -11.23087369,      -8.256835405,      -8.653067494,      -5.711412889
          0,           0,         220,      -11.26976717,      -8.295643326,      -8.692936107,      -5.750375643
          0,           0,         221,      -11.30903009,      -8.334345526,      -8.732716929,       -5.78960437
          0,           0,         222,      -11.34784188,       -8.37311944,      -8.772382783,      -5.828468487
          0,           0,         223,      -11.38675979,      -8.411876154,      -8.812346802,      -5.867466597
          0,           0,         224,      -11.42592815,      -8.450659722,      -8.852370123,      -5.906618068
          0,           0,         225,       -11.4647071,      -8.489515025,      -8.892388502,      -5.945545483
          0,           0,         226,      -11.50382495,      -8.528199798,      -8.931829584,       -5.98449422
          0,           0,         227,      -11.54334693,      -8.567186589,       -8.97200606,      -6.024209586
          0,           0,         228,      -11.58213801,      -8.606154893,      -9.012192513,      -6.063265395
          0,           0,         229,      -11.62156419,      -8.644961812,       -9.05206037,      -6.102595615
          0,           0,         230,      -11.65997994,      -8.684028903,      -9.092164823,      -6.141309559
          0,           0,         231,      -11.70002188,      -8.722925172,      -9.132422463,      -6.181105267
          0,           0,         232,      -11.73953708,      -8.761686434,      -9.171766423,       -6.22072022
          0,           0,         233,      -11.77792524,      -8.800860998,      -9.212195778,      -6.259528549
          0,           0,         234,      -11.81738863,      -8.840057701,      -9.252733133,      -6.299084295
          0,           0,         235,      -11.85673827,      -8.878799283,      -9.292641712,      -6.338481863
          0,           0,         236,      -11.89510233,      -8.917864795,      -9.332584054,      -6.376950888
          0,           0,         237,      -11.93592988,      -8.956975712,      -9.372635963,      -6.417996353
          0,           0,         238,      -11.97452634,      -8.996089643,      -9.412620301,      -6.456552936
          0,           0,         239,      -12.01462922,      -9.035055137,      -9.452342508,      -6.496193461
          0,           0,         240,      -12.05201375,      -9.074601276,      -9.494354206,      -6.534706381
          0,           0,         241,      -12.09274837,       -9.11290028,      -9.531638504,      -6.574438638
          0,           0,         242,      -12.13202641,      -9.152286847,      -9.571549333,      -6.614301506
          0,           0,         243,      -12.17372275,      -9.191638564,      -9.613501759,      -6.656123223
          0,           0,         244,      -12.21068465,      -9.230090371,      -9.651625029,       -6.69294718
          0,           0,         245,      -12.25070561,      -9.270295302,      -9.694872083,      -6.734110151
          0,           0,         246,      -12.29006426,      -9.308988176,      -9.734230745,      -6.774212759
          0,           0,         247,      -12.32924879,      -9.348543367,      -9.773346997,      -6.811675579
          0,           0,         248,      -12.36808712,      -9.388111635,      -9.814491008,      -6.851472465
          0,           0,         249,      -12.41037367,      -9.426386102,      -9.852340887,      -6.893010382
          0,           0,         250,       -12.4494552,      -9.465456264,      -9.893229389,      -6.931259917
          0,           0,         251,      -12.48880319,      -9.506343275,      -9.934162579,      -6.973028165
          0,           0,         252,       -12.5297349,      -9.543996033,      -9.971808328,       -7.01026936
          0,           0,         253,      -12.57019933,      -9.584235089,      -10.01460686,      -7.051197706
          0,           0,         254,      -12.60667183,      -9.622781298,      -10.05261141,      -7.089145743
          0,           0,         255,      -12.64673719,      -9.662766116,      -10.09656459,      -7.130008495
          0,           0,         256,      -12.68697125,      -9.701305698,       -10.1381534,      -7.170239458
          0,           0,         257,      -12.72463917,       -9.74075351,      -10.17413645,       -7.20941011
          0,           0,         258,      -12.76561333,      -9.781450932,      -10.21859926,      -7.251999302
          0,           0,         259,      -12.80764674,      -9.819100774,      -10.24943035,      -7.288873957
          0,           0,         260,      -12.83176186,      -9.858891097,      -10.29449553,      -7.314013637
          0,           0,         261,      -12.88741224,      -9.900604657,      -10.34274246,       -7.37224081
          0,           0,         262,      -12.91722804,      -9.936598877,      -10.36499754,      -7.400211881
          0,           0,         263,      -12.96086058,      -9.977009443,      -10.41659979,       -7.44178671
          0,           0,         264,       -12.9969697,      -10.01595753,      -10.45178546,      -7.487033493
          0,           0,         265,      -13.03279063,      -10.05302103,      -10.48873789,      -7.515284797
          0,           0,         266,      -13.06407608,      -10.09735202,      -10.54881412,      -7.551302268
          0,           0,         267,      -13.13073636,      -10.13488714,      -10.56603194,      -7.618475765
          0,           0,         268,      -13.15448108,      -10.17208556,      -10.61239225,      -7.639291303
          0,           0,         269,      -13.19610087,      -10.21151206,      -10.64505822,      -7.674837022
          0,           0,         270,      -13.22650659,      -10.25286268,      -10.69221611,      -7.710587288
          0,           0,         271,      -13.28509536,      -10.29343745,       -10.7272872,      -7.764798753
          0,           0,         272,      -13.28134518,      -10.32723767,      -10.75735824,       -7.77257451
          0,           0,         273,      -13.29463179,      -10.35235573,      -10.79822992,      -7.785854797
          0,           0,         274,       -13.3622923,      -10.41163295,      -10.86073621,      -7.850003568
          0,           0,         275,      -13.39706362,      -10.44308987,      -10.86188309,      -7.883783265
          0,           0,         276,      -13.46525131,      -10.48704524,      -10.92662582,      -7.941619682
          0,           0,         277,      -13.49950127,      -10.52803509,      -10.95994641,       -7.98023479
          0,           0,         278,      -13.48402469,        -10.549226,      -11.01861034,      -7.991760666
          0,           0,         279,      -13.54879893,      -10.60032285,      -11.05134848,      -8.039541003
          0,           0,         280,      -13.59042286,      -10.63724385,      -11.07398621,      -8.090671613
          0,           0,         281,      -13.55737195,      -10.69231943,      -11.07771356,      -8.040001554
          0,           0,         282,      -13.60335462,      -10.68980804,      -11.09891559,      -8.078639994
          0,           0,         283,      -13.59576129,      -10.75130411,      -11.14182516,      -8.123971077
          0,           0,         284,      -13.71630198,      -10.80127905,      -11.22291867,      -8.203083765
          0,           0,         285,      -13.73028872,      -10.81083396,      -11.20342199,       -8.19730921
          0,           0,         286,      -13.67865901,      -10.85827296,      -11.20023464,      -8.188679052
          0,           0,         287,      -13.66492557,      -10.83381969,      -11.18887442,      -8.105244768
          0,           0,         288,      -13.74807696,      -10.92043866,      -11.23897866,      -8.221730262
          0,           0,         289,      -13.78762607,      -10.98067776,      -11.28015841,      -8.272359017
          0,           0,         290,      -13.81837381,        -11.034318,      -11.35529736,      -8.318862268
          0,           0,         291,      -13.83676259,       -11.0265166,      -11.30986619,      -8.356494586
          0,           0,         292,      -13.82925806,      -11.04863883,      -11.35129915,      -8.352840425
          0,           0,         293,      -13.80233949,      -11.09868674,      -11.28506777,      -8.287901602
          0,           0,         294,      -13.72945789,      -10.98816331,      -11.40477668,      -8.220235815
          0,           0,         295,      -13.86486172,      -11.18915178,      -11.41612981,      -8.359073211
          0,           0,         296,      -13.91701844,       -11.1748289,      -11.41837592,      -8.393657918
          0,           0,         297,      -13.82486505,      -11.16600889,      -11.39855999,      -8.342468041
          0,           0,         298,      -13.86020516,      -11.25937253,      -11.35916363,      -8.347865424
          0,           0,         299,      -13.95331232,      -11.28112401,      -11.45925863,      -8.449517916
          0,           0,         300,      -13.83457757,       -11.2111067,      -11.36268746,      -8.358627051
          0,           0,         301,      -13.81717782,      -11.20327506,      -11.43260023,      -8.380056251
          0,           0,         302,      -13.94066407,       -11.2871856,       -11.4287051,      -8.443783181
          0,           0,         303,      -13.97091037,      -11.32318633,      -11.49164537,      -8.457903286
          0,           0,         304,       -13.7642043,      -11.22490064,      -11.28912451,      -8.254204786
          0,           0,         305,      -13.82804097,      -11.25248451,      -11.41942996,      -8.361922829
          0,           0,         306,      -13.88208781,      -11.32054799,      -11.46274251,      -8.415128354
          0,           0,         307,      -13.91514349,      -11.36140259,       -11.4745647,      -8.456306214
          0,           0,         308,      -13.76387322,      -11.14553688,      -11.45118378,      -8.263046493
          0,           0,         309,      -13.70285198,      -11.06264796,      -11.37002077,      -8.189393112
          0,           0,         310,       -13.8021892,      -11.19796468,      -11.43493417,      -8.294433661
          0,           0,         311,      -13.75706569,      -11.29352264,      -11.28594365,      -8.298848488
          0,           0,         312,      -13.79585964,      -11.16648646,      -11.41179761,      -8.271771797
          0,           0,         313,      -13.81298113,      -11.17713261,      -11.46132694,       -8.32982046
          0,           0,         314,      -13.85331096,      -11.42496981,      -11.47344012,      -8.430638603
          0,           0,         315,      -13.94713367,      -11.38911371,       -11.5013718,       -8.48083523
          0,           0,         316,      -13.77127748,      -11.29144808,      -11.35520747,       -8.33690796
          0,           0,         317,      -13.83229968,      -11.20003887,      -11.55875382,      -8.366664132
          0,           0,         318,      -13.99508231,      -11.37686553,      -11.54339414,      -8.413149565
          0,           0,         319,      -13.86913451,      -11.41406074,      -11.46288407,      -8.397828747
          0,           0,         320,      -13.88882939,      -11.42927585,      -11.49396484,      -8.416580907
          0,           0,         321,      -13.84318553,      -11.27428692,      -11.45184189,      -8.368654255
          0,           0,         322,      -13.91543971,      -11.32541785,      -11.53486032,      -8.417486241
          0,           0,         323,      -13.85621352,      -11.33456142,      -11.52613644,      -8.404745963
          0,           0,         324,       -13.8748584,       -11.3930951,      -11.49867924,      -8.411834528
          0,           0,         325,      -13.85495004,      -11.41279943,      -11.39670175,       -8.37874252
          0,           0,         326,      -13.91090499,      -11.31214559,      -11.47445583,      -8.413476826
          0,           0,         327,      -13.86415895,      -11.35506401,      -11.42070218,      -8.381038124
          0,           0,         328,      -13.79365217,      -11.25823582,      -11.48188389,      -8.347873127
          0,           0,         329,      -13.88076221,      -11.32157766,      -11.43621511,      -8.383896026
          0,           0,         330,       -13.7728868,       -11.2173844,      -11.43367179,      -8.331374551
          0,           0,         331,      -13.83818862,      -11.25049223,      -11.55382779,      -8.327424764
          0,           0,         332,      -13.88330007,      -11.25213024,      -11.50579426,       -8.36470448
          0,           0,         333,      -13.87202291,      -11.39768644,      -11.45520786,      -8.362389168
          0,           0,         334,      -13.77912753,      -11.33197147,      -11.30239979,      -8.320618618
          0,           0,         335,      -13.85519698,      -11.30864482,      -11.43173179,      -8.377362525
          0,           0,         336,      -13.72164751,      -11.19920505,      -11.49613645,       -8.28775271
          0,           0,         337,      -13.89543037,      -11.32254548,       -11.4732599,      -8.416439158
          0,           0,         338,      -13.76119054,      -11.25662489,      -11.43755171,      -8.268097465
          0,           0,         339,      -13.88175729,      -11.32141466,       -11.5698248,       -8.40878781
          0,           0,         340,      -13.90023173,      -11.30936201,      -11.42116754,      -8.388155651
          0,           0,         341,      -13.86860286,       -11.3367982,      -11.44975927,      -8.352185444
          0,           0,         342,      -13.92919568,      -11.35708844,      -11.39320565,      -8.373299452
          0,           0,         343,      -13.92865411,      -11.44674604,       -11.4518966,      -8.449911486
          0,           0,         344,      -13.96249947,      -11.43533482,      -11.47296352,      -8.518013525
          0,           0,         345,      -13.66578408,      -11.15087349,      -11.32554697,      -8.201056235
          0,           0,         346,      -13.83854201,      -11.39322827,      -11.40275702,      -8.377540811
          0,           0,         347,      -13.84539943,      -11.33874641,      -11.41478524,      -8.367916288
          0,           0,         348,      -13.89383232,      -11.32630482,      -11.43602268,      -8.364476197
          0,           0,         349,       -13.8325685,      -11.25359266,      -11.49586118,      -8.346409747
          0,           0,         350,      -13.80231559,      -11.34820873,      -11.36108643,      -8.335519759
          0,           0,         351,      -13.95909731,      -11.47174146,      -11.51548048,       -8.51501734
          0,           0,         352,      -13.69428375,      -11.11643493,      -11.47335144,      -8.192955417
          0,           0,         353,      -13.93726904,      -11.38724332,      -11.54554415,      -8.485702102
          0,           0,         354,      -13.84193433,       -11.2630205,      -11.42917053,      -8.360153704
          0,           0,         355,      -13.87632956,      -11.24318937,      -11.42960184,      -8.334308126
          0,           0,         356,       -13.7552254,      -11.24928694,      -11.47026574,       -8.33595775
          0,           0,         357,      -13.81804343,      -11.32091677,      -11.34235552,      -8.378735987
          0,           0,         358,      -13.77845717,      -11.35676192,      -11.43006605,       -8.35123398
          0,           0,         359,      -13.97935344,      -11.39168832,      -11.57467474,      -8.455866412
          0,           0,         360,      -13.88068738,      -11.41200184,      -11.42394842,       -8.39757176
          0,           0,         361,      -13.73199976,      -11.27253295,      -11.28262892,      -8.258830172
          0,           0,         362,      -13.77739257,      -11.19916655,      -11.32177837,      -8.201658845
          0,           0,         363,      -13.84552874,      -11.40246862,      -11.36929718,      -8.362680611
          0,           0,         364,       -13.8630822,      -11.42849624,      -11.43874432,       -8.40761052
          0,           0,         365,      -13.77395611,      -11.29740112,      -11.34508204,      -8.367489651
          0,           0,         366,      -13.91062724,      -11.38544147,      -11.34390442,      -8.388487737
          0,           0,         367,      -13.81880631,      -11.22568969,      -11.51395496,      -8.349375301
          0,           0,         368,       -13.7927494,      -11.38168801,      -11.40057504,      -8.323930374
          0,           0,         369,        -13.874391,      -11.24043776,      -11.44371427,      -8.376008082
          0,           0,         370,      -13.96079205,      -11.45883433,      -11.54522985,       -8.47391768
          0,           0,         371,      -13.90735884,      -11.28119334,      -11.54705479,      -8.358765112
          0,           0,         372,      -13.82964031,      -11.30259881,      -11.39464913,      -8.295727295
          0,           0,         373,      -13.79345602,      -11.28534033,      -11.40161361,      -8.353419807
          0,           0,         374,      -13.82856563,      -11.38801034,      -11.38569035,      -8.356670437
          0,           0,         375,      -13.83296025,      -11.43031771,      -11.37457647,        -8.3735451
          0,           0,         376,      -13.82920007,      -11.31846611,      -11.52173939,      -8.409755208
          0,           0,         377,      -13.78347002,      -11.26567447,      -11.42541705,      -8.357951565
          0,           0,         378,      -13.84666208,      -11.36630725,       -11.4685447,      -8.427474244
          0,           0,         379,      -13.86790236,      -11.40606436,      -11.45639716,      -8.435526149
          0,           0,         380,      -13.94695553,      -11.45044767,      -11.50272421,      -8.427077947
          0,           0,         381,      -13.88130639,      -11.41026821,      -11.63001904,      -8.455887414
          0,           0,         382,      -13.93142042,      -11.40457123,      -11.47518634,      -8.464317636
          0,           0,         383,      -13.87562135,      -11.33966071,      -11.45333183,      -8.423968036
          0,           0,         384,      -13.88190445,      -11.36711117,      -11.49998125,      -8.443268566
          0,           0,         385,      -13.85961311,      -11.30356223,      -11.52775103,      -8.386514091
          0,           0,         386,      -13.77069619,      -11.16365713,      -11.53406141,      -8.303777847
          0,           0,         387,      -13.75300131,         -11.15068,      -11.46257527,      -8.275509922
          0,           0,         388,      -13.91267999,      -11.41911024,      -11.49234656,      -8.422989435
          0,           0,         389,       -13.8535499,      -11.31631484,      -11.46514648,      -8.400805296
          0,           0,         390,      -13.92032737,      -11.40839602,      -11.52324714,      -8.487464357
          0,           0,         391,      -13.79154497,      -11.34316778,      -11.31326634,      -8.340347425
          0,           0,         392,      -13.72450055,      -11.18735259,      -11.41425206,      -8.287798275
          0,           0,         393,       -13.9167632,      -11.37209758,      -11.47725513,      -8.424574191
          0,           0,         394,      -13.92340261,      -11.43945014,      -11.49768304,      -8.438036684
          0,           0,         395,      -13.92423812,      -11.48359716,      -11.48862021,      -8.442177656
          0,           0,         396,      -13.81756165,       -11.2924771,      -11.48466669,      -8.400251052
          0,           0,         397,      -13.83442262,       -11.2871269,      -11.44661962,      -8.310241234
          0,           0,         398,      -13.97940333,      -11.48631147,      -11.44258361,      -8.508607082
          0,           0,         399,      -13.81756954,      -11.38722146,      -11.44179307,      -8.354013941
          0,           0,         400,      -13.89847014,      -11.44577051,      -11.57610485,      -8.464930087
          0,           0,         401,      -13.83387168,      -11.28319467,      -11.48531813,      -8.396101414
          0,           0,         402,      -13.83032772,      -11.32156667,      -11.44977433,      -8.306065051
          0,           0,         403,      -13.83310224,      -11.26756331,      -11.50546492,      -8.329925434
          0,           0,         404,      -13.88279391,      -11.35351391,      -11.40841447,      -8.398957713
          0,           0,         405,      -13.87300891,      -11.36984577,      -11.51617038,      -8.372835102
          0,           0,         406,      -13.91177739,      -11.50525769,      -11.56354404,      -8.491175507
          0,           0,         407,      -13.89639746,      -11.42006284,       -11.6279035,      -8.418587888
          0,           0,         408,      -13.88062856,      -11.27888062,      -11.57292615,      -8.393868794
          0,           0,         409,      -13.94040114,      -11.42905423,      -11.43688976,      -8.437493399
          0,           0,         410,      -13.90994989,      -11.30696899,      -11.49444316,      -8.353881781
          0,           0,         411,      -13.88087182,      -11.30270717,      -11.47206181,      -8.409511608
          0,           0,         412,      -13.82695955,      -11.36489121,      -11.43975809,      -8.373588067
          0,           0,         413,      -13.82107801,       -11.3226186,      -11.40932827,      -8.327050342
          0,           0,         414,      -13.78456128,      -11.39186616,      -11.39311129,      -8.336021562
          0,           0,         415,      -13.93766386,      -11.39310717,      -11.52308829,      -8.480898839
          0,           0,         416,      -13.87859035,      -11.33029062,      -11.43238106,      -8.374026281
          0,           0,         417,      -13.79757462,      -11.33851049,      -11.37283521,      -8.343032696
          0,           0,         418,      -13.81744194,      -11.34732513,      -11.40868365,      -8.364467333
          0,           0,         419,       -13.8630678,      -11.41586972,      -11.47682531,      -8.428352816
          0,           0,         420,      -13.91709973,      -11.29019725,      -11.66649988,      -8.373468698
          0,           0,         421,      -13.89178993,      -11.30617403,      -11.52952941,       -8.39884855
          0,           0,         422,      -13.81355156,      -11.15929912,      -11.48299931,      -8.250782583
          0,           0,         423,      -13.87422391,      -11.34958489,      -11.46635128,      -8.408436116
          0,           0,         424,      -13.91781051,      -11.23128976,      -11.48289314,      -8.381201023
          0,           0,         425,      -13.73811674,      -11.22490006,      -11.30742924,      -8.300284821
          0,           0,         426,      -13.94067532,      -11.43330084,      -11.51530571,      -8.444776066
          0,           0,         427,      -13.80811278,      -11.34890716,      -11.37455727,       -8.35649631
          0,           0,         428,      -13.84404102,      -11.24203768,      -11.48908535,      -8.341982182
          0,           0,         429,      -13.96634318,      -11.45774763,      -11.60743423,      -8.461571374
          0,           0,         430,      -13.89193557,      -11.34151653,      -11.57934472,      -8.408131222
          0,           0,         431,      -13.83433485,      -11.38266268,      -11.35995661,      -8.363197801
          0,           0,         432,      -13.92480438,      -11.38082622,      -11.54206444,      -8.454040857
          0,           0,         433,      -13.73833297,      -11.15307217,      -11.55326917,      -8.255995469
          0,           0,         434,      -13.87308019,      -11.33686225,      -11.51792134,      -8.407072975
          0,           0,         435,      -13.88357862,      -11.35187778,      -11.49312473,      -8.390545761
          0,           0,         436,      -13.93419158,      -11.37644698,      -11.47910421,      -8.418624505
          0,           0,         437,      -13.88809603,      -11.31050634,      -11.49648631,      -8.422013625
          0,           0,         438,      -13.80551966,      -11.24211083,      -11.49141529,      -8.291256983
          0,           0,         439,      -13.85304829,      -11.38806542,      -11.38671806,      -8.372292839
          0,           0,         440,      -13.85268178,      -11.27319382,      -11.38948458,       -8.40994519
          0,           0,         441,      -13.98067256,      -11.38465917,      -11.58215024,       -8.47389025
          0,           0,         442,      -13.77275706,      -11.39469181,      -11.36365275,      -8.324871632
          0,           0,         443,      -13.86907268,       -11.3699487,      -11.46244776,      -8.414371755
          0,           0,         444,      -13.84026138,      -11.49932016,      -11.40592784,      -8.376646248
          0,           0,         445,      -13.95255098,       -11.3000868,      -11.44592124,      -8.436940773
          0,           0,         446,      -13.90516445,      -11.41544298,      -11.47388537,       -8.47293536
          0,           0,         447,      -13.95535999,      -11.43690561,      -11.44639848,      -8.450577973
          0,           0,         448,      -13.93643697,      -11.33543584,      -11.51395003,       -8.36837437
          0,           0,         449,      -13.90736947,       -11.3899697,      -11.48672844,       -8.47954684
          0,           0,         450,      -13.79228647,      -11.29532888,      -11.40563242,      -8.387157998
          0,           0,         451,      -13.83882997,      -11.22554457,        -11.570659,      -8.317762996
          0,           0,         452,      -13.87750975,      -11.41354729,      -11.40315345,      -8.399870379
          0,           0,         453,      -13.78098859,      -11.29100457,      -11.39840004,      -8.363298972
          0,           0,         454,      -13.73440176,      -11.14503631,      -11.30862633,      -8.235669115
          0,           0,         455,      -13.86179652,      -11.28866204,      -11.44170845,      -8.373090947
          0,           0,         456,      -13.85423422,      -11.32730041,      -11.47132991,      -8.348073984
          0,           0,         457,      -13.83388951,      -11.23844986,      -11.47442183,      -8.339095525
          0,           0,         458,      -13.91658565,      -11.42327827,      -11.43322634,      -8.426359543
          0,           0,         459,      -13.80205141,      -11.32503299,      -11.33221793,      -8.309708354
          0,           0,         460,       -13.7493522,      -11.33754293,      -11.31733388,      -8.271883278
          0,           0,         461,      -13.94204357,      -11.39424058,      -11.54766253,      -8.453703459
          0,           0,         462,      -13.78963603,      -11.32929832,      -11.38143874,      -8.335754052
          0,           0,         463,      -13.92389391,      -11.32537579,       -11.5881084,       -8.39080288
          0,           0,         464,      -13.92840655,      -11.38936756,      -11.49268197,      -8.470260377
          0,           0,         465,      -13.82357856,      -11.20681947,      -11.59339944,      -8.311779327
          0,           0,         466,      -13.82173352,      -11.26266312,        -11.455511,      -8.316016426
          0,           0,         467,      -13.88639005,      -11.32507041,      -11.42568009,      -8.408296125
          0,           0,         468,      -13.84342172,      -11.39971967,      -11.37793663,      -8.355748446
          0,           0,         469,      -13.88296363,      -11.35469436,      -11.52733178,      -8.442530671
          0,           0,         470,      -13.84865796,      -11.36446818,       -11.4171624,      -8.403249393
          0,           0,         471,      -13.93068719,      -11.35163828,      -11.52190016,      -8.492419716
          0,           0,         472,      -13.69803632,      -11.26416914,      -11.27676026,      -8.259499775
          0,           0,         473,      -13.86757396,      -11.37856877,      -11.47303861,      -8.399243221
          0,           0,         474,      -13.81688678,      -11.32176039,      -11.41280963,      -8.356514623
          0,           0,         475,      -13.88639489,      -11.36144257,      -11.43868367,        -8.3968066
          0,           0,         476,      -13.79629398,      -11.20504649,      -11.50145684,      -8.318292555
          0,           0,         477,       -13.8162898,      -11.34625224,      -11.52857708,      -8.414560201
          0,           0,         478,      -13.87750202,      -11.37965034,      -11.44177697,      -8.373066201
          0,           0,         479,      -13.91365963,      -11.45142419,       -11.5717584,      -8.441924413
          0,           0,         480,       -13.9099423,      -11.38393809,      -11.52085619,      -8.443336779
          0,           0,         481,      -13.81167177,      -11.36650619,      -11.31479701,      -8.357283546
          0,           0,         482,      -13.81221055,      -11.33078282,      -11.48537834,      -8.363002883
          0,           0,         483,      -13.83214938,      -11.38138802,      -11.35937765,      -8.360232418
          0,           0,         484,      -13.85250798,      -11.27531698,      -11.38100318,      -8.376117713
          0,           0,         485,      -13.95937587,      -11.38552997,       -11.5833513,      -8.496744467
          0,           0,         486,        -13.796806,      -11.19733726,      -11.50375469,       -8.32071992
          0,           0,         487,       -13.8222482,      -11.23108917,       -11.4280029,      -8.361310642
          0,           0,         488,      -13.79639634,      -11.24958457,      -11.53271758,      -8.324748631
          0,           0,         489,      -13.85208532,      -11.39148445,      -11.43851704,      -8.390794886
          0,           0,         490,      -13.82594349,      -11.27678081,      -11.45821357,      -8.371929658
          0,           0,         491,      -13.87331488,      -11.36868746,      -11.47926387,      -8.370025248
          0,           0,         492,      -13.80254537,      -11.32922321,      -11.42402693,      -8.349060872
          0,           0,         493,      -13.82472845,      -11.32730017,      -11.35995235,      -8.313699517
          0,           0,         494,      -13.83358703,      -11.41280086,      -11.33644957,      -8.343345735
          0,           0,         495,      -13.95308315,      -11.38063169,      -11.51932529,      -8.455436261
          0,           0,         496,       -13.9481746,      -11.42483844,      -11.56662467,      -8.464056909
          0,           0,         497,      -13.93323948,      -11.44549401,      -11.41925946,      -8.469787145
          0,           0,         498,      -13.89590527,      -11.36220624,      -11.39736427,      -8.383671774
          0,           0,         499,      -13.83562944,      -11.38950193,       -11.4998604,      -8.357743515
          0,           0,         500,      -13.87791625,      -11.33081696,      -11.46001561,      -8.367073038
          0,           0,         501,      -13.84274691,      -11.33427274,      -11.46165424,      -8.400188634
          0,           0,         502,      -13.75906314,      -11.11550122,      -11.44600724,       -8.25689317
          0,           0,         503,      -13.92674783,      -11.44447778,      -11.45295067,      -8.435747814
          0,           0,         504,      -13.89687739,      -11.27695463,      -11.55693764,       -8.43732006
          0,           0,         505,      -13.86584705,      -11.25399351,      -11.54387125,      -8.341159308
          0,           0,         506,      -13.73631556,      -11.25211047,      -11.38075258,      -8.259625409
          0,           0,         507,      -13.81464574,      -11.28126087,       -11.4633724,      -8.342409466
          0,           0,         508,      -13.86459663,      -11.27428464,      -11.49642998,      -8.368357268
          0,           0,         509,      -13.92966398,      -11.38824144,      -11.51521014,      -8.469096077
          0,           0,         510,      -13.96797848,      -11.31764114,      -11.56606552,      -8.457610848
          0,           0,         511,      -13.89392902,      -11.40973204,      -11.42508329,      -8.474618465
          0,           0,         512,      -13.73904789,      -11.13436785,      -11.47767166,      -8.229454075
          0,           0,         513,      -13.89246155,      -11.30755486,      -11.42004236,       -8.42613532
          0,           0,         514,      -13.95024461,      -11.44800845,      -11.52517632,      -8.487180814
          0,           0,         515,      -13.80515337,      -11.25684613,      -11.45785119,      -8.378216051
          0,           0,         516,      -14.04020431,      -11.46629108,      -11.62646928,      -8.521937585
          0,           0,         517,      -13.85311252,      -11.29355929,      -11.52310856,      -8.376286394
          0,           0,         518,      -13.81894167,       -11.2546321,        -11.412018,      -8.269873833
          0,           0,         519,       -13.7750944,      -11.16962376,       -11.4165295,      -8.298587466
          0,           0,         520,      -13.94674573,      -11.39161133,      -11.53612973,      -8.445859849
          0,           0,         521,       -13.7762132,      -11.16011924,      -11.55727863,      -8.256095486
          0,           0,         522,      -13.89582858,      -11.37736493,       -11.4749079,      -8.409389468
          0,           0,         523,      -13.86578122,      -11.30212827,      -11.43270799,       -8.39396788
          0,           0,         524,      -13.84929848,      -11.41930569,      -11.41051475,      -8.401648471
          0,           0,         525,      -13.96787952,      -11.43514776,      -11.60105608,      -8.450705379
          0,           0,         526,      -13.78371274,      -11.29605172,      -11.46733333,       -8.34237399
          0,           0,         527,      -13.92538804,       -11.4435738,      -11.53726837,      -8.445145205
          0,           0,         528,      -13.85892824,      -11.44325421,      -11.42092007,      -8.379328076
          0,           0,         529,      -13.93834541,       -11.3989838,      -11.44236624,      -8.439263967
          0,           0,         530,      -13.84133727,      -11.23465445,      -11.47495324,      -8.310477254
          0,           0,         531,       -13.8695607,      -11.32446356,       -11.4344116,      -8.363270476
          0,           0,         532,       -13.8394762,      -11.30735747,      -11.43650523,      -8.388022382
          0,           0,         533,      -13.89602381,      -11.32804705,      -11.52743032,      -8.420087694
          0,           0,         534,      -13.85045251,      -11.29092328,      -11.47633104,       -8.37356259
          0,           0,         535,      -13.81458715,       -11.4377781,      -11.44979128,      -8.364420428
          0,           0,         536,      -13.86173566,      -11.35569393,      -11.47701255,      -8.442111499
          0,           0,         537,      -13.84004317,      -11.28189044,      -11.45363971,       -8.35701065
          0,           0,         538,      -13.85862308,      -11.35083393,       -11.5259266,      -8.384044939
          0,           0,         539,      -13.91144727,      -11.40572352,      -11.48157809,      -8.447786337
          0,           0,         540,       -13.7347892,      -11.18998511,      -11.49987414,      -8.292985509
          0,           0,         541,      -13.84086164,      -11.34556975,      -11.40936297,      -8.371483756
          0,           0,         542,      -13.91760945,      -11.42914849,      -11.40980617,      -8.436320359
          0,           0,         543,      -13.82487655,      -11.30474026,      -11.41515585,      -8.296706195
          0,           0,         544,      -13.75853982,      -11.19541247,      -11.35777728,      -8.260459972
          0,           0,         545,      -13.82979517,      -11.30788165,      -11.32331319,      -8.308460748
          0,           0,         546,      -13.95894736,      -11.38642587,      -11.46069806,      -8.405534948
          0,           0,         547,      -13.87591217,      -11.27700838,      -11.41153171,      -8.256960097
          0,           0,         548,      -13.75562504,      -11.39244889,      -11.21924489,       -8.28954957
          0,           0,         549,      -13.93195049,      -11.25483681,      -11.51699985,      -8.361336756
          0,           0,         550,      -13.75043522,      -11.26280024,      -11.27960119,      -8.269486753
          0,           0,         551,       -13.8134508,      -11.21668515,      -11.40849146,      -8.322923267
          0,           0,         552,      -13.88250567,      -11.37557285,      -11.40610346,      -8.431043271
          0,           0,         553,      -13.74536131,      -11.29524235,      -11.30385329,       -8.25797312
          0,           0,         554,      -13.78949646,      -11.25771287,      -11.32545243,      -8.285021838
          0,           0,         555,      -13.85676903,      -11.35329486,      -11.50065243,      -8.404496003
          0,           0,         556,      -13.83206412,      -11.18746647,      -11.49432418,      -8.290746591
          0,           0,         557,      -13.78773738,      -11.15873147,      -11.51772078,      -8.308670072
          0,           0,         558,      -13.77969153,      -11.26511857,      -11.43501838,      -8.330475557
          0,           0,         559,      -13.85049639,      -11.32660324,      -11.57514298,      -8.369734244
          0,           0,         560,      -13.98292879,      -11.44145611,      -11.51936946,      -8.539217556
          0,           0,         561,      -13.91690604,      -11.33380945,       -11.5188279,      -8.428417827
          0,           0,         562,       -13.9116139,      -11.44433114,         -11.34214,      -8.465390079
          0,           0,         563,      -13.74621978,      -11.37492786,      -11.45289657,      -8.319530546
          0,           0,         564,      -13.88200596,      -11.35111316,      -11.43281898,      -8.394691303
          0,           0,         565,       -13.9628323,      -11.35584984,      -11.42119339,      -8.441619916
          0,           0,         566,      -13.83803476,      -11.23572961,      -11.38572811,      -8.298279546
          0,           0,         567,      -13.75408485,      -11.22758423,      -11.46212066,      -8.274784194
          0,           0,         568,      -13.83810108,       -11.2281266,      -11.46830047,      -8.316765993
          0,           0,         569,      -13.88320976,      -11.48720209,      -11.39950613,      -8.382075192
          0,           0,         570,      -13.88948751,      -11.44463957,      -11.44522297,      -8.437999248
          0,           0,         571,      -13.72281961,      -11.09693093,      -11.47788483,      -8.189458839
          0,           0,         572,      -14.05342766,      -11.49117739,      -11.64966351,      -8.493714609
          0,           0,         573,      -13.80440929,      -11.28864223,      -11.30854073,      -8.300308062
          0,           0,         574,       -13.8407565,      -11.35320733,      -11.36305245,      -8.352419661
          0,           0,         575,       -13.8719524,      -11.41456245,       -11.4956519,      -8.406715344
          0,           0,         576,      -13.86720529,       -11.4138187,      -11.54787929,      -8.453770224
          0,           0,         577,      -13.82157424,      -11.41336354,      -11.46016267,      -8.369653684
          0,           0,         578,      -13.90138395,       -11.2349715,      -11.55075142,      -8.342108613
          0,           0,         579,      -13.86941457,       -11.3251521,      -11.48855927,      -8.456855364
          0,           0,         580,      -13.78684521,      -11.27917459,      -11.36009123,      -8.315201402
          0,           0,         581,      -13.93493743,      -11.43978923,      -11.41708797,      -8.423048449
          0,           0,         582,      -13.75283522,       -11.2144646,      -11.46633037,      -8.300512556
          0,           0,         583,      -13.85117522,      -11.36798111,      -11.31981013,      -8.350030778
          0,           0,         584,      -13.91324595,        -11.401841,      -11.46461889,      -8.453457111
          0,           0,         585,      -13.90182511,      -11.37554446,      -11.43491694,      -8.383215473
          0,           0,         586,      -13.76841442,      -11.19378014,      -11.43419625,      -8.308659168
          0,           0,         587,       -13.8691407,      -11.35680698,      -11.29635332,      -8.358846466
          0,           0,         588,      -13.81512861,      -11.37164356,      -11.32760536,      -8.328647349
          0,           0,         589,      -13.89303586,       -11.3535805,      -11.53331952,      -8.408044132
          0,           0,         590,      -13.87589747,      -11.35941306,      -11.35409609,      -8.392800352
          0,           0,         591,      -13.95386385,      -11.43343596,      -11.57427207,      -8.488872267
          0,           0,         592,      -13.86822928,       -11.4086339,      -11.38022986,      -8.386214602
          0,           0,         593,      -13.85451902,      -11.35310256,      -11.37404875,      -8.380763455
          0,           0,         594,      -13.85817232,      -11.33028575,      -11.42872053,      -8.339652256
          0,           0,         595,      -13.77218047,       -11.1955708,      -11.47915082,      -8.382166193
          0,           0,         596,      -13.84721751,      -11.35374078,      -11.34511479,      -8.341375583
          0,           0,         597,       -13.7984714,      -11.32278245,      -11.38590285,      -8.347907519
          0,           0,         598,      -13.84893137,      -11.31292722,      -11.43518374,       -8.38054861
          0,           0,         599,      -13.81761249,      -11.31450377,      -11.46953448,      -8.337387226
          0,           0,         600,       -13.9752797,      -11.42586689,      -11.44414524,       -8.45939706
