VARIABLES = \
"Time_Iter","Outer_Iter","Inner_Iter",    "rms[Rho]"    ,    "rms[RhoU]"   ,    "rms[RhoV]"   ,    "rms[RhoE]"   
          0,           0,           0,     -0.8127993807,       1.543672636,        1.62784872,       4.646828822
          0,           0,           1,     -0.7754959979,       1.493549975,        1.72527473,       4.693152706
          0,           0,           2,     -0.9958330625,       1.289638462,        1.44760083,       4.471245852
          0,           0,           3,      -1.210630169,       1.203197083,       1.229907304,        4.26099906
          0,           0,           4,      -1.409904409,        1.08836047,       1.023255956,       4.063023359
          0,           0,           5,      -1.599447035,      0.9520732078,      0.8777925693,       3.875596591
          0,           0,           6,      -1.725249491,      0.8959275581,      0.7192154929,       3.751008751
          0,           0,           7,       -1.85696654,      0.8281636437,        0.58700894,       3.624082201
          0,           0,           8,      -2.030365309,      0.7323666203,      0.5018633938,       3.466843685
          0,           0,           9,      -2.202689774,      0.6500706251,      0.4058489955,       3.315901895
          0,           0,          10,      -2.330886571,      0.5912257496,      0.2937033736,       3.201546505
          0,           0,          11,       -2.44121893,      0.5388416975,      0.1830056022,       3.103779206
          0,           0,          12,      -2.542125772,      0.4819003773,     0.08591628349,       3.015703949
          0,           0,          13,      -2.627217105,      0.4173340091,     0.00464242558,       2.937960138
          0,           0,          14,      -2.704934746,      0.3457779073,    -0.06764304969,       2.863106305
          0,           0,          15,      -2.783809134,      0.2691468651,     -0.1392177695,       2.785746609
          0,           0,          16,      -2.864355629,      0.1894912638,     -0.2150362846,        2.70551421
          0,           0,          17,      -2.944113377,      0.1088872474,     -0.2965286333,       2.623453356
          0,           0,          18,      -3.021753173,     0.02940714672,     -0.3828522164,       2.540114033
          0,           0,          19,      -3.097773251,     -0.0473960183,     -0.4722099174,         2.4555641
          0,           0,          20,      -3.173148128,     -0.1208111398,     -0.5630024919,         2.3699752
          0,           0,          21,      -3.247680661,     -0.1907293601,     -0.6543361444,       2.284285795
          0,           0,          22,      -3.319676482,     -0.2572925865,     -0.7456174876,       2.200462877
          0,           0,          23,      -3.387020332,     -0.3207413783,     -0.8358270748,       2.121078154
          0,           0,          24,      -3.448517516,     -0.3813259372,     -0.9229738108,       2.048335407
          0,           0,          25,      -3.504545866,     -0.4392580836,      -1.004336243,       1.983077438
          0,           0,          26,      -3.556517035,     -0.4947479539,      -1.077340426,       1.924597651
          0,           0,          27,      -3.605855081,     -0.5480390897,      -1.140660627,       1.871342177
          0,           0,          28,      -3.653454017,     -0.5994248416,       -1.19469726,       1.821750041
          0,           0,          29,      -3.699710655,     -0.6492156374,      -1.241137229,       1.774696391
          0,           0,          30,      -3.744763815,     -0.6976990118,       -1.28214245,       1.729505341
          0,           0,          31,      -3.788703947,      -0.745126091,      -1.319707605,       1.685770563
          0,           0,          32,      -3.831647584,      -0.791706821,      -1.355350872,        1.64322471
          0,           0,          33,      -3.873767555,     -0.8376158136,      -1.390067436,       1.601638382
          0,           0,          34,      -3.915274192,     -0.8829982505,      -1.424443941,       1.560784872
          0,           0,          35,      -3.956397473,     -0.9279749011,      -1.458810331,       1.520428419
          0,           0,          36,      -3.997360755,     -0.9726469083,      -1.493358482,       1.480338123
          0,           0,          37,      -4.038352505,      -1.017099608,      -1.528219031,       1.440314571
          0,           0,          38,      -4.079501279,      -1.061400928,      -1.563499275,       1.400215557
          0,           0,          39,      -4.120879948,       -1.10559942,      -1.599272809,       1.359956054
          0,           0,          40,      -4.162529572,      -1.149729227,      -1.635579011,       1.319483612
          0,           0,          41,      -4.204460046,       -1.19381141,      -1.672428811,       1.278776202
          0,           0,          42,      -4.246676069,      -1.237852219,      -1.709812329,       1.237816805
          0,           0,          43,      -4.289145996,      -1.281857618,       -1.74770849,       1.196626759
          0,           0,          44,      -4.331841313,      -1.325827024,      -1.786099486,       1.155224288
          0,           0,          45,      -4.374801681,      -1.369737895,      -1.824873953,       1.113557789
          0,           0,          46,      -4.418003322,       -1.41358959,      -1.864160449,       1.071642693
          0,           0,          47,      -4.461198512,      -1.457375303,       -1.90422119,       1.029723253
          0,           0,          48,      -4.504529379,       -1.50114007,      -1.944704607,      0.9876417148
          0,           0,          49,       -4.54798141,      -1.544819038,      -1.985524454,        0.94540785
          0,           0,          50,      -4.591545271,      -1.588383729,       -2.02657417,       0.903036034
          0,           0,          51,       -4.63522755,      -1.631836703,      -2.067772953,      0.8605326473
          0,           0,          52,      -4.678988252,      -1.675170684,      -2.109086953,      0.8179317009
          0,           0,          53,      -4.722773632,      -1.718370421,      -2.150497087,       0.775271802
          0,           0,          54,      -4.766542925,      -1.761425104,       -2.19199054,      0.7325851241
          0,           0,          55,      -4.810240692,      -1.804321015,      -2.233564741,      0.6899256127
          0,           0,          56,      -4.853848271,      -1.847049271,      -2.275186942,      0.6473156162
          0,           0,          57,      -4.897368517,      -1.889611174,       -2.31682568,      0.6047550914
          0,           0,          58,      -4.940799029,      -1.932009194,       -2.35846526,      0.5622479147
          0,           0,          59,      -4.984129574,      -1.974245221,      -2.400098898,       0.519805704
          0,           0,          60,      -5.027349112,       -2.01632226,       -2.44172119,       0.477441421
          0,           0,          61,      -5.070451363,      -2.058245931,      -2.483326699,       0.435163581
          0,           0,          62,      -5.113435088,      -2.100022399,      -2.524910022,       0.392975558
          0,           0,          63,      -5.156301076,      -2.141657814,      -2.566466847,      0.3508788364
          0,           0,          64,      -5.199051531,       -2.18315719,       -2.60799288,      0.3088735885
          0,           0,          65,      -5.241686457,      -2.224525317,      -2.649486972,      0.2669620412
          0,           0,          66,      -5.284206392,       -2.26576665,        -2.6909477,      0.2251457077
          0,           0,          67,      -5.326611272,      -2.306885175,      -2.732373527,      0.1834265995
          0,           0,          68,      -5.368900835,      -2.347884291,      -2.773763419,      0.1418066276
          0,           0,          69,      -5.411073407,      -2.388767862,       -2.81511756,      0.1002888324
          0,           0,          70,      -5.453129441,      -2.429539216,      -2.856434748,     0.05887402702
          0,           0,          71,      -5.495068819,      -2.470202286,      -2.897714236,     0.01756324248
          0,           0,          72,      -5.536891414,      -2.510760788,      -2.938955589,    -0.02364262627
          0,           0,          73,      -5.578597148,      -2.551218892,      -2.980158469,    -0.06474304333
          0,           0,          74,      -5.620186689,       -2.59158052,      -3.021322782,     -0.1057382404
          0,           0,          75,      -5.661661619,      -2.631849785,      -3.062448357,     -0.1466293318
          0,           0,          76,      -5.703024215,      -2.672030934,       -3.10353527,     -0.1874181228
          0,           0,          77,      -5.744276609,      -2.712128517,      -3.144583947,     -0.2281064151
          0,           0,          78,      -5.785420205,       -2.75214614,      -3.185595015,     -0.2686952132
          0,           0,          79,      -5.826456595,      -2.792087745,      -3.226568681,     -0.3091858453
          0,           0,          80,      -5.867387528,      -2.831957243,      -3.267504843,     -0.3495798057
          0,           0,          81,      -5.908214844,      -2.871758492,      -3.308403321,     -0.3898786697
          0,           0,          82,       -5.94894047,      -2.911495331,      -3.349263967,      -0.430084114
          0,           0,          83,      -5.989566457,       -2.95117161,      -3.390086705,     -0.4701979687
          0,           0,          84,       -6.03009505,      -2.990791203,      -3.430871547,     -0.5102222958
          0,           0,          85,      -6.070528754,      -3.030358014,      -3.471618618,     -0.5501594485
          0,           0,          86,      -6.110870361,      -3.069875971,      -3.512328149,     -0.5900120929
          0,           0,          87,      -6.151122927,      -3.109349008,      -3.553000477,     -0.6297831757
          0,           0,          88,      -6.191289702,       -3.14878104,      -3.593636054,     -0.6694758461
          0,           0,          89,      -6.231374051,      -3.188175933,      -3.634235453,     -0.7090933784
          0,           0,          90,      -6.271379409,      -3.227537487,      -3.674799359,     -0.7486391166
          0,           0,          91,      -6.311309252,      -3.266869423,       -3.71532856,     -0.7881164513
          0,           0,          92,      -6.351167052,      -3.306175351,      -3.755823758,     -0.8275287924
          0,           0,          93,      -6.390956242,      -3.345458745,      -3.796285664,     -0.8668795293
          0,           0,          94,      -6.430680394,      -3.384723187,      -3.836716106,     -0.9061720345
          0,           0,          95,      -6.470343803,      -3.423972021,      -3.877115912,     -0.9454104529
          0,           0,          96,      -6.509950106,      -3.463208532,      -3.917486214,     -0.9845983627
          0,           0,          97,      -6.549502691,       -3.50243589,      -3.957828373,      -1.023739137
          0,           0,          98,      -6.589005274,      -3.541657477,      -3.998143876,      -1.062836451
          0,           0,          99,      -6.628461711,      -3.580876368,      -4.038434372,      -1.101894072
          0,           0,         100,      -6.667875829,       -3.62009538,      -4.078701647,      -1.140915742
          0,           0,         101,      -6.707251461,      -3.659317391,      -4.118947511,      -1.179905208
          0,           0,         102,      -6.746592483,      -3.698545169,      -4.159173761,      -1.218866246
          0,           0,         103,      -6.785902753,      -3.737781367,      -4.199382292,      -1.257802598
          0,           0,         104,      -6.825186024,       -3.77702851,      -4.239575117,      -1.296717888
          0,           0,         105,      -6.864445961,      -3.816289007,       -4.27975428,      -1.335615644
          0,           0,         106,      -6.903686142,      -3.855565159,      -4.319921833,      -1.374499302
          0,           0,         107,      -6.942910091,      -3.894859174,      -4.360079836,      -1.413372248
          0,           0,         108,      -6.982121251,      -3.934173172,      -4.400230342,      -1.452237781
          0,           0,         109,      -7.021323004,      -3.973509177,      -4.440375413,      -1.491099134
          0,           0,         110,      -7.060518651,      -4.012869122,       -4.48051712,      -1.529959449
          0,           0,         111,      -7.099711421,      -4.052254851,      -4.520657533,      -1.568821789
          0,           0,         112,      -7.138904467,      -4.091668122,      -4.560798741,      -1.607689122
          0,           0,         113,       -7.17810083,      -4.131110599,      -4.600942811,      -1.646564312
          0,           0,         114,      -7.217303484,      -4.170583866,      -4.641091825,      -1.685450137
          0,           0,         115,      -7.256515284,      -4.210089432,       -4.68124783,      -1.724349271
          0,           0,         116,      -7.295739005,      -4.249628716,      -4.721412866,      -1.763264297
          0,           0,         117,      -7.334977328,      -4.289203067,      -4.761588908,      -1.802197701
          0,           0,         118,      -7.374232838,      -4.328813768,      -4.801777904,      -1.841151885
          0,           0,         119,      -7.413508026,      -4.368462014,      -4.841981754,       -1.88012914
          0,           0,         120,      -7.452805266,      -4.408148948,      -4.882202285,      -1.919131663
          0,           0,         121,      -7.492126851,      -4.447875637,      -4.922441307,      -1.958161556
          0,           0,         122,      -7.531474952,      -4.487643091,       -4.96270056,      -1.997220815
          0,           0,         123,      -7.570851657,      -4.527452253,      -5.002981713,      -2.036311347
          0,           0,         124,      -7.610258933,      -4.567304015,      -5.043286378,      -2.075434953
          0,           0,         125,      -7.649698686,      -4.607199207,       -5.08361613,      -2.114593367
          0,           0,         126,      -7.689172692,      -4.647138622,      -5.123972419,      -2.153788221
          0,           0,         127,      -7.728682661,      -4.687122984,      -5.164356724,      -2.193021046
          0,           0,         128,      -7.768230218,      -4.727152981,      -5.204770367,      -2.232293326
          0,           0,         129,      -7.807816894,      -4.767229252,      -5.245214625,      -2.271606452
          0,           0,         130,      -7.847444103,      -4.807352392,      -5.285690766,      -2.310961708
          0,           0,         131,      -7.887113134,       -4.84752294,      -5.326199857,      -2.350360257
          0,           0,         132,      -7.926825301,      -4.887741426,      -5.366743013,        -2.3898033
          0,           0,         133,      -7.966581816,      -4.928008331,      -5.407321253,      -2.429291922
          0,           0,         134,      -8.006383743,      -4.968324074,      -5.447935505,      -2.468827099
          0,           0,         135,      -8.046232093,      -5.008689076,      -5.488586656,      -2.508409744
          0,           0,         136,      -8.086127855,       -5.04910369,      -5.529275466,      -2.548040755
          0,           0,         137,      -8.126071823,      -5.089568265,      -5.570002721,       -2.58772088
          0,           0,         138,      -8.166064873,      -5.130083114,      -5.610769083,      -2.627450911
          0,           0,         139,      -8.206107638,      -5.170648487,      -5.651575187,      -2.667231446
          0,           0,         140,      -8.246200864,      -5.211264659,      -5.692421583,      -2.707063137
          0,           0,         141,      -8.286345137,      -5.251931858,      -5.733308626,      -2.746946575
          0,           0,         142,      -8.326540931,      -5.292650264,       -5.77423693,      -2.786882212
          0,           0,         143,      -8.366788852,      -5.333420039,      -5.815206782,      -2.826870535
          0,           0,         144,      -8.407089251,      -5.374241369,      -5.856218409,       -2.86691197
          0,           0,         145,      -8.447442492,       -5.41511435,      -5.897272202,      -2.907006851
          0,           0,         146,       -8.48784872,       -5.45603907,      -5.938368401,       -2.94715536
          0,           0,         147,      -8.528308414,      -5.497015659,      -5.979506897,      -2.987357928
          0,           0,         148,      -8.568821575,      -5.538044051,      -6.020688244,       -3.02761457
          0,           0,         149,      -8.609388692,      -5.579124464,      -6.061911965,       -3.06792577
          0,           0,         150,      -8.650009538,       -5.62025677,      -6.103178478,      -3.108291385
          0,           0,         151,      -8.690684239,       -5.66144105,       -6.14448754,      -3.148711636
          0,           0,         152,      -8.731413028,      -5.702677256,      -6.185839137,      -3.189186572
          0,           0,         153,      -8.772195658,      -5.743965351,      -6.227233263,      -3.229716227
          0,           0,         154,      -8.813031958,       -5.78530521,      -6.268669683,      -3.270300388
          0,           0,         155,      -8.853922073,       -5.82669684,      -6.310148131,      -3.310939238
          0,           0,         156,       -8.89486612,      -5.868140194,      -6.351668227,      -3.351632935
          0,           0,         157,      -8.935863265,      -5.909634984,      -6.393230157,      -3.392380739
          0,           0,         158,      -8.976913506,      -5.951181265,      -6.434833472,       -3.43318276
          0,           0,         159,      -9.018016926,      -5.992778778,      -6.476477592,      -3.474039017
          0,           0,         160,       -9.05917304,      -6.034427385,      -6.518162763,      -3.514949369
          0,           0,         161,      -9.100381342,      -6.076126951,      -6.559887765,      -3.555913257
          0,           0,         162,      -9.141641549,      -6.117877204,      -6.601653011,      -3.596930534
          0,           0,         163,      -9.182954364,      -6.159678157,      -6.643457442,      -3.638001656
          0,           0,         164,      -9.224317709,      -6.201529288,      -6.685301259,      -3.679124998
          0,           0,         165,      -9.265732146,      -6.243430514,      -6.727183125,      -3.720301308
          0,           0,         166,      -9.307197745,      -6.285381625,      -6.769103661,      -3.761530172
          0,           0,         167,      -9.348712587,      -6.327382194,       -6.81106202,      -3.802810433
          0,           0,         168,      -9.390277823,      -6.369431907,      -6.853057049,      -3.844142836
          0,           0,         169,      -9.431891251,      -6.411530727,      -6.895089079,      -3.885526269
          0,           0,         170,      -9.473554144,      -6.453678351,      -6.937157522,       -3.92696103
          0,           0,         171,      -9.515263656,      -6.495874251,      -6.979261381,      -3.968444949
          0,           0,         172,      -9.557022558,      -6.538118192,      -7.021399914,      -4.009980276
          0,           0,         173,      -9.598827556,      -6.580409452,      -7.063573981,       -4.05156437
          0,           0,         174,      -9.640678855,      -6.622747864,      -7.105782479,      -4.093198003
          0,           0,         175,      -9.682575722,      -6.665133769,      -7.148022886,      -4.134879646
          0,           0,         176,      -9.724519366,      -6.707566013,      -7.190297176,      -4.176610721
          0,           0,         177,      -9.766506657,      -6.750044244,      -7.232604894,      -4.218388304
          0,           0,         178,       -9.80853957,      -6.792568186,      -7.274943576,      -4.260214489
          0,           0,         179,      -9.850614649,      -6.835137044,      -7.317313538,       -4.30208657
          0,           0,         180,      -9.892732901,      -6.877751167,      -7.359715528,      -4.344005344
          0,           0,         181,      -9.934890906,      -6.920409178,      -7.402148597,      -4.385968517
          0,           0,         182,      -9.977093292,      -6.963111561,      -7.444612211,      -4.427977392
          0,           0,         183,      -10.01934139,      -7.005857508,      -7.487102453,       -4.47003479
          0,           0,         184,       -10.0616216,      -7.048645186,      -7.529624223,      -4.512130795
          0,           0,         185,      -10.10394889,      -7.091476965,       -7.57216814,      -4.554277229
          0,           0,         186,       -10.1463039,      -7.134348642,      -7.614750272,      -4.596454745
          0,           0,         187,      -10.18870517,      -7.177263505,      -7.657356058,      -4.638684355
          0,           0,         188,      -10.23115393,      -7.220218878,      -7.699986649,      -4.680963028
          0,           0,         189,      -10.27361833,      -7.263212965,        -7.7426508,      -4.723265869
          0,           0,         190,      -10.31614633,      -7.306249083,      -7.785331712,      -4.765630792
          0,           0,         191,      -10.35869495,      -7.349324646,      -7.828049111,      -4.808023687
          0,           0,         192,      -10.40127312,      -7.392437024,       -7.87078232,       -4.85044972
          0,           0,         193,      -10.44389838,      -7.435588366,      -7.913548695,      -4.892931896
          0,           0,         194,      -10.48654958,      -7.478778621,       -7.95634856,       -4.93543873
          0,           0,         195,      -10.52924088,      -7.522004787,      -7.999149333,      -4.977991704
          0,           0,         196,      -10.57197829,       -7.56526611,      -8.041992228,      -5.020601072
          0,           0,         197,       -10.6147031,      -7.608561748,      -8.084865978,      -5.063198921
          0,           0,         198,      -10.65749816,      -7.651889911,      -8.127733606,      -5.105870836
          0,           0,         199,      -10.70034684,      -7.695259624,      -8.170654231,      -5.148597088
          0,           0,         200,      -10.74318024,      -7.738667247,       -8.21359328,      -5.191328034
          0,           0,         201,      -10.78604749,      -7.782099579,      -8.256560925,      -5.234087349
          0,           0,         202,      -10.82898966,      -7.825561346,      -8.299551101,      -5.276915696
          0,           0,         203,      -10.87190238,       -7.86906353,      -8.342550757,      -5.319745368
          0,           0,         204,      -10.91487822,      -7.912584749,      -8.385545298,      -5.362620571
          0,           0,         205,      -10.95788499,      -7.956149757,      -8.428580854,      -5.405551248
          0,           0,         206,      -11.00094016,      -7.999739864,      -8.471704033,      -5.448517118
          0,           0,         207,      -11.04389742,      -8.043350118,      -8.514805122,      -5.491420954
          0,           0,         208,       -11.0870519,      -8.086993723,      -8.557935646,      -5.534470479
          0,           0,         209,      -11.13010406,      -8.130672413,        -8.6011163,      -5.577491121
          0,           0,         210,      -11.17326182,      -8.174376928,      -8.644190576,      -5.620568758
          0,           0,         211,       -11.2164827,      -8.218118036,      -8.687388907,      -5.663743551
          0,           0,         212,      -11.25962538,      -8.261880315,      -8.730667321,      -5.706888713
          0,           0,         213,      -11.30283369,      -8.305633338,      -8.773921877,      -5.750023748
          0,           0,         214,      -11.34604605,      -8.349434897,      -8.817188278,      -5.793218029
          0,           0,         215,      -11.38929461,      -8.393269102,      -8.860369509,      -5.836439273
          0,           0,         216,      -11.43255604,       -8.43710653,      -8.903836457,      -5.879647438
          0,           0,         217,      -11.47603435,      -8.481027865,      -8.947118237,      -5.923091822
          0,           0,         218,      -11.51919646,      -8.524896227,      -8.990335531,      -5.966269749
          0,           0,         219,      -11.56251987,      -8.568832265,      -9.033859359,      -6.009595788
          0,           0,         220,      -11.60591248,      -8.612746384,      -9.077149159,      -6.052918449
          0,           0,         221,      -11.64914138,      -8.656669446,       -9.12060225,      -6.096297765
          0,           0,         222,      -11.69295722,      -8.700638072,      -9.163922092,      -6.140025683
          0,           0,         223,      -11.73624959,      -8.744727066,      -9.207677044,      -6.183388759
          0,           0,         224,      -11.77954564,      -8.788734945,      -9.251074565,       -6.22670678
          0,           0,         225,      -11.82319043,      -8.832774686,      -9.294799864,      -6.270357262
          0,           0,         226,      -11.86651532,      -8.876716491,      -9.338112545,      -6.313641177
          0,           0,         227,      -11.91006118,      -8.920845909,      -9.381670624,      -6.357447527
          0,           0,         228,       -11.9535545,      -8.964826579,      -9.425150608,      -6.400852697
          0,           0,         229,      -11.99659475,      -9.008863761,       -9.46912574,      -6.443936881
          0,           0,         230,       -12.0406156,      -9.052999975,      -9.512719832,      -6.487982954
          0,           0,         231,      -12.08431399,      -9.097024096,      -9.556111916,      -6.531664864
          0,           0,         232,       -12.1280764,      -9.141412646,      -9.599930596,      -6.575679446
          0,           0,         233,      -12.17112562,      -9.185378338,      -9.644034907,      -6.619040755
          0,           0,         234,      -12.21477846,      -9.229508152,      -9.687248147,      -6.662510847
          0,           0,         235,      -12.25825428,      -9.273722393,      -9.731042829,      -6.706002994
          0,           0,         236,      -12.30273467,       -9.31786587,      -9.775735092,      -6.750473469
          0,           0,         237,      -12.34597553,      -9.361849854,      -9.817727919,      -6.794275041
          0,           0,         238,      -12.38945768,      -9.406080416,      -9.862396105,      -6.837981089
          0,           0,         239,      -12.43419233,      -9.450098398,      -9.905443065,      -6.882311067
          0,           0,         240,      -12.47688544,      -9.494893338,      -9.949703993,      -6.925652655
          0,           0,         241,      -12.51929938,      -9.538196279,      -9.994059571,      -6.967733756
          0,           0,         242,      -12.56593864,       -9.58334556,      -10.03951633,      -7.014867815
          0,           0,         243,      -12.60956834,       -9.62684658,      -10.07895593,       -7.05833087
          0,           0,         244,      -12.64879898,      -9.671481702,      -10.12498566,      -7.097487827
          0,           0,         245,      -12.69313935,      -9.715330186,      -10.17007291,      -7.142337836
          0,           0,         246,      -12.73851463,       -9.75920948,      -10.21177992,       -7.18771099
          0,           0,         247,      -12.77937516,      -9.803899208,      -10.25922578,      -7.231274545
          0,           0,         248,      -12.82433478,      -9.847831297,      -10.29845317,      -7.274772159
          0,           0,         249,      -12.86853349,      -9.893492162,      -10.34846426,      -7.320264182
          0,           0,         250,      -12.91015937,      -9.936508911,      -10.39125241,      -7.362654438
          0,           0,         251,      -12.95769727,      -9.978810801,      -10.42642208,      -7.407293186
          0,           0,         252,      -12.99994572,      -10.02381755,       -10.4771496,      -7.451083431
          0,           0,         253,      -13.04461426,      -10.06862031,      -10.52059425,      -7.497055643
          0,           0,         254,      -13.08760648,      -10.11156542,      -10.56267081,      -7.542199198
          0,           0,         255,      -13.11742848,       -10.1553379,      -10.60294993,      -7.570461602
          0,           0,         256,      -13.16664211,      -10.19978244,      -10.65389212,      -7.621186442
          0,           0,         257,      -13.20564027,      -10.24544136,      -10.69768244,      -7.662444202
          0,           0,         258,      -13.25382043,      -10.28936366,      -10.72631994,      -7.712945736
          0,           0,         259,        -13.290982,      -10.33121798,       -10.7837466,      -7.747463773
          0,           0,         260,      -13.32198223,       -10.3768417,      -10.81048221,      -7.779760262
          0,           0,         261,       -13.3654285,      -10.41769605,      -10.84752395,      -7.816908368
          0,           0,         262,       -13.4218146,      -10.46052766,      -10.90093933,      -7.876278003
          0,           0,         263,        -13.464344,      -10.50559517,      -10.93222231,      -7.919681769
          0,           0,         264,      -13.45592704,      -10.54727478,      -10.99916584,      -7.932927049
          0,           0,         265,      -13.52342547,      -10.59207741,      -11.04205662,      -7.971090708
          0,           0,         266,      -13.56488699,      -10.63764374,      -11.05528877,      -8.038434208
          0,           0,         267,       -13.6109436,      -10.67770134,      -11.05198857,      -8.078316184
          0,           0,         268,      -13.64475924,      -10.72553342,      -11.12875016,      -8.100535946
          0,           0,         269,      -13.64046464,      -10.76826347,      -11.14622132,      -8.118837942
          0,           0,         270,      -13.66523117,       -10.7873825,      -11.17893943,      -8.140143405
          0,           0,         271,      -13.71898251,      -10.84570051,      -11.24303511,      -8.210503102
          0,           0,         272,      -13.70457447,      -10.88407012,      -11.25897041,      -8.219060308
          0,           0,         273,      -13.69368814,      -10.90381162,      -11.21531542,      -8.192832213
          0,           0,         274,       -13.6777456,      -10.93926679,      -11.16573102,      -8.187329622
          0,           0,         275,      -13.67590297,      -10.93824473,      -11.29850263,      -8.193238552
          0,           0,         276,      -13.79643543,      -11.03422719,      -11.35367674,      -8.289544786
          0,           0,         277,      -13.85803435,      -11.07763931,      -11.41443451,      -8.344877132
          0,           0,         278,      -13.88168771,      -11.10559288,      -11.39434664,      -8.351933218
          0,           0,         279,      -13.72350335,      -11.07911709,      -11.31092778,      -8.230690398
          0,           0,         280,      -13.79565292,      -11.11376514,      -11.48021405,      -8.316990502
          0,           0,         281,      -13.74955809,      -11.14246738,      -11.44706111,      -8.324088936
          0,           0,         282,      -13.74750719,      -11.04107396,      -11.45132014,      -8.215261217
          0,           0,         283,      -13.82447405,      -11.21707209,      -11.39659675,      -8.345466864
          0,           0,         284,      -13.80842383,      -11.21328932,      -11.39808126,      -8.311552336
          0,           0,         285,       -13.8414461,      -11.23665582,      -11.36410982,      -8.336040847
          0,           0,         286,      -13.67031425,       -11.2635899,      -11.38856269,      -8.222108623
          0,           0,         287,      -13.80636092,        -11.189767,       -11.4725616,      -8.404122254
          0,           0,         288,      -13.77452196,      -11.18058732,      -11.44726214,      -8.282970318
          0,           0,         289,      -13.89067882,      -11.27293677,      -11.56449379,      -8.413142285
          0,           0,         290,      -13.78788887,      -11.30345358,      -11.39405595,      -8.314702106
          0,           0,         291,      -13.95273495,      -11.31096082,      -11.54569462,       -8.41971137
          0,           0,         292,      -13.90701318,      -11.26770552,      -11.52671461,      -8.402080091
          0,           0,         293,      -13.68947906,      -11.04134142,      -11.45831092,      -8.177233605
          0,           0,         294,      -13.88593628,      -11.31287194,      -11.50951267,      -8.357258335
          0,           0,         295,      -13.76512641,      -11.34676895,      -11.32080937,      -8.285123432
          0,           0,         296,       -13.8031044,      -11.22230849,       -11.4570917,      -8.308249198
          0,           0,         297,      -13.72756254,      -11.13424596,       -11.3496317,      -8.276829424
          0,           0,         298,      -13.85172286,      -11.30687653,      -11.48395707,        -8.3805257
          0,           0,         299,      -13.71719807,       -11.2129376,      -11.33187061,       -8.28050977
          0,           0,         300,      -13.92888103,      -11.41068331,      -11.47449358,      -8.436686547
          0,           0,         301,      -13.84321104,      -11.36549608,      -11.43143487,      -8.391747183
          0,           0,         302,      -13.91828453,      -11.31520149,      -11.47434408,      -8.431045353
          0,           0,         303,      -13.78726226,      -11.38263476,      -11.27006959,      -8.329885428
          0,           0,         304,      -13.92183596,      -11.35514423,      -11.44179082,      -8.417739607
          0,           0,         305,      -13.84949977,      -11.31884202,      -11.47261949,      -8.362378702
          0,           0,         306,      -13.73063497,      -11.12092471,      -11.39412946,      -8.217231926
          0,           0,         307,      -13.78200727,      -11.18547129,      -11.45815339,      -8.327334951
          0,           0,         308,      -13.78740688,      -11.34332877,      -11.47612908,      -8.325896634
          0,           0,         309,       -13.7849181,      -11.33730021,      -11.35348261,      -8.347394663
          0,           0,         310,      -13.90513008,      -11.48146642,      -11.42183475,      -8.432124978
          0,           0,         311,      -13.89269828,      -11.41076634,      -11.42074976,       -8.42350504
          0,           0,         312,       -13.8497275,      -11.30787369,      -11.49306051,       -8.42997994
          0,           0,         313,      -13.84907284,      -11.36306866,      -11.41110045,      -8.358679822
          0,           0,         314,      -13.80558171,      -11.31772779,      -11.48458703,      -8.423124188
          0,           0,         315,      -13.72604585,      -11.27442064,      -11.37244718,      -8.322895295
          0,           0,         316,      -13.82430341,       -11.3352863,      -11.44006087,      -8.372121289
          0,           0,         317,       -13.8413837,      -11.33035654,      -11.37677418,      -8.343141082
          0,           0,         318,      -13.92530806,      -11.33100307,      -11.56756269,      -8.397786242
          0,           0,         319,      -13.72209222,      -11.14959513,      -11.52156216,      -8.233116511
          0,           0,         320,      -13.84859591,      -11.34694168,      -11.44739652,      -8.368956341
          0,           0,         321,      -13.94954481,       -11.4652943,      -11.45926203,      -8.435137408
          0,           0,         322,      -13.73799977,      -11.19435264,      -11.44171883,      -8.294529174
          0,           0,         323,      -13.76268293,      -11.21174546,      -11.40022442,      -8.300104707
          0,           0,         324,      -13.79879715,      -11.20175894,      -11.48409514,      -8.331935961
          0,           0,         325,      -13.83311992,      -11.20448455,      -11.54690154,      -8.283139347
          0,           0,         326,      -13.69063827,      -11.04250078,       -11.4806833,      -8.206966554
          0,           0,         327,      -13.79753964,      -11.36002215,      -11.45922617,      -8.347637088
          0,           0,         328,      -13.68754229,      -11.18736968,      -11.27297047,      -8.238752828
          0,           0,         329,      -13.80823286,      -11.33403434,      -11.33173864,      -8.296514926
          0,           0,         330,       -13.8455773,      -11.34522788,      -11.37932464,      -8.356586831
          0,           0,         331,      -13.94757176,      -11.46564166,      -11.56981148,      -8.448612586
          0,           0,         332,       -13.8083186,      -11.18041837,      -11.53596879,      -8.320519516
          0,           0,         333,      -13.83844422,      -11.34344594,      -11.43966489,      -8.397199989
          0,           0,         334,      -13.87289125,      -11.46745857,      -11.44157136,      -8.406602296
          0,           0,         335,      -13.89513843,      -11.41130134,      -11.48504149,      -8.414774223
          0,           0,         336,      -13.78496232,      -11.29593326,      -11.36786271,      -8.342541246
          0,           0,         337,      -13.80720022,      -11.27448406,      -11.35329275,      -8.353655184
          0,           0,         338,      -13.83613067,      -11.38192648,      -11.35725695,      -8.327735435
          0,           0,         339,      -13.94987659,       -11.3948026,       -11.4285554,      -8.449968065
          0,           0,         340,      -13.83741761,      -11.34896087,      -11.52834202,      -8.384061576
          0,           0,         341,      -13.81288651,      -11.39336172,      -11.41640483,      -8.340126091
          0,           0,         342,      -13.77208627,      -11.28293557,      -11.35981111,      -8.352353214
          0,           0,         343,      -13.78055779,      -11.23911435,      -11.49894447,      -8.355585125
          0,           0,         344,      -13.77284437,      -11.30993752,      -11.30128576,      -8.293217712
          0,           0,         345,      -14.05147169,       -11.4245365,      -11.48235618,      -8.532751723
          0,           0,         346,      -13.81166964,      -11.30918726,      -11.37734623,      -8.323074734
          0,           0,         347,      -13.91149418,      -11.33857294,      -11.51073842,      -8.392161061
          0,           0,         348,      -13.82854353,      -11.31875468,      -11.38244397,      -8.344882225
          0,           0,         349,      -13.75073482,      -11.32803238,       -11.3139347,        -8.3058136
          0,           0,         350,      -13.89541292,      -11.32116223,      -11.40136911,      -8.400613895
          0,           0,         351,      -13.90155345,      -11.35518308,      -11.48131478,      -8.391376444
          0,           0,         352,      -13.84398922,      -11.37226236,      -11.42614267,      -8.356722884
          0,           0,         353,      -13.75846409,      -11.38382472,      -11.23736372,       -8.31155859
          0,           0,         354,      -13.97698438,      -11.38835781,      -11.48297193,      -8.477351141
          0,           0,         355,      -13.85500241,      -11.28522098,      -11.46423692,      -8.346300273
          0,           0,         356,      -13.75384803,      -11.26924514,      -11.43499393,      -8.310102651
          0,           0,         357,      -13.79214577,      -11.24587426,      -11.49280658,       -8.29438095
          0,           0,         358,      -13.82371533,      -11.34926841,      -11.49353728,      -8.355092681
          0,           0,         359,      -13.90613594,      -11.32471457,      -11.46898232,       -8.43128975
          0,           0,         360,      -13.68865069,       -11.2179396,      -11.31220898,      -8.241767422
          0,           0,         361,      -13.82037524,       -11.3493497,      -11.44206159,      -8.395746569
          0,           0,         362,      -13.79943716,       -11.1552575,       -11.4591179,      -8.296623588
          0,           0,         363,      -13.72504396,      -11.28696452,      -11.34992041,      -8.278746293
          0,           0,         364,      -13.85845637,      -11.35145695,      -11.42981655,      -8.393633889
          0,           0,         365,      -13.97414825,      -11.44318248,      -11.54497986,      -8.501781877
          0,           0,         366,      -13.87627631,      -11.30896361,      -11.49731158,        -8.4054115
          0,           0,         367,      -13.81162927,      -11.38242985,      -11.40566217,      -8.367643865
          0,           0,         368,      -13.94053448,      -11.41491364,      -11.45258459,      -8.460369473
          0,           0,         369,      -13.67140885,      -11.09993076,      -11.51191172,      -8.192291339
          0,           0,         370,      -13.84703579,      -11.29439324,      -11.51573336,      -8.380989337
          0,           0,         371,      -13.84819599,      -11.27934343,      -11.54191599,      -8.364045134
          0,           0,         372,      -13.88458822,      -11.38049808,      -11.43022727,      -8.398457178
          0,           0,         373,      -13.86988637,      -11.23886306,      -11.46776868,      -8.396347846
          0,           0,         374,      -13.84698766,      -11.35576882,      -11.42527753,      -8.382809859
          0,           0,         375,      -13.75995584,      -11.20502694,      -11.44378525,      -8.286559544
          0,           0,         376,      -13.84659688,       -11.2869414,      -11.48414318,      -8.329929749
          0,           0,         377,      -13.95661045,      -11.38703142,      -11.50742572,      -8.449829802
          0,           0,         378,      -13.77214106,      -11.34877696,      -11.42133267,       -8.35448734
          0,           0,         379,      -13.76997523,      -11.31109266,      -11.37556167,      -8.344246681
          0,           0,         380,      -13.71524809,      -11.22857254,      -11.27773011,      -8.222393864
          0,           0,         381,      -13.81628753,       -11.2706066,      -11.38969841,       -8.31772827
          0,           0,         382,      -13.81110127,      -11.16493018,      -11.55400953,      -8.265709827
          0,           0,         383,      -13.76021625,      -11.36013885,      -11.39507312,      -8.338660549
          0,           0,         384,      -13.85946923,      -11.44094091,      -11.51973871,      -8.434162812
          0,           0,         385,      -13.74862339,       -11.2528484,      -11.34055165,      -8.294075509
          0,           0,         386,      -13.86911594,      -11.22898536,      -11.49055691,      -8.361760774
          0,           0,         387,      -13.89551542,      -11.36628077,       -11.4191198,      -8.372763249
          0,           0,         388,      -13.92033516,      -11.42362779,      -11.41281431,      -8.455625259
          0,           0,         389,      -13.93444016,      -11.44668049,      -11.43375515,      -8.473792242
          0,           0,         390,      -13.89894329,       -11.4097217,      -11.44641162,      -8.439580037
          0,           0,         391,      -13.88670418,      -11.41168371,      -11.50062176,      -8.418340022
          0,           0,         392,      -13.84734045,      -11.24635108,      -11.50308803,      -8.377124791
          0,           0,         393,      -13.91165933,      -11.38017193,       -11.4723022,      -8.403315094
          0,           0,         394,      -13.65753913,      -11.07229818,      -11.46369279,      -8.178769084
          0,           0,         395,      -13.89509706,       -11.2720495,      -11.54009753,      -8.437675352
          0,           0,         396,      -13.89198695,      -11.39658507,      -11.39831934,       -8.43079786
          0,           0,         397,      -13.83635578,      -11.30276205,      -11.46130728,      -8.347824493
          0,           0,         398,      -13.87211431,      -11.37074743,      -11.38186177,      -8.393102147
          0,           0,         399,      -13.82787735,      -11.34702194,       -11.5849911,      -8.406514858
          0,           0,         400,      -13.90757183,      -11.41414949,      -11.59254615,      -8.431599723
          0,           0,         401,      -13.87111473,      -11.39119279,      -11.41968266,      -8.361636388
          0,           0,         402,      -13.83918581,      -11.33231009,      -11.30925605,      -8.395970316
          0,           0,         403,      -13.94162903,      -11.45449306,      -11.46503209,      -8.468098099
          0,           0,         404,      -13.91493109,      -11.40329873,      -11.48993772,      -8.417024125
          0,           0,         405,      -13.77367217,      -11.23970052,      -11.35077085,      -8.256205754
          0,           0,         406,      -13.73535369,      -11.15017115,      -11.47356181,      -8.314243251
          0,           0,         407,      -13.84581203,      -11.38996864,      -11.43626605,      -8.441065846
          0,           0,         408,      -13.82164369,      -11.30172859,      -11.34900179,      -8.345026548
          0,           0,         409,      -13.90304133,      -11.38727077,      -11.41094302,      -8.405801469
          0,           0,         410,      -13.80384752,      -11.31107541,      -11.35394281,      -8.364061629
          0,           0,         411,      -13.84516124,      -11.49736405,      -11.31085881,      -8.364334926
          0,           0,         412,      -13.85763099,      -11.25828683,       -11.4862269,      -8.348943543
          0,           0,         413,      -13.90932084,      -11.35846416,      -11.45416245,      -8.467352998
          0,           0,         414,       -13.6863089,        -11.196147,      -11.27074645,      -8.218055435
          0,           0,         415,      -13.64005783,      -11.22113941,      -11.15552316,      -8.179502349
          0,           0,         416,      -13.96963598,      -11.34596625,      -11.46476594,      -8.431812732
          0,           0,         417,      -13.85139066,        -11.288256,      -11.47514765,      -8.365928842
          0,           0,         418,      -13.75849346,      -11.23573876,      -11.31724269,      -8.288947918
          0,           0,         419,      -13.74415002,      -11.28314848,      -11.28377314,      -8.328854055
          0,           0,         420,      -13.89534021,      -11.37362914,      -11.39905157,      -8.386953285
          0,           0,         421,      -13.83928948,      -11.31779828,      -11.35782978,      -8.313360525
          0,           0,         422,      -13.92931039,      -11.35282452,      -11.52781514,      -8.425280504
          0,           0,         423,      -13.78499298,      -11.19506104,      -11.47509593,      -8.382369614
          0,           0,         424,       -13.8409359,       -11.4053282,      -11.45615294,      -8.359767987
          0,           0,         425,      -13.79282983,      -11.43609898,      -11.36050519,      -8.340659996
          0,           0,         426,      -13.85578121,      -11.32278934,      -11.51537198,      -8.428184208
          0,           0,         427,      -13.84148113,      -11.31302142,      -11.39467914,      -8.393830024
          0,           0,         428,      -13.80654251,      -11.19259647,      -11.32144673,      -8.340981143
          0,           0,         429,       -13.8058752,      -11.24056148,      -11.38452243,      -8.270819592
          0,           0,         430,      -13.72924705,      -11.31261363,      -11.39474106,      -8.292549691
          0,           0,         431,       -13.8872445,      -11.31802945,      -11.51390243,      -8.389259659
          0,           0,         432,      -13.93058915,      -11.37114525,      -11.59016494,      -8.415660652
          0,           0,         433,      -13.80489068,      -11.33421088,      -11.39720052,      -8.375818814
          0,           0,         434,      -13.77290542,      -11.33106314,      -11.33857207,       -8.28291538
          0,           0,         435,      -13.73462853,      -11.07825137,      -11.53267446,      -8.214635471
          0,           0,         436,      -13.93733282,      -11.43053985,      -11.44808704,       -8.42609093
          0,           0,         437,      -13.72958715,      -11.26723529,      -11.31760715,      -8.270024636
          0,           0,         438,      -13.87211205,      -11.22208411,      -11.48530059,      -8.332492391
          0,           0,         439,      -13.85317062,      -11.28826456,      -11.39109167,      -8.366202213
          0,           0,         440,      -13.67324777,      -11.28615927,      -11.23667143,      -8.201803204
          0,           0,         441,      -13.76259703,      -11.35096025,       -11.3353839,      -8.286935915
          0,           0,         442,      -13.89980857,       -11.3614739,       -11.4631744,      -8.427627292
          0,           0,         443,      -13.85233655,      -11.28175752,      -11.45380158,      -8.348269997
          0,           0,         444,      -13.80917061,      -11.34786189,      -11.41028815,      -8.345081185
          0,           0,         445,      -13.85836491,      -11.27676868,      -11.49466173,       -8.35641846
          0,           0,         446,      -13.84280282,      -11.29844664,       -11.5529254,       -8.35744696
          0,           0,         447,      -13.84900085,      -11.32950163,      -11.50474928,      -8.396094481
          0,           0,         448,      -13.89032491,      -11.26668584,      -11.55137325,      -8.404793203
          0,           0,         449,      -13.88163627,      -11.29729663,      -11.51116921,      -8.392940323
          0,           0,         450,      -13.86604061,      -11.37661301,      -11.46472004,      -8.378745547
          0,           0,         451,        -13.884515,      -11.28208407,       -11.3685536,      -8.374832326
          0,           0,         452,      -13.76285818,      -11.17496213,      -11.48507115,      -8.335845108
          0,           0,         453,      -13.85067031,      -11.29291255,      -11.45846203,      -8.335814568
          0,           0,         454,      -13.90322731,      -11.32036365,      -11.52790795,      -8.405920789
          0,           0,         455,      -13.85297552,      -11.28573959,      -11.48129961,      -8.364557922
          0,           0,         456,      -13.88884418,      -11.33320811,      -11.51810545,      -8.420719606
          0,           0,         457,      -13.96043724,      -11.42769221,      -11.45681614,      -8.485444765
          0,           0,         458,       -13.9006592,      -11.43754351,      -11.39270286,      -8.457701177
          0,           0,         459,      -13.90652957,       -11.3547783,      -11.41429239,      -8.416246701
          0,           0,         460,       -13.8571436,       -11.3075608,      -11.43735456,      -8.331999098
          0,           0,         461,      -13.82323236,      -11.32839754,      -11.45990461,      -8.340571609
          0,           0,         462,      -13.90272303,      -11.28882732,      -11.57439635,      -8.407741897
          0,           0,         463,       -13.9253961,      -11.40460323,      -11.49321677,      -8.456843393
          0,           0,         464,       -13.8022189,      -11.31695355,      -11.36627879,      -8.318915185
          0,           0,         465,      -13.88980976,      -11.39927905,      -11.47410246,      -8.388762174
          0,           0,         466,      -13.79572389,      -11.24941836,      -11.49956717,      -8.305337116
          0,           0,         467,      -13.92649986,      -11.38865651,      -11.48920801,      -8.444371917
          0,           0,         468,      -13.79023004,       -11.3040912,      -11.28177412,       -8.29740794
          0,           0,         469,      -13.84037665,       -11.2956269,      -11.41409117,      -8.396491322
          0,           0,         470,      -13.80587824,      -11.19698388,      -11.45445365,      -8.310705034
          0,           0,         471,      -13.86003651,       -11.2728174,      -11.54082381,       -8.36831088
          0,           0,         472,      -13.88085567,       -11.4294018,      -11.45233298,      -8.418611439
          0,           0,         473,       -13.8595984,      -11.23744084,      -11.48716006,      -8.337595562
          0,           0,         474,      -13.79142219,      -11.27382796,       -11.4131781,      -8.330834388
          0,           0,         475,      -13.83736152,      -11.35224966,      -11.32853058,      -8.377331408
          0,           0,         476,       -13.9186788,      -11.33144941,      -11.58303386,      -8.397617134
          0,           0,         477,      -13.79872925,      -11.22779883,      -11.45614891,      -8.340166306
          0,           0,         478,      -13.75077207,      -11.22928844,      -11.30777268,      -8.275960345
          0,           0,         479,      -13.87306638,      -11.34537135,      -11.49525217,      -8.375735739
          0,           0,         480,      -13.94784478,      -11.44760741,      -11.61649047,      -8.492799649
          0,           0,         481,      -13.84764194,      -11.33856798,      -11.40435114,      -8.359357805
          0,           0,         482,      -13.76856783,      -11.33825475,      -11.37054795,      -8.356706359
          0,           0,         483,      -13.92376806,      -11.40576045,      -11.46172831,      -8.425154615
          0,           0,         484,      -13.86781872,      -11.36560361,      -11.45030678,      -8.416134775
          0,           0,         485,      -13.74541119,      -11.43800449,      -11.39284045,        -8.3086585
          0,           0,         486,      -13.77689247,      -11.32160436,      -11.35635863,      -8.323671061
          0,           0,         487,      -13.97827233,      -11.42677391,      -11.45901573,       -8.48869752
          0,           0,         488,      -13.93721268,      -11.39705718,      -11.46183697,      -8.431402676
          0,           0,         489,       -13.6246027,      -11.00065503,      -11.31039323,      -8.130913636
          0,           0,         490,      -13.86869722,      -11.29303998,      -11.52062452,      -8.365157372
          0,           0,         491,      -13.75595683,      -11.32583273,      -11.30159698,       -8.28033967
          0,           0,         492,      -13.84484688,      -11.46718067,      -11.51532854,      -8.376342889
          0,           0,         493,      -13.84829132,      -11.29558317,      -11.40542011,      -8.322022753
          0,           0,         494,       -13.8336837,      -11.38147171,      -11.42101319,      -8.340976461
          0,           0,         495,      -13.81242812,      -11.40314116,      -11.41877475,      -8.345704007
          0,           0,         496,      -13.87867608,       -11.3404855,      -11.47675892,      -8.369715043
          0,           0,         497,      -13.72800581,      -11.23742168,      -11.25031158,      -8.270428829
          0,           0,         498,      -13.82004376,      -11.32528594,       -11.5043787,      -8.330059225
          0,           0,         499,      -13.88473662,      -11.34756887,      -11.47555565,      -8.411593814
          0,           0,         500,      -13.80367894,      -11.27354923,      -11.42546877,       -8.36676379
          0,           0,         501,      -13.88302753,      -11.21422571,       -11.4599354,      -8.304732024
          0,           0,         502,      -13.81690827,      -11.38067888,      -11.35101237,      -8.346702369
          0,           0,         503,       -13.7723132,      -11.38129428,      -11.27645077,      -8.287101295
          0,           0,         504,      -13.72626606,      -11.20283844,      -11.53445911,      -8.288413652
          0,           0,         505,       -13.8297341,      -11.31817666,      -11.41527286,      -8.347889564
          0,           0,         506,      -13.88555698,      -11.31735329,      -11.51934549,      -8.399657488
          0,           0,         507,      -13.79875455,      -11.35248521,      -11.36777596,      -8.315839454
          0,           0,         508,      -13.79986638,      -11.33259233,      -11.41939062,      -8.345205338
          0,           0,         509,      -13.87887838,      -11.23706331,      -11.53150156,      -8.359937467
          0,           0,         510,      -13.75717616,      -11.27150154,      -11.36832875,      -8.315228288
          0,           0,         511,      -13.81663102,      -11.34459302,      -11.42479915,      -8.361300863
          0,           0,         512,      -13.80721535,      -11.27679147,      -11.38373034,      -8.366963567
          0,           0,         513,      -13.87158349,      -11.43541404,      -11.42819684,       -8.42643709
          0,           0,         514,      -13.91878552,      -11.38599668,      -11.45468889,      -8.426780217
          0,           0,         515,      -13.91191766,      -11.38369792,      -11.53916529,      -8.407506809
          0,           0,         516,      -13.92286236,      -11.37071654,      -11.41157165,      -8.432537062
          0,           0,         517,      -13.90245618,      -11.36755174,      -11.50076303,       -8.39006626
          0,           0,         518,      -13.86513583,      -11.38022614,       -11.3970043,       -8.38212846
          0,           0,         519,      -13.77660128,      -11.27717675,      -11.40552284,      -8.360642105
          0,           0,         520,      -13.85041645,      -11.34693378,      -11.50626965,      -8.326529038
          0,           0,         521,      -13.95573392,      -11.40588952,      -11.53666804,      -8.493525479
          0,           0,         522,      -13.87019551,      -11.34914797,      -11.44060212,      -8.384392474
          0,           0,         523,      -13.70610223,      -11.13395773,      -11.54110903,      -8.267674623
          0,           0,         524,      -13.86089461,      -11.38835584,       -11.4777527,      -8.400902187
          0,           0,         525,      -13.90737273,      -11.40843111,      -11.39192381,      -8.448511003
          0,           0,         526,      -13.85998875,      -11.35327817,      -11.40663043,       -8.40389575
          0,           0,         527,      -13.81099293,      -11.36164355,      -11.40103706,       -8.36671063
          0,           0,         528,       -13.9255545,      -11.27888231,      -11.41620203,      -8.424687318
          0,           0,         529,      -13.74576975,       -11.1086968,      -11.54005414,      -8.300261747
          0,           0,         530,       -13.8402099,      -11.25427717,      -11.51735888,      -8.353119899
          0,           0,         531,      -13.85714736,      -11.29587451,      -11.45042935,      -8.350069348
          0,           0,         532,      -13.92677028,      -11.41000199,      -11.44536387,      -8.464197192
          0,           0,         533,      -13.76522341,      -11.18289499,      -11.46023944,       -8.29782767
          0,           0,         534,      -13.90675033,      -11.29497193,      -11.38331697,      -8.401219629
          0,           0,         535,      -13.85183994,      -11.33367206,      -11.52004018,      -8.369365426
          0,           0,         536,      -13.75415628,       -11.3036778,       -11.3527842,      -8.264193272
          0,           0,         537,      -13.86338115,      -11.39301867,      -11.34737616,      -8.356624763
          0,           0,         538,       -13.9225277,      -11.39441691,      -11.47240832,      -8.403897348
          0,           0,         539,       -13.9738278,      -11.43662144,      -11.62049478,      -8.473906923
          0,           0,         540,      -13.84640544,      -11.39329703,      -11.37404251,      -8.392656882
          0,           0,         541,      -13.80066882,      -11.42248438,      -11.30580385,       -8.33851941
          0,           0,         542,      -13.82115787,      -11.31207212,      -11.40920045,      -8.366273189
          0,           0,         543,      -13.93487081,       -11.4149429,      -11.55547711,       -8.42685613
          0,           0,         544,      -13.92097678,      -11.37749549,      -11.63685749,      -8.496225305
          0,           0,         545,      -13.82844442,      -11.41691833,       -11.3185897,      -8.341121904
          0,           0,         546,      -13.78955588,      -11.36761606,       -11.3363032,      -8.329337932
          0,           0,         547,      -13.76269118,      -11.36597839,       -11.2378458,      -8.322877526
          0,           0,         548,      -13.95263543,      -11.42899897,      -11.57019952,      -8.500217697
          0,           0,         549,       -13.6385959,       -11.0781064,      -11.43341664,      -8.223111977
          0,           0,         550,      -13.93735441,      -11.42361099,      -11.43241302,      -8.444239567
          0,           0,         551,      -13.64022247,      -11.03916521,      -11.35032815,      -8.161062284
          0,           0,         552,      -13.87316513,      -11.34249813,      -11.47132646,      -8.357446505
          0,           0,         553,      -13.81146445,      -11.35135068,       -11.3738094,      -8.337543942
          0,           0,         554,       -13.7698281,      -11.34995563,       -11.4070423,      -8.297853687
          0,           0,         555,      -13.77975828,      -11.21439899,      -11.37660577,      -8.281738107
          0,           0,         556,      -13.91177798,      -11.46353434,      -11.51638108,      -8.469562277
          0,           0,         557,      -13.78239618,      -11.22323816,      -11.47897883,       -8.32821058
          0,           0,         558,      -13.90207333,      -11.27847448,      -11.59879615,      -8.389132157
          0,           0,         559,       -13.7593256,      -11.21955196,      -11.48992813,      -8.316518345
          0,           0,         560,      -13.93385408,      -11.41028303,      -11.63252811,      -8.445850159
          0,           0,         561,      -13.92092494,      -11.33381065,       -11.4689905,       -8.41003074
          0,           0,         562,      -13.66460783,      -11.11249879,      -11.54086954,      -8.237375977
          0,           0,         563,      -13.81112327,       -11.2767086,      -11.44698123,      -8.307166983
          0,           0,         564,      -13.80049816,      -11.34890353,        -11.361308,      -8.309337168
          0,           0,         565,      -13.70288674,      -11.13841822,      -11.48898354,       -8.26120222
          0,           0,         566,      -13.81923007,      -11.21044336,      -11.48881871,      -8.349326001
          0,           0,         567,      -13.89917322,        -11.413863,      -11.43444592,      -8.439702242
          0,           0,         568,      -13.77060626,      -11.25781366,      -11.49608118,      -8.359434407
          0,           0,         569,        -13.839761,      -11.31371288,      -11.48271514,      -8.385325976
          0,           0,         570,      -13.74089933,      -11.17336423,      -11.30697722,      -8.266890215
          0,           0,         571,      -13.78996784,       -11.2659489,      -11.32477453,      -8.272678383
          0,           0,         572,      -13.80695944,      -11.23183744,      -11.55598778,      -8.332166137
          0,           0,         573,       -13.7349411,      -11.17170397,      -11.48868088,      -8.279219127
          0,           0,         574,      -13.84919613,      -11.30911696,      -11.37472121,      -8.392286884
          0,           0,         575,      -13.86227895,      -11.45344526,      -11.42720342,      -8.399141223
          0,           0,         576,      -13.87940203,       -11.3542973,       -11.4596242,      -8.416307377
          0,           0,         577,      -13.82976873,      -11.32986912,      -11.42328454,      -8.382602888
          0,           0,         578,       -13.8594756,      -11.26846685,       -11.5077465,      -8.345430832
          0,           0,         579,      -13.80637047,      -11.36750935,      -11.39162468,      -8.378190525
          0,           0,         580,      -13.80476931,      -11.35399177,      -11.44667199,      -8.345190381
          0,           0,         581,      -13.83233106,       -11.3477882,      -11.38301497,      -8.380617192
          0,           0,         582,      -13.78073624,      -11.25360771,      -11.45187519,      -8.339427595
          0,           0,         583,      -13.85678068,      -11.37665572,      -11.33309196,      -8.364238533
          0,           0,         584,      -13.87348131,      -11.40923877,      -11.36234544,      -8.378932833
          0,           0,         585,      -13.80842066,      -11.23845881,      -11.35875887,      -8.279728249
          0,           0,         586,      -13.93045281,      -11.39077595,      -11.45880364,      -8.429602328
          0,           0,         587,      -13.84168394,      -11.30386838,      -11.43155899,      -8.360457321
          0,           0,         588,      -13.90051258,      -11.35069321,       -11.4213833,      -8.412204223
          0,           0,         589,      -13.78929514,      -11.25691961,      -11.39829034,      -8.357648786
          0,           0,         590,      -13.90057876,      -11.38669658,      -11.37348749,      -8.426037395
          0,           0,         591,      -13.86177577,      -11.29622535,      -11.52644759,      -8.349416239
          0,           0,         592,       -13.8635469,      -11.36697925,      -11.39017056,      -8.415655215
          0,           0,         593,      -13.76100014,      -11.13563289,      -11.53338049,      -8.261400401
          0,           0,         594,      -13.86161286,      -11.24052164,      -11.44087642,      -8.364641408
          0,           0,         595,      -13.95362679,      -11.34316943,      -11.48681019,       -8.46378185
          0,           0,         596,      -14.04435107,      -11.48964633,      -11.51810049,      -8.510277821
          0,           0,         597,      -13.85646767,      -11.49958335,      -11.39638527,      -8.392596764
          0,           0,         598,      -13.84069268,      -11.33018039,      -11.43988055,      -8.396888749
          0,           0,         599,      -13.77146685,      -11.12844406,      -11.44674417,      -8.276216526
          0,           0,         600,      -13.95202447,      -11.38888281,      -11.48766565,      -8.498286801
