VARIABLES = \
"Time_Iter","Outer_Iter","Inner_Iter",    "rms[Rho]"    ,    "rms[RhoU]"   ,    "rms[RhoV]"   ,    "rms[RhoE]"   
          0,           0,           0,      -1.064205656,       1.115305835,       1.460833347,       4.395422547
          0,           0,           1,      -1.038361575,       1.263880715,        1.51427256,       4.430194825
          0,           0,           2,      -1.317528043,       1.014991518,       1.222911772,       4.147819068
          0,           0,           3,      -1.516549616,      0.8824989937,      0.9674001437,       3.945827801
          0,           0,           4,      -1.723898151,      0.7104864715,      0.7517953278,       3.734488315
          0,           0,           5,        -1.9485694,      0.5599375604,       0.544854832,       3.514999442
          0,           0,           6,      -2.129136907,      0.4472858533,      0.3591450667,       3.343831737
          0,           0,           7,       -2.28234939,      0.3495075943,      0.1849416352,       3.193743037
          0,           0,           8,      -2.440465806,       0.274470132,     0.01786143719,       3.042005672
          0,           0,           9,        -2.5987299,      0.2123112655,     -0.1344985663,       2.898253027
          0,           0,          10,      -2.737378322,      0.1539974255,     -0.2582258058,       2.779295401
          0,           0,          11,      -2.866149084,     0.09686016666,     -0.3574522032,       2.672091153
          0,           0,          12,      -2.985080267,     0.03932490707,     -0.4466621203,       2.571287283
          0,           0,          13,      -3.080274749,    -0.01870650487,     -0.5317557166,       2.482186218
          0,           0,          14,      -3.156273924,    -0.07745985582,     -0.6142473543,       2.401505913
          0,           0,          15,      -3.226392751,     -0.1367101116,     -0.6954207004,       2.323536874
          0,           0,          16,       -3.29551402,     -0.1953187323,     -0.7767084502,       2.248840735
          0,           0,          17,      -3.362269049,     -0.2519290364,     -0.8579239846,       2.181331847
          0,           0,          18,      -3.424533874,     -0.3056121816,     -0.9362391046,       2.122716913
          0,           0,          19,      -3.480343522,     -0.3560645695,      -1.007774085,       2.071879087
          0,           0,          20,      -3.527951951,     -0.4034940457,      -1.069660639,       2.027025862
          0,           0,          21,       -3.56758109,     -0.4484379498,      -1.121217338,        1.98636745
          0,           0,          22,      -3.601947193,     -0.4915368156,        -1.1638448,       1.948057462
          0,           0,          23,      -3.634248639,      -0.533343059,       -1.20003744,       1.910638581
          0,           0,          24,      -3.666312935,     -0.5742347701,       -1.23243728,       1.873474346
          0,           0,          25,      -3.698503263,     -0.6144345233,      -1.263202627,       1.836606026
          0,           0,          26,      -3.730547278,     -0.6540811479,      -1.293663291,       1.800283734
          0,           0,          27,      -3.762237706,     -0.6932785152,      -1.324337683,       1.764622782
          0,           0,          28,      -3.793629554,     -0.7321151146,       -1.35532289,       1.729535844
          0,           0,          29,      -3.824920987,     -0.7706607816,      -1.386658079,       1.694848408
          0,           0,          30,      -3.856280318,      -0.808956567,      -1.418417056,       1.660429818
          0,           0,          31,       -3.88777191,     -0.8470183423,      -1.450638852,       1.626236472
          0,           0,          32,      -3.919389194,     -0.8848539723,      -1.483283323,       1.592271047
          0,           0,          33,      -3.951141852,     -0.9224765605,      -1.516280598,       1.558500762
          0,           0,          34,      -3.983105441,     -0.9599269903,      -1.549572537,       1.524826329
          0,           0,          35,      -4.015428575,     -0.9972583456,      -1.583150136,       1.491093397
          0,           0,          36,      -4.048242192,      -1.034518554,      -1.617060329,        1.45714858
          0,           0,          37,      -4.081609646,       -1.07174479,      -1.651369594,       1.422894147
          0,           0,          38,      -4.115508962,      -1.108952881,      -1.686106519,        1.38831731
          0,           0,          39,      -4.149855689,      -1.146142782,      -1.721246648,         1.3534674
          0,           0,          40,      -4.184546566,      -1.183306506,      -1.756727065,       1.318413074
          0,           0,          41,      -4.219496313,      -1.220436785,      -1.792470395,       1.283208624
          0,           0,          42,      -4.254649439,      -1.257531547,      -1.828404043,       1.247884373
          0,           0,          43,      -4.289973613,      -1.294590889,       -1.86446928,       1.212453987
          0,           0,          44,      -4.325448777,      -1.331616394,       -1.90062284,       1.176924273
          0,           0,          45,      -4.361056832,      -1.368613655,      -1.936840998,       1.141303744
          0,           0,          46,      -4.396993308,      -1.405643343,      -1.973216396,       1.105409177
          0,           0,          47,      -4.433329833,      -1.442724732,      -2.009791287,       1.069175952
          0,           0,          48,      -4.469694325,      -1.479779301,      -2.046480805,       1.032939669
          0,           0,          49,      -4.505878416,      -1.516756748,      -2.083120248,      0.9968834325
          0,           0,          50,      -4.541918347,      -1.553669119,      -2.119603989,      0.9609694637
          0,           0,          51,      -4.577918607,      -1.590545721,      -2.155927315,      0.9251011117
          0,           0,          52,      -4.613939938,       -1.62740659,      -2.192142582,       0.889222555
          0,           0,          53,      -4.649991451,      -1.664257961,       -2.22828869,      0.8533254606
          0,           0,          54,      -4.686064107,      -1.701102938,      -2.264389561,      0.8174176223
          0,           0,          55,      -4.722152036,      -1.737947656,      -2.300459896,      0.7815034532
          0,           0,          56,      -4.758252886,      -1.774797547,      -2.336509699,      0.7455840307
          0,           0,          57,      -4.794369636,       -1.81165749,      -2.372543289,      0.7096553953
          0,           0,          58,      -4.830507844,      -1.848532878,       -2.40856473,      0.6737114558
          0,           0,          59,      -4.866673483,      -1.885429629,      -2.444579669,      0.6377458647
          0,           0,          60,      -4.902871011,      -1.922352393,      -2.480594998,       0.601753576
          0,           0,          61,       -4.93910155,       -1.95930521,      -2.516616184,       0.565732662
          0,           0,          62,      -4.975366209,      -1.996292609,      -2.552645433,      0.5296812014
          0,           0,          63,       -5.01166665,      -2.033317083,      -2.588687042,      0.4935969533
          0,           0,          64,      -5.048006251,      -2.070382225,      -2.624744823,      0.4574759878
          0,           0,          65,      -5.084388972,      -2.107491512,      -2.660823176,      0.4213139318
          0,           0,          66,      -5.120818199,      -2.144647633,       -2.69692632,      0.3851070709
          0,           0,          67,      -5.157296188,      -2.181852719,      -2.733057712,      0.3488528113
          0,           0,          68,      -5.193823762,      -2.219108618,      -2.769219714,      0.3125498933
          0,           0,          69,      -5.230401394,      -2.256416901,      -2.805413955,      0.2761974295
          0,           0,          70,       -5.26702977,      -2.293778977,      -2.841641764,      0.2397944028
          0,           0,          71,      -5.303709615,      -2.331196448,      -2.877904135,      0.2033397832
          0,           0,          72,       -5.34044192,      -2.368670948,      -2.914202254,      0.1668323149
          0,           0,          73,       -5.37722668,       -2.40620242,      -2.950537282,      0.1302718641
          0,           0,          74,      -5.414064504,      -2.443791484,      -2.986910214,     0.09365764444
          0,           0,          75,      -5.450955933,      -2.481438783,      -3.023321916,      0.0569889261
          0,           0,          76,      -5.487901284,       -2.51914478,      -3.059773184,     0.02026520403
          0,           0,          77,      -5.524900625,      -2.556909776,      -3.096264741,    -0.01651377833
          0,           0,          78,      -5.561953778,      -2.594733931,      -3.132797202,    -0.05334803204
          0,           0,          79,      -5.599060464,      -2.632617487,      -3.169370855,    -0.09023749033
          0,           0,          80,      -5.636220279,      -2.670560165,      -3.205986327,     -0.1271818774
          0,           0,          81,      -5.673432958,      -2.708561834,      -3.242643933,     -0.1641810745
          0,           0,          82,       -5.71069808,       -2.74662227,      -3.279343861,     -0.2012348051
          0,           0,          83,      -5.748015021,      -2.784741138,      -3.316086174,     -0.2383425987
          0,           0,          84,      -5.785383105,       -2.82291803,      -3.352870834,     -0.2755039263
          0,           0,          85,      -5.822801648,      -2.861152484,      -3.389697785,     -0.3127182454
          0,           0,          86,      -5.860269951,       -2.89944399,      -3.426566955,     -0.3499849929
          0,           0,          87,      -5.897787275,      -2.937791988,      -3.463478253,     -0.3873035665
          0,           0,          88,      -5.935352835,      -2.976195872,      -3.500431557,     -0.4246733184
          0,           0,          89,      -5.972965804,      -3.014654996,      -3.537426704,     -0.4620935589
          0,           0,          90,       -6.01062531,      -3.053168679,      -3.574463489,     -0.4995635549
          0,           0,          91,      -6.048330443,      -3.091736205,      -3.611541677,     -0.5370825358
          0,           0,          92,      -6.086080271,      -3.130356831,      -3.648661014,     -0.5746497075
          0,           0,          93,      -6.123873861,      -3.169029785,      -3.685821237,      -0.612264272
          0,           0,          94,      -6.161710289,      -3.207754276,      -3.723022073,     -0.6499254337
          0,           0,          95,      -6.199588629,      -3.246529489,      -3.760263258,     -0.6876323912
          0,           0,          96,      -6.237507951,      -3.285354588,       -3.79754452,     -0.7253843368
          0,           0,          97,      -6.275467322,       -3.32422872,      -3.834865583,     -0.7631804544
          0,           0,          98,       -6.31346581,      -3.363151011,      -3.872226167,     -0.8010199252
          0,           0,          99,      -6.351502483,      -3.402120573,      -3.909625978,     -0.8389019286
          0,           0,         100,      -6.389576413,      -3.441136504,      -3.947064717,      -0.876825641
          0,           0,         101,      -6.427686675,      -3.480197887,      -3.984542073,     -0.9147902371
          0,           0,         102,      -6.465832349,      -3.519303792,      -4.022057727,     -0.9527948932
          0,           0,         103,      -6.504012525,      -3.558453278,      -4.059611351,     -0.9908387914
          0,           0,         104,      -6.542226302,      -3.597645393,      -4.097202624,      -1.028921114
          0,           0,         105,      -6.580472787,      -3.636879172,      -4.134831205,      -1.067041048
          0,           0,         106,      -6.618751092,      -3.676153645,      -4.172496756,      -1.105197782
          0,           0,         107,       -6.65706034,       -3.71546783,       -4.21019892,      -1.143390511
          0,           0,         108,      -6.695399669,      -3.754820739,      -4.247937359,      -1.181618435
          0,           0,         109,      -6.733768224,      -3.794211377,      -4.285711719,       -1.21988076
          0,           0,         110,      -6.772165172,      -3.833638745,       -4.32352163,      -1.258176706
          0,           0,         111,      -6.810589698,       -3.87310184,       -4.36136674,      -1.296505504
          0,           0,         112,      -6.849040997,      -3.912599655,      -4.399246691,      -1.334866395
          0,           0,         113,      -6.887518279,      -3.952131183,      -4.437161111,       -1.37325862
          0,           0,         114,      -6.926020793,      -3.991695414,      -4.475109608,      -1.411681454
          0,           0,         115,      -6.964547778,      -4.031291337,      -4.513091852,      -1.450134164
          0,           0,         116,      -7.003098521,      -4.070917943,       -4.55110744,      -1.488616049
          0,           0,         117,      -7.041672307,      -4.110574226,      -4.589156019,      -1.527126406
          0,           0,         118,      -7.080268457,      -4.150259183,       -4.62723724,      -1.565664551
          0,           0,         119,      -7.118886318,      -4.189971815,      -4.665350693,      -1.604229831
          0,           0,         120,       -7.15752524,      -4.229711126,      -4.703496057,      -1.642821585
          0,           0,         121,      -7.196184627,      -4.269476132,      -4.741672912,      -1.681439198
          0,           0,         122,      -7.234863904,      -4.309265849,      -4.779880963,      -1.720082061
          0,           0,         123,      -7.273562492,      -4.349079316,      -4.818119841,      -1.758749575
          0,           0,         124,      -7.312279872,      -4.388915562,      -4.856389153,      -1.797441177
          0,           0,         125,      -7.351015537,      -4.428773653,       -4.89468865,      -1.836156314
          0,           0,         126,      -7.389768993,      -4.468652642,      -4.933017917,      -1.874894451
          0,           0,         127,      -7.428539811,      -4.508551605,      -4.971376675,      -1.913655085
          0,           0,         128,      -7.467327557,      -4.548469637,      -5.009764576,      -1.952437736
          0,           0,         129,      -7.506131838,      -4.588405837,      -5.048181253,       -1.99124194
          0,           0,         130,      -7.544952245,      -4.628359343,       -5.08662658,      -2.030067215
          0,           0,         131,      -7.583788496,      -4.668329277,      -5.125100041,      -2.068913204
          0,           0,         132,      -7.622640247,      -4.708314802,      -5.163601509,      -2.107779479
          0,           0,         133,      -7.661507152,      -4.748315098,      -5.202130666,       -2.14666562
          0,           0,         134,       -7.70038905,      -4.788329359,      -5.240687263,      -2.185571362
          0,           0,         135,      -7.739285595,      -4.828356771,       -5.27927087,      -2.224496297
          0,           0,         136,      -7.778196606,      -4.868396619,       -5.31788161,      -2.263440117
          0,           0,         137,       -7.81712193,      -4.908448115,       -5.35651878,      -2.302402596
          0,           0,         138,      -7.856061312,      -4.948510563,      -5.395182513,      -2.341383382
          0,           0,         139,      -7.895014628,      -4.988583249,      -5.433872449,      -2.380382249
          0,           0,         140,      -7.933981838,      -5.028665507,      -5.472588366,      -2.419399025
          0,           0,         141,      -7.972962751,      -5.068756685,      -5.511330153,      -2.458433468
          0,           0,         142,      -8.011957226,      -5.108856123,      -5.550097475,      -2.497485336
          0,           0,         143,      -8.050965229,      -5.148963256,      -5.588890096,      -2.536554458
          0,           0,         144,      -8.089986773,      -5.189077458,      -5.627708291,      -2.575640735
          0,           0,         145,      -8.129021744,       -5.22919815,      -5.666551128,      -2.614744039
          0,           0,         146,      -8.168070135,      -5.269324888,      -5.705419424,      -2.653864142
          0,           0,         147,      -8.207132061,      -5.309457078,      -5.744312146,      -2.693001103
          0,           0,         148,      -8.246207262,      -5.349594254,      -5.783229753,      -2.732154627
          0,           0,         149,      -8.285295911,      -5.389735925,      -5.822171674,      -2.771324686
          0,           0,         150,      -8.324398143,      -5.429881659,      -5.861138055,      -2.810511404
          0,           0,         151,      -8.363513796,      -5.470031014,       -5.90012842,      -2.849714477
          0,           0,         152,      -8.402643049,      -5.510183638,      -5.939143029,      -2.888934073
          0,           0,         153,        -8.4417859,      -5.550339097,      -5.978181952,       -2.92817001
          0,           0,         154,      -8.480942347,       -5.59049712,       -6.01724485,      -2.967422199
          0,           0,         155,      -8.520112535,      -5.630657329,      -6.056331595,      -3.006690741
          0,           0,         156,       -8.55929639,      -5.670819405,      -6.095441585,      -3.045975544
          0,           0,         157,      -8.598494424,      -5.710982876,      -6.134574886,      -3.085276843
          0,           0,         158,      -8.637706339,      -5.751147815,      -6.173733283,      -3.124594501
          0,           0,         159,      -8.676932232,       -5.79131373,      -6.212913579,      -3.163928289
          0,           0,         160,      -8.716172008,      -5.831480355,      -6.252116528,      -3.203278342
          0,           0,         161,      -8.755426196,      -5.871647864,      -6.291345711,      -3.242644853
          0,           0,         162,      -8.794694376,      -5.911815315,      -6.330594807,      -3.282027715
          0,           0,         163,      -8.833977018,      -5.951983138,      -6.369868405,      -3.321426591
          0,           0,         164,      -8.873274084,      -5.992151027,      -6.409165594,      -3.360842232
          0,           0,         165,      -8.912585368,      -6.032318736,      -6.448485581,      -3.400274049
          0,           0,         166,      -8.951911308,      -6.072486118,      -6.487825658,      -3.439722193
          0,           0,         167,      -8.991251588,      -6.112653174,      -6.527192332,      -3.479186753
          0,           0,         168,      -9.030607151,      -6.152819574,      -6.566578018,      -3.518668191
          0,           0,         169,      -9.069976111,      -6.192984947,      -6.605986541,      -3.558165057
          0,           0,         170,      -9.109360443,      -6.233150491,      -6.645422249,      -3.597678824
          0,           0,         171,       -9.14875986,      -6.273314234,      -6.684873385,      -3.637209343
          0,           0,         172,      -9.188172893,      -6.313477229,      -6.724349694,      -3.676755254
          0,           0,         173,       -9.22760117,      -6.353639436,      -6.763848216,      -3.716317734
          0,           0,         174,      -9.267043976,      -6.393800482,      -6.803367838,      -3.755896307
          0,           0,         175,      -9.306501635,      -6.433960032,      -6.842909424,      -3.795491865
          0,           0,         176,      -9.345973847,        -6.4741183,      -6.882471263,      -3.835103252
          0,           0,         177,      -9.385460864,      -6.514275597,      -6.922056149,      -3.874730016
          0,           0,         178,      -9.424962312,      -6.554432354,      -6.961666182,      -3.914374842
          0,           0,         179,      -9.464478967,      -6.594586754,      -7.001285515,      -3.954034483
          0,           0,         180,      -9.504008881,      -6.634738799,      -7.040933333,      -3.993709927
          0,           0,         181,      -9.543551802,      -6.674890917,      -7.080600087,      -4.033399722
          0,           0,         182,       -9.58310983,      -6.715040536,      -7.120288153,      -4.073105767
          0,           0,         183,      -9.622684269,      -6.755189925,      -7.159992971,      -4.112828848
          0,           0,         184,       -9.66226912,      -6.795336317,      -7.199722617,      -4.152565118
          0,           0,         185,      -9.701869536,      -6.835482349,      -7.239464761,      -4.192319321
          0,           0,         186,      -9.741483327,      -6.875625588,      -7.279247724,      -4.232085278
          0,           0,         187,      -9.781113845,      -6.915766716,      -7.319019534,      -4.271870511
          0,           0,         188,      -9.820751835,      -6.955905833,      -7.358812323,      -4.311665376
          0,           0,         189,      -9.860406059,      -6.996040961,       -7.39863327,      -4.351478801
          0,           0,         190,       -9.90007371,      -7.036180056,      -7.438491954,      -4.391307568
          0,           0,         191,      -9.939746917,      -7.076314534,      -7.478345346,      -4.431140029
          0,           0,         192,      -9.979432803,      -7.116444041,      -7.518216892,      -4.470992169
          0,           0,         193,      -10.01914216,      -7.156573811,      -7.558121194,      -4.510859215
          0,           0,         194,      -10.05886307,      -7.196700609,      -7.598023188,      -4.550749563
          0,           0,         195,       -10.0985799,      -7.236824616,      -7.637953983,      -4.590634495
          0,           0,         196,       -10.1383259,      -7.276945377,      -7.677892451,      -4.630545839
          0,           0,         197,      -10.17806701,      -7.317066883,      -7.717859733,      -4.670456376
          0,           0,         198,      -10.21784029,      -7.357185782,      -7.757829791,      -4.710398736
          0,           0,         199,       -10.2576077,      -7.397299302,      -7.797826751,      -4.750339114
          0,           0,         200,      -10.29738463,      -7.437414329,      -7.837829079,      -4.790286323
          0,           0,         201,       -10.3371841,      -7.477515551,      -7.877789342,      -4.830263374
          0,           0,         202,      -10.37696606,      -7.517619498,      -7.917857494,      -4.870233099
          0,           0,         203,      -10.41677896,      -7.557730926,      -7.957936533,      -4.910218918
          0,           0,         204,      -10.45657821,      -7.597835683,      -7.997980793,      -4.950203142
          0,           0,         205,      -10.49642474,      -7.637927859,      -8.038018805,      -4.990230577
          0,           0,         206,       -10.5362648,      -7.678011354,      -8.078069431,       -5.03025703
          0,           0,         207,      -10.57609471,      -7.718104748,      -8.118163574,      -5.070276849
          0,           0,         208,      -10.61597496,      -7.758212275,       -8.15836997,      -5.110318075
          0,           0,         209,      -10.65583523,      -7.798263475,      -8.198363663,      -5.150357902
          0,           0,         210,      -10.69565521,      -7.838351703,       -8.23846104,      -5.190386667
          0,           0,         211,      -10.73555879,      -7.878444112,      -8.278753087,      -5.230469509
          0,           0,         212,      -10.77540315,      -7.918496245,      -8.318832236,      -5.270510183
          0,           0,         213,      -10.81528303,      -7.958565945,       -8.35885952,      -5.310586483
          0,           0,         214,      -10.85518384,      -7.998629785,      -8.399101282,      -5.350676184
          0,           0,         215,      -10.89505498,       -8.03865059,      -8.439161608,      -5.390748225
          0,           0,         216,      -10.93492696,      -8.078729891,      -8.479445229,      -5.430812632
          0,           0,         217,      -10.97482553,      -8.118797728,      -8.519677416,      -5.470922835
          0,           0,         218,      -11.01475878,      -8.158793932,      -8.559720031,      -5.511063449
          0,           0,         219,      -11.05461124,      -8.198799876,      -8.599895955,      -5.551118016
          0,           0,         220,      -11.09452489,      -8.238818241,      -8.639931929,      -5.591183632
          0,           0,         221,       -11.1344136,      -8.278875698,      -8.680575399,      -5.631344031
          0,           0,         222,      -11.17436486,      -8.318885271,      -8.720527902,      -5.671472895
          0,           0,         223,      -11.21428541,      -8.358878629,      -8.760839025,      -5.711592121
          0,           0,         224,      -11.25417093,      -8.398895083,      -8.800863941,      -5.751730588
          0,           0,         225,      -11.29399446,      -8.438906088,      -8.841232747,      -5.791764979
          0,           0,         226,      -11.33400751,      -8.478848708,      -8.881192782,      -5.831962105
          0,           0,         227,      -11.37388766,      -8.518842724,      -8.921747687,      -5.872006894
          0,           0,         228,      -11.41373322,      -8.558826924,      -8.961504134,      -5.912093053
          0,           0,         229,      -11.45353247,      -8.598744471,      -9.001983878,      -5.952126863
          0,           0,         230,      -11.49356845,      -8.638687834,      -9.042246356,      -5.992391314
          0,           0,         231,       -11.5336057,      -8.678721932,      -9.082467315,      -6.032558633
          0,           0,         232,      -11.57345101,      -8.718427024,       -9.12271814,      -6.072663631
          0,           0,         233,      -11.61336685,      -8.758632869,      -9.162845984,      -6.112792078
          0,           0,         234,      -11.65294732,       -8.79863842,      -9.203429132,       -6.15267347
          0,           0,         235,      -11.69329696,      -8.838384394,       -9.24241186,        -6.1931401
          0,           0,         236,      -11.73287398,      -8.878394798,      -9.283199931,      -6.233097598
          0,           0,         237,      -11.77240187,      -8.918169404,      -9.323322075,      -6.272765398
          0,           0,         238,      -11.81280298,      -8.957932154,      -9.363884739,      -6.313243813
          0,           0,         239,      -11.85217878,      -8.997726372,      -9.402898723,       -6.35295711
          0,           0,         240,      -11.89280023,       -9.03809426,      -9.444613852,      -6.393678598
          0,           0,         241,      -11.93221341,       -9.07761558,      -9.483098982,      -6.433414974
          0,           0,         242,      -11.97220996,      -9.117411599,      -9.523997846,      -6.473600559
          0,           0,         243,      -12.01223266,      -9.157367007,      -9.564488574,      -6.513911954
          0,           0,         244,      -12.05261572,      -9.197129252,      -9.604251712,      -6.554523745
          0,           0,         245,      -12.09121519,      -9.237124496,      -9.644921287,       -6.59317745
          0,           0,         246,      -12.12996965,      -9.276235967,      -9.681410697,      -6.632417078
          0,           0,         247,      -12.17085717,      -9.316506084,       -9.72513824,      -6.673405183
          0,           0,         248,      -12.21189248,      -9.356351761,        -9.7647178,      -6.714437253
          0,           0,         249,      -12.25022438,      -9.395890573,      -9.804008906,      -6.753530258
          0,           0,         250,      -12.29033957,      -9.435794933,      -9.846242545,      -6.793037448
          0,           0,         251,      -12.33054366,      -9.475266518,      -9.881054423,       -6.83357291
          0,           0,         252,       -12.3702312,      -9.515657377,      -9.926717986,      -6.873880102
          0,           0,         253,      -12.40901791,      -9.554240131,      -9.962157365,       -6.91299319
          0,           0,         254,      -12.44845534,      -9.594658489,      -10.00622964,      -6.951945011
          0,           0,         255,      -12.48852765,      -9.633815645,      -10.04516853,      -6.992667614
          0,           0,         256,      -12.52971432,      -9.674606519,      -10.08777399,      -7.033623192
          0,           0,         257,      -12.56628222,      -9.714294965,      -10.12529069,      -7.070294285
          0,           0,         258,      -12.60661805,      -9.753870133,      -10.16021707,      -7.111771614
          0,           0,         259,      -12.64535311,      -9.793364303,      -10.21049801,      -7.150987397
          0,           0,         260,      -12.68092387,      -9.832103505,      -10.23767879,      -7.187166632
          0,           0,         261,      -12.72473828,      -9.871600663,       -10.2924755,      -7.231342072
          0,           0,         262,      -12.76514038,      -9.913262364,       -10.3262844,      -7.270590895
          0,           0,         263,      -12.80684546,      -9.951678804,      -10.35953313,      -7.311772925
          0,           0,         264,      -12.84164264,       -9.99086942,       -10.4024525,      -7.349145904
          0,           0,         265,      -12.87914686,      -10.02859551,      -10.43938861,      -7.386921613
          0,           0,         266,      -12.92154089,       -10.0712639,      -10.48864039,      -7.429997252
          0,           0,         267,      -12.95378634,      -10.10876507,      -10.50210259,       -7.46230349
          0,           0,         268,      -13.00526564,      -10.14904919,      -10.56502931,      -7.514073489
          0,           0,         269,       -13.0398696,       -10.1904726,      -10.60885419,      -7.545197908
          0,           0,         270,      -13.06976948,       -10.2266495,      -10.62407195,      -7.580810656
          0,           0,         271,      -13.11056344,        -10.267172,      -10.67239371,      -7.618618616
          0,           0,         272,      -13.15414037,      -10.30374812,      -10.70899897,      -7.663001765
          0,           0,         273,      -13.19640342,      -10.34189933,       -10.7460822,      -7.701577202
          0,           0,         274,      -13.20121905,      -10.37813926,      -10.79088965,      -7.717845949
          0,           0,         275,      -13.26583739,      -10.42217488,      -10.85032716,      -7.774643675
          0,           0,         276,      -13.29754232,      -10.45962182,       -10.8609534,      -7.806747143
          0,           0,         277,      -13.34426133,      -10.48979676,      -10.90908199,      -7.854899858
          0,           0,         278,      -13.33002956,      -10.52805444,      -10.88788491,      -7.843113254
          0,           0,         279,      -13.39943808,       -10.5809482,      -10.98196709,      -7.909632199
          0,           0,         280,      -13.44871324,      -10.61327139,      -11.01705761,      -7.961387765
          0,           0,         281,      -13.47639156,      -10.65510073,      -11.03718379,      -8.002657343
          0,           0,         282,      -13.52532697,      -10.68963329,      -11.07429208,      -8.024348171
          0,           0,         283,      -13.52403402,      -10.73051743,      -11.13621806,      -8.016122089
          0,           0,         284,      -13.56699321,      -10.76512803,      -11.10363887,      -8.076240627
          0,           0,         285,      -13.56932113,      -10.78683754,      -11.17535519,      -8.087831789
          0,           0,         286,      -13.50222825,      -10.82305698,      -11.12208511,      -8.036244282
          0,           0,         287,      -13.60816576,      -10.85354642,      -11.14348306,      -8.119692351
          0,           0,         288,      -13.64009369,      -10.87698754,      -11.19097612,      -8.118268414
          0,           0,         289,       -13.6983158,      -10.92993128,      -11.19010211,      -8.206143105
          0,           0,         290,      -13.63232521,      -10.93609173,       -11.2235872,      -8.116351194
          0,           0,         291,       -13.6446883,      -10.92567336,      -11.29027999,      -8.152246956
          0,           0,         292,       -13.6959319,      -11.03653419,      -11.22871339,      -8.202202482
          0,           0,         293,      -13.74046406,      -11.08810529,      -11.30574318,      -8.248995619
          0,           0,         294,      -13.75882562,      -11.08659858,      -11.36603002,      -8.268849016
          0,           0,         295,      -13.74557406,      -11.08847761,      -11.30239522,      -8.259465712
          0,           0,         296,      -13.72615047,      -11.11022109,      -11.31414355,      -8.241623058
          0,           0,         297,      -13.58233577,      -10.91424617,      -11.32724149,      -8.074361995
          0,           0,         298,      -13.70281385,      -11.09677854,      -11.33167166,      -8.203964973
          0,           0,         299,      -13.75905523,      -11.19064599,      -11.33340186,      -8.278982825
          0,           0,         300,      -13.82111359,      -11.22906445,      -11.42227779,      -8.323653346
          0,           0,         301,      -13.83732978,      -11.16911307,      -11.44449619,       -8.33366775
          0,           0,         302,      -13.64182324,      -11.07086078,      -11.36489074,      -8.157444248
          0,           0,         303,      -13.76250076,      -11.29653485,      -11.35356982,      -8.286211484
          0,           0,         304,      -13.80828653,      -11.16546317,      -11.38783838,      -8.261254316
          0,           0,         305,       -13.8710126,      -11.32036303,      -11.40692594,      -8.378454117
          0,           0,         306,      -13.75061195,      -11.18240853,      -11.34634642,      -8.239845689
          0,           0,         307,      -13.61519254,      -11.04065128,      -11.28449847,      -8.124019476
          0,           0,         308,      -13.80245207,      -11.29787777,       -11.4115595,      -8.332761782
          0,           0,         309,      -13.82051256,       -11.2576222,      -11.44860032,      -8.389144049
          0,           0,         310,      -13.72957761,      -11.04418351,      -11.41549056,      -8.178557892
          0,           0,         311,      -13.69778081,      -11.04908482,      -11.38580959,      -8.230907892
          0,           0,         312,      -13.69426491,      -11.00550997,      -11.51222524,      -8.197072698
          0,           0,         313,      -13.85697008,      -11.32597889,      -11.43755504,      -8.373786529
          0,           0,         314,      -13.63136072,      -11.09592274,      -11.25566182,      -8.189620565
          0,           0,         315,      -13.86244301,      -11.32248465,      -11.41112849,      -8.421063897
          0,           0,         316,      -13.82178262,      -11.29472913,      -11.45379167,      -8.358240907
          0,           0,         317,       -13.7707293,      -11.38663774,      -11.40538813,      -8.297884463
          0,           0,         318,       -13.8562027,       -11.3251823,      -11.43130892,      -8.397796912
          0,           0,         319,      -13.61472718,      -11.08567146,      -11.39160649,      -8.187288966
          0,           0,         320,      -13.86076538,      -11.32619737,      -11.44465791,      -8.403271195
          0,           0,         321,      -13.80547845,       -11.2071752,      -11.43420501,      -8.303282898
          0,           0,         322,      -13.69773382,      -11.12275922,      -11.42504788,      -8.220782102
          0,           0,         323,      -13.83338806,      -11.22014213,      -11.39108726,      -8.321177176
          0,           0,         324,      -13.83149259,      -11.21019471,      -11.46536054,      -8.294240232
          0,           0,         325,      -13.77683499,      -11.16609398,      -11.42244937,      -8.289486115
          0,           0,         326,      -13.70927785,       -11.0616589,      -11.39985022,      -8.174550942
          0,           0,         327,      -13.77353718,      -11.27821885,      -11.49767856,      -8.310872296
          0,           0,         328,      -13.70529931,      -11.07933493,      -11.44349289,      -8.224576525
          0,           0,         329,      -13.85041336,      -11.40033013,      -11.33718977,      -8.375359591
          0,           0,         330,       -13.8741252,      -11.32676051,      -11.46097446,      -8.379439763
          0,           0,         331,      -13.78439826,      -11.25144168,      -11.32449572,      -8.336236672
          0,           0,         332,      -13.69718724,      -11.23724983,      -11.22146157,       -8.21273629
          0,           0,         333,      -13.73344989,      -11.30529931,      -11.26262238,       -8.24140731
          0,           0,         334,      -13.69928772,      -11.11008814,      -11.46212352,      -8.226335601
          0,           0,         335,       -13.7513558,      -11.24379118,      -11.28549612,      -8.279249896
          0,           0,         336,      -13.76622406,       -11.3154859,      -11.38714919,      -8.320462158
          0,           0,         337,      -13.79762432,      -11.33779807,      -11.39907536,      -8.298813705
          0,           0,         338,      -13.77340833,      -11.29524422,      -11.32313089,      -8.317328752
          0,           0,         339,       -13.7035055,      -11.23521228,      -11.49262013,      -8.272914522
          0,           0,         340,      -13.61948798,      -11.06706762,      -11.19669531,      -8.159651201
          0,           0,         341,      -13.89858252,      -11.39197598,      -11.38233051,      -8.409230267
          0,           0,         342,      -13.86485118,      -11.40530354,      -11.43896497,      -8.372263416
          0,           0,         343,      -13.77597523,      -11.26644902,      -11.32672609,      -8.321925386
          0,           0,         344,      -13.79621716,      -11.32348403,      -11.31795524,      -8.363951131
          0,           0,         345,      -13.72368241,      -11.22607098,      -11.45353045,      -8.312200228
          0,           0,         346,       -13.9015142,      -11.38147755,      -11.60078621,      -8.374214088
          0,           0,         347,      -13.57792878,      -11.04082915,      -11.21552927,      -8.104713076
          0,           0,         348,      -13.75953002,      -11.21684709,      -11.41097072,      -8.287366999
          0,           0,         349,      -13.85364857,      -11.38596755,      -11.57950247,      -8.409209475
          0,           0,         350,      -13.77544067,      -11.34388395,      -11.29738483,      -8.339839432
          0,           0,         351,      -13.75668619,      -11.31783845,      -11.29986817,      -8.257566585
          0,           0,         352,      -13.79749188,      -11.24519604,      -11.41718657,      -8.320610273
          0,           0,         353,      -13.85147729,      -11.26249625,      -11.45508483,      -8.339292307
          0,           0,         354,       -13.9103144,      -11.30028058,      -11.55054674,        -8.3699372
          0,           0,         355,      -13.82719174,      -11.39747239,      -11.35947759,      -8.364623921
          0,           0,         356,      -13.82105607,      -11.33192177,      -11.44106058,      -8.361435207
          0,           0,         357,      -13.55761685,      -11.21286137,      -11.14396673,      -8.091211805
          0,           0,         358,      -13.76559354,      -11.24000648,       -11.4325341,      -8.301924532
          0,           0,         359,      -13.70308701,      -11.20718871,      -11.38542658,      -8.284571299
          0,           0,         360,      -13.77038834,      -11.16899387,      -11.43216018,      -8.296738511
          0,           0,         361,      -13.69006462,      -11.15704207,      -11.38176935,      -8.301187956
          0,           0,         362,      -13.77796984,      -11.15307945,      -11.33499269,      -8.256239748
          0,           0,         363,       -13.6558764,      -11.15223451,      -11.34088763,      -8.259468616
          0,           0,         364,      -13.58018187,      -10.99975918,      -11.35381897,         -8.119965
          0,           0,         365,      -13.67104509,      -11.21732217,      -11.24592005,      -8.237100031
          0,           0,         366,      -13.79238881,      -11.22233838,      -11.40930944,      -8.279445032
          0,           0,         367,      -13.53034891,      -10.89772991,      -11.37586473,      -8.010949914
          0,           0,         368,      -13.88113744,      -11.22521958,      -11.39616232,      -8.352541994
          0,           0,         369,      -13.69843497,      -11.03150735,      -11.41861647,      -8.191614515
          0,           0,         370,      -13.82629316,      -11.25634883,      -11.47031337,      -8.309258636
          0,           0,         371,      -13.64684038,       -11.1127251,      -11.26565635,      -8.200771273
          0,           0,         372,      -13.86363237,       -11.2773099,      -11.43298921,      -8.364260101
          0,           0,         373,      -13.69044496,      -11.20588641,      -11.23173902,      -8.192141083
          0,           0,         374,      -13.69736413,      -11.08866225,      -11.31021897,      -8.210279141
          0,           0,         375,      -13.85612772,      -11.35822391,      -11.44214277,      -8.421595664
          0,           0,         376,      -13.79856654,      -11.32106682,      -11.49033297,      -8.305489376
          0,           0,         377,      -13.79471771,      -11.30734092,      -11.44620813,      -8.337325063
          0,           0,         378,      -13.64030356,      -11.08578063,      -11.33681942,      -8.160819635
          0,           0,         379,      -13.78539218,       -11.2403007,       -11.4667845,      -8.296535315
          0,           0,         380,      -13.77434479,       -11.0883288,       -11.4167249,      -8.185684889
          0,           0,         381,      -13.90823977,       -11.4197999,      -11.48276624,      -8.402998117
          0,           0,         382,      -13.88558995,      -11.35857856,      -11.42330574,      -8.442277369
          0,           0,         383,      -13.71613146,      -11.15879944,      -11.31559542,       -8.24852033
          0,           0,         384,      -13.72101603,      -11.14603846,      -11.29460259,       -8.24880843
          0,           0,         385,      -13.66720444,      -11.23197927,       -11.2092747,      -8.189137693
          0,           0,         386,      -13.77323072,      -11.25529804,      -11.37843237,      -8.310899969
          0,           0,         387,      -13.73506993,      -11.24296802,      -11.37192486,       -8.25756796
          0,           0,         388,      -13.69408529,      -11.16139087,      -11.46436126,      -8.277824734
          0,           0,         389,       -13.8282391,      -11.43799714,      -11.36074107,      -8.391618196
          0,           0,         390,       -13.8335838,      -11.38626151,      -11.40771409,      -8.372472206
          0,           0,         391,      -13.69815353,      -11.12046494,      -11.33356268,      -8.196849105
          0,           0,         392,      -13.84127571,      -11.41151443,      -11.48770552,      -8.486689864
          0,           0,         393,       -13.7667088,      -11.19226313,       -11.3989815,      -8.261303388
          0,           0,         394,      -13.67256431,      -11.07240742,      -11.42146433,      -8.179646041
          0,           0,         395,      -13.80759359,      -11.18172323,      -11.35676299,      -8.274615482
          0,           0,         396,      -13.75643676,      -11.33514007,      -11.32921509,       -8.30635831
          0,           0,         397,      -13.75110505,      -11.24430456,      -11.32693608,      -8.250320288
          0,           0,         398,      -13.76521278,      -11.30117935,      -11.37792229,      -8.301468428
          0,           0,         399,      -13.62529087,      -11.07483132,      -11.34155813,        -8.1561005
          0,           0,         400,       -13.7073111,      -11.23750564,      -11.24679681,      -8.226138062
          0,           0,         401,       -13.7485497,      -11.27865158,      -11.34897667,      -8.276129684
          0,           0,         402,      -13.58729294,      -11.10319568,      -11.34061714,      -8.157502079
          0,           0,         403,      -13.69451526,      -11.13653275,      -11.28021642,      -8.231140612
          0,           0,         404,      -13.69763666,      -11.21135323,      -11.33155609,      -8.237757152
          0,           0,         405,      -13.68720536,      -11.15040818,      -11.28480168,      -8.211070582
          0,           0,         406,      -13.76686539,      -11.34389466,      -11.31751409,      -8.303023784
          0,           0,         407,      -13.87659506,      -11.33058406,      -11.46139751,      -8.402864443
          0,           0,         408,      -13.76865645,      -11.19219449,      -11.44882548,      -8.300882087
          0,           0,         409,      -13.72585752,      -11.14668049,      -11.32144379,      -8.229462996
          0,           0,         410,       -13.7938321,      -11.25856667,      -11.23583233,      -8.241909393
          0,           0,         411,      -13.79730308,      -11.21675869,      -11.42139103,      -8.290643972
          0,           0,         412,       -13.8056632,      -11.26464187,      -11.39984053,      -8.286077981
          0,           0,         413,      -13.75263122,      -11.19529852,      -11.32316249,      -8.267702136
          0,           0,         414,      -13.81087763,      -11.40273293,      -11.37586741,       -8.33788474
          0,           0,         415,      -13.85700502,      -11.33046192,      -11.41653902,      -8.365231073
          0,           0,         416,      -13.86303294,      -11.27606804,      -11.39169513,       -8.36040357
          0,           0,         417,      -13.77841235,      -11.08230141,      -11.39547326,      -8.179748153
          0,           0,         418,      -13.72952394,      -11.26633611,       -11.2137701,      -8.247240713
          0,           0,         419,      -13.85002731,       -11.3165924,       -11.4443404,      -8.337031455
          0,           0,         420,       -13.7995633,      -11.30938788,      -11.31274866,      -8.288170285
          0,           0,         421,      -13.76211893,      -11.32325529,      -11.37000354,      -8.275231757
          0,           0,         422,      -13.82921714,      -11.33670455,      -11.32970324,      -8.333103146
          0,           0,         423,      -13.79737406,      -11.35602422,      -11.36414195,      -8.355211299
          0,           0,         424,      -13.65870579,      -11.17780033,      -11.22784869,       -8.18187321
          0,           0,         425,      -13.69883411,      -11.16959883,      -11.36892777,      -8.233028744
          0,           0,         426,      -13.80706096,      -11.33910304,      -11.29201392,      -8.341520037
          0,           0,         427,      -13.74953947,      -11.28420838,      -11.24231672,      -8.267404912
          0,           0,         428,      -13.82998687,      -11.28885374,      -11.40564115,      -8.379845229
          0,           0,         429,      -13.78223327,       -11.2893709,       -11.3953407,      -8.297286882
          0,           0,         430,      -13.95367954,      -11.40183437,      -11.54993327,      -8.454991898
          0,           0,         431,       -13.9524126,      -11.33334643,      -11.41877631,       -8.39467754
          0,           0,         432,      -13.74736651,      -11.17241731,       -11.4536135,      -8.276890066
          0,           0,         433,      -13.74203521,       -11.2674743,       -11.2643531,      -8.251001596
          0,           0,         434,      -13.72202221,       -11.1831374,      -11.30114067,      -8.227484822
          0,           0,         435,      -13.78596621,      -11.20610743,      -11.48669149,      -8.303825973
          0,           0,         436,      -13.75224592,      -11.23330685,      -11.38611235,      -8.274419835
          0,           0,         437,      -13.76740687,      -11.18307565,        -11.404981,      -8.273927857
          0,           0,         438,      -13.61196655,      -11.02349693,        -11.463324,      -8.167559913
          0,           0,         439,      -13.70221724,      -11.08913365,      -11.46808138,      -8.212753171
          0,           0,         440,      -13.65754001,      -11.13786298,      -11.24474339,      -8.244927853
          0,           0,         441,      -13.75536797,      -11.08303449,      -11.25090274,      -8.175990313
          0,           0,         442,       -13.7146893,      -11.23704249,      -11.43534523,      -8.252659714
          0,           0,         443,      -13.65541182,      -11.21144884,      -11.25390262,       -8.18127102
          0,           0,         444,      -13.68463653,      -11.04199162,       -11.4142612,        -8.1805076
          0,           0,         445,      -13.79627875,      -11.23165047,      -11.40863877,      -8.273533891
          0,           0,         446,      -13.61703745,        -11.234018,       -11.1381098,      -8.159912906
          0,           0,         447,      -13.73949105,      -11.22057166,      -11.35893531,      -8.274267107
          0,           0,         448,       -13.7727533,      -11.28212904,      -11.36758546,      -8.305419044
          0,           0,         449,      -13.89811646,      -11.33274964,      -11.45840884,      -8.402126289
          0,           0,         450,      -13.70104384,      -11.27297768,      -11.26604768,      -8.243119069
          0,           0,         451,      -13.85296503,      -11.33503797,      -11.38934416,      -8.361626189
          0,           0,         452,      -13.74259193,      -11.15311446,      -11.33483198,      -8.182962499
          0,           0,         453,       -13.6235216,      -11.10412371,      -11.22873351,      -8.133551895
          0,           0,         454,      -13.74720617,      -11.31536225,      -11.37141719,       -8.31641969
          0,           0,         455,      -13.74181098,      -11.30265189,      -11.31250149,      -8.289451118
          0,           0,         456,      -13.73988376,      -11.12757316,      -11.42667578,      -8.220458923
          0,           0,         457,      -13.87603548,      -11.39183626,      -11.47312376,      -8.432742791
          0,           0,         458,      -13.83894249,      -11.33211439,      -11.41653047,      -8.323966382
          0,           0,         459,      -13.53805672,      -11.07248916,       -11.2373122,       -8.12430956
          0,           0,         460,      -13.78766809,      -11.36185468,      -11.29301419,      -8.299303578
          0,           0,         461,      -13.87187292,      -11.38465824,      -11.40685442,      -8.380941707
          0,           0,         462,      -13.69515954,      -11.30692345,      -11.26823288,      -8.187578363
          0,           0,         463,      -13.80856779,      -11.26587597,      -11.44200717,      -8.345995736
          0,           0,         464,      -13.62690546,      -10.98759446,      -11.34317708,      -8.082664111
          0,           0,         465,      -13.70461934,      -11.25510963,      -11.30843871,      -8.206625771
          0,           0,         466,      -13.81483258,      -11.31006855,       -11.3662969,      -8.361861956
          0,           0,         467,      -13.85915998,       -11.3086948,       -11.4803368,      -8.365982023
          0,           0,         468,      -13.72224533,      -11.20135637,      -11.52854735,      -8.264152472
          0,           0,         469,       -13.8921051,      -11.34954985,      -11.47437237,      -8.396860648
          0,           0,         470,      -13.79443946,      -11.18303213,      -11.47227638,      -8.249083849
          0,           0,         471,      -13.57388659,      -11.02080271,      -11.29372363,      -8.031114562
          0,           0,         472,      -13.75810645,      -11.19425278,      -11.51033195,      -8.310459065
          0,           0,         473,      -13.89171696,      -11.35152522,      -11.48359278,      -8.432981671
          0,           0,         474,      -13.87411389,      -11.25083219,      -11.44049947,      -8.340854482
          0,           0,         475,       -13.8236964,      -11.38375919,      -11.44440203,      -8.368396769
          0,           0,         476,      -13.88174284,      -11.31781677,       -11.4556774,      -8.378396523
          0,           0,         477,      -13.83614634,      -11.30101271,      -11.48191639,      -8.361146655
          0,           0,         478,      -13.80013471,      -11.21221653,      -11.30912729,      -8.246735219
          0,           0,         479,      -13.69092536,      -11.19327522,      -11.41538661,      -8.246777295
          0,           0,         480,       -13.8663824,      -11.21685931,      -11.37495584,      -8.241581096
          0,           0,         481,      -13.88637484,      -11.31905779,      -11.45641307,      -8.390378708
          0,           0,         482,      -13.80827022,      -11.30110851,      -11.50679757,      -8.354241908
          0,           0,         483,      -13.64849819,      -11.09427744,      -11.38243085,      -8.185743108
          0,           0,         484,      -13.83594625,       -11.2312329,      -11.40913352,      -8.354501389
          0,           0,         485,      -13.90013559,      -11.39475622,      -11.46480446,       -8.44451777
          0,           0,         486,      -13.75228026,      -11.31564617,      -11.30208686,      -8.286862304
          0,           0,         487,      -13.92275777,      -11.42005865,      -11.56629224,       -8.43542265
          0,           0,         488,      -13.86785669,      -11.42063916,      -11.42667264,      -8.414979458
          0,           0,         489,      -13.72145283,      -11.25429004,      -11.57107491,      -8.308103545
          0,           0,         490,      -13.80036688,      -11.35872978,      -11.43860787,      -8.363142188
          0,           0,         491,      -13.71237762,      -11.18458247,      -11.38875247,      -8.278329854
          0,           0,         492,      -13.79223468,      -11.35143432,      -11.38030867,      -8.323810587
          0,           0,         493,       -13.7802884,      -11.28674055,      -11.40944213,      -8.269752367
          0,           0,         494,      -13.68266375,      -11.17746064,      -11.32197912,      -8.251091429
          0,           0,         495,      -13.66905756,      -11.15678824,      -11.41526453,      -8.281835241
          0,           0,         496,      -13.72763087,      -11.15689935,      -11.52278967,      -8.300561929
          0,           0,         497,      -13.83510655,      -11.35604757,      -11.35615647,      -8.345162721
          0,           0,         498,      -13.89778719,       -11.3256524,      -11.48429284,      -8.436317903
          0,           0,         499,      -13.77558826,      -11.18669937,      -11.42157003,       -8.23176424
          0,           0,         500,      -13.69432866,      -11.06697833,      -11.44967488,      -8.220382223
          0,           0,         501,      -13.73384793,      -11.08658254,      -11.40431907,      -8.161209609
          0,           0,         502,      -13.79179412,       -11.1571051,      -11.49969689,      -8.271398247
          0,           0,         503,      -13.83785071,      -11.27533676,      -11.50221586,       -8.32246188
          0,           0,         504,      -13.80549027,      -11.18432771,       -11.4221659,      -8.319261512
          0,           0,         505,      -13.94205728,      -11.41644345,      -11.47881219,      -8.456687698
          0,           0,         506,       -13.7961838,       -11.1719512,      -11.36775301,       -8.33569391
          0,           0,         507,      -13.77906943,      -11.28991502,      -11.36512333,      -8.306671801
          0,           0,         508,      -13.82999884,      -11.36468672,      -11.43320132,      -8.306724429
          0,           0,         509,      -13.68691804,      -11.13749329,      -11.46306069,      -8.206915384
          0,           0,         510,       -13.8643982,      -11.43028682,      -11.43867337,      -8.401047844
          0,           0,         511,      -13.62128654,       -10.9571821,      -11.47889003,      -8.091257091
          0,           0,         512,      -13.85020764,      -11.30992571,      -11.43923322,      -8.371776865
          0,           0,         513,      -13.63638749,      -11.16556565,      -11.17810032,      -8.195432312
          0,           0,         514,      -13.60551003,      -11.01167899,      -11.43460129,      -8.172437311
          0,           0,         515,      -13.73760032,      -11.27850044,      -11.35180617,      -8.291809054
          0,           0,         516,      -13.83283328,      -11.23117907,      -11.50291269,      -8.286071351
          0,           0,         517,      -13.84572205,      -11.34563855,      -11.37983461,      -8.333169392
          0,           0,         518,      -13.83221788,      -11.27172526,      -11.39864282,      -8.329694186
          0,           0,         519,      -13.72698743,      -11.24272868,      -11.38381686,      -8.273902311
          0,           0,         520,      -13.62379664,      -11.03498303,      -11.27454012,      -8.071014801
          0,           0,         521,      -13.84343861,      -11.30154058,      -11.36509945,      -8.320724071
          0,           0,         522,      -13.61769892,      -11.09238007,      -11.44377508,      -8.227504479
          0,           0,         523,      -13.79090346,      -11.28647194,      -11.37890664,      -8.300510575
          0,           0,         524,       -13.7445162,      -11.23285757,      -11.30667895,      -8.252931384
          0,           0,         525,      -13.69851659,      -11.19983541,      -11.31139878,      -8.196696337
          0,           0,         526,       -13.8048606,      -11.35773379,      -11.39140555,      -8.353762461
          0,           0,         527,      -13.73220487,      -11.20684027,      -11.42219155,       -8.30649675
          0,           0,         528,      -13.83441872,      -11.26640588,      -11.48740089,      -8.334538315
          0,           0,         529,      -13.84179487,      -11.30779388,      -11.42343662,      -8.376864263
          0,           0,         530,      -13.71435893,      -11.24757549,      -11.27881967,      -8.259925952
          0,           0,         531,      -13.78061719,      -11.25662325,      -11.35534968,      -8.291966453
          0,           0,         532,       -13.7285193,        -11.269536,      -11.32473764,      -8.262224728
          0,           0,         533,      -13.78519292,      -11.23849732,      -11.46575546,      -8.263694663
          0,           0,         534,      -13.68062376,       -11.2406702,      -11.35025375,      -8.240636823
          0,           0,         535,      -13.71362984,      -11.09365888,      -11.41472206,      -8.241765668
          0,           0,         536,      -13.81926359,      -11.21186023,      -11.38101932,      -8.236869041
          0,           0,         537,      -13.61181805,      -10.95922246,      -11.44064986,      -8.114811205
          0,           0,         538,       -13.7513462,      -11.34523124,      -11.42491364,       -8.34817668
          0,           0,         539,      -13.56186713,       -10.9369341,      -11.28891426,      -8.029745619
          0,           0,         540,      -13.73662237,      -11.24382421,      -11.36357321,      -8.305171027
          0,           0,         541,      -13.67089607,      -11.10141517,       -11.3062486,      -8.132132066
          0,           0,         542,      -13.70474527,      -11.23383433,      -11.21946091,      -8.220607865
          0,           0,         543,      -13.72403744,      -11.26376049,      -11.34350718,      -8.270472904
          0,           0,         544,      -13.76687526,      -11.18277052,      -11.47262916,       -8.26141992
          0,           0,         545,      -13.90537864,      -11.37855085,      -11.43285409,      -8.404150792
          0,           0,         546,      -13.80973724,        -11.336375,      -11.37972439,      -8.354366911
          0,           0,         547,       -13.7335863,      -11.30708625,      -11.24960428,      -8.270449307
          0,           0,         548,      -13.80355242,      -11.25847297,      -11.36446551,      -8.315480602
          0,           0,         549,      -13.70948864,      -11.24190341,      -11.27998287,      -8.262631595
          0,           0,         550,      -13.76889527,      -11.30294909,      -11.25950472,      -8.287108327
          0,           0,         551,      -13.74510304,       -11.2591369,        -11.348322,      -8.251553336
          0,           0,         552,      -13.83936071,      -11.36531005,      -11.44639713,      -8.382907053
          0,           0,         553,      -13.72306876,      -11.10551962,      -11.29006721,      -8.170753402
          0,           0,         554,      -13.64854418,      -11.13537998,      -11.36380697,      -8.226065117
          0,           0,         555,      -13.84920564,      -11.36124507,      -11.48079356,      -8.391741131
          0,           0,         556,      -13.80802185,      -11.40784382,      -11.34268761,      -8.357531024
          0,           0,         557,      -13.72783488,      -11.21154362,      -11.27621349,      -8.243717434
          0,           0,         558,      -13.76006718,      -11.30807129,       -11.3424448,      -8.338737122
          0,           0,         559,      -13.82120775,      -11.22096127,      -11.45184983,      -8.300329319
          0,           0,         560,      -13.64391011,      -11.06263909,      -11.40113389,       -8.16829645
          0,           0,         561,      -13.68402414,      -11.14638301,      -11.32162919,      -8.238290739
          0,           0,         562,      -13.76759259,      -11.13510372,      -11.50517513,       -8.27199862
          0,           0,         563,      -13.75973448,      -11.16419335,      -11.36880254,      -8.282871678
          0,           0,         564,      -13.82802231,      -11.21638308,      -11.51146426,      -8.309387191
          0,           0,         565,        -13.693506,       -11.1199847,      -11.34126131,      -8.186228216
          0,           0,         566,      -13.72702064,      -11.26650198,      -11.25552478,      -8.256546564
          0,           0,         567,      -13.73063774,      -11.03132818,      -11.50605446,      -8.182020294
          0,           0,         568,      -13.63769911,       -11.1488778,      -11.42919381,      -8.235688981
          0,           0,         569,      -13.75142113,      -11.30684309,      -11.30382233,      -8.282166105
          0,           0,         570,      -13.76481573,       -11.1800418,      -11.42539397,       -8.32427964
          0,           0,         571,      -13.83181353,      -11.30990297,      -11.44376312,      -8.379016941
          0,           0,         572,      -13.82045568,      -11.33625587,      -11.36685617,       -8.38149018
          0,           0,         573,      -13.80286954,       -11.2079084,      -11.54516537,      -8.297256221
          0,           0,         574,        -13.804635,      -11.17075802,      -11.41640337,      -8.276955642
          0,           0,         575,      -13.76687853,      -11.25442096,      -11.27580531,      -8.224277059
          0,           0,         576,      -13.92653591,      -11.33373856,      -11.45949574,      -8.440246293
          0,           0,         577,       -13.8120811,      -11.28405005,      -11.51194185,        -8.3346912
          0,           0,         578,      -13.87823494,      -11.35073608,      -11.44819808,      -8.357441236
          0,           0,         579,      -13.77891414,      -11.32455554,      -11.31131888,      -8.315685057
          0,           0,         580,      -13.76173792,      -11.15636564,       -11.3306606,      -8.221939022
          0,           0,         581,      -13.79436074,      -11.27768775,      -11.33813818,      -8.311521787
          0,           0,         582,      -13.73578329,      -11.26901929,      -11.24783272,      -8.227193086
          0,           0,         583,      -13.88064743,      -11.37158982,      -11.45450594,      -8.440681589
          0,           0,         584,      -13.86788777,       -11.2549342,      -11.46986679,      -8.361692811
          0,           0,         585,       -13.7307172,       -11.1434595,      -11.39721407,      -8.239872248
          0,           0,         586,      -13.77976279,      -11.26258932,      -11.33102211,      -8.281792869
          0,           0,         587,      -13.62803416,       -11.0567729,      -11.39859232,      -8.156766204
          0,           0,         588,      -13.74661461,      -11.19995113,      -11.36731038,      -8.313243907
          0,           0,         589,      -13.75949949,      -11.20766066,      -11.39190977,      -8.266502411
          0,           0,         590,        -13.742052,      -11.13359356,      -11.39416749,      -8.171973922
          0,           0,         591,      -13.84294792,      -11.35817579,      -11.35517568,      -8.341514261
          0,           0,         592,      -13.80483312,      -11.31178008,      -11.34394502,      -8.326940612
          0,           0,         593,      -13.68639738,      -11.27497438,      -11.22332175,      -8.217659318
          0,           0,         594,      -13.71660665,      -11.30585634,      -11.19118233,      -8.242720323
          0,           0,         595,       -13.8848333,      -11.33230147,      -11.42570039,      -8.370824505
          0,           0,         596,      -13.82328491,      -11.36771997,      -11.38519749,      -8.364012424
          0,           0,         597,      -13.78877832,      -11.24284633,       -11.4357751,      -8.326001982
          0,           0,         598,      -13.79530877,      -11.40158289,      -11.26705802,      -8.311841487
          0,           0,         599,      -13.90388142,      -11.39579384,      -11.39449683,      -8.385091966
          0,           0,         600,      -13.85989376,      -11.33237829,      -11.44365778,      -8.331541388
