VARIABLES = \
"Time_Iter","Outer_Iter","Inner_Iter",    "rms[Rho]"    ,    "rms[RhoU]"   ,    "rms[RhoV]"   ,    "rms[RhoE]"   
          0,           0,           0,      -1.037045765,       1.227395954,        1.46827076,       4.422582438
          0,           0,           1,      -1.103725109,       1.224866414,        1.46479696,       4.365942163
          0,           0,           2,      -1.328739477,       1.049080973,       1.193902832,       4.136176308
          0,           0,           3,      -1.529320175,       0.853253013,      0.9269349732,       3.935795266
          0,           0,           4,      -1.728489719,      0.7179964278,      0.7608376595,       3.736798748
          0,           0,           5,      -1.920870347,      0.5789793469,      0.5531892778,       3.546139123
          0,           0,           6,      -2.095989056,      0.4686434866,       0.357797067,       3.374570754
          0,           0,           7,      -2.252143902,      0.3739394442,      0.1861427973,        3.21922784
          0,           0,           8,      -2.402548614,       0.293023996,     0.02604818629,       3.075201269
          0,           0,           9,      -2.557982169,      0.2296230869,     -0.1024723082,       2.938155703
          0,           0,          10,      -2.703403682,      0.1767139128,     -0.1995923126,       2.815613856
          0,           0,          11,      -2.822965163,      0.1247480925,      -0.290911283,       2.710467196
          0,           0,          12,      -2.922212054,     0.07035671081,     -0.3819332836,       2.616398055
          0,           0,          13,      -3.011053973,      0.0142330042,      -0.465576734,       2.530420942
          0,           0,          14,      -3.093354283,    -0.04183213747,     -0.5385448309,       2.452243874
          0,           0,          15,      -3.169439323,    -0.09680341325,     -0.6040211832,       2.380522546
          0,           0,          16,      -3.237629059,     -0.1503427571,       -0.66514109,       2.314572253
          0,           0,          17,      -3.295872982,       -0.20226237,     -0.7223407855,       2.255137975
          0,           0,          18,      -3.344227527,     -0.2524709394,     -0.7751138221,       2.202547444
          0,           0,          19,      -3.385395657,     -0.3010406884,     -0.8231576222,       2.155603896
          0,           0,          20,      -3.422598468,     -0.3482788974,     -0.8672716434,       2.112475412
          0,           0,          21,      -3.458478537,      -0.394606394,      -0.909226869,       2.071361717
          0,           0,          22,      -3.494698568,     -0.4403702811,     -0.9505095146,       2.030924565
          0,           0,          23,      -3.531880867,     -0.4857846961,     -0.9918998374,       1.990457975
          0,           0,          24,      -3.570057971,     -0.5309559183,      -1.033619331,       1.949701014
          0,           0,          25,      -3.609023495,     -0.5759216575,      -1.075627113,       1.908641116
          0,           0,          26,      -3.648601376,      -0.620667146,      -1.118031603,       1.867327505
          0,           0,          27,      -3.688555306,     -0.6651875781,      -1.160606494,       1.825923067
          0,           0,          28,      -3.728901156,     -0.7095187762,      -1.203066248,       1.784425813
          0,           0,          29,        -3.7694089,     -0.7536242043,      -1.245241716,       1.743016003
          0,           0,          30,      -3.809946724,      -0.797496735,      -1.286998993,       1.701798591
          0,           0,          31,      -3.850514714,     -0.8411599716,      -1.328306529,       1.660731561
          0,           0,          32,      -3.891150788,     -0.8846500958,      -1.369225025,       1.619717336
          0,           0,          33,      -3.931871298,     -0.9279973761,      -1.409845286,       1.578684841
          0,           0,          34,      -3.972654266,     -0.9712145341,      -1.450257787,       1.537619295
          0,           0,          35,      -4.013461376,      -1.014302314,      -1.490532078,       1.496543213
          0,           0,          36,      -4.054255269,      -1.057254116,      -1.530713656,       1.455491032
          0,           0,          37,      -4.095007042,      -1.100061615,      -1.570827941,       1.414493921
          0,           0,          38,      -4.135700052,      -1.142714413,      -1.610879477,       1.373573298
          0,           0,          39,      -4.176323774,      -1.185200813,      -1.650853362,       1.332743846
          0,           0,          40,      -4.216871322,        -1.2275105,      -1.690728854,       1.292015409
          0,           0,          41,      -4.257339988,      -1.269637102,      -1.730488595,       1.251392694
          0,           0,          42,      -4.297722509,      -1.311575149,      -1.770119547,       1.210884249
          0,           0,          43,      -4.338009297,       -1.35332017,      -1.809613084,       1.170499695
          0,           0,          44,      -4.378189295,      -1.394869377,      -1.848965276,       1.130249642
          0,           0,          45,      -4.418249674,      -1.436221817,      -1.888184844,       1.090144482
          0,           0,          46,      -4.458140431,      -1.477375502,       -1.92726487,       1.050230292
          0,           0,          47,      -4.497878385,      -1.518335547,       -1.96620122,       1.010494825
          0,           0,          48,      -4.537526999,      -1.559118257,      -2.005005649,      0.9708797764
          0,           0,          49,      -4.577111404,      -1.599737462,      -2.043699883,      0.9313610176
          0,           0,          50,      -4.616626749,      -1.640201034,      -2.082302295,      0.8919423471
          0,           0,          51,      -4.656081977,      -1.680521381,      -2.120823801,      0.8526144331
          0,           0,          52,      -4.695470874,      -1.720707522,       -2.15928885,      0.8133807222
          0,           0,          53,      -4.734789152,      -1.760771407,      -2.197695907,      0.7742401771
          0,           0,          54,      -4.774062869,      -1.800731504,      -2.236066477,      0.7351683503
          0,           0,          55,      -4.813294316,       -1.84059878,      -2.274421579,      0.6961623894
          0,           0,          56,      -4.852481897,      -1.880383387,      -2.312768974,      0.6572213034
          0,           0,          57,      -4.891637297,      -1.920099154,      -2.351112661,      0.6183313974
          0,           0,          58,      -4.930776556,      -1.959759463,      -2.389458486,       0.579475473
          0,           0,          59,      -4.969912525,      -1.999376163,      -2.427813453,       0.540639448
          0,           0,          60,      -5.009054588,      -2.038959441,      -2.466184432,       0.501812632
          0,           0,          61,      -5.048210407,      -2.078518623,      -2.504577729,      0.4629859886
          0,           0,          62,      -5.087386165,      -2.118061674,      -2.542999061,       0.424152138
          0,           0,          63,      -5.126587394,      -2.157596086,      -2.581453467,      0.3853042823
          0,           0,          64,      -5.165818719,      -2.197128612,      -2.619945305,       0.346436555
          0,           0,          65,      -5.205083996,      -2.236665351,        -2.6584783,       0.307543909
          0,           0,          66,      -5.244386481,      -2.276211841,      -2.697055647,      0.2686219639
          0,           0,          67,      -5.283729161,      -2.315773235,      -2.735680117,      0.2296666882
          0,           0,          68,      -5.323114879,      -2.355354372,      -2.774354128,      0.1906742635
          0,           0,          69,      -5.362544793,      -2.394959009,      -2.813079784,       0.151642709
          0,           0,          70,      -5.402020845,      -2.434591056,      -2.851858812,      0.1125692619
          0,           0,          71,      -5.441544587,      -2.474253826,       -2.89069263,     0.07345167293
          0,           0,          72,      -5.481117374,      -2.513950241,      -2.929582389,     0.03428797217
          0,           0,          73,      -5.520740529,      -2.553683003,      -2.968528995,   -0.004923736775
          0,           0,          74,      -5.560415133,      -2.593454464,      -3.007533167,    -0.04418505288
          0,           0,          75,      -5.600142057,      -2.633266689,      -3.046595471,    -0.08349732853
          0,           0,          76,       -5.63992199,      -2.673121474,      -3.085716355,     -0.1228616914
          0,           0,          77,      -5.679755437,      -2.713020375,      -3.124896184,     -0.1622790521
          0,           0,          78,      -5.719642988,      -2.752964843,      -3.164135289,     -0.2017504277
          0,           0,          79,      -5.759584528,      -2.792955895,      -3.203433826,     -0.2412759845
          0,           0,          80,      -5.799580079,      -2.832994504,      -3.242791964,     -0.2808560511
          0,           0,          81,      -5.839629666,      -2.873081541,      -3.282209801,     -0.3204909479
          0,           0,          82,       -5.87973329,      -2.913217777,      -3.321687358,     -0.3601809486
          0,           0,          83,      -5.919890902,      -2.953403787,      -3.361224587,     -0.3999262178
          0,           0,          84,      -5.960102458,      -2.993640118,      -3.400821393,      -0.439726933
          0,           0,          85,      -6.000367854,      -3.033927228,      -3.440477653,     -0.4795831944
          0,           0,          86,      -6.040686942,      -3.074265489,      -3.480193225,     -0.5194950376
          0,           0,          87,      -6.081059556,      -3.114655206,      -3.519967952,     -0.5594624587
          0,           0,          88,      -6.121485524,      -3.155096622,      -3.559801668,     -0.5994854233
          0,           0,          89,      -6.161964664,      -3.195589926,      -3.599694198,     -0.6395638724
          0,           0,          90,      -6.202496781,      -3.236135262,      -3.639645361,     -0.6796977192
          0,           0,          91,      -6.243081674,      -3.276732729,      -3.679654969,     -0.7198868558
          0,           0,          92,       -6.28371913,      -3.317382391,       -3.71972283,     -0.7601311573
          0,           0,          93,      -6.324408942,      -3.358084284,      -3.759848739,     -0.8004304896
          0,           0,          94,      -6.365150901,      -3.398838412,       -3.80003248,     -0.8407847134
          0,           0,          95,      -6.405944798,      -3.439644755,      -3.840273828,     -0.8811936824
          0,           0,          96,      -6.446790424,      -3.480503269,      -3.880572546,     -0.9216572461
          0,           0,          97,      -6.487687566,      -3.521413887,      -3.920928391,     -0.9621752484
          0,           0,          98,      -6.528636002,       -3.56237652,      -3.961341113,       -1.00274752
          0,           0,          99,      -6.569635509,      -3.603391064,      -4.001810462,      -1.043373891
          0,           0,         100,       -6.61068585,      -3.644457396,      -4.042336181,      -1.084054181
          0,           0,         101,      -6.651786792,       -3.68557538,      -4.082918016,      -1.124788207
          0,           0,         102,      -6.692938094,      -3.726744868,      -4.123555703,      -1.165575781
          0,           0,         103,      -6.734139515,      -3.767965698,       -4.16424898,      -1.206416717
          0,           0,         104,      -6.775390811,      -3.809237699,      -4.204997578,      -1.247310824
          0,           0,         105,      -6.816691744,      -3.850560685,      -4.245801223,      -1.288257913
          0,           0,         106,      -6.858042064,      -3.891934462,       -4.28665964,       -1.32925779
          0,           0,         107,      -6.899441533,      -3.933358827,      -4.327572541,      -1.370310262
          0,           0,         108,      -6.940889902,      -3.974833563,      -4.368539637,      -1.411415135
          0,           0,         109,      -6.982386921,      -4.016358443,      -4.409560637,      -1.452572206
          0,           0,         110,      -7.023932346,      -4.057933235,      -4.450635247,      -1.493781278
          0,           0,         111,      -7.065525914,      -4.099557691,      -4.491763158,      -1.535042138
          0,           0,         112,      -7.107167377,      -4.141231557,      -4.532944069,      -1.576354582
          0,           0,         113,      -7.148856475,      -4.182954573,       -4.57417767,      -1.617718396
          0,           0,         114,      -7.190592942,      -4.224726468,      -4.615463641,      -1.659133365
          0,           0,         115,       -7.23237653,      -4.266546963,      -4.656801662,      -1.700599276
          0,           0,         116,      -7.274206956,      -4.308415772,      -4.698191414,      -1.742115901
          0,           0,         117,      -7.316083961,        -4.3503326,      -4.739632561,      -1.783683026
          0,           0,         118,      -7.358007279,      -4.392297141,      -4.781124768,      -1.825300421
          0,           0,         119,      -7.399976636,      -4.434309085,      -4.822667695,       -1.86696786
          0,           0,         120,      -7.441991755,      -4.476368101,      -4.864261005,       -1.90868511
          0,           0,         121,      -7.484052346,       -4.51847387,       -4.90590434,      -1.950451929
          0,           0,         122,      -7.526158135,      -4.560626041,      -4.947597352,      -1.992268082
          0,           0,         123,      -7.568308828,      -4.602824268,      -4.989339675,      -2.034133323
          0,           0,         124,      -7.610504113,      -4.645068183,      -5.031130937,      -2.076047392
          0,           0,         125,      -7.652743728,      -4.687357429,      -5.072970768,      -2.118010059
          0,           0,         126,      -7.695027326,      -4.729691622,      -5.114858811,      -2.160021051
          0,           0,         127,      -7.737354602,      -4.772070353,      -5.156794623,      -2.202080081
          0,           0,         128,      -7.779725246,      -4.814493232,      -5.198777859,      -2.244186904
          0,           0,         129,      -7.822138916,      -4.856959863,       -5.24080811,      -2.286341236
          0,           0,         130,      -7.864595294,      -4.899469796,      -5.282884932,      -2.328542803
          0,           0,         131,      -7.907093984,      -4.942022602,      -5.325007931,      -2.370791276
          0,           0,         132,      -7.949634701,      -4.984617836,      -5.367176716,      -2.413086407
          0,           0,         133,      -7.992217029,      -5.027255046,      -5.409390825,      -2.455427839
          0,           0,         134,      -8.034840611,      -5.069933738,      -5.451649786,      -2.497815271
          0,           0,         135,      -8.077505065,      -5.112653476,      -5.493953222,      -2.540248426
          0,           0,         136,      -8.120210035,      -5.155413682,      -5.536300572,      -2.582726926
          0,           0,         137,      -8.162955039,      -5.198213917,      -5.578691405,      -2.625250409
          0,           0,         138,      -8.205739735,      -5.241053624,      -5.621125327,      -2.667818584
          0,           0,         139,       -8.24856368,      -5.283932275,      -5.663601777,      -2.710431076
          0,           0,         140,      -8.291426395,      -5.326849306,      -5.706120245,      -2.753087477
          0,           0,         141,      -8.334327529,      -5.369804187,      -5.748680277,      -2.795787509
          0,           0,         142,      -8.377266406,      -5.412796232,       -5.79128122,      -2.838530537
          0,           0,         143,       -8.42024283,         -5.455825,      -5.833922785,      -2.881316446
          0,           0,         144,      -8.463256102,      -5.498889716,      -5.876604195,      -2.924144597
          0,           0,         145,      -8.506305964,      -5.541989891,      -5.919325054,      -2.967014871
          0,           0,         146,      -8.549391749,      -5.585124858,      -5.962084775,      -3.009926625
          0,           0,         147,      -8.592512794,      -5.628293897,      -6.004882676,      -3.052879267
          0,           0,         148,      -8.635668684,      -5.671496351,      -6.047718348,      -3.095872559
          0,           0,         149,      -8.678858797,      -5.714731493,      -6.090591055,       -3.13890579
          0,           0,         150,      -8.722082807,      -5.757998752,      -6.133500375,      -3.181978893
          0,           0,         151,      -8.765339929,      -5.801297263,      -6.176445465,      -3.225090946
          0,           0,         152,      -8.808629744,       -5.84462647,      -6.219425889,      -3.268241714
          0,           0,         153,      -8.851951285,      -5.887985376,      -6.262440687,      -3.311430413
          0,           0,         154,      -8.895304335,      -5.931373322,      -6.305489692,       -3.35465689
          0,           0,         155,      -8.938688082,      -5.974789528,      -6.348571888,      -3.397920291
          0,           0,         156,      -8.982101396,       -6.01823317,      -6.391686771,       -3.44121973
          0,           0,         157,      -9.025544535,      -6.061703502,      -6.434833756,      -3.484555637
          0,           0,         158,      -9.069015976,      -6.105199447,      -6.478011646,        -3.5279264
          0,           0,         159,      -9.112515118,      -6.148720514,      -6.521220417,      -3.571331472
          0,           0,         160,      -9.156041616,      -6.192265721,      -6.564458955,      -3.614770793
          0,           0,         161,      -9.199595371,      -6.235834003,      -6.607726627,      -3.658243981
          0,           0,         162,      -9.243173764,      -6.279424496,      -6.651023254,      -3.701748993
          0,           0,         163,      -9.286777958,      -6.323036286,       -6.69434662,      -3.745287029
          0,           0,         164,      -9.330405802,       -6.36666834,      -6.737697188,      -3.788855646
          0,           0,         165,      -9.374058101,      -6.410320294,      -6.781074365,      -3.832455784
          0,           0,         166,      -9.417731003,      -6.453990794,      -6.824476981,      -3.876084215
          0,           0,         167,      -9.461426667,      -6.497677975,      -6.867903735,       -3.91974294
          0,           0,         168,      -9.505145203,      -6.541382689,      -6.911354957,      -3.963431252
          0,           0,         169,      -9.548882662,      -6.585102485,      -6.954828375,      -4.007146618
          0,           0,         170,      -9.592636291,      -6.628836275,      -6.998324318,      -4.050886585
          0,           0,         171,      -9.636412577,      -6.672584399,      -7.041842412,      -4.094656029
          0,           0,         172,      -9.680203884,      -6.716344543,      -7.085380411,      -4.138448446
          0,           0,         173,      -9.724013812,      -6.760116011,      -7.128938947,      -4.182268605
          0,           0,         174,      -9.767836583,      -6.803898266,       -7.17251746,      -4.226109125
          0,           0,         175,      -9.811675896,      -6.847688006,      -7.216109759,      -4.269973877
          0,           0,         176,      -9.855529248,      -6.891488113,      -7.259726783,      -4.313859818
          0,           0,         177,      -9.899394107,      -6.935293864,      -7.303354178,      -4.357766743
          0,           0,         178,      -9.943279124,      -6.979107117,      -7.347003012,      -4.401701851
          0,           0,         179,      -9.987163732,      -7.022923666,      -7.390658077,      -4.445644895
          0,           0,         180,      -10.03106435,      -7.066743098,      -7.434331604,      -4.489613744
          0,           0,         181,      -10.07497533,       -7.11056954,      -7.478022558,      -4.533599536
          0,           0,         182,      -10.11888958,      -7.154393547,      -7.521721106,      -4.577600169
          0,           0,         183,      -10.16281624,      -7.198219055,      -7.565436052,       -4.62161914
          0,           0,         184,      -10.20674131,      -7.242040447,      -7.609156517,      -4.665647812
          0,           0,         185,      -10.25068202,      -7.285864206,      -7.652890841,      -4.709695574
          0,           0,         186,      -10.29461523,      -7.329686927,      -7.696633217,      -4.753751466
          0,           0,         187,      -10.33856624,      -7.373505068,      -7.740387526,       -4.79783178
          0,           0,         188,       -10.3825183,      -7.417312724,      -7.784137381,      -4.841913755
          0,           0,         189,      -10.42645515,      -7.461118382,      -7.827910112,      -4.886001033
          0,           0,         190,      -10.47039719,        -7.5049089,      -7.871676166,      -4.930101107
          0,           0,         191,      -10.51435394,      -7.548703438,      -7.915456238,       -4.97421566
          0,           0,         192,      -10.55831557,       -7.59247723,      -7.959238718,      -5.018348254
          0,           0,         193,      -10.60225894,      -7.636253655,      -8.003026019,      -5.062475735
          0,           0,         194,      -10.64618069,      -7.680010164,      -8.046819077,      -5.106586267
          0,           0,         195,      -10.69012925,       -7.72374851,      -8.090598727,      -5.150738504
          0,           0,         196,      -10.73407183,      -7.767491076,      -8.134408894,      -5.194900203
          0,           0,         197,      -10.77797412,      -7.811197243,      -8.178197651,      -5.239009156
          0,           0,         198,      -10.82193689,      -7.854892146,      -8.221981949,      -5.283188997
          0,           0,         199,      -10.86581014,       -7.89858346,      -8.265753519,      -5.327304652
          0,           0,         200,      -10.90972167,      -7.942254323,       -8.30962379,      -5.371464605
          0,           0,         201,      -10.95362575,      -7.985881374,      -8.353347794,      -5.415603282
          0,           0,         202,      -10.99749605,      -8.029538487,      -8.397143626,      -5.459735228
          0,           0,         203,      -11.04129398,      -8.073122656,      -8.440915408,      -5.503821982
          0,           0,         204,      -11.08531378,      -8.116730481,      -8.484766515,      -5.548095662
          0,           0,         205,      -11.12921707,      -8.160299447,      -8.528498936,      -5.592229974
          0,           0,         206,      -11.17294155,      -8.203854757,      -8.572327704,      -5.636286845
          0,           0,         207,      -11.21676193,      -8.247356598,      -8.616048776,      -5.680444004
          0,           0,         208,        -11.260665,      -8.290871148,      -8.659821089,      -5.724629223
          0,           0,         209,      -11.30443975,      -8.334339407,      -8.703548768,      -5.768698381
          0,           0,         210,      -11.34835798,      -8.377742542,      -8.747308185,      -5.812889156
          0,           0,         211,      -11.39201465,      -8.421217394,      -8.791066513,        -5.8568795
          0,           0,         212,      -11.43561548,      -8.464557502,      -8.834703727,      -5.900802995
          0,           0,         213,      -11.47944603,      -8.507972888,      -8.878630349,      -5.945042641
          0,           0,         214,      -11.52319692,      -8.551282578,      -8.922318153,      -5.989105533
          0,           0,         215,      -11.56683084,      -8.594548159,      -8.965908611,      -6.033093555
          0,           0,         216,        -11.610404,      -8.637904351,      -9.009641221,      -6.077092698
          0,           0,         217,      -11.65408505,      -8.681146149,      -9.053337766,      -6.121112957
          0,           0,         218,       -11.6980935,      -8.724395301,      -9.097252875,      -6.165452329
          0,           0,         219,      -11.74115149,      -8.767459746,      -9.140486554,      -6.208883981
          0,           0,         220,      -11.78489581,      -8.810771206,      -9.184572502,      -6.252978812
          0,           0,         221,      -11.82897223,      -8.853854042,      -9.228190192,      -6.297389361
          0,           0,         222,      -11.87201077,      -8.896996264,       -9.27167459,      -6.341104294
          0,           0,         223,      -11.91603077,      -8.940031742,      -9.315651522,      -6.385297377
          0,           0,         224,       -11.9588937,       -8.98308171,      -9.359021047,       -6.42884935
          0,           0,         225,      -12.00310492,      -9.025990241,      -9.402606502,      -6.473186884
          0,           0,         226,      -12.04635146,      -9.069022301,      -9.446099608,      -6.516629003
          0,           0,         227,       -12.0898079,      -9.111952351,      -9.489778567,      -6.560347013
          0,           0,         228,      -12.13238676,      -9.155126435,       -9.53376504,       -6.60389835
          0,           0,         229,      -12.17732078,      -9.198061866,      -9.576584904,      -6.648839883
          0,           0,         230,      -12.22001977,      -9.240657308,      -9.620908664,      -6.691625627
          0,           0,         231,      -12.26283263,       -9.28356745,      -9.664370442,      -6.735681993
          0,           0,         232,      -12.30701888,      -9.326820151,      -9.708497895,      -6.779663024
          0,           0,         233,      -12.35019947,      -9.368687531,       -9.74918218,      -6.823743554
          0,           0,         234,      -12.39269032,      -9.411585819,       -9.79533454,      -6.866243822
          0,           0,         235,      -12.43587361,      -9.454504371,      -9.837711164,      -6.909817757
          0,           0,         236,      -12.47906871,      -9.497559279,      -9.881595756,      -6.954076423
          0,           0,         237,      -12.52210912,      -9.540157706,      -9.925394507,      -6.997390316
          0,           0,         238,       -12.5632553,       -9.58261193,      -9.968869483,       -7.04053599
          0,           0,         239,      -12.61056725,      -9.625180019,      -10.01181983,      -7.086193615
          0,           0,         240,      -12.64999221,      -9.667603668,      -10.05396297,      -7.127081896
          0,           0,         241,      -12.69416236,      -9.711364212,      -10.10003672,      -7.171602559
          0,           0,         242,      -12.73889591,      -9.751531953,      -10.13970548,      -7.214751788
          0,           0,         243,      -12.78155901,      -9.794640467,      -10.18305145,      -7.258471657
          0,           0,         244,      -12.82423248,      -9.840334816,      -10.22899195,      -7.303156004
          0,           0,         245,       -12.8654424,      -9.878978326,      -10.26819202,      -7.345600948
          0,           0,         246,      -12.90077392,      -9.923230327,      -10.31643625,      -7.382716111
          0,           0,         247,      -12.95236551,      -9.962995441,      -10.35759594,      -7.432576818
          0,           0,         248,      -12.99188736,      -10.00604581,      -10.39956965,      -7.473526944
          0,           0,         249,      -13.03729999,       -10.0480284,      -10.44570146,      -7.520241434
          0,           0,         250,      -13.07717693,         -10.09088,      -10.48357612,      -7.559119507
          0,           0,         251,      -13.11510285,      -10.13553992,      -10.53167003,       -7.60019152
          0,           0,         252,       -13.1497716,      -10.17320498,      -10.56139951,      -7.632094121
          0,           0,         253,      -13.20952822,      -10.21734224,       -10.6147187,      -7.690829655
          0,           0,         254,      -13.23311142,      -10.25597072,      -10.65346735,      -7.718724117
          0,           0,         255,         -13.27556,      -10.30752002,       -10.7095262,      -7.760019446
          0,           0,         256,        -13.327137,      -10.34446387,      -10.73838044,      -7.811781629
          0,           0,         257,      -13.35043515,      -10.38166778,      -10.77135032,      -7.830797518
          0,           0,         258,      -13.40408656,      -10.42433452,      -10.83661574,      -7.890481026
          0,           0,         259,      -13.44479578,      -10.46391239,      -10.86587216,      -7.930691085
          0,           0,         260,       -13.4883923,      -10.51279739,      -10.91639072,      -7.978603008
          0,           0,         261,      -13.50813836,      -10.55455453,      -10.93812906,      -7.996798457
          0,           0,         262,      -13.51869679,      -10.58761711,      -10.98086897,      -8.027486739
          0,           0,         263,      -13.54514723,      -10.63575061,      -11.01754841,      -8.067602096
          0,           0,         264,      -13.58820688,      -10.66573156,      -11.05867824,       -8.08656598
          0,           0,         265,      -13.65238759,      -10.71040555,      -11.09277655,      -8.146545506
          0,           0,         266,      -13.68604674,       -10.7610513,      -11.12103877,      -8.177054235
          0,           0,         267,      -13.65665483,      -10.80258885,      -11.20416622,      -8.157486577
          0,           0,         268,      -13.64660777,      -10.80696735,      -11.10811753,      -8.139052662
          0,           0,         269,      -13.64948133,      -10.81851016,      -11.17149396,      -8.118194584
          0,           0,         270,      -13.75096327,      -10.91410132,      -11.26450791,      -8.263744241
          0,           0,         271,      -13.80750383,      -10.95330074,      -11.31631508,      -8.317965015
          0,           0,         272,      -13.72262596,      -11.01442602,      -11.26872481,      -8.254711029
          0,           0,         273,      -13.86344561,      -11.03538594,      -11.38342456,      -8.336525065
          0,           0,         274,      -13.76957481,      -11.02872987,      -11.40594519,      -8.305287933
          0,           0,         275,      -13.91473568,       -11.0889216,      -11.38602192,      -8.428939338
          0,           0,         276,      -13.83397373,      -11.09229103,      -11.35968617,      -8.353122754
          0,           0,         277,      -13.86078345,      -11.14043931,      -11.39836392,        -8.3724293
          0,           0,         278,      -13.80520865,      -11.15361987,      -11.40130305,      -8.319571007
          0,           0,         279,      -13.78932313,      -11.16255253,       -11.3138097,      -8.287350194
          0,           0,         280,      -13.84369212,      -11.15851728,      -11.38326715,       -8.35439515
          0,           0,         281,      -13.91435635,      -11.24945202,      -11.50351501,      -8.368820716
          0,           0,         282,      -13.82111607,      -11.13522774,      -11.41574044,      -8.298438691
          0,           0,         283,      -13.68290707,      -11.13968387,      -11.47306985,      -8.247428159
          0,           0,         284,        -13.936393,      -11.25989232,      -11.48073242,      -8.477970536
          0,           0,         285,      -13.91666846,      -11.31135837,      -11.42099644,       -8.43556292
          0,           0,         286,      -13.78869832,      -11.21758692,        -11.435865,      -8.317572533
          0,           0,         287,      -13.84951091,      -11.24659444,      -11.46744647,      -8.366658513
          0,           0,         288,      -13.82063173,      -11.20993633,      -11.51510559,      -8.318314746
          0,           0,         289,      -13.92371076,      -11.33310935,      -11.49605863,      -8.412059865
          0,           0,         290,      -13.93084466,      -11.32875206,      -11.49194292,      -8.450166541
          0,           0,         291,      -13.81268732,      -11.18282279,      -11.43051575,      -8.225185299
          0,           0,         292,      -13.92934556,       -11.3946212,      -11.52140828,       -8.45764006
          0,           0,         293,       -13.9166928,      -11.41765948,      -11.55731985,      -8.444447678
          0,           0,         294,      -13.86637411,        -11.338539,      -11.47434349,      -8.439765918
          0,           0,         295,      -13.80662832,      -11.31528167,      -11.46793002,      -8.319581298
          0,           0,         296,       -13.8160543,      -11.38128324,       -11.3023791,      -8.372638087
          0,           0,         297,      -13.78459943,      -11.28256507,      -11.45186392,      -8.331367134
          0,           0,         298,      -13.86406537,      -11.27602781,      -11.46652862,      -8.362459054
          0,           0,         299,      -13.79980151,      -11.18178116,      -11.39785503,      -8.284421923
          0,           0,         300,      -13.93156681,      -11.40970765,      -11.56012995,      -8.467270298
          0,           0,         301,       -13.8572726,      -11.34517045,      -11.45409925,      -8.363266945
          0,           0,         302,      -13.85914041,      -11.37306065,      -11.42867584,      -8.383920882
          0,           0,         303,      -13.86181257,      -11.34756332,      -11.51142971,      -8.397609386
          0,           0,         304,      -13.85568406,      -11.40593598,      -11.41761511,      -8.377019324
          0,           0,         305,      -13.96707216,      -11.46109436,      -11.50413267,      -8.503588434
          0,           0,         306,      -13.98638361,      -11.52762441,      -11.49458274,      -8.519071899
          0,           0,         307,       -13.9373894,      -11.39774169,      -11.47981925,      -8.458891986
          0,           0,         308,       -13.8477261,      -11.33195081,      -11.44945229,      -8.387569364
          0,           0,         309,      -13.75575821,      -11.22841491,      -11.57703341,      -8.337996896
          0,           0,         310,      -13.76992765,      -11.22969197,      -11.43231963,      -8.291271772
          0,           0,         311,      -13.83618215,      -11.31150088,      -11.38554094,      -8.320760693
          0,           0,         312,      -13.84795776,      -11.27835384,      -11.46191966,      -8.344059407
          0,           0,         313,      -13.87927345,       -11.3046971,      -11.44018694,      -8.421539029
          0,           0,         314,      -13.95343913,      -11.37534145,      -11.47921149,      -8.447522876
          0,           0,         315,      -13.89423319,      -11.34190533,      -11.54002174,      -8.398734845
          0,           0,         316,      -13.76920288,      -11.17038911,      -11.47139006,      -8.281146095
          0,           0,         317,      -13.93625362,      -11.30348111,      -11.48221523,       -8.33929255
          0,           0,         318,      -13.81651571,      -11.35664852,      -11.39915663,      -8.411571473
          0,           0,         319,        -13.888076,      -11.39811663,       -11.3417095,      -8.418828431
          0,           0,         320,      -13.87931006,      -11.28370634,      -11.57848151,      -8.417972893
          0,           0,         321,      -13.84109703,      -11.36084242,       -11.4803816,      -8.359332786
          0,           0,         322,      -13.71241392,      -11.22307312,      -11.46260403,      -8.283879085
          0,           0,         323,      -13.91146448,      -11.35107915,      -11.47144793,      -8.360723965
          0,           0,         324,      -13.87907312,      -11.34665515,      -11.56998589,      -8.445120922
          0,           0,         325,      -13.95862003,      -11.47232188,      -11.49328309,      -8.462527303
          0,           0,         326,      -13.97206661,      -11.42217846,      -11.57356631,      -8.447910717
          0,           0,         327,      -13.81145878,       -11.2395217,      -11.45587026,      -8.340264458
          0,           0,         328,      -13.82371422,      -11.36955798,      -11.44309866,      -8.395654006
          0,           0,         329,      -13.85536466,      -11.28699603,      -11.42104646,      -8.337435651
          0,           0,         330,      -13.92267539,      -11.36115008,      -11.46135141,        -8.4645298
          0,           0,         331,      -13.88274458,      -11.36505424,      -11.45158911,      -8.361495724
          0,           0,         332,      -13.75665613,      -11.22899149,      -11.54304857,       -8.30135878
          0,           0,         333,      -13.68360723,      -11.20555093,      -11.43012169,      -8.286314238
          0,           0,         334,      -13.84853994,      -11.33205311,      -11.40396049,       -8.39891875
          0,           0,         335,      -13.93255478,      -11.41792599,      -11.52228624,      -8.416739306
          0,           0,         336,      -13.91600441,      -11.39166251,      -11.57592626,      -8.437204711
          0,           0,         337,      -13.89546662,      -11.44529395,        -11.495276,      -8.446107309
          0,           0,         338,      -13.82721066,      -11.47565724,      -11.36459756,      -8.380663666
          0,           0,         339,      -13.86076581,       -11.3420395,      -11.45954399,      -8.395372817
          0,           0,         340,      -13.90329432,      -11.42273128,      -11.52603641,      -8.456650422
          0,           0,         341,      -13.84568508,       -11.3246173,      -11.45631415,      -8.345833752
          0,           0,         342,      -13.84277194,       -11.3369516,      -11.41696302,      -8.324351086
          0,           0,         343,      -14.00989966,      -11.49487255,      -11.50290368,      -8.513070253
          0,           0,         344,        -13.728831,      -11.21528867,      -11.46628435,      -8.268738482
          0,           0,         345,      -13.88129527,      -11.22598044,      -11.42623662,      -8.356815166
          0,           0,         346,      -13.79423139,      -11.30519024,      -11.34373728,      -8.330882194
          0,           0,         347,      -13.81130595,      -11.26379204,      -11.43168567,       -8.32611227
          0,           0,         348,      -13.89357503,      -11.36615063,      -11.50865286,      -8.402127845
          0,           0,         349,      -13.84590371,      -11.32321416,      -11.47075665,      -8.336856536
          0,           0,         350,      -13.89726302,      -11.31176527,      -11.52581951,      -8.449906803
          0,           0,         351,       -13.8403949,      -11.26865655,      -11.45628244,       -8.37692648
          0,           0,         352,      -13.79564933,      -11.29541141,      -11.39719714,      -8.333998209
          0,           0,         353,      -13.82649306,      -11.18343681,      -11.35010557,      -8.349211617
          0,           0,         354,      -13.86559009,      -11.38156215,      -11.55475085,      -8.376531209
          0,           0,         355,      -13.95346043,       -11.4820027,      -11.44349424,      -8.468224507
          0,           0,         356,      -13.78767814,      -11.20620933,      -11.48036901,      -8.334681167
          0,           0,         357,      -13.75672618,      -11.22413699,      -11.44754545,      -8.295116149
          0,           0,         358,      -13.87918746,      -11.41673781,      -11.47566398,      -8.427878928
          0,           0,         359,      -13.94597269,      -11.40473268,      -11.43342959,       -8.47868834
          0,           0,         360,      -13.94844806,      -11.39797606,      -11.48590692,      -8.482823652
          0,           0,         361,      -13.69971125,      -11.15671781,      -11.44993582,      -8.256175812
          0,           0,         362,      -13.89473397,      -11.29411364,      -11.56719864,       -8.38497974
          0,           0,         363,      -13.92448282,      -11.31039829,      -11.48735281,      -8.393101643
          0,           0,         364,      -13.90894672,      -11.41762202,      -11.50815946,      -8.425710601
          0,           0,         365,       -13.7537023,      -11.26374321,      -11.36977651,      -8.307087255
          0,           0,         366,      -13.79438373,      -11.31772685,      -11.42265506,      -8.321740417
          0,           0,         367,       -13.8543815,      -11.39393585,      -11.44095745,      -8.396855411
          0,           0,         368,      -13.87343539,      -11.37923223,      -11.39286042,      -8.354210966
          0,           0,         369,      -13.90864871,      -11.32604119,      -11.54927506,       -8.44009886
          0,           0,         370,      -13.82408277,      -11.28140533,       -11.4235481,      -8.367325658
          0,           0,         371,      -13.70367876,       -11.2894615,      -11.31440886,      -8.257524553
          0,           0,         372,      -13.83946293,      -11.35186425,      -11.45072261,      -8.412502668
          0,           0,         373,      -13.86810172,      -11.38722003,      -11.43744896,      -8.421626499
          0,           0,         374,      -13.89075459,      -11.33092221,      -11.49727841,       -8.42153378
          0,           0,         375,      -13.88498074,      -11.36545786,      -11.49497188,      -8.410086863
          0,           0,         376,      -13.87863647,      -11.29113097,      -11.50935029,       -8.37748061
          0,           0,         377,      -13.96767117,      -11.35723406,      -11.47676358,      -8.426515956
          0,           0,         378,      -13.93272998,      -11.45045791,      -11.51885908,      -8.456340402
          0,           0,         379,       -13.9437405,      -11.35272222,      -11.47772089,       -8.45361405
          0,           0,         380,      -13.82122217,      -11.33882023,      -11.42392135,      -8.316611895
          0,           0,         381,      -13.88612895,      -11.31034756,      -11.42689871,      -8.423451968
          0,           0,         382,      -13.93834294,      -11.37387685,      -11.45126557,      -8.496274532
          0,           0,         383,      -13.82507383,      -11.36334171,      -11.45259749,       -8.32583524
          0,           0,         384,      -13.82398537,       -11.3557708,      -11.37470303,      -8.342425284
          0,           0,         385,      -13.83108478,      -11.27040422,      -11.51234178,      -8.320205261
          0,           0,         386,      -13.86684434,      -11.45258344,      -11.43602141,      -8.405269463
          0,           0,         387,      -13.84516435,       -11.3767002,      -11.43640387,      -8.373765001
          0,           0,         388,      -13.82845703,      -11.30719834,      -11.41107317,      -8.360002972
          0,           0,         389,      -13.87309171,      -11.36538808,      -11.41775428,      -8.405692562
          0,           0,         390,      -13.98691921,      -11.35024698,      -11.60311261,      -8.440279401
          0,           0,         391,      -13.90587869,      -11.25438965,      -11.41419392,      -8.403111052
          0,           0,         392,      -13.81859475,      -11.19570247,      -11.47311229,      -8.294360335
          0,           0,         393,      -13.90836797,       -11.2493669,      -11.47061012,      -8.331525799
          0,           0,         394,      -13.88140986,      -11.36228603,      -11.37890239,      -8.385432947
          0,           0,         395,      -13.78143062,      -11.23279036,      -11.51932221,       -8.32396995
          0,           0,         396,      -13.88238913,      -11.22442465,      -11.50893822,      -8.402422633
          0,           0,         397,      -13.84225158,       -11.3947966,      -11.42698577,      -8.372075413
          0,           0,         398,      -13.94751111,      -11.29693228,      -11.57325089,      -8.455025949
          0,           0,         399,      -13.86232125,      -11.36487374,      -11.40174778,      -8.372784621
          0,           0,         400,       -13.8216182,      -11.38226106,      -11.45456697,      -8.365887204
          0,           0,         401,      -13.87113753,      -11.28663308,      -11.52565359,      -8.416254206
          0,           0,         402,      -13.86302159,      -11.29449359,      -11.47395133,      -8.371277998
          0,           0,         403,      -13.85809639,      -11.37705299,      -11.35085281,      -8.371113458
          0,           0,         404,      -13.91364335,      -11.28634368,      -11.50458192,      -8.399137141
          0,           0,         405,      -13.75261731,       -11.1675622,      -11.39222266,      -8.261089115
          0,           0,         406,      -13.76926593,      -11.29784504,      -11.33038067,      -8.334884473
          0,           0,         407,      -13.85329863,       -11.2803203,      -11.54359316,      -8.391985449
          0,           0,         408,      -13.64076293,      -11.15929055,      -11.33944041,       -8.24155553
          0,           0,         409,      -13.74137793,      -11.16963633,      -11.42208356,      -8.269768549
          0,           0,         410,       -13.8449352,      -11.23828918,       -11.4819782,      -8.371467474
          0,           0,         411,      -13.83514672,       -11.2681997,      -11.44313923,      -8.384363953
          0,           0,         412,      -13.87574154,      -11.47768306,       -11.5890826,      -8.415470901
          0,           0,         413,      -13.97655499,      -11.39360546,      -11.53922944,      -8.425100564
          0,           0,         414,      -13.81204127,       -11.3134932,      -11.47613556,      -8.362094513
          0,           0,         415,      -13.71093454,      -11.08616358,      -11.36356368,      -8.226777163
          0,           0,         416,      -13.73047377,      -11.20254568,      -11.34722694,      -8.228741049
          0,           0,         417,      -13.93968168,      -11.41195543,      -11.57782508,      -8.500794475
          0,           0,         418,      -13.81418236,      -11.41856483,       -11.4357725,      -8.367767971
          0,           0,         419,      -13.94508516,      -11.40270832,      -11.44448643,      -8.450965686
          0,           0,         420,      -13.86902407,      -11.42272813,      -11.36207527,      -8.389385411
          0,           0,         421,      -13.82995961,      -11.30393425,      -11.44656167,       -8.34738595
          0,           0,         422,      -13.77676315,      -11.18519863,      -11.42499921,      -8.306568064
          0,           0,         423,      -13.83453158,      -11.24604899,      -11.39221862,      -8.316331711
          0,           0,         424,      -13.92159573,      -11.24864985,      -11.44697642,      -8.355144499
          0,           0,         425,      -13.77536453,      -11.16912473,      -11.46239363,      -8.269804204
          0,           0,         426,       -13.7529722,      -11.24321759,      -11.45541883,       -8.28475247
          0,           0,         427,      -13.87833009,      -11.43292017,      -11.39293776,      -8.427707032
          0,           0,         428,      -14.00580485,      -11.41088633,      -11.52184585,      -8.530793868
          0,           0,         429,      -13.94069619,      -11.33888606,      -11.53891141,      -8.453738768
          0,           0,         430,      -13.64013685,      -11.06173083,      -11.35414796,      -8.167644366
          0,           0,         431,      -13.91792339,      -11.39872579,      -11.48638484,      -8.429904116
          0,           0,         432,      -13.87231942,      -11.30460618,      -11.48444265,       -8.44626435
          0,           0,         433,      -13.82479505,      -11.26013539,      -11.59457336,      -8.361753883
          0,           0,         434,      -13.88034033,      -11.26000816,      -11.52576221,      -8.386095445
          0,           0,         435,      -13.75679313,      -11.16288501,      -11.40169208,      -8.230994651
          0,           0,         436,      -13.79348127,      -11.29522082,      -11.49628773,      -8.385715511
          0,           0,         437,      -13.91765657,      -11.38983467,      -11.52151598,      -8.399547263
          0,           0,         438,      -13.89507793,      -11.35260626,      -11.53794241,      -8.396478087
          0,           0,         439,      -13.74974359,      -11.16091936,      -11.44782798,      -8.257947929
          0,           0,         440,      -13.86966404,      -11.37283313,      -11.38481949,      -8.402422897
          0,           0,         441,      -13.88144035,      -11.32662616,      -11.50213309,      -8.424556525
          0,           0,         442,      -13.91366799,      -11.28460589,       -11.5806358,      -8.450051042
          0,           0,         443,      -13.97643263,      -11.48711191,      -11.51550239,      -8.496790135
          0,           0,         444,      -13.74724356,      -11.15544043,      -11.50712604,      -8.281476897
          0,           0,         445,      -13.87230967,      -11.33029197,       -11.4734616,      -8.362535201
          0,           0,         446,       -13.8511785,      -11.28157505,      -11.57770359,      -8.375844374
          0,           0,         447,      -13.97750416,      -11.33954439,       -11.5164566,      -8.460399455
          0,           0,         448,      -13.87230831,      -11.21334878,      -11.54634018,      -8.342464325
          0,           0,         449,      -13.87847948,      -11.41978921,       -11.4144539,      -8.422643219
          0,           0,         450,      -13.74083629,      -11.20268247,       -11.3784999,      -8.275288767
          0,           0,         451,       -13.8184644,      -11.23155894,      -11.49822664,      -8.334065078
          0,           0,         452,      -13.88568171,      -11.22229037,      -11.46493993,       -8.29638682
          0,           0,         453,       -13.7712971,      -11.21254487,      -11.44858078,      -8.299024213
          0,           0,         454,      -13.89017238,      -11.30999846,      -11.51296241,      -8.408124606
          0,           0,         455,       -13.8663594,      -11.31146564,      -11.40504567,      -8.360966983
          0,           0,         456,      -13.81031342,      -11.39234261,      -11.42113465,      -8.341996883
          0,           0,         457,      -13.81505911,      -11.38389525,      -11.51515445,      -8.398594237
          0,           0,         458,      -13.75781169,      -11.17561171,      -11.46465753,      -8.286059453
          0,           0,         459,      -13.88270414,      -11.33202369,      -11.51672692,      -8.382380458
          0,           0,         460,      -13.92040048,      -11.39955308,      -11.41778629,      -8.368633216
          0,           0,         461,      -13.88642711,       -11.4311746,      -11.40176045,      -8.380844214
          0,           0,         462,      -13.90217095,       -11.3969412,      -11.48753349,      -8.426866377
          0,           0,         463,      -13.87711341,      -11.22110343,      -11.53099488,      -8.359794329
          0,           0,         464,      -13.90719663,      -11.35867126,      -11.42985614,       -8.41476439
          0,           0,         465,      -13.82199015,      -11.24396249,      -11.44824744,       -8.35325706
          0,           0,         466,      -13.87994135,       -11.2192282,      -11.40477714,       -8.33829683
          0,           0,         467,      -13.80153877,      -11.29262633,        -11.348761,      -8.333986248
          0,           0,         468,      -13.99827526,      -11.41760412,      -11.62978058,      -8.502608513
          0,           0,         469,      -13.89239848,       -11.3669965,      -11.44570632,      -8.338058039
          0,           0,         470,       -13.9425863,      -11.43177236,      -11.52590429,       -8.44434591
          0,           0,         471,      -13.72696913,      -11.08881824,      -11.41259743,      -8.179593366
          0,           0,         472,      -13.86030988,      -11.22904873,      -11.55499597,       -8.35486852
          0,           0,         473,      -13.90564532,       -11.3408874,      -11.64467303,       -8.44817861
          0,           0,         474,      -13.87117791,      -11.38461009,      -11.52648227,        -8.4282238
          0,           0,         475,      -13.85525215,      -11.20065114,      -11.51012361,      -8.369777866
          0,           0,         476,      -13.74415109,      -11.25216884,      -11.29518067,      -8.252643108
          0,           0,         477,      -13.78325935,      -11.26653682,      -11.39230088,      -8.291683807
          0,           0,         478,      -13.86360174,      -11.31116686,      -11.41436938,      -8.352251204
          0,           0,         479,      -13.86644932,       -11.3242982,      -11.50456448,      -8.368571998
          0,           0,         480,      -13.79033785,       -11.2404824,      -11.40095564,      -8.315285779
          0,           0,         481,      -13.87314112,      -11.39542897,      -11.43649336,      -8.400541967
          0,           0,         482,      -13.80014348,      -11.21040556,      -11.47527916,      -8.312488667
          0,           0,         483,      -13.87017196,      -11.39691416,      -11.41056984,      -8.414707099
          0,           0,         484,      -13.80108158,      -11.21496624,      -11.40305126,      -8.277779933
          0,           0,         485,        -13.742494,      -11.07572216,      -11.39295007,       -8.20242869
          0,           0,         486,      -13.91741742,      -11.33907211,      -11.50911975,       -8.40110113
          0,           0,         487,      -13.85864659,      -11.42088978,      -11.32863548,      -8.400586086
          0,           0,         488,      -13.71566076,      -11.10156407,      -11.39125657,      -8.204808893
          0,           0,         489,      -13.89431549,      -11.37223339,      -11.42875853,      -8.395364296
          0,           0,         490,      -13.96565777,      -11.36941741,      -11.56560709,      -8.467379763
          0,           0,         491,      -13.76189362,      -11.17787185,      -11.58517997,      -8.262403678
          0,           0,         492,      -13.83978778,      -11.33620143,      -11.40825276,      -8.368470657
          0,           0,         493,      -13.85705467,      -11.42184033,      -11.38611541,       -8.42874896
          0,           0,         494,      -13.80348097,      -11.23518636,      -11.57170258,      -8.350481165
          0,           0,         495,      -13.71962386,      -11.11709305,      -11.43807005,      -8.242565235
          0,           0,         496,      -13.72331341,      -11.23997203,      -11.25710068,      -8.245791476
          0,           0,         497,      -13.73490988,      -11.24933177,      -11.26722306,      -8.283857612
          0,           0,         498,      -13.91989749,      -11.37175596,      -11.45678789,      -8.408300162
          0,           0,         499,      -13.85408318,      -11.24147799,      -11.48015201,      -8.320767306
          0,           0,         500,      -13.85699293,      -11.37486241,      -11.55074616,      -8.488082441
          0,           0,         501,      -13.99985949,      -11.49536893,      -11.55661202,      -8.485122016
          0,           0,         502,      -13.87058868,      -11.33500835,       -11.5252753,      -8.378406641
          0,           0,         503,      -13.88846386,      -11.41085095,      -11.40790936,      -8.371661643
          0,           0,         504,      -13.76514683,      -11.19902625,      -11.36392973,      -8.227791505
          0,           0,         505,       -13.8556577,      -11.44410984,      -11.41339663,      -8.369337936
          0,           0,         506,      -13.87648471,      -11.36340856,      -11.46200897,      -8.400733046
          0,           0,         507,        -13.877853,      -11.37887412,      -11.43001616,      -8.442161553
          0,           0,         508,      -13.88911734,      -11.48373192,      -11.41459088,       -8.41015852
          0,           0,         509,      -13.92223456,      -11.44020692,       -11.4676563,       -8.44409279
          0,           0,         510,      -13.89979306,      -11.50872269,      -11.55740043,      -8.451679389
          0,           0,         511,      -13.76584619,      -11.20643832,      -11.45560437,      -8.269783481
          0,           0,         512,      -13.95052919,      -11.38583261,      -11.61169708,      -8.437291506
          0,           0,         513,      -13.83396989,      -11.32949244,      -11.43097315,      -8.375525024
          0,           0,         514,      -13.65794205,      -11.04957626,      -11.48061676,      -8.141580649
          0,           0,         515,      -13.84583278,      -11.31614835,      -11.57901611,      -8.382703688
          0,           0,         516,      -13.74360187,      -11.15285627,      -11.53853355,      -8.276913798
          0,           0,         517,      -13.87121096,      -11.30647782,      -11.49456859,      -8.330871638
          0,           0,         518,      -13.93985826,      -11.46191698,      -11.53594859,      -8.475056512
          0,           0,         519,      -13.93349263,       -11.2973405,      -11.63830159,      -8.391492382
          0,           0,         520,      -13.94990827,      -11.37487244,      -11.56060811,      -8.403589215
          0,           0,         521,      -13.87453598,      -11.45036314,      -11.52917921,      -8.438451333
          0,           0,         522,      -13.92047769,      -11.45515391,       -11.4769662,      -8.433838953
          0,           0,         523,      -13.90619473,      -11.42778117,      -11.51326532,      -8.421405918
          0,           0,         524,      -13.78178672,      -11.17916649,      -11.52161106,      -8.286554938
          0,           0,         525,      -13.94065362,      -11.35109177,       -11.5431151,      -8.416777353
          0,           0,         526,       -13.7943732,      -11.20702536,      -11.37423799,      -8.324070365
          0,           0,         527,      -13.92425984,       -11.3909828,      -11.53631244,      -8.446133861
          0,           0,         528,      -13.90805113,      -11.32686046,       -11.5354471,      -8.445129026
          0,           0,         529,      -13.91716239,      -11.39699769,      -11.47980426,      -8.426338995
          0,           0,         530,      -13.96900449,      -11.36858521,      -11.60954899,      -8.460665242
          0,           0,         531,      -13.93699194,       -11.4566258,      -11.46202567,      -8.474607331
          0,           0,         532,      -13.87206339,      -11.34140824,      -11.51251859,      -8.382790553
          0,           0,         533,      -13.91133468,      -11.44960352,      -11.39043783,      -8.448202488
          0,           0,         534,      -13.80200061,      -11.14941518,      -11.54766796,      -8.264959419
          0,           0,         535,      -13.83729095,       -11.2098336,      -11.46440717,      -8.323070552
          0,           0,         536,      -13.76046493,      -11.20506059,      -11.45053125,      -8.265019011
          0,           0,         537,       -13.8401112,      -11.26240148,      -11.46799218,      -8.401929477
          0,           0,         538,      -13.89953478,      -11.35458322,       -11.5404246,      -8.417693634
          0,           0,         539,      -13.77046796,      -11.20501179,      -11.49395998,      -8.301057406
          0,           0,         540,      -13.76264683,      -11.20630183,      -11.37358412,       -8.27936171
          0,           0,         541,      -13.92119359,      -11.40799809,      -11.48167924,      -8.428890116
          0,           0,         542,      -13.86027879,      -11.35109981,      -11.46498597,      -8.404337095
          0,           0,         543,      -13.88311321,      -11.23980105,      -11.51954019,      -8.366502411
          0,           0,         544,      -13.80828421,      -11.20008135,      -11.56062125,      -8.364166472
          0,           0,         545,      -13.87168608,      -11.36339284,      -11.47832854,      -8.423074643
          0,           0,         546,      -13.81650142,      -11.30730913,      -11.48982391,      -8.382234351
          0,           0,         547,      -13.81090252,      -11.22095777,      -11.52260339,       -8.34557478
          0,           0,         548,      -13.83411788,      -11.36967332,      -11.39971986,      -8.352421969
          0,           0,         549,       -13.9226219,       -11.3582716,      -11.46117889,      -8.391469806
          0,           0,         550,        -13.873781,      -11.43582988,      -11.48614993,      -8.408164245
          0,           0,         551,      -13.90656005,      -11.33356509,      -11.48388263,       -8.40068393
          0,           0,         552,      -13.77333994,      -11.41330525,       -11.4373781,      -8.372208652
          0,           0,         553,      -13.82876996,      -11.29279625,      -11.43174287,      -8.340333596
          0,           0,         554,      -13.86580458,      -11.39529345,      -11.47880713,      -8.392763624
          0,           0,         555,      -13.85348828,       -11.3599316,      -11.46291492,      -8.373284728
          0,           0,         556,      -13.96017202,      -11.46133416,      -11.59807571,      -8.475595147
          0,           0,         557,      -13.88471603,      -11.33188138,      -11.55678229,      -8.436394627
          0,           0,         558,      -13.76523897,      -11.23047903,      -11.41417669,      -8.336098827
          0,           0,         559,      -13.95848943,      -11.34752169,      -11.58112179,      -8.456801864
          0,           0,         560,      -13.95025841,      -11.46995025,      -11.50657799,       -8.48258373
          0,           0,         561,      -13.83485607,      -11.39679988,      -11.51242672,       -8.43649022
          0,           0,         562,      -13.84304097,      -11.29798664,      -11.43299401,      -8.352516534
          0,           0,         563,      -13.87788447,      -11.29846775,      -11.50061266,      -8.410791707
          0,           0,         564,       -13.7429417,      -11.16052549,      -11.41024817,      -8.247338781
          0,           0,         565,      -13.97868065,      -11.37340119,      -11.58605542,      -8.471422513
          0,           0,         566,      -13.96838752,      -11.41741987,      -11.57960756,      -8.466867758
          0,           0,         567,      -13.89009828,      -11.43986633,      -11.50275711,      -8.432535483
          0,           0,         568,      -13.91578247,      -11.45656263,      -11.50204218,      -8.478229057
          0,           0,         569,      -13.81656304,      -11.18128276,       -11.6174694,      -8.320453802
          0,           0,         570,      -13.68635351,      -11.08068728,      -11.48168882,      -8.225649492
          0,           0,         571,      -13.86306872,       -11.4708878,      -11.37589414,      -8.417591234
          0,           0,         572,      -13.97813674,      -11.42242886,      -11.45183635,       -8.48488396
          0,           0,         573,       -13.8524854,      -11.33612358,      -11.40076563,      -8.388144594
          0,           0,         574,      -13.91892699,      -11.30316548,      -11.54929213,      -8.422471883
          0,           0,         575,      -13.88913103,      -11.28831962,      -11.51190805,      -8.388826594
          0,           0,         576,       -13.8120672,      -11.31461876,      -11.35895772,      -8.320720814
          0,           0,         577,      -13.85615028,      -11.42273086,      -11.44290229,      -8.350112703
          0,           0,         578,      -13.90924769,      -11.44447161,      -11.44650413,      -8.404383403
          0,           0,         579,      -13.87522303,      -11.36875291,      -11.41711893,      -8.361449447
          0,           0,         580,      -13.88311575,       -11.3678217,      -11.49910438,      -8.416377871
          0,           0,         581,      -13.79480529,      -11.32559256,      -11.43954507,      -8.362312376
          0,           0,         582,      -13.80951366,      -11.24787926,      -11.49151596,      -8.372301471
          0,           0,         583,      -13.70239444,      -11.17025477,      -11.29163223,      -8.213508951
          0,           0,         584,      -13.87466254,      -11.28552692,      -11.60387251,      -8.372494743
          0,           0,         585,      -13.93109295,      -11.36995057,      -11.53370404,      -8.417825271
          0,           0,         586,      -13.80793671,      -11.29334678,       -11.4054714,      -8.335473233
          0,           0,         587,      -13.85370131,      -11.31897245,       -11.5812443,      -8.392585656
          0,           0,         588,      -13.93817394,      -11.34447048,      -11.46952451,      -8.441393838
          0,           0,         589,      -13.86810349,      -11.32124866,      -11.41390204,       -8.38953169
          0,           0,         590,      -13.76123227,      -11.37104185,      -11.34326441,      -8.318875899
          0,           0,         591,      -13.86052782,      -11.34287434,      -11.46914969,      -8.366116078
          0,           0,         592,      -13.90695299,      -11.27539477,      -11.54843851,      -8.390711069
          0,           0,         593,      -13.90937433,      -11.48493895,      -11.43737751,      -8.417268987
          0,           0,         594,      -13.94601649,      -11.41931398,      -11.52091472,      -8.458780174
          0,           0,         595,      -13.79666171,      -11.28874127,      -11.43969906,      -8.312901711
          0,           0,         596,      -13.86307108,       -11.3110856,      -11.50342133,       -8.37294281
          0,           0,         597,      -13.69858636,       -11.1879182,       -11.4509832,      -8.254512203
          0,           0,         598,      -13.93675154,      -11.43702255,      -11.37281364,      -8.461976614
          0,           0,         599,      -13.85710844,      -11.43437983,      -11.44924504,      -8.422435178
          0,           0,         600,       -13.8502613,      -11.36299819,      -11.46045926,      -8.394139109
