VARIABLES = \
"Time_Iter","Outer_Iter","Inner_Iter",    "rms[Rho]"    ,    "rms[RhoU]"   ,    "rms[RhoV]"   ,    "rms[RhoE]"   
          0,           0,           0,      -1.584808925,      0.6396640707,       0.927438935,       3.874819278
          0,           0,           1,      -2.059942181,      0.3460833489,      0.5047213349,       3.412113931
          0,           0,           2,      -2.308570356,      0.1404085288,       0.258397891,       3.167600601
          0,           0,           3,      -2.467105869,   -0.006224655861,     0.06876128793,       3.009868494
          0,           0,           4,      -2.622432612,      -0.140241113,     -0.1048998664,         2.8547744
          0,           0,           5,      -2.779143108,     -0.2616835512,     -0.2705403299,       2.697439186
          0,           0,           6,      -2.930134379,      -0.368470382,     -0.4286660462,       2.545948601
          0,           0,           7,       -3.07451711,     -0.4630765707,      -0.585305386,       2.401763057
          0,           0,           8,      -3.216581513,     -0.5456197966,     -0.7378476841,       2.260666657
          0,           0,           9,      -3.356403648,     -0.6212811436,     -0.8829943771,       2.122487816
          0,           0,          10,      -3.491432186,     -0.6931154415,      -1.021234376,       1.989818219
          0,           0,          11,      -3.619429017,     -0.7604277206,      -1.153715065,       1.865013072
          0,           0,          12,      -3.737077797,      -0.821507887,      -1.278739041,       1.751315265
          0,           0,          13,      -3.842050334,     -0.8761231013,      -1.393059697,       1.650848696
          0,           0,          14,      -3.935542246,     -0.9257663903,      -1.496003729,       1.562402923
          0,           0,          15,        -4.0200486,     -0.9718036671,      -1.589638038,       1.483793578
          0,           0,          16,      -4.097180664,      -1.014604336,      -1.674110669,       1.413759679
          0,           0,          17,      -4.167881682,      -1.054329584,      -1.746194774,       1.351136483
          0,           0,          18,      -4.232948467,      -1.091760869,      -1.804153057,       1.294127781
          0,           0,          19,      -4.292840418,      -1.128239018,      -1.851848496,       1.240991977
          0,           0,          20,      -4.347597911,      -1.165073566,      -1.895298644,       1.190782555
          0,           0,          21,      -4.397713783,      -1.203068932,      -1.937749745,       1.142967553
          0,           0,          22,      -4.444667665,      -1.242385629,      -1.979514767,       1.096876028
          0,           0,          23,      -4.490300881,      -1.282659837,      -2.020389953,       1.051753599
          0,           0,          24,      -4.535773069,      -1.323249892,      -2.061073489,       1.007199218
          0,           0,          25,      -4.581272797,      -1.363475479,      -2.102779084,      0.9632945527
          0,           0,          26,      -4.626402529,       -1.40277578,      -2.146345046,      0.9203965556
          0,           0,          27,      -4.670665425,      -1.440767776,      -2.191850809,       0.878878215
          0,           0,          28,       -4.71376948,      -1.477237273,      -2.238796484,      0.8389593503
          0,           0,          29,      -4.755650992,      -1.512094741,      -2.286426169,      0.8006859844
          0,           0,          30,      -4.796329161,      -1.545348141,      -2.333942584,      0.7639918748
          0,           0,          31,      -4.835742727,      -1.577083723,      -2.380576375,      0.7287851467
          0,           0,          32,       -4.87369462,      -1.607455717,      -2.425594734,      0.6949951877
          0,           0,          33,      -4.909923543,      -1.636672906,      -2.468329186,      0.6625679098
          0,           0,          34,      -4.944245435,        -1.6649773,      -2.508247956,      0.6314288542
          0,           0,          35,      -4.976669516,      -1.692616428,      -2.545057292,      0.6014499149
          0,           0,          36,      -5.007427125,      -1.719815241,      -2.578781246,      0.5724412972
          0,           0,          37,      -5.036905839,      -1.746757665,        -2.6097308,      0.5441807642
          0,           0,          38,      -5.065547137,      -1.773576143,      -2.638450692,      0.5164439495
          0,           0,          39,      -5.093755508,      -1.800351439,      -2.665602354,      0.4890291268
          0,           0,          40,      -5.121833961,      -1.827119914,       -2.69183537,      0.4617825557
          0,           0,          41,      -5.149961089,      -1.853884311,      -2.717705522,      0.4346074905
          0,           0,          42,      -5.178202707,      -1.880625725,      -2.743632614,      0.4074607809
          0,           0,          43,      -5.206541476,       -1.90731426,      -2.769890921,      0.3803410168
          0,           0,          44,      -5.234913183,       -1.93391763,      -2.796627619,      0.3532724161
          0,           0,          45,      -5.263233804,      -1.960407082,      -2.823886197,      0.3262919396
          0,           0,          46,      -5.291421918,      -1.986761132,       -2.85163345,      0.2994373537
          0,           0,          47,      -5.319409424,      -2.012967133,      -2.879787604,       0.272740696
          0,           0,          48,      -5.347145692,      -2.039021461,      -2.908240862,      0.2462252178
          0,           0,          49,      -5.374599052,      -2.064928872,      -2.936876312,      0.2199034561
          0,           0,          50,      -5.401756726,      -2.090701237,      -2.965581769,      0.1937764648
          0,           0,          51,      -5.428621687,      -2.116355918,      -2.994258313,      0.1678350575
          0,           0,          52,      -5.455209504,      -2.141914105,      -3.022824764,      0.1420619503
          0,           0,          53,      -5.481546684,      -2.167399043,      -3.051219572,      0.1164329508
          0,           0,          54,      -5.507665077,      -2.192834984,      -3.079404095,     0.09092042003
          0,           0,          55,      -5.533601465,      -2.218245255,      -3.107356986,     0.06549431996
          0,           0,          56,      -5.559393453,      -2.243651957,      -3.135072949,     0.04012422748
          0,           0,          57,      -5.585075726,      -2.269074523,      -3.162559851,     0.01478230615
          0,           0,          58,      -5.610678847,      -2.294529329,      -3.189834981,     -0.0105557119
          0,           0,          59,      -5.636228628,      -2.320029837,       -3.21692012,    -0.03591064412
          0,           0,          60,      -5.661745453,       -2.34558695,      -3.243844005,    -0.06129947388
          0,           0,          61,      -5.687245078,      -2.371209118,      -3.270630686,    -0.08673546871
          0,           0,          62,       -5.71273722,       -2.39690227,      -3.297310827,     -0.1122281795
          0,           0,          63,       -5.73822955,      -2.422670462,      -3.323910285,     -0.1377855131
          0,           0,          64,      -5.763725871,      -2.448516311,      -3.350448951,     -0.1634123244
          0,           0,          65,      -5.789227269,      -2.474441577,      -3.376945352,      -0.189112206
          0,           0,          66,      -5.814733748,       -2.50044709,      -3.403415782,      -0.214887569
          0,           0,          67,      -5.840244378,      -2.526531193,      -3.429872228,     -0.2407390718
          0,           0,          68,      -5.865755214,      -2.552692381,      -3.456326624,     -0.2666659998
          0,           0,          69,      -5.891261874,      -2.578928598,      -3.482789711,     -0.2926670633
          0,           0,          70,      -5.916762299,      -2.605237444,      -3.509267951,     -0.3187421055
          0,           0,          71,      -5.942253099,      -2.631616026,      -3.535768666,     -0.3448900238
          0,           0,          72,      -5.967729453,      -2.658060927,      -3.562298856,     -0.3711088641
          0,           0,          73,      -5.993186019,      -2.684568681,      -3.588863609,     -0.3973962997
          0,           0,          74,      -6.018619509,      -2.711135044,      -3.615465315,     -0.4237502366
          0,           0,          75,      -6.044025622,      -2.737755589,      -3.642108138,     -0.4501680834
          0,           0,          76,      -6.069398401,      -2.764425385,      -3.668795952,     -0.4766460214
          0,           0,          77,      -6.094732673,      -2.791139194,      -3.695530146,     -0.5031801537
          0,           0,          78,      -6.120023489,      -2.817891524,       -3.72231187,     -0.5297665054
          0,           0,          79,      -6.145265473,      -2.844676572,      -3.749141983,     -0.5564005376
          0,           0,          80,      -6.170453967,      -2.871488312,       -3.77602025,     -0.5830778281
          0,           0,          81,       -6.19558432,      -2.898320483,       -3.80294598,     -0.6097935172
          0,           0,          82,      -6.220651798,      -2.925166636,      -3.829917792,     -0.6365423161
          0,           0,          83,      -6.245651941,      -2.952020207,      -3.856933465,      -0.663318626
          0,           0,          84,      -6.270580638,      -2.978874567,      -3.883989992,     -0.6901167625
          0,           0,          85,      -6.295434235,      -3.005723001,       -3.91108432,      -0.716930953
          0,           0,          86,      -6.320209465,      -3.032559008,      -3.938212956,     -0.7437554244
          0,           0,          87,      -6.344903629,      -3.059375853,      -3.965371547,     -0.7705843315
          0,           0,          88,      -6.369514074,      -3.086166948,      -3.992555992,     -0.7974115401
          0,           0,          89,      -6.394038653,      -3.112925881,      -4.019761784,     -0.8242311453
          0,           0,          90,       -6.41847613,       -3.13964634,      -4.046982594,     -0.8510375794
          0,           0,          91,       -6.44282522,      -3.166322516,      -4.074214626,     -0.8778244322
          0,           0,          92,      -6.467085928,      -3.192948787,      -4.101452626,     -0.9045864488
          0,           0,          93,      -6.491257938,      -3.219519826,      -4.128692084,     -0.9313181124
          0,           0,          94,      -6.515343037,      -3.246030691,      -4.155925877,     -0.9580148799
          0,           0,          95,      -6.539341804,      -3.272476766,      -4.183148403,     -0.9846716611
          0,           0,          96,      -6.563255684,      -3.298853753,      -4.210355247,      -1.011283737
          0,           0,          97,      -6.587086839,      -3.325157768,      -4.237541958,      -1.037846784
          0,           0,          98,      -6.610837693,      -3.351385402,      -4.264703694,      -1.064356631
          0,           0,          99,      -6.634511113,      -3.377533606,      -4.291835482,      -1.090809523
          0,           0,         100,      -6.658110311,      -3.403599858,      -4.318932557,      -1.117202012
          0,           0,         101,       -6.68163894,      -3.429582087,      -4.345990366,      -1.143531089
          0,           0,         102,      -6.705100836,      -3.455478802,      -4.373004586,      -1.169794058
          0,           0,         103,      -6.728500246,      -3.481288752,      -4.399971154,      -1.195988674
          0,           0,         104,      -6.751841558,      -3.507011209,      -4.426886195,      -1.222112988
          0,           0,         105,      -6.775129427,      -3.532645864,      -4.453746103,      -1.248165471
          0,           0,         106,      -6.798368608,      -3.558192878,       -4.48054751,      -1.274144919
          0,           0,         107,      -6.821563932,      -3.583652821,      -4.507287273,      -1.300050471
          0,           0,         108,      -6.844720281,      -3.609026656,      -4.533962352,      -1.325881545
          0,           0,         109,       -6.86784261,      -3.634315728,      -4.560570498,      -1.351637971
          0,           0,         110,      -6.890936161,      -3.659521779,      -4.587109177,      -1.377320084
          0,           0,         111,      -6.914005889,      -3.684646864,      -4.613576455,      -1.402928383
          0,           0,         112,      -6.937056847,      -3.709693388,      -4.639970233,      -1.428463723
          0,           0,         113,      -6.960094079,      -3.734664043,      -4.666288989,      -1.453927344
          0,           0,         114,      -6.983122685,      -3.759561803,      -4.692531704,      -1.479320855
          0,           0,         115,      -7.006147902,      -3.784389989,      -4.718697611,      -1.504646317
          0,           0,         116,       -7.02917379,       -3.80915215,      -4.744785722,      -1.529905234
          0,           0,         117,      -7.052205435,      -3.833851693,      -4.770796047,      -1.555100176
          0,           0,         118,      -7.075246959,      -3.858492384,      -4.796728459,      -1.580233338
          0,           0,         119,      -7.098302701,      -3.883078095,      -4.822583225,      -1.605307375
          0,           0,         120,      -7.121376882,      -3.907612833,      -4.848360907,      -1.630325145
          0,           0,         121,        -7.1444736,      -3.932100701,      -4.874062408,      -1.655289689
          0,           0,         122,      -7.167596825,       -3.95654588,      -4.899688388,       -1.68020428
          0,           0,         123,      -7.190750227,      -3.980952578,      -4.925240499,      -1.705072064
          0,           0,         124,       -7.21393735,       -4.00532502,      -4.950721166,      -1.729896358
          0,           0,         125,      -7.237161576,      -4.029667446,      -4.976132254,       -1.75468053
          0,           0,         126,      -7.260426376,      -4.053984147,      -5.001475819,      -1.779428322
          0,           0,         127,      -7.283735018,      -4.078279368,      -5.026753459,      -1.804143706
          0,           0,         128,      -7.307090412,      -4.102557255,       -5.05196759,      -1.828830249
          0,           0,         129,      -7.330495681,      -4.126821955,      -5.077120653,      -1.853492108
          0,           0,         130,      -7.353952865,      -4.151077448,      -5.102217164,      -1.878132343
          0,           0,         131,      -7.377464285,      -4.175327602,      -5.127259225,      -1.902754112
          0,           0,         132,      -7.401032715,      -4.199576346,      -5.152249379,      -1.927361526
          0,           0,         133,      -7.424660329,      -4.223827456,      -5.177191497,      -1.951958201
          0,           0,         134,      -7.448348974,      -4.248084567,      -5.202089416,      -1.976547505
          0,           0,         135,      -7.472100513,      -4.272351212,      -5.226946544,      -2.001132905
          0,           0,         136,      -7.495916782,      -4.296630808,      -5.251766199,      -2.025717908
          0,           0,         137,      -7.519799426,       -4.32092666,      -5.276551734,      -2.050305887
          0,           0,         138,      -7.543750008,      -4.345241948,      -5.301306738,      -2.074900152
          0,           0,         139,      -7.567769898,      -4.369579721,      -5.326034798,      -2.099503855
          0,           0,         140,      -7.591860352,      -4.393942904,      -5.350739518,      -2.124120054
          0,           0,         141,      -7.616022523,      -4.418334298,      -5.375424496,      -2.148751722
          0,           0,         142,       -7.64025747,       -4.44275658,       -5.40009329,      -2.173401742
          0,           0,         143,      -7.664566159,      -4.467212303,      -5.424749423,      -2.198072902
          0,           0,         144,      -7.688949459,        -4.4917039,      -5.449396358,      -2.222767887
          0,           0,         145,      -7.713408158,      -4.516233681,      -5.474037506,      -2.247489285
          0,           0,         146,      -7.737942957,      -4.540803841,      -5.498676209,      -2.272239579
          0,           0,         147,      -7.762554477,      -4.565416459,      -5.523315742,      -2.297021148
          0,           0,         148,      -7.787243267,      -4.590073503,      -5.547959302,      -2.321836268
          0,           0,         149,        -7.8120098,      -4.614776828,      -5.572610011,      -2.346687115
          0,           0,         150,      -7.836854487,      -4.639528189,      -5.597270897,      -2.371575761
          0,           0,         151,      -7.861777674,      -4.664329234,      -5.621944911,      -2.396504185
          0,           0,         152,      -7.886779646,      -4.689181514,      -5.646634898,      -2.421474259
          0,           0,         153,      -7.911860635,      -4.714086483,      -5.671343618,      -2.446487766
          0,           0,         154,      -7.937020817,      -4.739045504,      -5.696073735,      -2.471546399
          0,           0,         155,      -7.962260322,      -4.764059851,      -5.720827805,      -2.496651751
          0,           0,         156,       -7.98757923,      -4.789130713,      -5.745608294,      -2.521805333
          0,           0,         157,      -8.012977578,      -4.814259198,      -5.770417561,      -2.547008566
          0,           0,         158,      -8.038455368,      -4.839446334,      -5.795257874,      -2.572262792
          0,           0,         159,      -8.064012554,      -4.864693077,      -5.820131399,      -2.597569269
          0,           0,         160,      -8.089649062,       -4.89000031,      -5.845040201,      -2.622929181
          0,           0,         161,      -8.115364785,      -4.915368849,      -5.869986254,      -2.648343634
          0,           0,         162,       -8.14115958,      -4.940799444,      -5.894971435,      -2.673813662
          0,           0,         163,      -8.167033281,      -4.966292785,      -5.919997534,      -2.699340234
          0,           0,         164,      -8.192985689,        -4.9918495,      -5.945066232,      -2.724924243
          0,           0,         165,      -8.219016592,      -5.017470166,      -5.970179154,      -2.750566532
          0,           0,         166,      -8.245125744,      -5.043155304,      -5.995337805,      -2.776267871
          0,           0,         167,      -8.271312885,      -5.068905384,      -6.020543633,      -2.802028982
          0,           0,         168,      -8.297577732,       -5.09472083,      -6.045797979,      -2.827850519
          0,           0,         169,      -8.323919985,      -5.120602021,      -6.071102132,      -2.853733096
          0,           0,         170,      -8.350339329,      -5.146549292,      -6.096457292,      -2.879677263
          0,           0,         171,      -8.376835434,      -5.172562938,      -6.121864588,      -2.905683533
          0,           0,         172,      -8.403407955,      -5.198643216,      -6.147325066,      -2.931752364
          0,           0,         173,      -8.430056538,      -5.224790346,      -6.172839721,      -2.957884177
          0,           0,         174,      -8.456780814,      -5.251004514,      -6.198409484,      -2.984079346
          0,           0,         175,      -8.483580396,      -5.277285874,      -6.224035208,      -3.010338202
          0,           0,         176,      -8.510454912,      -5.303634549,      -6.249717693,      -3.036661052
          0,           0,         177,      -8.537403967,      -5.330050635,      -6.275457689,      -3.063048163
          0,           0,         178,      -8.564427147,      -5.356534198,       -6.30125587,       -3.08949975
          0,           0,         179,      -8.591524049,       -5.38308528,      -6.327112888,      -3.116016015
          0,           0,         180,      -8.618694259,        -5.4097039,      -6.353029312,       -3.14259712
          0,           0,         181,      -8.645937352,      -5.436390052,      -6.379005693,      -3.169243203
          0,           0,         182,      -8.673252922,      -5.463143711,      -6.405042508,      -3.195954384
          0,           0,         183,      -8.700640522,       -5.48996483,        -6.4311402,      -3.222730729
          0,           0,         184,      -8.728099744,      -5.516853346,      -6.457299202,      -3.249572315
          0,           0,         185,       -8.75563013,      -5.543809176,      -6.483519837,      -3.276479157
          0,           0,         186,      -8.783231259,       -5.57083222,      -6.509802459,      -3.303451281
          0,           0,         187,       -8.81090271,      -5.597922366,      -6.536147343,      -3.330488689
          0,           0,         188,      -8.838644012,      -5.625079483,      -6.562554769,      -3.357591324
          0,           0,         189,      -8.866454772,      -5.652303433,      -6.589024925,      -3.384759187
          0,           0,         190,      -8.894334514,      -5.679594056,      -6.615558053,      -3.411992173
          0,           0,         191,      -8.922282836,      -5.706951189,      -6.642154275,      -3.439290233
          0,           0,         192,      -8.950299271,      -5.734374655,      -6.668813715,      -3.466653259
          0,           0,         193,      -8.978383413,      -5.761864265,      -6.695536568,      -3.494081155
          0,           0,         194,      -9.006534793,      -5.789419822,      -6.722322798,      -3.521573776
          0,           0,         195,      -9.034753045,      -5.817041125,      -6.749172607,      -3.549131045
          0,           0,         196,      -9.063037671,      -5.844727953,      -6.776085915,      -3.576752753
          0,           0,         197,      -9.091388289,       -5.87248009,      -6.803062822,      -3.604438786
          0,           0,         198,      -9.119804434,      -5.900297303,      -6.830103268,      -3.632188944
          0,           0,         199,       -9.14828574,      -5.928179366,      -6.857207267,       -3.66000311
          0,           0,         200,      -9.176831742,      -5.956126031,      -6.884374771,      -3.687881035
          0,           0,         201,      -9.205442034,      -5.984137057,      -6.911605733,      -3.715822561
          0,           0,         202,       -9.23411622,      -6.012212193,      -6.938900094,      -3.743827486
          0,           0,         203,      -9.262853886,      -6.040351183,      -6.966257796,      -3.771895609
          0,           0,         204,      -9.291654591,      -6.068553768,      -6.993678696,      -3.800026689
          0,           0,         205,      -9.320518021,      -6.096819692,      -7.021162723,      -3.828220553
          0,           0,         206,      -9.349443689,      -6.125148684,      -7.048709744,      -3.856476957
          0,           0,         207,      -9.378431223,      -6.153540476,      -7.076319569,      -3.884795646
          0,           0,         208,      -9.407480231,      -6.181994797,      -7.103992103,       -3.91317638
          0,           0,         209,      -9.436590395,      -6.210511387,      -7.131727356,      -3.941619011
          0,           0,         210,      -9.465761285,      -6.239089961,      -7.159524868,      -3.970123219
          0,           0,         211,      -9.494992456,      -6.267730237,      -7.187384643,      -3.998688749
          0,           0,         212,      -9.524283651,      -6.296431952,       -7.21530662,      -4.027315427
          0,           0,         213,      -9.553634432,      -6.325194826,      -7.243290315,      -4.056002916
          0,           0,         214,      -9.583044442,      -6.354018577,      -7.271335745,      -4.084751023
          0,           0,         215,      -9.612513371,      -6.382902926,      -7.299442776,      -4.113559495
          0,           0,         216,      -9.642040767,      -6.411847597,      -7.327610936,      -4.142428008
          0,           0,         217,      -9.671626371,      -6.440852314,      -7.355840325,      -4.171356394
          0,           0,         218,      -9.701269821,      -6.469916796,      -7.384130594,      -4.200344365
          0,           0,         219,      -9.730970791,      -6.499040768,      -7.412481589,      -4.229391675
          0,           0,         220,      -9.760728814,      -6.528223948,       -7.44089278,      -4.258497951
          0,           0,         221,      -9.790543806,      -6.557466068,      -7.469364411,      -4.287663157
          0,           0,         222,      -9.820415198,      -6.586766844,      -7.497895932,      -4.316886811
          0,           0,         223,      -9.850342836,      -6.616126016,      -7.526487286,      -4.346168795
          0,           0,         224,       -9.88032638,      -6.645543299,       -7.55513839,      -4.375508842
          0,           0,         225,      -9.910365372,       -6.67501842,       -7.58384857,      -4.404906595
          0,           0,         226,       -9.94045955,       -6.70455112,      -7.612617584,      -4.434361743
          0,           0,         227,      -9.970608909,      -6.734141139,      -7.641445704,      -4.463874379
          0,           0,         228,      -10.00081284,      -6.763788209,      -7.670332716,      -4.493443967
          0,           0,         229,      -10.03107108,      -6.793492044,      -7.699277874,      -4.523070206
          0,           0,         230,      -10.06138345,      -6.823252402,      -7.728280714,      -4.552752981
          0,           0,         231,      -10.09174983,       -6.85306905,      -7.757342131,       -4.58249221
          0,           0,         232,      -10.12216928,      -6.882941669,       -7.78646074,      -4.612287012
          0,           0,         233,       -10.1526422,      -6.912870064,      -7.815636761,      -4.642137718
          0,           0,         234,      -10.18316838,         -6.942854,      -7.844870714,      -4.672044262
          0,           0,         235,       -10.2137469,      -6.972893136,      -7.874160892,       -4.70200563
          0,           0,         236,      -10.24437798,      -7.002987303,      -7.903508015,      -4.732022077
          0,           0,         237,      -10.27506149,      -7.033136261,      -7.932911303,      -4.762093468
          0,           0,         238,      -10.30579716,      -7.063339759,      -7.962371259,      -4.792219649
          0,           0,         239,      -10.33658397,      -7.093597529,        -7.9918868,      -4.822399725
          0,           0,         240,      -10.36742252,      -7.123909383,      -8.021458187,      -4.852633904
          0,           0,         241,      -10.39831272,      -7.154275111,      -8.051085432,      -4.882922378
          0,           0,         242,      -10.42925406,      -7.184694467,      -8.080767987,      -4.913264485
          0,           0,         243,      -10.46024599,      -7.215167165,      -8.110505314,      -4.943659594
          0,           0,         244,      -10.49128822,      -7.245693043,      -8.140297301,      -4.974107929
          0,           0,         245,       -10.5223817,      -7.276271945,      -8.170144626,      -5.004609972
          0,           0,         246,      -10.55352436,      -7.306903569,      -8.200045761,      -5.035163937
          0,           0,         247,      -10.58471702,      -7.337587689,      -8.230001204,      -5.065770048
          0,           0,         248,      -10.61596084,      -7.368324254,      -8.260009985,      -5.096429975
          0,           0,         249,      -10.64725354,       -7.39911296,      -8.290074967,       -5.12714151
          0,           0,         250,      -10.67859578,      -7.429953577,      -8.320190211,      -5.157904595
          0,           0,         251,      -10.70998712,       -7.46084601,      -8.350359208,      -5.188719648
          0,           0,         252,      -10.74142832,      -7.491790089,      -8.380583075,      -5.219586915
          0,           0,         253,      -10.77291741,      -7.522785395,      -8.410860256,      -5.250504635
          0,           0,         254,      -10.80445636,      -7.553832066,       -8.44118919,       -5.28147433
          0,           0,         255,      -10.83604301,      -7.584929793,       -8.47156938,      -5.312494579
          0,           0,         256,       -10.8676784,      -7.616078341,      -8.502002749,      -5.343565931
          0,           0,         257,      -10.89936327,      -7.647277675,      -8.532488672,        -5.3746884
          0,           0,         258,      -10.93109645,      -7.678527788,      -8.563028931,      -5.405862381
          0,           0,         259,      -10.96287507,      -7.709827946,      -8.593615654,      -5.437083733
          0,           0,         260,      -10.99470469,      -7.741178617,      -8.624256956,      -5.468358457
          0,           0,         261,      -11.02658041,      -7.772579296,         -8.654948,      -5.499681326
          0,           0,         262,      -11.05850556,      -7.804030138,      -8.685694187,       -5.53105613
          0,           0,         263,      -11.09047637,      -7.835530401,      -8.716485939,      -5.562477465
          0,           0,         264,      -11.12249726,      -7.867081091,      -8.747334137,      -5.593952814
          0,           0,         265,      -11.15456343,      -7.898681039,      -8.778231806,      -5.625475068
          0,           0,         266,       -11.1866765,      -7.930330328,      -8.809176201,      -5.657046148
          0,           0,         267,      -11.21883833,      -7.962029111,      -8.840171477,      -5.688666955
          0,           0,         268,      -11.25104897,       -7.99377722,      -8.871223129,      -5.720338934
          0,           0,         269,      -11.28330273,      -8.025574311,      -8.902315183,      -5.752057311
          0,           0,         270,      -11.31560824,       -8.05742113,      -8.933468424,      -5.783829755
          0,           0,         271,      -11.34795559,      -8.089315961,      -8.964662906,      -5.815644019
          0,           0,         272,      -11.38035288,      -8.121260505,      -8.995913502,      -5.847511361
          0,           0,         273,      -11.41279678,       -8.15325323,      -9.027207805,      -5.879426081
          0,           0,         274,      -11.44528562,      -8.185295033,      -9.058551683,      -5.911389192
          0,           0,         275,      -11.47782444,       -8.21738563,      -9.089946629,      -5.943402689
          0,           0,         276,      -11.51040828,      -8.249524484,      -9.121393938,       -5.97546232
          0,           0,         277,      -11.54304422,      -8.281712796,      -9.152886517,      -6.007575606
          0,           0,         278,      -11.57571899,      -8.313948427,      -9.184427418,      -6.039729603
          0,           0,         279,      -11.60844199,      -8.346232848,      -9.216017764,      -6.071932858
          0,           0,         280,      -11.64121714,      -8.378566309,      -9.247658299,      -6.104189624
          0,           0,         281,      -11.67403609,      -8.410948552,       -9.27934534,      -6.136495512
          0,           0,         282,      -11.70690264,      -8.443378305,      -9.311076555,      -6.168846659
          0,           0,         283,      -11.73980757,      -8.475855674,      -9.342871003,      -6.201239693
          0,           0,         284,      -11.77276981,      -8.508383589,      -9.374713295,      -6.233695978
          0,           0,         285,       -11.8057721,      -8.540957897,      -9.406599091,      -6.266184722
          0,           0,         286,      -11.83882904,      -8.573580969,      -9.438515757,      -6.298730127
          0,           0,         287,      -11.87193143,      -8.606253326,      -9.470489858,      -6.331322082
          0,           0,         288,      -11.90508476,      -8.638974684,       -9.50252837,      -6.363970416
          0,           0,         289,      -11.93826944,      -8.671742125,      -9.534594405,      -6.396647976
          0,           0,         290,      -11.97151128,      -8.704559243,       -9.56672983,      -6.429387033
          0,           0,         291,      -12.00480916,      -8.737425329,      -9.598914008,       -6.46217445
          0,           0,         292,      -12.03813497,      -8.770337681,      -9.631088377,      -6.494998251
          0,           0,         293,      -12.07151217,      -8.803299876,      -9.663373261,      -6.527867211
          0,           0,         294,      -12.10493749,      -8.836311751,      -9.695708191,      -6.560796032
          0,           0,         295,      -12.13843413,      -8.869372683,      -9.728069768,      -6.593782245
          0,           0,         296,      -12.17196138,      -8.902483552,      -9.760482275,      -6.626819945
          0,           0,         297,      -12.20551889,      -8.935636516,       -9.79292654,       -6.65986334
          0,           0,         298,       -12.2391471,      -8.968844797,      -9.825421634,      -6.692994711
          0,           0,         299,      -12.27284098,      -9.002102217,      -9.857976913,      -6.726183773
          0,           0,         300,      -12.30654137,      -9.035408216,      -9.890602466,      -6.759397744
          0,           0,         301,       -12.3403167,      -9.068761256,      -9.923235094,      -6.792655406
          0,           0,         302,      -12.37413068,      -9.102163886,      -9.955930672,      -6.825992236
          0,           0,         303,      -12.40796597,      -9.135614327,      -9.988652552,      -6.859330141
          0,           0,         304,      -12.44191388,      -9.169122065,      -10.02146457,      -6.892780869
          0,           0,         305,       -12.4758752,      -9.202674635,      -10.05430453,      -6.926220658
          0,           0,         306,       -12.5098746,      -9.236278939,      -10.08724157,      -6.959738949
          0,           0,         307,      -12.54396806,      -9.269931278,      -10.12019618,      -6.993322053
          0,           0,         308,      -12.57804345,      -9.303635887,      -10.15312739,      -7.026889105
          0,           0,         309,      -12.61219916,      -9.337382333,      -10.18616856,      -7.060539841
          0,           0,         310,      -12.64641307,      -9.371188568,       -10.2192764,       -7.09426795
          0,           0,         311,      -12.68067365,      -9.405048207,      -10.25238176,       -7.12805149
          0,           0,         312,      -12.71498503,      -9.438949788,      -10.28562076,      -7.161824886
          0,           0,         313,      -12.74932754,      -9.472902939,      -10.31867947,      -7.195660671
          0,           0,         314,      -12.78379814,      -9.506924034,      -10.35209002,      -7.229650747
          0,           0,         315,      -12.81825591,      -9.540987352,      -10.38533628,      -7.263642572
          0,           0,         316,      -12.85271583,      -9.575088736,      -10.41879892,      -7.297550365
          0,           0,         317,      -12.88726337,      -9.609262847,      -10.45217502,      -7.331694758
          0,           0,         318,      -12.92193039,      -9.643476692,      -10.48572956,      -7.365799767
          0,           0,         319,      -12.95654318,      -9.677736367,      -10.51906336,      -7.399941073
          0,           0,         320,      -12.99128688,      -9.712060508,       -10.5526559,      -7.434089915
          0,           0,         321,      -13.02602092,      -9.746447288,      -10.58630943,      -7.468367625
          0,           0,         322,      -13.06087362,      -9.780886068,      -10.62002765,      -7.502744553
          0,           0,         323,      -13.09578746,      -9.815348532,      -10.65354138,      -7.537020451
          0,           0,         324,      -13.13066926,      -9.849909914,      -10.68740896,      -7.571553194
          0,           0,         325,      -13.16557867,      -9.884486451,      -10.72119743,       -7.60590935
          0,           0,         326,      -13.20080378,      -9.919157992,      -10.75490925,       -7.64061239
          0,           0,         327,       -13.2357651,       -9.95386031,      -10.78866302,      -7.675114013
          0,           0,         328,       -13.2708491,      -9.988599655,      -10.82287057,      -7.709595653
          0,           0,         329,      -13.30604405,      -10.02342328,      -10.85690916,      -7.744363299
          0,           0,         330,      -13.34097892,      -10.05823944,      -10.89072942,      -7.778634178
          0,           0,         331,      -13.37610135,      -10.09322166,      -10.92485001,      -7.813556204
          0,           0,         332,      -13.41173907,      -10.12819552,      -10.95865193,      -7.848453921
          0,           0,         333,      -13.44708409,      -10.16328215,      -10.99318841,      -7.883497031
          0,           0,         334,      -13.48241371,      -10.19830294,      -11.02698322,      -7.918018098
          0,           0,         335,      -13.51783744,      -10.23351066,      -11.06125651,      -7.953343535
          0,           0,         336,      -13.55303607,      -10.26869698,      -11.09562798,       -7.98788505
          0,           0,         337,       -13.5884675,      -10.30395664,      -11.12971752,      -8.023193995
          0,           0,         338,      -13.62412795,      -10.33925454,      -11.16352507,      -8.057662562
          0,           0,         339,      -13.65985108,       -10.3747207,      -11.19816805,       -8.09319619
          0,           0,         340,      -13.69453253,      -10.41013707,      -11.23233261,      -8.128002537
          0,           0,         341,      -13.72937885,      -10.44556822,      -11.26631457,      -8.162551689
          0,           0,         342,      -13.76514346,      -10.48115607,      -11.30096539,      -8.197969892
          0,           0,         343,      -13.80078778,       -10.5166961,      -11.33486235,      -8.232410815
          0,           0,         344,      -13.83666957,      -10.55238444,      -11.36917235,      -8.267642085
          0,           0,         345,      -13.87192081,      -10.58818566,      -11.40203986,      -8.303199461
          0,           0,         346,       -13.9064142,      -10.62394152,       -11.4368643,      -8.337670492
          0,           0,         347,      -13.94050031,      -10.65974139,       -11.4692695,      -8.371706561
          0,           0,         348,      -13.97510919,      -10.69558385,      -11.50477949,      -8.406038015
          0,           0,         349,      -14.00867626,      -10.73163934,      -11.53709853,      -8.440793119
          0,           0,         350,      -14.04471674,      -10.76785215,      -11.57146867,      -8.477674612
          0,           0,         351,      -14.07780268,      -10.80365251,      -11.60412935,      -8.508758853
          0,           0,         352,      -14.11115541,      -10.83953388,        -11.635024,      -8.542924028
          0,           0,         353,      -14.14494689,      -10.87594565,      -11.66992908,      -8.578804868
          0,           0,         354,      -14.17802189,      -10.91198079,      -11.70224338,      -8.610905239
          0,           0,         355,      -14.20552802,      -10.94812169,      -11.73227376,      -8.640612074
          0,           0,         356,      -14.23999145,      -10.98434894,      -11.76304703,      -8.674930492
          0,           0,         357,      -14.26960014,       -11.0204237,      -11.79457373,      -8.705063119
          0,           0,         358,      -14.29610451,      -11.05652069,       -11.8223614,      -8.734815191
          0,           0,         359,       -14.3253582,      -11.09303299,      -11.84830965,      -8.765775516
          0,           0,         360,      -14.35397004,      -11.12981647,      -11.87824392,       -8.79916235
          0,           0,         361,      -14.37750462,      -11.16554161,      -11.90066761,      -8.820402864
          0,           0,         362,      -14.40077679,      -11.20133318,      -11.93153711,      -8.849953824
          0,           0,         363,      -14.43252746,      -11.23889389,       -11.9578742,      -8.882574703
          0,           0,         364,      -14.44567447,      -11.27471968,      -11.97299329,        -8.9030607
          0,           0,         365,      -14.46565771,      -11.31002986,       -11.9911248,      -8.923277572
          0,           0,         366,      -14.48060472,      -11.34569123,      -12.02382372,      -8.937361922
          0,           0,         367,      -14.50485553,      -11.38230516,      -12.04343369,      -8.971790076
          0,           0,         368,      -14.52593632,      -11.41770064,      -12.05710853,      -8.991354445
          0,           0,         369,      -14.52912564,      -11.45220599,      -12.06784477,      -8.999904191
          0,           0,         370,      -14.54265607,      -11.48807527,      -12.08305038,      -9.018262996
          0,           0,         371,        -14.546696,      -11.52340201,      -12.09498858,      -9.033149198
          0,           0,         372,      -14.57300307,      -11.55714857,      -12.11860935,      -9.052129902
          0,           0,         373,      -14.56723366,       -11.5903191,      -12.13168593,      -9.056877733
          0,           0,         374,      -14.59138014,      -11.62531221,      -12.13608416,      -9.079388092
          0,           0,         375,      -14.58597753,      -11.65646427,      -12.13583659,      -9.076787381
          0,           0,         376,      -14.59655274,      -11.68867411,      -12.14571559,      -9.091304821
          0,           0,         377,      -14.60278519,      -11.71883213,      -12.16017757,      -9.096126047
          0,           0,         378,      -14.59761306,       -11.7483599,       -12.1513286,      -9.098336151
          0,           0,         379,      -14.59802588,      -11.77673381,      -12.15965864,      -9.101406243
          0,           0,         380,      -14.62455638,      -11.80771161,      -12.17107827,      -9.116123862
          0,           0,         381,      -14.62216452,      -11.83345974,      -12.17343029,      -9.115049745
          0,           0,         382,      -14.63002639,       -11.8621771,      -12.18231198,      -9.135659059
          0,           0,         383,      -14.62739324,      -11.88249416,      -12.18885752,      -9.123459158
          0,           0,         384,      -14.61080704,      -11.89791845,      -12.16191371,      -9.105459329
          0,           0,         385,      -14.62227059,      -11.92298029,      -12.17238609,      -9.129939708
          0,           0,         386,      -14.63007162,      -11.95016136,      -12.18265227,      -9.140746267
          0,           0,         387,      -14.61935074,      -11.95878695,      -12.19124396,      -9.124393914
          0,           0,         388,      -14.62874485,      -11.97396156,      -12.18585858,      -9.126500142
          0,           0,         389,      -14.62348332,        -11.977513,      -12.19364075,      -9.127367999
          0,           0,         390,       -14.6149673,      -11.98612028,      -12.19205931,      -9.120241421
          0,           0,         391,      -14.62944218,       -12.0176661,      -12.17882845,      -9.138464535
          0,           0,         392,      -14.62762593,      -12.02707105,      -12.20475316,      -9.140941662
          0,           0,         393,      -14.63717965,      -12.02744886,      -12.18084764,      -9.137615364
          0,           0,         394,      -14.61318837,      -12.00724695,      -12.18031506,      -9.116117511
          0,           0,         395,      -14.62468585,       -12.0458008,      -12.18031881,      -9.129214549
          0,           0,         396,      -14.62732626,      -12.04625357,      -12.18386042,      -9.136843131
          0,           0,         397,      -14.63424155,      -12.03997187,      -12.18556128,      -9.132790707
          0,           0,         398,      -14.61566822,      -12.06255948,         -12.18668,      -9.128508484
          0,           0,         399,      -14.63308299,      -12.06516801,      -12.19338083,      -9.134984591
          0,           0,         400,      -14.63501176,      -12.05351699,      -12.20349959,      -9.140589718
          0,           0,         401,      -14.64600511,      -12.07905793,      -12.18823706,      -9.146278555
          0,           0,         402,      -14.61990395,      -12.06383454,      -12.17950223,      -9.125940662
          0,           0,         403,      -14.63622739,      -12.07009546,      -12.18819085,      -9.144312465
          0,           0,         404,      -14.62641806,      -12.06500607,      -12.20517045,      -9.137446039
          0,           0,         405,      -14.63907493,      -12.08720978,      -12.19775766,      -9.142411081
          0,           0,         406,      -14.62569918,      -12.08197932,      -12.19841057,       -9.13795502
          0,           0,         407,      -14.63206953,      -12.07552588,      -12.18920587,      -9.140918792
          0,           0,         408,      -14.63582307,      -12.07448775,       -12.1898831,      -9.145856703
          0,           0,         409,      -14.61906992,      -12.07347042,      -12.17830818,      -9.138032694
          0,           0,         410,      -14.62067613,      -12.08487633,      -12.18597005,       -9.13619608
          0,           0,         411,      -14.62525618,      -12.06877437,      -12.19893282,      -9.129576123
          0,           0,         412,       -14.6398835,      -12.09053506,      -12.19849392,      -9.147954458
          0,           0,         413,      -14.63056746,      -12.07669716,      -12.18956764,      -9.133555966
          0,           0,         414,      -14.63390847,      -12.07479342,      -12.20063297,      -9.139912869
          0,           0,         415,      -14.63846332,      -12.07656561,       -12.1941043,      -9.142433249
          0,           0,         416,      -14.62892593,      -12.07314069,      -12.18143902,      -9.129796409
          0,           0,         417,      -14.62243033,      -12.06217985,      -12.18904873,      -9.121462185
          0,           0,         418,      -14.64279733,      -12.08217172,      -12.21016051,      -9.144958393
          0,           0,         419,      -14.59462778,      -12.04167106,      -12.18046296,      -9.102173678
          0,           0,         420,      -14.61996725,      -12.07080971,      -12.19146455,      -9.121839142
          0,           0,         421,      -14.64374935,      -12.08411027,      -12.20155917,      -9.142183045
          0,           0,         422,      -14.62884024,      -12.07489128,      -12.19547599,      -9.135553033
          0,           0,         423,      -14.64896025,      -12.09067463,      -12.19179921,      -9.149478889
          0,           0,         424,      -14.61990544,      -12.06047164,      -12.18991257,      -9.127386303
          0,           0,         425,      -14.63135596,      -12.08499058,      -12.19750906,      -9.142197231
          0,           0,         426,      -14.62726926,      -12.08972177,      -12.18667038,      -9.136053927
          0,           0,         427,      -14.60278681,      -12.05100841,      -12.18364701,      -9.111087707
          0,           0,         428,      -14.63212451,      -12.07865248,      -12.19800989,      -9.143430914
          0,           0,         429,      -14.61829695,      -12.07359224,      -12.17897645,      -9.134389944
          0,           0,         430,      -14.60929039,      -12.03891856,      -12.19124262,       -9.11452319
          0,           0,         431,      -14.62971511,      -12.08415639,      -12.20310904,      -9.137307848
          0,           0,         432,        -14.625362,      -12.07440878,      -12.18761355,      -9.136876436
          0,           0,         433,      -14.63671702,       -12.0818889,      -12.18997105,      -9.139593046
          0,           0,         434,      -14.63057713,       -12.0927993,      -12.20975486,      -9.142854461
          0,           0,         435,      -14.63653379,      -12.09014458,      -12.18746551,      -9.144744042
          0,           0,         436,      -14.63375355,      -12.09094522,      -12.19884239,      -9.143266751
          0,           0,         437,      -14.64118242,      -12.08509464,      -12.19762067,      -9.145409354
          0,           0,         438,       -14.6077707,      -12.07643459,       -12.1672095,      -9.119087202
          0,           0,         439,       -14.6247052,      -12.07231335,      -12.18461143,       -9.12941649
          0,           0,         440,      -14.63520603,      -12.09254845,      -12.19925276,      -9.147374828
          0,           0,         441,      -14.60707559,      -12.05626969,      -12.18571098,      -9.110104687
          0,           0,         442,      -14.63788873,      -12.08560866,      -12.18910609,      -9.142624266
          0,           0,         443,      -14.64197438,      -12.09900051,      -12.19973344,      -9.154166099
          0,           0,         444,      -14.63129057,      -12.07726567,      -12.19832933,      -9.139000736
          0,           0,         445,      -14.63464977,      -12.07313773,      -12.19097497,      -9.136125158
          0,           0,         446,      -14.63172921,      -12.08428562,      -12.17838884,      -9.140821794
          0,           0,         447,      -14.62222938,      -12.06795226,      -12.18033802,      -9.126783874
          0,           0,         448,      -14.62054507,      -12.07518796,      -12.19348724,      -9.130990774
          0,           0,         449,      -14.63828965,      -12.08591085,      -12.19693998,      -9.150778625
          0,           0,         450,      -14.61902701,      -12.06969903,      -12.17723456,      -9.123332305
          0,           0,         451,      -14.62482101,      -12.08002814,      -12.20681938,      -9.142515919
          0,           0,         452,      -14.63078381,      -12.07380852,      -12.19628788,      -9.137679728
          0,           0,         453,      -14.62640773,      -12.06391679,      -12.19909674,      -9.134715384
          0,           0,         454,      -14.63212852,      -12.08487458,      -12.20028064,       -9.14171174
          0,           0,         455,      -14.62555763,       -12.0789691,      -12.20427399,      -9.125686857
          0,           0,         456,      -14.61231247,       -12.0717514,      -12.17604993,      -9.123416083
          0,           0,         457,      -14.62982888,      -12.07326435,      -12.19914383,      -9.132046855
          0,           0,         458,      -14.62836767,      -12.08158297,      -12.19077307,      -9.137658467
          0,           0,         459,      -14.63419097,      -12.08161336,      -12.19946919,      -9.140301881
          0,           0,         460,      -14.63299144,      -12.09244888,      -12.18850445,      -9.139417665
          0,           0,         461,      -14.62617576,      -12.06192737,      -12.18637637,       -9.12370978
          0,           0,         462,      -14.63045291,      -12.08597677,      -12.20063167,       -9.14325764
          0,           0,         463,      -14.64191835,      -12.08833496,      -12.21152048,      -9.138094419
          0,           0,         464,      -14.62510028,      -12.07233099,      -12.20277738,      -9.123173765
          0,           0,         465,      -14.62564119,      -12.07768777,       -12.2012155,      -9.135299645
          0,           0,         466,      -14.63599921,      -12.08284685,      -12.19911409,      -9.139217795
          0,           0,         467,      -14.62942874,      -12.06906934,      -12.18602119,      -9.128126645
          0,           0,         468,      -14.62785755,       -12.0800288,      -12.18618795,      -9.136327428
          0,           0,         469,      -14.63902738,      -12.10404343,      -12.19320056,      -9.152413504
          0,           0,         470,      -14.63480067,      -12.08044394,      -12.17914992,      -9.137257415
          0,           0,         471,      -14.63569376,      -12.08704469,      -12.20549827,      -9.143357274
          0,           0,         472,      -14.61010587,      -12.06276063,      -12.17711634,      -9.118602633
          0,           0,         473,      -14.62697958,      -12.07655377,      -12.19268136,      -9.138687855
          0,           0,         474,      -14.62143261,        -12.064026,      -12.19631223,      -9.129106804
          0,           0,         475,      -14.62750313,      -12.05674825,      -12.18321518,      -9.126072931
          0,           0,         476,        -14.625023,      -12.08279299,       -12.1904948,      -9.140054571
          0,           0,         477,       -14.6264745,      -12.07289176,      -12.19860105,      -9.126186729
          0,           0,         478,      -14.62345617,      -12.07516003,      -12.19624059,       -9.13012327
          0,           0,         479,      -14.62742088,      -12.07841604,      -12.19179467,      -9.136024212
          0,           0,         480,      -14.63189394,      -12.07498087,      -12.19377551,      -9.138056989
          0,           0,         481,      -14.63388393,      -12.09119098,      -12.18529518,      -9.136217309
          0,           0,         482,      -14.61071687,      -12.06550539,      -12.19626723,      -9.124461378
          0,           0,         483,      -14.63694531,      -12.08601007,      -12.20619036,      -9.144140461
          0,           0,         484,      -14.63121002,      -12.09038501,      -12.20680682,      -9.143913348
          0,           0,         485,      -14.63486377,      -12.08095907,      -12.20270929,      -9.149932991
          0,           0,         486,      -14.63405787,      -12.08348815,      -12.20258955,      -9.137668663
          0,           0,         487,      -14.64363584,      -12.10102827,      -12.20763825,      -9.154935129
          0,           0,         488,      -14.62376989,      -12.07726585,      -12.19445854,      -9.136514147
          0,           0,         489,      -14.61127144,      -12.07262866,      -12.17630569,      -9.125890149
          0,           0,         490,      -14.62914374,      -12.08276158,      -12.19118464,      -9.136176637
          0,           0,         491,      -14.62973594,      -12.07949896,      -12.18813607,      -9.143416963
          0,           0,         492,      -14.63203457,      -12.08074639,       -12.1887413,      -9.135794624
          0,           0,         493,      -14.62919045,      -12.07977808,      -12.19202741,      -9.139109994
          0,           0,         494,      -14.62418552,       -12.0629361,      -12.19144363,      -9.129757682
          0,           0,         495,      -14.62163582,      -12.07081416,      -12.19271113,      -9.127211887
          0,           0,         496,      -14.61648284,      -12.08068244,      -12.18794564,      -9.125701022
          0,           0,         497,      -14.60987234,      -12.06065329,      -12.18149465,      -9.112661083
          0,           0,         498,      -14.62278881,      -12.07434583,       -12.1916587,      -9.142046059
          0,           0,         499,      -14.62924461,      -12.06874945,      -12.18726625,      -9.140091116
          0,           0,         500,      -14.62537217,       -12.0729448,      -12.18416266,      -9.129467521
          0,           0,         501,      -14.63128273,      -12.08393083,      -12.19731989,      -9.140078624
          0,           0,         502,      -14.63354845,      -12.08980286,      -12.19213172,      -9.141946309
          0,           0,         503,      -14.62969033,       -12.0830472,      -12.20064264,      -9.136473878
          0,           0,         504,      -14.63799255,      -12.08337146,      -12.18372329,      -9.140617523
          0,           0,         505,      -14.63203705,       -12.0851289,      -12.20317643,      -9.141732656
          0,           0,         506,      -14.63064087,      -12.07534205,      -12.19303525,      -9.133919906
          0,           0,         507,      -14.63237973,      -12.07993734,      -12.19798803,      -9.140504791
          0,           0,         508,      -14.64751789,      -12.09238326,      -12.20197692,       -9.15688006
          0,           0,         509,      -14.61883514,      -12.06865026,      -12.18773094,      -9.139938811
          0,           0,         510,      -14.63568206,      -12.09232396,      -12.19038692,      -9.146256706
          0,           0,         511,      -14.62689389,      -12.07383006,       -12.2015559,      -9.136779121
          0,           0,         512,      -14.61463147,      -12.06309465,      -12.18845672,      -9.113747028
          0,           0,         513,       -14.6396232,      -12.08792325,      -12.18467025,      -9.144702364
          0,           0,         514,      -14.60419813,       -12.0734797,      -12.16826582,      -9.113649346
          0,           0,         515,      -14.62593255,      -12.08523252,      -12.19430624,      -9.137178697
          0,           0,         516,      -14.62546814,      -12.09240592,      -12.19700074,      -9.144482372
          0,           0,         517,      -14.62772964,      -12.08153833,      -12.18291891,       -9.13361461
          0,           0,         518,      -14.62893721,       -12.0835132,      -12.18596334,      -9.135239615
          0,           0,         519,      -14.60843312,       -12.0609076,      -12.18521772,      -9.114223367
          0,           0,         520,      -14.61857265,      -12.08265684,      -12.19751978,      -9.126513427
          0,           0,         521,      -14.61828757,      -12.05687343,      -12.18634579,      -9.120030972
          0,           0,         522,      -14.63378024,      -12.07748067,      -12.20328228,      -9.136982496
          0,           0,         523,      -14.64548674,      -12.09741916,      -12.18835563,      -9.152468441
          0,           0,         524,      -14.61402613,      -12.07615051,      -12.20288794,      -9.124145084
          0,           0,         525,      -14.62991276,      -12.07861676,      -12.19720069,      -9.134483433
          0,           0,         526,      -14.63312104,      -12.09301694,      -12.19061263,      -9.149963346
          0,           0,         527,      -14.63615415,      -12.07541588,      -12.19097516,      -9.141130282
          0,           0,         528,        -14.620414,      -12.08177406,      -12.17716322,      -9.125884596
          0,           0,         529,      -14.62802104,      -12.07168193,      -12.20166124,      -9.139551967
          0,           0,         530,      -14.63183789,      -12.07005611,      -12.19150829,      -9.139375974
          0,           0,         531,      -14.63332919,      -12.08506286,      -12.19755583,      -9.145644964
          0,           0,         532,      -14.62148834,      -12.07767254,      -12.17003257,      -9.127350484
          0,           0,         533,      -14.61952832,      -12.07671962,      -12.19966118,      -9.139036345
          0,           0,         534,       -14.6145514,      -12.05566645,       -12.2020117,      -9.129621226
          0,           0,         535,      -14.62322822,      -12.05766305,      -12.19988897,      -9.125287645
          0,           0,         536,      -14.63976735,      -12.09047819,      -12.20157469,      -9.143339139
          0,           0,         537,      -14.64009186,      -12.08456249,       -12.1982026,      -9.146693859
          0,           0,         538,      -14.62587621,      -12.07489691,      -12.20282456,      -9.133466742
          0,           0,         539,      -14.61410324,      -12.06561985,      -12.19060047,      -9.125542944
          0,           0,         540,      -14.64269407,      -12.09704562,      -12.18775052,      -9.148721068
          0,           0,         541,      -14.62750693,      -12.09405739,      -12.18773439,      -9.142250478
          0,           0,         542,      -14.61936956,      -12.07567749,      -12.18804646,      -9.136469585
          0,           0,         543,      -14.63104224,      -12.07505861,      -12.19641555,      -9.127307381
          0,           0,         544,      -14.63554604,      -12.08730354,      -12.19279844,      -9.147554038
          0,           0,         545,      -14.61019833,      -12.06823286,      -12.17726308,       -9.12066937
          0,           0,         546,      -14.61565629,      -12.06116543,      -12.17943357,      -9.130332594
          0,           0,         547,      -14.63192428,      -12.06805833,      -12.18309118,      -9.133023579
          0,           0,         548,      -14.62198898,      -12.07177813,      -12.19548896,      -9.131453673
          0,           0,         549,      -14.62051672,      -12.06060767,      -12.20049395,      -9.129316224
          0,           0,         550,      -14.63096504,      -12.08725771,      -12.20555787,      -9.148647352
          0,           0,         551,      -14.62476688,      -12.07109391,      -12.19489069,      -9.134718399
          0,           0,         552,      -14.63397364,      -12.06331702,      -12.19786107,      -9.130811936
          0,           0,         553,      -14.63907968,      -12.07771133,      -12.19719131,       -9.14402859
          0,           0,         554,      -14.62690635,      -12.08052532,       -12.1901982,      -9.133650012
          0,           0,         555,      -14.60463254,      -12.05546051,      -12.17463433,      -9.115267864
          0,           0,         556,      -14.63746241,      -12.07935486,      -12.19209143,      -9.137138455
          0,           0,         557,      -14.62810054,      -12.08357671,      -12.19750736,      -9.145331398
          0,           0,         558,      -14.62374071,      -12.07019059,      -12.18492137,      -9.121980811
          0,           0,         559,      -14.62581854,      -12.07361137,       -12.2059755,      -9.137210337
          0,           0,         560,      -14.63415035,      -12.07407148,      -12.20893346,      -9.134363233
          0,           0,         561,      -14.63821248,      -12.08923477,      -12.18258787,      -9.143872944
          0,           0,         562,      -14.63582503,       -12.0827837,      -12.18698312,      -9.139396692
          0,           0,         563,      -14.62479773,       -12.0725182,      -12.18857626,      -9.139155975
          0,           0,         564,      -14.62015367,      -12.08247672,      -12.18589099,      -9.127676552
          0,           0,         565,      -14.64729766,      -12.09808466,      -12.20271648,      -9.150930366
          0,           0,         566,      -14.62747185,         -12.07494,      -12.20773288,      -9.140118429
          0,           0,         567,      -14.62955449,      -12.08133875,      -12.17893684,      -9.145767005
          0,           0,         568,      -14.60668137,      -12.07011663,      -12.17607849,       -9.12195519
          0,           0,         569,      -14.63005207,      -12.07181134,      -12.19079572,       -9.14090689
          0,           0,         570,      -14.62173023,      -12.06719497,      -12.18116011,      -9.133920331
          0,           0,         571,      -14.61025052,      -12.05628746,      -12.18553637,      -9.123090312
          0,           0,         572,      -14.62926092,      -12.07992444,       -12.1796128,      -9.133896656
          0,           0,         573,      -14.63751798,      -12.08230184,      -12.19933588,      -9.142424877
          0,           0,         574,      -14.64761735,      -12.07762339,      -12.20664564,      -9.143225204
          0,           0,         575,      -14.62876694,      -12.06385509,      -12.20703303,      -9.135337232
          0,           0,         576,       -14.6368019,      -12.08186275,      -12.19766579,      -9.141076761
          0,           0,         577,      -14.61681064,      -12.08763462,      -12.18850589,      -9.133397724
          0,           0,         578,      -14.63219869,      -12.07593472,      -12.16845981,      -9.135222439
          0,           0,         579,      -14.62266028,      -12.06359762,      -12.17903459,      -9.124550836
          0,           0,         580,       -14.6319148,      -12.08561523,      -12.20084019,      -9.134252692
          0,           0,         581,      -14.61336817,      -12.05168059,       -12.1867112,       -9.12023371
          0,           0,         582,      -14.63602006,      -12.08240055,      -12.19383184,      -9.138983891
          0,           0,         583,       -14.6301196,      -12.06154249,      -12.20035371,      -9.121016219
          0,           0,         584,      -14.62689337,      -12.06331943,       -12.1939275,      -9.125504187
          0,           0,         585,      -14.62205842,      -12.06097369,      -12.18995219,        -9.1324814
          0,           0,         586,      -14.61752495,      -12.07188837,      -12.19238564,      -9.124893516
          0,           0,         587,      -14.63403885,      -12.09181061,      -12.18636423,      -9.140356264
          0,           0,         588,      -14.63462743,      -12.08098442,      -12.19690635,      -9.140743182
          0,           0,         589,      -14.62822526,      -12.08071613,       -12.1893375,      -9.138596141
          0,           0,         590,      -14.62840273,      -12.07532662,      -12.19160388,      -9.137024335
          0,           0,         591,       -14.6251732,      -12.06868083,      -12.20483024,      -9.134741222
          0,           0,         592,      -14.62355102,      -12.05655004,      -12.18247874,      -9.116995268
          0,           0,         593,      -14.62839348,      -12.09016194,      -12.19390792,      -9.139478769
          0,           0,         594,      -14.63557641,      -12.08374306,      -12.21143013,      -9.142795156
          0,           0,         595,      -14.63143311,      -12.07348559,      -12.19664757,      -9.134553914
          0,           0,         596,       -14.6267251,      -12.07502298,      -12.18430828,      -9.133935967
          0,           0,         597,      -14.62523064,      -12.07945445,      -12.19074107,      -9.135519552
          0,           0,         598,      -14.63501772,      -12.08093699,      -12.19280402,      -9.136688741
          0,           0,         599,      -14.62080939,      -12.06581277,      -12.19366231,       -9.12582188
          0,           0,         600,        -14.612526,      -12.06322276,      -12.19110483,      -9.126422191
