VARIABLES = \
"Time_Iter","Outer_Iter","Inner_Iter",    "rms[Rho]"    ,    "rms[RhoU]"   ,    "rms[RhoV]"   ,    "rms[RhoE]"   
          0,           0,           0,      -1.425408099,      0.8294676243,       1.077224037,       4.034220104
          0,           0,           1,      -1.909673895,      0.4667349901,      0.6373778936,       3.565517537
          0,           0,           2,      -2.152343359,      0.2545389934,      0.4028983872,       3.328079195
          0,           0,           3,       -2.32411512,      0.1049351505,      0.2069189279,       3.157245494
          0,           0,           4,      -2.480628601,    -0.03200305519,     0.02799758999,       3.000272441
          0,           0,           5,      -2.637434838,     -0.1619319616,     -0.1400576728,        2.84234343
          0,           0,           6,      -2.789307399,     -0.2804839116,     -0.3001508638,       2.689017063
          0,           0,           7,      -2.937777013,     -0.3908566498,     -0.4567599466,       2.539437478
          0,           0,           8,      -3.085947301,     -0.4910142672,     -0.6086411382,       2.390616858
          0,           0,           9,      -3.232756778,     -0.5803914556,     -0.7552378713,       2.243503315
          0,           0,          10,      -3.375181192,     -0.6605541245,     -0.8983756274,       2.100946327
          0,           0,          11,      -3.509514905,     -0.7321765284,      -1.037908472,       1.966397508
          0,           0,          12,      -3.632674349,     -0.7948450198,      -1.170489323,       1.843117768
          0,           0,          13,      -3.744147569,     -0.8496451498,      -1.293018719,       1.732161911
          0,           0,          14,      -3.845282553,     -0.8989225536,      -1.404529049,       1.632557955
          0,           0,          15,      -3.936935895,     -0.9441785201,      -1.505094331,       1.543657878
          0,           0,          16,      -4.018805998,     -0.9857433993,      -1.594570814,       1.465833769
          0,           0,          17,      -4.090686988,      -1.023894498,      -1.672815608,        1.39888279
          0,           0,          18,      -4.153413853,      -1.059551572,      -1.740556492,       1.340977097
          0,           0,          19,      -4.208793316,      -1.094045728,      -1.799587015,       1.289250781
          0,           0,          20,      -4.258962542,      -1.128542383,      -1.852248886,       1.241131281
          0,           0,          21,       -4.30564722,      -1.163657112,      -1.900701019,       1.195222609
          0,           0,          22,       -4.34994787,       -1.19941004,      -1.946489036,       1.151175891
          0,           0,          23,      -4.392615965,      -1.235414836,      -1.990537161,       1.108982279
          0,           0,          24,      -4.434237011,      -1.271137334,      -2.033461343,       1.068497057
          0,           0,          25,      -4.475120016,      -1.306097128,      -2.075777253,       1.029479596
          0,           0,          26,      -4.515184047,      -1.339963824,      -2.117831921,      0.9918366206
          0,           0,          27,      -4.554086208,      -1.372557789,      -2.159703348,      0.9556722285
          0,           0,          28,      -4.591464778,      -1.403807334,      -2.201145061,       0.921166666
          0,           0,          29,      -4.627115843,      -1.433699696,      -2.241624463,      0.8884197811
          0,           0,          30,      -4.661003454,      -1.462254425,      -2.280409772,      0.8573939609
          0,           0,          31,      -4.693145479,      -1.489519654,      -2.316784951,      0.8279701202
          0,           0,          32,      -4.723535949,      -1.515583037,       -2.35020394,      0.8000090081
          0,           0,          33,      -4.752164155,      -1.540577922,      -2.380382042,      0.7733691527
          0,           0,          34,      -4.779076045,      -1.564677862,      -2.407336635,      0.7478991053
          0,           0,          35,      -4.804431946,      -1.588077856,      -2.431343053,      0.7234218376
          0,           0,          36,      -4.828501883,      -1.610969389,      -2.452873038,      0.6997390277
          0,           0,          37,       -4.85162051,      -1.633516072,       -2.47251193,       0.676649024
          0,           0,          38,      -4.874124653,       -1.65583927,       -2.49087194,      0.6539687246
          0,           0,          39,      -4.896297726,      -1.678016546,      -2.508523027,      0.6315523333
          0,           0,          40,      -4.918342189,      -1.700085835,      -2.525937086,       0.609300467
          0,           0,          41,      -4.940374305,      -1.722056927,      -2.543463881,      0.5871597974
          0,           0,          42,      -4.962437175,      -1.743922999,      -2.561329654,      0.5651152476
          0,           0,          43,       -4.98452555,      -1.765672427,       -2.57964806,      0.5431750716
          0,           0,          44,      -5.006609463,      -1.787295706,      -2.598442531,      0.5213576971
          0,           0,          45,      -5.028655274,      -1.808792011,       -2.61767243,      0.4996781402
          0,           0,          46,      -5.050639253,      -1.830170521,      -2.637260931,      0.4781403607
          0,           0,          47,      -5.072552511,      -1.851449603,      -2.657118118,      0.4567351691
          0,           0,          48,        -5.0944002,      -1.872654547,      -2.677159124,      0.4354411352
          0,           0,          49,       -5.11619712,      -1.893814774,      -2.697313755,      0.4142295003
          0,           0,          50,      -5.137968309,      -1.914961201,       -2.71753345,      0.3930642895
          0,           0,          51,      -5.159744109,      -1.936125193,      -2.737775615,      0.3719078829
          0,           0,          52,      -5.181548984,      -1.957336514,      -2.758042324,      0.3507270134
          0,           0,          53,      -5.203403345,      -1.978620389,      -2.778342484,      0.3294925592
          0,           0,          54,      -5.225325053,      -1.999997927,      -2.798687251,       0.308181139
          0,           0,          55,      -5.247333157,      -2.021486812,      -2.819095003,      0.2867716277
          0,           0,          56,      -5.269445478,      -2.043102205,      -2.839591879,      0.2652454751
          0,           0,          57,      -5.291676777,      -2.064856131,      -2.860199633,      0.2435879763
          0,           0,          58,      -5.314039891,      -2.086757532,      -2.880938312,      0.2217872548
          0,           0,          59,      -5.336547339,      -2.108813101,      -2.901826518,      0.1998331058
          0,           0,          60,       -5.35920527,      -2.131027029,      -2.922884048,      0.1777205668
          0,           0,          61,       -5.38201593,      -2.153401563,      -2.944122528,      0.1554483645
          0,           0,          62,      -5.404985491,      -2.175937949,      -2.965550609,      0.1330131248
          0,           0,          63,      -5.428116747,      -2.198636283,      -2.987175397,      0.1104144676
          0,           0,          64,       -5.45140946,      -2.221495984,      -3.009001213,     0.08765408797
          0,           0,          65,      -5.474865322,      -2.244515489,      -3.031029032,     0.06473217082
          0,           0,          66,      -5.498484579,      -2.267692852,      -3.053260605,     0.04165014211
          0,           0,          67,      -5.522267375,      -2.291026049,      -3.075694037,     0.01840965152
          0,           0,          68,      -5.546212558,      -2.314512739,      -3.098326896,   -0.004986930306
          0,           0,          69,      -5.570319477,      -2.338152237,      -3.121156643,    -0.02853882657
          0,           0,          70,      -5.594586111,      -2.361941183,      -3.144180353,    -0.05224280375
          0,           0,          71,      -5.619016134,      -2.385876187,      -3.167390695,    -0.07609941005
          0,           0,          72,      -5.643601886,       -2.40995441,       -3.19078547,     -0.1001023664
          0,           0,          73,      -5.668337541,      -2.434173099,      -3.214367328,      -0.124245797
          0,           0,          74,       -5.69322358,      -2.458530203,       -3.23812933,     -0.1485290053
          0,           0,          75,      -5.718260267,      -2.483023498,      -3.262067403,     -0.1729512648
          0,           0,          76,      -5.743447193,      -2.507650552,      -3.286180911,     -0.1975115504
          0,           0,          77,      -5.768781298,      -2.532409176,      -3.310463348,      -0.222206405
          0,           0,          78,      -5.794261438,      -2.557297066,       -3.33491171,     -0.2470341012
          0,           0,          79,      -5.819885956,      -2.582311921,       -3.35952447,     -0.2719927963
          0,           0,          80,       -5.84565735,       -2.60745165,      -3.384296779,     -0.2970834651
          0,           0,          81,      -5.871571526,      -2.632713962,      -3.409227626,     -0.3223021862
          0,           0,          82,      -5.897618288,      -2.658096418,      -3.434322317,     -0.3476403994
          0,           0,          83,      -5.923797685,      -2.683596758,      -3.459571367,     -0.3730974007
          0,           0,          84,      -5.950119447,      -2.709213552,      -3.484964895,     -0.3986797352
          0,           0,          85,      -5.976574382,      -2.734944373,      -3.510514133,     -0.4243804334
          0,           0,          86,      -6.003152226,      -2.760786303,      -3.536214919,     -0.4501907135
          0,           0,          87,      -6.029853982,      -2.786737521,      -3.562060469,     -0.4761105552
          0,           0,          88,      -6.056680117,      -2.812796355,      -3.588051481,      -0.502139657
          0,           0,          89,      -6.083630391,       -2.83896082,      -3.614184812,     -0.5282771318
          0,           0,          90,      -6.110705399,      -2.865229376,       -3.64045581,     -0.5545225008
          0,           0,          91,      -6.137904809,      -2.891600147,      -3.666863526,     -0.5808746524
          0,           0,          92,      -6.165226849,      -2.918071301,      -3.693407333,     -0.6073318083
          0,           0,          93,      -6.192671284,      -2.944641378,      -3.720084097,     -0.6338933733
          0,           0,          94,      -6.220232207,      -2.971308855,      -3.746892167,     -0.6605545143
          0,           0,          95,      -6.247907508,      -2.998071778,      -3.773831873,     -0.6873130591
          0,           0,          96,      -6.275696935,      -3.024928591,      -3.800901286,     -0.7141683167
          0,           0,          97,      -6.303598538,      -3.051877655,      -3.828097607,     -0.7411183129
          0,           0,          98,      -6.331609622,      -3.078917558,      -3.855419111,     -0.7681608143
          0,           0,          99,      -6.359728114,      -3.106046964,      -3.882864211,     -0.7952940495
          0,           0,         100,      -6.387952725,      -3.133264584,      -3.910431225,     -0.8225168115
          0,           0,         101,      -6.416281943,      -3.160569137,      -3.938118665,      -0.849827757
          0,           0,         102,      -6.444714446,      -3.187959371,      -3.965924954,      -0.877225704
          0,           0,         103,      -6.473249055,      -3.215434073,      -3.993848526,     -0.9047095951
          0,           0,         104,       -6.50188456,      -3.242992072,      -4.021887871,     -0.9322783909
          0,           0,         105,      -6.530619591,      -3.270632228,      -4.050041562,     -0.9599309137
          0,           0,         106,      -6.559452682,      -3.298353441,      -4.078308157,     -0.9876659721
          0,           0,         107,      -6.588382357,      -3.326154658,      -4.106686235,      -1.015482423
          0,           0,         108,      -6.617407065,      -3.354035092,      -4.135174304,       -1.04337917
          0,           0,         109,      -6.646524597,      -3.381993651,        -4.1637714,      -1.071354663
          0,           0,         110,      -6.675733449,      -3.410029192,      -4.192476049,       -1.09940777
          0,           0,         111,      -6.705033202,      -3.438140809,       -4.22128647,      -1.127538167
          0,           0,         112,      -6.734423079,      -3.466327636,      -4.250201294,      -1.155745354
          0,           0,         113,      -6.763901376,      -3.494588779,      -4.279219274,      -1.184028176
          0,           0,         114,      -6.793466135,      -3.522923355,      -4.308339062,      -1.212385328
          0,           0,         115,      -6.823115553,       -3.55133051,      -4.337559254,      -1.240815665
          0,           0,         116,      -6.852846348,      -3.579809772,        -4.3668781,      -1.269317387
          0,           0,         117,      -6.882658659,      -3.608360016,      -4.396295095,      -1.297890621
          0,           0,         118,      -6.912551759,      -3.636980229,       -4.42580871,      -1.326534764
          0,           0,         119,      -6.942523915,      -3.665669653,      -4.455417061,      -1.355248668
          0,           0,         120,      -6.972573568,      -3.694427604,      -4.485118707,      -1.384031523
          0,           0,         121,       -7.00269891,      -3.723253382,      -4.514912411,      -1.412882407
          0,           0,         122,      -7.032898109,      -3.752146264,       -4.54479687,      -1.441800381
          0,           0,         123,      -7.063169428,      -3.781105514,      -4.574770679,      -1.470784558
          0,           0,         124,      -7.093511239,      -3.810130394,      -4.604832368,      -1.499834102
          0,           0,         125,      -7.123922076,      -3.839220137,      -4.634980305,      -1.528948315
          0,           0,         126,      -7.154400172,       -3.86837402,       -4.66521331,      -1.558126283
          0,           0,         127,       -7.18494405,      -3.897591329,      -4.695530062,      -1.587367337
          0,           0,         128,      -7.215551832,      -3.926871326,      -4.725929069,      -1.616670518
          0,           0,         129,      -7.246221768,      -3.956213279,      -4.756408718,      -1.646034985
          0,           0,         130,      -7.276952287,      -3.985616469,      -4.786967474,      -1.675460042
          0,           0,         131,      -7.307741756,      -4.015080169,      -4.817603885,      -1.704944963
          0,           0,         132,      -7.338588419,      -4.044603639,      -4.848316478,      -1.734488956
          0,           0,         133,      -7.369490464,      -4.074186133,       -4.87910371,      -1.764091197
          0,           0,         134,      -7.400446081,        -4.1038269,       -4.90996398,      -1.793750874
          0,           0,         135,      -7.431453462,      -4.133525187,       -4.94089566,      -1.823467182
          0,           0,         136,      -7.462510791,      -4.163280236,      -4.971897098,      -1.853239318
          0,           0,         137,       -7.49361623,       -4.19309129,      -5.002966593,      -1.883066475
          0,           0,         138,      -7.524767962,      -4.222957573,      -5.034102383,      -1.912947881
          0,           0,         139,       -7.55596397,      -4.252878287,      -5.065302839,      -1.942882579
          0,           0,         140,      -7.587202795,      -4.282852689,      -5.096564745,      -1.972870141
          0,           0,         141,      -7.618483545,      -4.312880093,      -5.127888116,      -2.002910259
          0,           0,         142,      -7.649802871,      -4.342959622,      -5.159271628,      -2.033001177
          0,           0,         143,      -7.681158498,      -4.373090419,       -5.19071333,      -2.063141821
          0,           0,         144,      -7.712548749,      -4.403271672,      -5.222211106,       -2.09333153
          0,           0,         145,      -7.743971819,      -4.433502577,      -5.253762992,      -2.123569587
          0,           0,         146,       -7.77542575,      -4.463782312,      -5.285367023,      -2.153855154
          0,           0,         147,       -7.80690866,      -4.494110047,      -5.317021193,      -2.184187419
          0,           0,         148,      -7.838418769,      -4.524484944,      -5.348723508,       -2.21456562
          0,           0,         149,      -7.869954258,      -4.554906153,      -5.380472013,      -2.244988958
          0,           0,         150,      -7.901513202,      -4.585372819,      -5.412264752,       -2.27545656
          0,           0,         151,      -7.933093612,      -4.615884079,      -5.444099732,      -2.305967515
          0,           0,         152,      -7.964693499,       -4.64643907,      -5.475974926,      -2.336520907
          0,           0,         153,      -7.996310925,      -4.677036929,       -5.50788827,      -2.367115852
          0,           0,         154,      -8.027944004,       -4.70767679,      -5.539837674,      -2.397751478
          0,           0,         155,      -8.059590888,      -4.738357791,      -5.571821019,       -2.42842693
          0,           0,         156,      -8.091249749,      -4.769079063,      -5.603836189,      -2.459141351
          0,           0,         157,      -8.122918772,      -4.799839737,      -5.635881044,      -2.489893871
          0,           0,         158,      -8.154596165,      -4.830638948,      -5.667953446,      -2.520683625
          0,           0,         159,      -8.186280155,      -4.861475825,      -5.700051233,      -2.551509738
          0,           0,         160,      -8.217968999,      -4.892349502,      -5.732172239,      -2.582371338
          0,           0,         161,       -8.24966099,      -4.923259118,      -5.764314291,      -2.613267561
          0,           0,         162,      -8.281354456,      -4.954203808,      -5.796475197,      -2.644197529
          0,           0,         163,      -8.313047757,      -4.985182718,       -5.82865278,      -2.675160377
          0,           0,         164,      -8.344739312,      -5.016194995,      -5.860844841,      -2.706155251
          0,           0,         165,      -8.376427564,      -5.047239795,      -5.893049197,      -2.737181289
          0,           0,         166,      -8.408111017,      -5.078316279,       -5.92526365,      -2.768237631
          0,           0,         167,       -8.43978823,      -5.109423618,      -5.957486024,      -2.799323445
          0,           0,         168,      -8.471457804,      -5.140560991,      -5.989714163,      -2.830437875
          0,           0,         169,       -8.50311839,      -5.171727589,      -6.021945889,      -2.861580096
          0,           0,         170,      -8.534768699,      -5.202922613,      -6.054179069,       -2.89274928
          0,           0,         171,      -8.566407495,      -5.234145276,       -6.08641157,      -2.923944596
          0,           0,         172,      -8.598033587,      -5.265394808,      -6.118641293,      -2.955165238
          0,           0,         173,      -8.629645875,      -5.296670449,      -6.150866146,      -2.986410397
          0,           0,         174,      -8.661243244,      -5.327971454,      -6.183084038,      -3.017679249
          0,           0,         175,      -8.692824726,        -5.3592971,      -6.215292953,       -3.04897103
          0,           0,         176,      -8.724389317,      -5.390646674,      -6.247490845,      -3.080284935
          0,           0,         177,      -8.755936149,       -5.42201949,      -6.279675726,       -3.11162021
          0,           0,         178,      -8.787464368,      -5.453414873,      -6.311845648,      -3.142976069
          0,           0,         179,      -8.818973213,      -5.484832176,       -6.34399864,      -3.174351769
          0,           0,         180,      -8.850462054,      -5.516270779,      -6.376132813,      -3.205746618
          0,           0,         181,      -8.881930314,      -5.547730086,      -6.408246399,      -3.237159928
          0,           0,         182,      -8.913377597,      -5.579209526,      -6.440337575,      -3.268591053
          0,           0,         183,       -8.94480361,      -5.610708565,      -6.472404751,      -3.300039417
          0,           0,         184,      -8.976208126,      -5.642226686,      -6.504446383,      -3.331504397
          0,           0,         185,      -9.007591023,      -5.673763399,      -6.536461114,      -3.362985415
          0,           0,         186,      -9.038952324,       -5.70531827,      -6.568447662,      -3.394482032
          0,           0,         187,      -9.070292128,      -5.736890866,      -6.600404947,      -3.425993721
          0,           0,         188,      -9.101610663,       -5.76848082,      -6.632331844,      -3.457520199
          0,           0,         189,        -9.1329081,      -5.800087739,      -6.664227409,      -3.489060846
          0,           0,         190,      -9.164184743,      -5.831711296,      -6.696090761,      -3.520615385
          0,           0,         191,      -9.195440907,      -5.863351181,      -6.727921117,      -3.552183434
          0,           0,         192,      -9.226676868,      -5.895007072,      -6.759717782,      -3.583764505
          0,           0,         193,      -9.257893058,      -5.926678714,      -6.791480264,      -3.615358346
          0,           0,         194,      -9.289089955,      -5.958365849,      -6.823207849,      -3.646964598
          0,           0,         195,      -9.320267962,      -5.990068249,       -6.85490035,      -3.678582894
          0,           0,         196,      -9.351427608,      -6.021785703,      -6.886557284,      -3.710212948
          0,           0,         197,      -9.382569529,      -6.053518018,      -6.918178406,      -3.741854453
          0,           0,         198,      -9.413694262,      -6.085265038,      -6.949763635,       -3.77350713
          0,           0,         199,      -9.444802404,      -6.117026629,      -6.981312884,      -3.805170739
          0,           0,         200,      -9.475894836,      -6.148802687,      -7.012826044,      -3.836845122
          0,           0,         201,      -9.506971958,      -6.180593077,      -7.044303353,      -3.868529784
          0,           0,         202,      -9.538034911,      -6.212397791,      -7.075744973,      -3.900224997
          0,           0,         203,      -9.569084337,       -6.24421673,      -7.107151275,      -3.931930261
          0,           0,         204,      -9.600120916,      -6.276049864,      -7.138522371,      -3.963645376
          0,           0,         205,      -9.631145707,      -6.307897215,      -7.169859029,      -3.995370488
          0,           0,         206,      -9.662159645,      -6.339758769,      -7.201161491,       -4.02710544
          0,           0,         207,      -9.693163464,      -6.371634538,      -7.232430463,      -4.058849961
          0,           0,         208,      -9.724158302,      -6.403524584,      -7.263666752,       -4.09060421
          0,           0,         209,      -9.755144945,      -6.435428926,      -7.294870938,      -4.122367905
          0,           0,         210,      -9.786124553,      -6.467347659,      -7.326044145,      -4.154141306
          0,           0,         211,      -9.817098085,      -6.499280813,      -7.357186843,      -4.185924171
          0,           0,         212,      -9.848066567,      -6.531228512,      -7.388300303,      -4.217716586
          0,           0,         213,      -9.879031178,      -6.563190849,       -7.41938546,      -4.249519002
          0,           0,         214,      -9.909992773,      -6.595167866,      -7.450443257,      -4.281330854
          0,           0,         215,       -9.94095232,      -6.627159651,      -7.481474826,      -4.313152142
          0,           0,         216,      -9.971911308,      -6.659166419,      -7.512481526,      -4.344984079
          0,           0,         217,      -10.00287021,      -6.691188076,      -7.543464393,      -4.376825211
          0,           0,         218,      -10.03383043,      -6.723224806,      -7.574424329,      -4.408676444
          0,           0,         219,      -10.06479261,      -6.755276655,      -7.605362971,      -4.440537547
          0,           0,         220,      -10.09575843,      -6.787343718,      -7.636281374,      -4.472409059
          0,           0,         221,      -10.12672833,      -6.819426037,      -7.667181008,      -4.504290837
          0,           0,         222,      -10.15770299,      -6.851523569,      -7.698062525,      -4.536182181
          0,           0,         223,      -10.18868421,      -6.883636492,      -7.728928447,       -4.56808437
          0,           0,         224,      -10.21967195,      -6.915764634,      -7.759778332,       -4.59999613
          0,           0,         225,      -10.25066828,      -6.947908148,      -7.790614883,      -4.631919095
          0,           0,         226,      -10.28167306,      -6.980066934,       -7.82143898,      -4.663852052
          0,           0,         227,      -10.31268784,      -7.012240912,      -7.852251308,      -4.695795363
          0,           0,         228,      -10.34371258,       -7.04443004,      -7.883054686,      -4.727749195
          0,           0,         229,      -10.37474866,      -7.076634064,      -7.913847634,       -4.75971254
          0,           0,         230,      -10.40579709,       -7.10885315,      -7.944634215,      -4.791687544
          0,           0,         231,      -10.43685889,      -7.141086892,      -7.975415222,      -4.823672577
          0,           0,         232,      -10.46793365,      -7.173334901,      -8.006189285,      -4.855666318
          0,           0,         233,      -10.49902266,      -7.205597399,      -8.036959909,      -4.887671519
          0,           0,         234,      -10.53012699,      -7.237873891,      -8.067728746,      -4.919686484
          0,           0,         235,      -10.56124699,      -7.270164006,       -8.09849503,      -4.951711249
          0,           0,         236,      -10.59238334,      -7.302467337,      -8.129261207,      -4.983745459
          0,           0,         237,      -10.62353646,      -7.334783851,      -8.160028223,       -5.01578971
          0,           0,         238,      -10.65470589,      -7.367112793,      -8.190797509,      -5.047843374
          0,           0,         239,       -10.6858932,      -7.399453361,      -8.221568008,      -5.079903575
          0,           0,         240,      -10.71709969,      -7.431805803,      -8.252341444,      -5.111974739
          0,           0,         241,      -10.74832556,      -7.464168915,      -8.283119664,      -5.144053273
          0,           0,         242,      -10.77956967,      -7.496542511,      -8.313905782,      -5.176140665
          0,           0,         243,      -10.81083382,      -7.528925384,      -8.344696902,      -5.208234075
          0,           0,         244,      -10.84211922,      -7.561317716,      -8.375494335,      -5.240336401
          0,           0,         245,      -10.87342376,      -7.593717819,      -8.406298453,       -5.27244472
          0,           0,         246,      -10.90474943,      -7.626124971,      -8.437114771,      -5.304557898
          0,           0,         247,       -10.9360966,      -7.658538689,      -8.467934349,      -5.336676397
          0,           0,         248,      -10.96746362,      -7.690957763,      -8.498769166,      -5.368800749
          0,           0,         249,      -10.99885228,       -7.72338143,      -8.529617873,      -5.400930124
          0,           0,         250,       -11.0302659,      -7.755808953,      -8.560469494,      -5.433063952
          0,           0,         251,      -11.06169756,      -7.788237835,      -8.591334121,      -5.465196137
          0,           0,         252,      -11.09315588,      -7.820668834,      -8.622212537,      -5.497334907
          0,           0,         253,      -11.12463106,      -7.853100403,      -8.653109455,      -5.529476554
          0,           0,         254,      -11.15613413,      -7.885529473,      -8.684011823,      -5.561614139
          0,           0,         255,      -11.18766054,      -7.917957363,      -8.714935381,      -5.593758309
          0,           0,         256,      -11.21920494,      -7.950380281,      -8.745867422,      -5.625895091
          0,           0,         257,      -11.25077197,      -7.982798454,       -8.77681844,      -5.658030127
          0,           0,         258,      -11.28236388,      -8.015210301,      -8.807782351,      -5.690165311
          0,           0,         259,      -11.31397862,       -8.04761348,      -8.838756681,      -5.722294746
          0,           0,         260,      -11.34561692,      -8.080007111,      -8.869747419,      -5.754417878
          0,           0,         261,      -11.37727856,      -8.112390335,      -8.900763717,      -5.786543246
          0,           0,         262,      -11.40895751,      -8.144759228,       -8.93178141,      -5.818649647
          0,           0,         263,      -11.44066505,      -8.177114723,       -8.96283055,      -5.850753178
          0,           0,         264,      -11.47239966,       -8.20945505,      -8.993885435,      -5.882853412
          0,           0,         265,       -11.5041478,      -8.241776817,      -9.024956772,      -5.914938697
          0,           0,         266,      -11.53591922,      -8.274078451,      -9.056037261,      -5.947007854
          0,           0,         267,      -11.56770828,      -8.306359619,      -9.087159337,      -5.979064962
          0,           0,         268,      -11.59953962,      -8.338617366,      -9.118266136,      -6.011111478
          0,           0,         269,      -11.63137889,      -8.370852159,      -9.149405451,      -6.043144691
          0,           0,         270,      -11.66324213,       -8.40305934,      -9.180570707,      -6.075164199
          0,           0,         271,      -11.69512383,      -8.435237182,      -9.211735057,      -6.107151513
          0,           0,         272,       -11.7270373,      -8.467386621,      -9.242933025,      -6.139142802
          0,           0,         273,      -11.75895823,      -8.499505354,      -9.274137253,      -6.171102198
          0,           0,         274,      -11.79091284,      -8.531590668,      -9.305366882,      -6.203042565
          0,           0,         275,      -11.82288173,      -8.563636172,      -9.336572838,      -6.234938856
          0,           0,         276,      -11.85486796,      -8.595648851,      -9.367838147,      -6.266825535
          0,           0,         277,      -11.88688439,      -8.627626217,      -9.399124096,       -6.29871772
          0,           0,         278,      -11.91891201,      -8.659560837,      -9.430404968,       -6.33055628
          0,           0,         279,      -11.95096223,      -8.691449992,      -9.461697058,       -6.36234936
          0,           0,         280,      -11.98302224,      -8.723302989,      -9.493027706,      -6.394144312
          0,           0,         281,      -12.01511804,      -8.755109814,      -9.524333562,       -6.42590864
          0,           0,         282,      -12.04722382,      -8.786867409,      -9.555694889,      -6.457612975
          0,           0,         283,      -12.07937665,      -8.818584558,       -9.58706089,      -6.489346506
          0,           0,         284,      -12.11151326,      -8.850242995,      -9.618406497,      -6.520969764
          0,           0,         285,      -12.14371215,      -8.881860601,      -9.649813516,      -6.552619712
          0,           0,         286,      -12.17586763,      -8.913431672,      -9.681233763,      -6.584230068
          0,           0,         287,      -12.20809958,      -8.944940298,      -9.712639491,      -6.615768091
          0,           0,         288,      -12.24032932,      -8.976401722,      -9.744107753,      -6.647296429
          0,           0,         289,      -12.27252049,       -9.00780675,      -9.775493187,      -6.678729586
          0,           0,         290,       -12.3047967,      -9.039173488,      -9.806990073,      -6.710264757
          0,           0,         291,      -12.33708401,      -9.070464781,      -9.838467025,      -6.741660639
          0,           0,         292,      -12.36931945,      -9.101699608,      -9.869918371,       -6.77295497
          0,           0,         293,       -12.4016363,      -9.132890391,      -9.901413672,      -6.804265771
          0,           0,         294,      -12.43397445,      -9.164020543,       -9.93297287,       -6.83557591
          0,           0,         295,      -12.46630214,      -9.195137025,      -9.964517721,       -6.86701228
          0,           0,         296,      -12.49868363,      -9.226146933,      -9.995984204,      -6.898163834
          0,           0,         297,      -12.53102431,      -9.257118156,      -10.02752984,      -6.929272769
          0,           0,         298,      -12.56344937,       -9.28803183,      -10.05906642,      -6.960468534
          0,           0,         299,      -12.59579078,      -9.318893386,      -10.09058803,      -6.991549011
          0,           0,         300,      -12.62821554,      -9.349707496,       -10.1223154,      -7.022661975
          0,           0,         301,      -12.66077606,      -9.380492402,      -10.15387441,      -7.053883408
          0,           0,         302,      -12.69302858,      -9.411182922,      -10.18541288,      -7.084649908
          0,           0,         303,      -12.72555194,      -9.441809729,      -10.21708948,      -7.115584223
          0,           0,         304,      -12.75806307,       -9.47241005,      -10.24855943,      -7.146491911
          0,           0,         305,      -12.79053648,      -9.502947979,      -10.28021293,      -7.177243365
          0,           0,         306,      -12.82301233,      -9.533498235,      -10.31221398,      -7.208341084
          0,           0,         307,      -12.85535152,       -9.56394142,      -10.34350751,      -7.239011608
          0,           0,         308,      -12.88801316,      -9.594297311,       -10.3748885,      -7.269504048
          0,           0,         309,      -12.92039353,      -9.624715498,       -10.4071165,       -7.30053886
          0,           0,         310,      -12.95291033,      -9.655042172,      -10.43843901,      -7.331264404
          0,           0,         311,      -12.98544322,       -9.68528976,      -10.46985935,      -7.361661862
          0,           0,         312,      -13.01796676,       -9.71555801,      -10.50187969,      -7.392301081
          0,           0,         313,      -13.05054148,      -9.745784266,      -10.53354767,      -7.423124576
          0,           0,         314,      -13.08278207,      -9.775906057,      -10.56515996,      -7.453198794
          0,           0,         315,      -13.11576722,      -9.805988265,      -10.59697984,      -7.483511103
          0,           0,         316,      -13.14837034,      -9.836177612,      -10.62913913,      -7.514673612
          0,           0,         317,      -13.18082942,      -9.866298031,      -10.66071855,      -7.545353432
          0,           0,         318,      -13.21345909,      -9.896221976,      -10.69183959,      -7.575054557
          0,           0,         319,      -13.24622085,      -9.926402577,      -10.72369593,      -7.606521388
          0,           0,         320,      -13.27849802,      -9.956279482,       -10.7557173,      -7.636452635
          0,           0,         321,       -13.3106612,      -9.986152238,       -10.7870577,      -7.666030796
          0,           0,         322,      -13.34386367,      -10.01626585,      -10.81884444,      -7.697477024
          0,           0,         323,      -13.37536237,      -10.04614979,      -10.85041696,      -7.727438024
          0,           0,         324,      -13.40893117,      -10.07610532,      -10.88264579,      -7.758035839
          0,           0,         325,      -13.44068947,      -10.10577826,      -10.91216358,      -7.786999335
          0,           0,         326,      -13.47374872,      -10.13581799,      -10.94585312,      -7.818067981
          0,           0,         327,      -13.50717899,      -10.16567137,      -10.97736994,      -7.848801659
          0,           0,         328,      -13.53879233,      -10.19536211,      -11.00863167,      -7.877765516
          0,           0,         329,      -13.57067217,      -10.22548596,      -11.04286475,      -7.909312822
          0,           0,         330,      -13.60338749,      -10.25503688,      -11.07147466,       -7.93769679
          0,           0,         331,      -13.63560698,      -10.28485345,      -11.10380549,      -7.968078307
          0,           0,         332,       -13.6678927,      -10.31489264,      -11.13653489,      -7.999621807
          0,           0,         333,      -13.70079049,      -10.34498001,      -11.16715469,       -8.03137389
          0,           0,         334,       -13.7322642,      -10.37499217,      -11.19972445,      -8.061128852
          0,           0,         335,      -13.76437406,      -10.40446172,      -11.23024141,      -8.088962308
          0,           0,         336,      -13.79630216,      -10.43447195,      -11.26175353,      -8.119802465
          0,           0,         337,      -13.82848119,      -10.46446461,      -11.29420136,      -8.150329472
          0,           0,         338,      -13.85840884,      -10.49360857,      -11.32312623,      -8.175491707
          0,           0,         339,      -13.89167773,      -10.52409313,      -11.35693934,      -8.208831326
          0,           0,         340,      -13.92319534,      -10.55355021,      -11.38810471,      -8.237673796
          0,           0,         341,      -13.95298011,      -10.58378555,      -11.41644881,      -8.267263465
          0,           0,         342,      -13.98351262,      -10.61397387,      -11.44902509,      -8.299562803
          0,           0,         343,      -14.01188376,      -10.64384314,      -11.47811898,      -8.328113817
          0,           0,         344,      -14.04728278,      -10.67403356,      -11.50778186,       -8.35951339
          0,           0,         345,      -14.07318378,      -10.70365481,      -11.54272192,      -8.387754599
          0,           0,         346,      -14.09855073,      -10.73222181,      -11.56631536,      -8.408851894
          0,           0,         347,      -14.12997535,      -10.76356376,      -11.60220819,      -8.444572263
          0,           0,         348,      -14.15993384,      -10.79295528,      -11.62574373,      -8.472127955
          0,           0,         349,      -14.18575158,      -10.82283432,      -11.66120539,       -8.49688016
          0,           0,         350,      -14.21660307,      -10.85281934,      -11.68104062,      -8.528463183
          0,           0,         351,      -14.24826003,      -10.88387605,      -11.72117061,      -8.562313235
          0,           0,         352,      -14.28121267,      -10.91283347,      -11.74218093,      -8.589180364
          0,           0,         353,      -14.29220645,      -10.94313007,      -11.77118044,       -8.61309213
          0,           0,         354,      -14.31899944,      -10.97333593,       -11.7986864,      -8.647274255
          0,           0,         355,      -14.33667223,      -11.00061684,      -11.81538422,      -8.654395461
          0,           0,         356,      -14.36201192,      -11.03413599,      -11.85673467,      -8.698250192
          0,           0,         357,      -14.39037035,      -11.06338539,       -11.8722577,      -8.723093048
          0,           0,         358,       -14.4169227,      -11.09539557,      -11.90504734,      -8.762862521
          0,           0,         359,      -14.43386795,      -11.12307848,      -11.91806048,      -8.771141142
          0,           0,         360,      -14.45116423,      -11.15285212,      -11.93981618,      -8.796020784
          0,           0,         361,      -14.46334105,      -11.18042194,       -11.9591092,      -8.806357855
          0,           0,         362,      -14.47427297,      -11.21220277,      -11.99112615,      -8.838226034
          0,           0,         363,      -14.49979631,      -11.24487965,      -12.00886367,      -8.874066115
          0,           0,         364,      -14.50249868,      -11.27289863,      -12.01778173,      -8.885758143
          0,           0,         365,      -14.51874846,      -11.29924346,      -12.02716332,      -8.894965186
          0,           0,         366,      -14.51062502,      -11.33119658,      -12.04956381,      -8.909846928
          0,           0,         367,      -14.53379136,      -11.35798725,      -12.05374907,      -8.927412455
          0,           0,         368,      -14.54721215,      -11.39009632,      -12.07103214,      -8.954981655
          0,           0,         369,      -14.54806522,      -11.41837005,      -12.07862025,      -8.968946856
          0,           0,         370,      -14.55242038,      -11.44478742,      -12.09923822,      -8.972012333
          0,           0,         371,      -14.55591313,      -11.47272584,       -12.1054107,      -8.981626229
          0,           0,         372,       -14.5779179,      -11.50781455,      -12.11114586,      -9.015558463
          0,           0,         373,      -14.56997682,      -11.53227305,       -12.1268922,      -9.007539453
          0,           0,         374,      -14.58793251,      -11.56611268,      -12.13777796,      -9.047789377
          0,           0,         375,      -14.58112578,      -11.58700338,      -12.14349884,      -9.034304819
          0,           0,         376,       -14.5781512,      -11.61015078,      -12.14118326,      -9.042681164
          0,           0,         377,      -14.58430644,      -11.63933029,      -12.15407347,      -9.049244166
          0,           0,         378,       -14.5968838,      -11.67333584,      -12.15077583,      -9.077260326
          0,           0,         379,      -14.59040369,      -11.69606557,      -12.15581886,      -9.067557353
          0,           0,         380,      -14.58756268,      -11.71928071,       -12.1493302,      -9.069242834
          0,           0,         381,      -14.60109353,      -11.75177626,       -12.1537634,      -9.087932473
          0,           0,         382,      -14.60232271,       -11.7706392,      -12.15927085,      -9.093091132
          0,           0,         383,      -14.60233814,      -11.78688958,       -12.1737428,      -9.088245292
          0,           0,         384,      -14.59034261,      -11.81174076,      -12.16783498,      -9.086021658
          0,           0,         385,      -14.60678781,      -11.83903095,      -12.17375364,      -9.103510897
          0,           0,         386,      -14.59791882,      -11.86066661,      -12.16361173,      -9.100316398
          0,           0,         387,      -14.60303676,      -11.86869698,      -12.15309925,      -9.102635379
          0,           0,         388,      -14.59750142,      -11.88344498,      -12.15227939,      -9.087347945
          0,           0,         389,      -14.59213828,      -11.89730787,      -12.17427016,      -9.094074855
          0,           0,         390,      -14.60418732,      -11.93075246,       -12.1754412,      -9.109193017
          0,           0,         391,      -14.59348317,      -11.93238643,      -12.17257924,      -9.098856077
          0,           0,         392,      -14.59665363,      -11.93514872,      -12.14899942,      -9.083712362
          0,           0,         393,      -14.60893972,      -11.96894061,      -12.17211046,      -9.111893781
          0,           0,         394,      -14.59859916,      -11.97191751,      -12.17559523,      -9.095997135
          0,           0,         395,      -14.61382318,      -11.98591484,      -12.17235677,      -9.119497042
          0,           0,         396,       -14.6126169,      -11.99057743,      -12.19153676,      -9.117065749
          0,           0,         397,      -14.61895103,      -12.00541946,      -12.17156965,      -9.120630358
          0,           0,         398,      -14.62271611,      -12.01698064,      -12.17589301,       -9.12522793
          0,           0,         399,      -14.62441105,      -12.01931382,      -12.19152724,      -9.124185849
          0,           0,         400,      -14.61345108,      -12.02080777,       -12.1820925,      -9.124956558
          0,           0,         401,      -14.62594079,      -12.04096762,       -12.1861437,      -9.135165393
          0,           0,         402,      -14.62559222,      -12.04224054,      -12.18564332,      -9.126618348
          0,           0,         403,      -14.59102086,       -12.0179349,      -12.16623134,      -9.096759442
          0,           0,         404,      -14.60327046,      -12.02211349,      -12.19120249,      -9.110041418
          0,           0,         405,       -14.6062622,      -12.03479705,      -12.17886168,      -9.106349313
          0,           0,         406,      -14.60762397,       -12.0389729,      -12.17938169,      -9.108061683
          0,           0,         407,       -14.6167266,      -12.05317107,      -12.16942454,       -9.12216374
          0,           0,         408,      -14.59719068,      -12.03150411,      -12.17945374,      -9.108019534
          0,           0,         409,      -14.60824473,      -12.04610958,      -12.16701423,      -9.118744653
          0,           0,         410,      -14.62168023,      -12.06012197,       -12.1741646,      -9.128770976
          0,           0,         411,      -14.59995401,      -12.04882266,      -12.16663119,      -9.106807238
          0,           0,         412,      -14.61661472,      -12.05217419,       -12.1831508,      -9.120747052
          0,           0,         413,      -14.61255249,      -12.04585014,      -12.18204987,      -9.115860538
          0,           0,         414,      -14.60181105,      -12.05655944,      -12.17796118,      -9.113466526
          0,           0,         415,      -14.60895345,      -12.05261747,      -12.17690436,      -9.116372484
          0,           0,         416,      -14.59989551,      -12.04399352,       -12.1782799,      -9.111741002
          0,           0,         417,      -14.61364356,      -12.05983914,      -12.18004069,      -9.124544644
          0,           0,         418,      -14.62328203,      -12.06134964,      -12.18643807,      -9.128379484
          0,           0,         419,      -14.61184302,      -12.05231409,      -12.18239402,       -9.11120419
          0,           0,         420,      -14.60790854,      -12.05809067,       -12.1821273,      -9.120180807
          0,           0,         421,      -14.60294249,      -12.06433567,      -12.16692739,      -9.116383126
          0,           0,         422,      -14.61342309,      -12.06762526,      -12.16883242,      -9.119507092
          0,           0,         423,      -14.62650631,      -12.07302121,      -12.18995596,      -9.141262979
          0,           0,         424,      -14.61993727,      -12.07419364,      -12.18520961,      -9.125601886
          0,           0,         425,      -14.61153148,      -12.06319213,      -12.18070976,      -9.120510496
          0,           0,         426,      -14.60521345,      -12.04691583,      -12.16637487,      -9.108585494
          0,           0,         427,      -14.60963806,      -12.05950558,      -12.18311661,      -9.114247872
          0,           0,         428,      -14.61608755,      -12.06698406,      -12.17910543,      -9.122556497
          0,           0,         429,      -14.62056524,      -12.06963975,      -12.19690658,      -9.130806771
          0,           0,         430,      -14.61115574,      -12.05819853,      -12.18271979,      -9.121412469
          0,           0,         431,      -14.61267155,      -12.05178393,       -12.1813763,      -9.118321359
          0,           0,         432,      -14.61241559,       -12.0617032,      -12.18475739,      -9.124357606
          0,           0,         433,      -14.60654004,       -12.0624212,      -12.16336186,      -9.114630297
          0,           0,         434,      -14.61721872,      -12.06314621,      -12.18412011,       -9.12286269
          0,           0,         435,      -14.60685085,      -12.05618275,      -12.18107241,      -9.112996681
          0,           0,         436,      -14.59514287,      -12.05081578,      -12.16584969,      -9.105343936
          0,           0,         437,      -14.61972151,      -12.06695076,      -12.19010071,      -9.124003299
          0,           0,         438,       -14.6139605,      -12.06463651,      -12.19088528,       -9.12321597
          0,           0,         439,      -14.61966065,      -12.07072852,       -12.1754426,      -9.131592433
          0,           0,         440,       -14.6048586,      -12.05761269,       -12.1716223,      -9.120320571
          0,           0,         441,      -14.61497861,      -12.05453755,       -12.1859033,      -9.117908801
          0,           0,         442,      -14.62256754,      -12.05922679,      -12.17267903,      -9.122811234
          0,           0,         443,      -14.58911113,      -12.01646122,      -12.17954477,      -9.085569533
          0,           0,         444,      -14.60405084,      -12.06801291,       -12.1850212,       -9.12041852
          0,           0,         445,      -14.60159428,      -12.06189322,      -12.18482936,      -9.118554367
          0,           0,         446,      -14.59336529,      -12.04157705,      -12.16875506,      -9.112448652
          0,           0,         447,      -14.60230804,       -12.0600028,      -12.17773014,      -9.117310858
          0,           0,         448,       -14.6138935,      -12.07260477,      -12.17848441,      -9.121968028
          0,           0,         449,      -14.61309832,       -12.0555613,      -12.17894185,      -9.117223045
          0,           0,         450,      -14.61258398,      -12.05915543,      -12.17924227,      -9.118845222
          0,           0,         451,      -14.61166317,      -12.05427307,      -12.18618689,      -9.120810374
          0,           0,         452,      -14.60294077,      -12.05543797,      -12.16969639,      -9.111525985
          0,           0,         453,       -14.5973361,      -12.03699384,      -12.16770643,       -9.10535348
          0,           0,         454,      -14.60393887,      -12.05970284,      -12.17169726,      -9.109385271
          0,           0,         455,      -14.60157578,      -12.04834512,      -12.18594792,      -9.107807662
          0,           0,         456,      -14.61493173,      -12.05043464,      -12.18927678,      -9.126823354
          0,           0,         457,      -14.60822152,      -12.06097351,      -12.18047228,      -9.111159105
          0,           0,         458,      -14.58202563,      -12.02891962,      -12.17269058,      -9.101006442
          0,           0,         459,      -14.60356364,      -12.05897185,      -12.18318592,      -9.114259505
          0,           0,         460,      -14.62483556,      -12.07353978,      -12.18518371,      -9.132095946
          0,           0,         461,      -14.62715518,      -12.06729612,      -12.18449194,      -9.131649803
          0,           0,         462,      -14.62046571,      -12.05945367,      -12.18240396,      -9.121516958
          0,           0,         463,      -14.60869641,      -12.05694321,      -12.17866295,      -9.112260437
          0,           0,         464,      -14.59211334,      -12.04028422,      -12.16694426,      -9.104541318
          0,           0,         465,      -14.61419731,       -12.0499803,      -12.18051415,      -9.115354076
          0,           0,         466,      -14.60963117,      -12.05785665,      -12.17083102,      -9.116996945
          0,           0,         467,      -14.60198024,      -12.05453781,      -12.18500731,      -9.112478772
          0,           0,         468,      -14.61592513,       -12.0545969,      -12.18964467,      -9.126844909
          0,           0,         469,      -14.59866161,      -12.04993174,      -12.17344236,      -9.107003814
          0,           0,         470,      -14.61386787,      -12.05546219,      -12.17811046,      -9.120502754
          0,           0,         471,      -14.61660802,       -12.0731564,      -12.20440542,      -9.128812081
          0,           0,         472,      -14.61248979,      -12.05809354,      -12.17970335,      -9.118424929
          0,           0,         473,      -14.61242409,      -12.05609742,      -12.17709204,      -9.119320612
          0,           0,         474,      -14.60945747,      -12.06004508,      -12.18605743,      -9.125141559
          0,           0,         475,      -14.62789482,      -12.06858942,      -12.19690459,      -9.131252923
          0,           0,         476,      -14.59955328,       -12.0397921,      -12.17515662,      -9.102175616
          0,           0,         477,      -14.61349528,      -12.06963317,      -12.18177805,      -9.125134878
          0,           0,         478,      -14.60271017,      -12.05614538,      -12.18688586,      -9.122019081
          0,           0,         479,      -14.62292702,      -12.06866534,      -12.18867745,      -9.129115676
          0,           0,         480,      -14.58317053,      -12.00476218,      -12.17067743,      -9.075519189
          0,           0,         481,      -14.60972178,      -12.06302227,      -12.17921508,      -9.113449854
          0,           0,         482,      -14.60708012,      -12.05450529,      -12.17763032,      -9.120792888
          0,           0,         483,      -14.59392934,       -12.0525097,        -12.164528,      -9.101822529
          0,           0,         484,      -14.60608222,      -12.05404969,      -12.17622566,      -9.115308152
          0,           0,         485,      -14.59910483,      -12.04092031,      -12.17329624,      -9.108834669
          0,           0,         486,      -14.60701415,      -12.06745201,      -12.19994773,      -9.120260448
          0,           0,         487,       -14.6203303,      -12.06429308,      -12.18696327,      -9.121322594
          0,           0,         488,      -14.60158205,      -12.05395767,      -12.17619146,      -9.114897095
          0,           0,         489,      -14.59600809,      -12.05239404,      -12.17270449,      -9.112237157
          0,           0,         490,      -14.62444646,      -12.07074894,      -12.18147673,      -9.124570446
          0,           0,         491,      -14.60732004,      -12.05946553,      -12.17168447,      -9.118721646
          0,           0,         492,       -14.6017702,      -12.04173517,       -12.1770753,      -9.105915908
          0,           0,         493,       -14.6188924,      -12.07524527,       -12.1869512,      -9.126975863
          0,           0,         494,      -14.60937654,      -12.07830568,      -12.18683079,      -9.126792833
          0,           0,         495,      -14.60023112,      -12.03933455,      -12.17873402,      -9.098052197
          0,           0,         496,      -14.60892784,      -12.05950113,      -12.17248295,       -9.11449319
          0,           0,         497,      -14.60290349,      -12.05129987,      -12.16758933,      -9.111794972
          0,           0,         498,      -14.59222654,      -12.04740941,       -12.1640264,      -9.102876493
          0,           0,         499,      -14.59189142,      -12.04099184,      -12.16518006,      -9.102601151
          0,           0,         500,      -14.60922746,      -12.06639088,      -12.17937319,      -9.123111424
          0,           0,         501,      -14.61197913,      -12.06694741,      -12.17269226,      -9.119293547
          0,           0,         502,      -14.60667274,      -12.05553266,      -12.17051858,      -9.117422618
          0,           0,         503,       -14.6165686,      -12.06403226,      -12.18738774,      -9.120473835
          0,           0,         504,      -14.60812922,      -12.05082443,      -12.18517705,      -9.109529462
          0,           0,         505,      -14.60154769,      -12.04050013,      -12.17578061,      -9.105008583
          0,           0,         506,      -14.60020909,      -12.05826956,      -12.16822683,      -9.115323564
          0,           0,         507,      -14.59112988,      -12.06110577,      -12.17443895,      -9.108532204
          0,           0,         508,      -14.60825607,       -12.0690341,      -12.18242694,       -9.11523459
          0,           0,         509,      -14.60295988,      -12.05978412,      -12.17804338,      -9.106381238
          0,           0,         510,       -14.6090126,      -12.06973247,      -12.17525025,      -9.121488349
          0,           0,         511,      -14.60769768,      -12.06486038,      -12.17046763,      -9.120742347
          0,           0,         512,      -14.59956295,      -12.06298376,      -12.17362723,       -9.11852318
          0,           0,         513,      -14.61723155,      -12.05556585,      -12.18438121,      -9.118346285
          0,           0,         514,      -14.60927353,      -12.05764624,       -12.1794743,      -9.114026962
          0,           0,         515,       -14.6073815,      -12.06056522,       -12.1840167,      -9.115611723
          0,           0,         516,        -14.592734,       -12.0407935,       -12.1833598,      -9.097102426
          0,           0,         517,      -14.62066749,      -12.07292809,      -12.19212722,      -9.133524044
          0,           0,         518,      -14.62556532,       -12.0797883,      -12.19633769,      -9.132670835
          0,           0,         519,      -14.61509399,      -12.06137866,      -12.18793565,       -9.12062613
          0,           0,         520,      -14.60513139,      -12.05344824,      -12.17022532,      -9.112585483
          0,           0,         521,      -14.61375224,      -12.05967916,      -12.18357125,      -9.117307247
          0,           0,         522,      -14.61051887,      -12.05871051,      -12.17728063,      -9.109716909
          0,           0,         523,      -14.60314316,      -12.06766547,      -12.17397913,      -9.114782367
          0,           0,         524,      -14.59828859,      -12.04675928,      -12.18372709,      -9.114228831
          0,           0,         525,      -14.60591787,       -12.0598886,       -12.1811837,      -9.118725024
          0,           0,         526,      -14.58864302,      -12.02513169,      -12.17353011,      -9.094515505
          0,           0,         527,      -14.59745756,      -12.04726988,      -12.19184161,      -9.117931713
          0,           0,         528,      -14.60444534,      -12.04769147,      -12.17484233,      -9.109694666
          0,           0,         529,      -14.61792532,      -12.06878683,      -12.18299697,      -9.124981779
          0,           0,         530,      -14.60687254,       -12.0505173,      -12.18549275,      -9.116351481
          0,           0,         531,      -14.61231685,      -12.05359033,      -12.18649247,      -9.116691421
          0,           0,         532,      -14.59862403,       -12.0451905,      -12.18271782,      -9.105564365
          0,           0,         533,      -14.63235146,      -12.07215782,      -12.18232767,      -9.135743846
          0,           0,         534,      -14.61103479,       -12.0576094,      -12.17538459,      -9.112881015
          0,           0,         535,       -14.6071014,      -12.05508929,      -12.18511983,      -9.109659962
          0,           0,         536,      -14.60012588,      -12.05015582,      -12.16119624,      -9.112231801
          0,           0,         537,      -14.60816184,      -12.06689286,      -12.17625651,      -9.116360756
          0,           0,         538,      -14.61439836,      -12.06054723,      -12.16437123,      -9.117732315
          0,           0,         539,      -14.58725202,      -12.01929754,      -12.17060155,      -9.095276625
          0,           0,         540,      -14.61898308,      -12.05887427,      -12.17865067,      -9.119224064
          0,           0,         541,      -14.59951394,      -12.04256379,      -12.16072521,      -9.089550081
          0,           0,         542,      -14.59307895,      -12.04374415,       -12.1770474,      -9.107757699
          0,           0,         543,       -14.6078448,      -12.05170709,      -12.18020698,      -9.111157189
          0,           0,         544,      -14.61481696,      -12.05940392,      -12.19671032,      -9.125407219
          0,           0,         545,      -14.60900927,      -12.06208413,      -12.17128741,      -9.119466093
          0,           0,         546,      -14.57950656,      -12.01510507,      -12.17283249,      -9.085433705
          0,           0,         547,      -14.61708671,      -12.05206814,      -12.18747415,      -9.120610992
          0,           0,         548,      -14.59491829,      -12.04455303,      -12.17473657,       -9.10559902
          0,           0,         549,       -14.6106191,      -12.04298541,      -12.17265894,      -9.111419571
          0,           0,         550,      -14.61967097,      -12.05520609,      -12.18565663,      -9.120920347
          0,           0,         551,      -14.61719157,      -12.06375584,       -12.1856045,      -9.126134624
          0,           0,         552,      -14.61072601,      -12.05745825,      -12.17633221,      -9.115633236
          0,           0,         553,      -14.61635004,      -12.03914861,      -12.19160585,      -9.120620536
          0,           0,         554,      -14.60955573,       -12.0540522,      -12.18619704,      -9.118811465
          0,           0,         555,      -14.60356882,      -12.03901308,      -12.17831833,      -9.108833282
          0,           0,         556,      -14.60302172,      -12.05048006,      -12.16747144,      -9.108606272
          0,           0,         557,       -14.6032189,      -12.06893074,      -12.18508804,       -9.12324095
          0,           0,         558,      -14.61375897,      -12.06704494,      -12.18828268,      -9.126285482
          0,           0,         559,      -14.60354559,      -12.06378234,      -12.16641027,      -9.117062636
          0,           0,         560,      -14.60870256,       -12.0604095,      -12.18510971,      -9.112540028
          0,           0,         561,      -14.60292184,      -12.04995359,      -12.17218288,      -9.111271065
          0,           0,         562,      -14.59240502,      -12.04371147,      -12.16798544,       -9.10135986
          0,           0,         563,      -14.60674068,      -12.04862597,      -12.18581986,      -9.115884584
          0,           0,         564,      -14.59554504,       -12.0330435,      -12.16984366,      -9.098399078
          0,           0,         565,      -14.62408794,      -12.06426287,      -12.18002756,      -9.125884793
          0,           0,         566,       -14.6056205,      -12.07430711,      -12.16984177,      -9.119507719
          0,           0,         567,      -14.61552531,      -12.06623392,      -12.19798993,      -9.127195605
          0,           0,         568,      -14.60787536,      -12.06684927,       -12.1769441,       -9.12345991
          0,           0,         569,      -14.61131578,      -12.06646573,      -12.17994163,      -9.127038432
          0,           0,         570,      -14.57065746,      -12.00407564,      -12.17593427,      -9.068326843
          0,           0,         571,      -14.60256531,      -12.05732578,       -12.1687793,      -9.113055487
          0,           0,         572,      -14.60263951,      -12.04698015,      -12.18224668,      -9.116036811
          0,           0,         573,      -14.60133381,      -12.05485724,      -12.16976467,      -9.111813211
          0,           0,         574,      -14.61337644,      -12.05139326,      -12.19259443,      -9.116341847
          0,           0,         575,      -14.60604122,      -12.04752459,      -12.18170553,      -9.106596681
          0,           0,         576,      -14.59976561,      -12.03877429,      -12.18985782,      -9.110269232
          0,           0,         577,      -14.58439228,      -12.01697319,      -12.17484957,      -9.087023239
          0,           0,         578,       -14.6141401,       -12.0711135,      -12.17338852,      -9.123172115
          0,           0,         579,      -14.60854944,       -12.0576542,      -12.17231974,      -9.115202335
          0,           0,         580,       -14.6023342,      -12.05659205,      -12.18420991,      -9.115025062
          0,           0,         581,      -14.59274497,      -12.04478914,      -12.16902584,      -9.105480711
          0,           0,         582,      -14.60737439,      -12.05497842,      -12.18149901,      -9.109490718
          0,           0,         583,      -14.61921654,      -12.05630509,      -12.18781134,      -9.115102574
          0,           0,         584,      -14.61249401,      -12.06708886,      -12.17542827,      -9.116686434
          0,           0,         585,      -14.59547626,      -12.03526122,      -12.17893922,      -9.106663577
          0,           0,         586,      -14.60928175,       -12.0586616,      -12.18871064,        -9.1202773
          0,           0,         587,      -14.61291737,      -12.06845343,      -12.18689847,      -9.125706368
          0,           0,         588,      -14.60838592,      -12.05954777,       -12.1734909,      -9.122834297
          0,           0,         589,      -14.60937569,      -12.04915507,      -12.18205578,      -9.116698916
          0,           0,         590,      -14.59732208,      -12.05457243,      -12.17611572,      -9.114131495
          0,           0,         591,        -14.610035,      -12.06131928,      -12.18396738,      -9.120864872
          0,           0,         592,      -14.60235028,      -12.03633758,      -12.19051731,      -9.099077535
          0,           0,         593,      -14.61649249,      -12.06375983,      -12.17930173,      -9.122612963
          0,           0,         594,      -14.62054695,      -12.07366466,      -12.18541665,      -9.127760235
          0,           0,         595,      -14.61878875,      -12.06912114,      -12.17365531,      -9.126603544
          0,           0,         596,      -14.61091054,      -12.04831439,      -12.17946981,      -9.112856931
          0,           0,         597,      -14.61517696,       -12.0702164,      -12.18271793,      -9.123698784
          0,           0,         598,      -14.61001466,      -12.04526413,      -12.19116169,      -9.111821196
          0,           0,         599,      -14.60225168,      -12.03840244,      -12.20020193,      -9.111882616
          0,           0,         600,      -14.61676078,      -12.07784132,      -12.16137825,      -9.124322299
