VARIABLES = \
"Time_Iter","Outer_Iter","Inner_Iter",    "rms[Rho]"    ,    "rms[RhoU]"   ,    "rms[RhoV]"   ,    "rms[RhoE]"   
          0,           0,           0,      -1.426409624,      0.8170510777,       1.076000243,       4.033218579
          0,           0,           1,      -1.895768536,      0.5011067816,      0.6656775869,       3.581448713
          0,           0,           2,      -2.145069379,      0.2907018172,      0.4228127091,       3.338370281
          0,           0,           3,      -2.305247372,      0.1420867539,      0.2240496129,       3.177883209
          0,           0,           4,      -2.464318375,    0.007191966975,     0.04571336952,       3.017771835
          0,           0,           5,      -2.621079559,     -0.1199366862,     -0.1205537881,        2.85899987
          0,           0,           6,      -2.769571691,     -0.2326667983,     -0.2779467106,       2.708493147
          0,           0,           7,      -2.915543557,     -0.3367707717,     -0.4324652128,       2.561503666
          0,           0,           8,        -3.0611656,     -0.4295900972,     -0.5848480464,       2.415664546
          0,           0,           9,      -3.204701019,     -0.5117521019,     -0.7329479845,        2.27268456
          0,           0,          10,       -3.34438201,     -0.5872023121,     -0.8759384798,       2.134682439
          0,           0,          11,      -3.478300085,     -0.6573774509,      -1.013395698,       2.003489747
          0,           0,          12,       -3.60445033,     -0.7214828391,      -1.143339029,       1.880709878
          0,           0,          13,      -3.720184624,     -0.7790357733,      -1.263446811,       1.768893675
          0,           0,          14,      -3.823523941,     -0.8309093679,      -1.374303901,       1.670103937
          0,           0,          15,      -3.914845651,      -0.878408003,      -1.477748091,       1.584208493
          0,           0,          16,      -3.995688547,     -0.9222288783,      -1.572189431,        1.51012984
          0,           0,          17,      -4.067685334,     -0.9626573553,      -1.654147463,       1.446362399
          0,           0,          18,      -4.132723116,      -1.000266701,       -1.72326215,       1.390299783
          0,           0,          19,      -4.192558313,      -1.036105013,      -1.782397906,        1.33891348
          0,           0,          20,      -4.248322977,        -1.0713749,      -1.834843389,       1.289977923
          0,           0,          21,      -4.300739004,      -1.107011702,      -1.883262586,       1.242361584
          0,           0,          22,      -4.350347849,      -1.143439234,      -1.929535391,       1.195749259
          0,           0,          23,      -4.397505953,      -1.180564586,      -1.974500542,       1.150307002
          0,           0,          24,       -4.44243783,      -1.217951273,      -2.018227647,       1.106347228
          0,           0,          25,      -4.485315733,      -1.255061897,      -2.060685264,        1.06410561
          0,           0,          26,      -4.526268976,      -1.291445806,      -2.102120971,       1.023702597
          0,           0,          27,      -4.565399635,      -1.326814355,      -2.142920025,      0.9851898352
          0,           0,          28,      -4.602855525,       -1.36101695,      -2.183355485,      0.9485447179
          0,           0,          29,       -4.63883778,      -1.393980001,      -2.223433429,        0.91367358
          0,           0,          30,      -4.673510458,      -1.425658362,      -2.262919302,      0.8804486033
          0,           0,          31,      -4.706902528,      -1.456022832,      -2.301423511,      0.8487579135
          0,           0,          32,      -4.738899839,      -1.485075509,      -2.338494092,      0.8185213543
          0,           0,          33,      -4.769326358,      -1.512870397,      -2.373700462,      0.7896699605
          0,           0,          34,      -4.798050686,      -1.539518383,      -2.406710643,      0.7621222839
          0,           0,          35,      -4.825072469,       -1.56517715,      -2.437345366,      0.7357606139
          0,           0,          36,      -4.850544233,      -1.590025988,      -2.465609112,      0.7104281646
          0,           0,          37,      -4.874737691,      -1.614233325,      -2.491696214,      0.6859420265
          0,           0,          38,      -4.897974451,      -1.637940009,      -2.515972589,      0.6621135739
          0,           0,          39,      -4.920557488,      -1.661249027,      -2.538919036,      0.6387720041
          0,           0,          40,      -4.942723692,      -1.684228078,      -2.561043668,       0.615781493
          0,           0,          41,      -4.964625205,      -1.706908026,      -2.582800411,      0.5930555032
          0,           0,          42,      -4.986338208,       -1.72930104,      -2.604526596,      0.5705478904
          0,           0,          43,       -5.00788142,      -1.751408914,      -2.626424495,      0.5482482964
          0,           0,          44,      -5.029246622,      -1.773232135,      -2.648570579,      0.5261641651
          0,           0,          45,      -5.050421377,      -1.794776224,      -2.670943687,      0.5043060106
          0,           0,          46,      -5.071399769,      -1.816055384,      -2.693462403,       0.482679504
          0,           0,          47,      -5.092188942,      -1.837093273,      -2.716016964,      0.4612803272
          0,           0,          48,      -5.112809745,      -1.857921999,      -2.738495267,      0.4400924624
          0,           0,          49,      -5.133293059,      -1.878579995,      -2.760801924,      0.4190899445
          0,           0,          50,      -5.153678019,      -1.899109674,      -2.782869952,      0.3982380822
          0,           0,          51,      -5.174008125,      -1.919554589,      -2.804664489,      0.3774968359
          0,           0,          52,      -5.194322898,      -1.939957479,      -2.826189979,       0.356827127
          0,           0,          53,      -5.214667219,      -1.960359438,      -2.847469325,       0.336185837
          0,           0,          54,      -5.235083085,      -1.980797299,      -2.868545787,      0.3155321534
          0,           0,          55,      -5.255607288,      -2.001303753,      -2.889475473,      0.2948291561
          0,           0,          56,      -5.276270541,       -2.02190708,       -2.91031778,      0.2740453798
          0,           0,          57,      -5.297099252,      -2.042630963,      -2.931130851,      0.2531535618
          0,           0,          58,      -5.318116403,      -2.063494734,      -2.951970887,       0.232130045
          0,           0,          59,      -5.339341074,      -2.084513417,      -2.972885366,      0.2109551239
          0,           0,          60,      -5.360784391,      -2.105698348,      -2.993915826,      0.1896150668
          0,           0,          61,      -5.382449715,      -2.127057663,      -3.015096569,      0.1681029616
          0,           0,          62,      -5.404342116,      -2.148596874,      -3.036451514,      0.1464112258
          0,           0,          63,      -5.426463425,       -2.17031908,      -3.057997871,      0.1245352805
          0,           0,          64,      -5.448810921,      -2.192224908,      -3.079747144,      0.1024739833
          0,           0,          65,      -5.471377943,      -2.214313477,      -3.101708323,     0.08022991032
          0,           0,          66,      -5.494158294,      -2.236582552,      -3.123883691,     0.05780588445
          0,           0,          67,      -5.517146607,       -2.25902933,      -3.146276042,     0.03520431937
          0,           0,          68,      -5.540335822,      -2.281650368,      -3.168881121,     0.01242900223
          0,           0,          69,      -5.563718012,      -2.304441801,      -3.191693434,    -0.01051522961
          0,           0,          70,      -5.587285703,      -2.327399412,       -3.21470795,    -0.03362369702
          0,           0,          71,      -5.611031302,       -2.35051869,      -3.237917164,    -0.05689142372
          0,           0,          72,      -5.634947077,       -2.37379495,      -3.261312785,    -0.08031323805
          0,           0,          73,      -5.659026459,      -2.397223706,      -3.284888861,     -0.1038845917
          0,           0,          74,      -5.683265415,      -2.420800798,      -3.308638541,     -0.1276026488
          0,           0,          75,      -5.707658741,      -2.444522086,      -3.332555943,     -0.1514637645
          0,           0,          76,      -5.732200222,      -2.468383493,      -3.356636395,     -0.1754635445
          0,           0,          77,       -5.75688467,      -2.492380929,      -3.380876599,     -0.1995981768
          0,           0,          78,      -5.781709271,      -2.516510732,      -3.405272856,     -0.2238654719
          0,           0,          79,      -5.806667983,      -2.540769504,      -3.429818139,     -0.2482610212
          0,           0,          80,      -5.831756292,      -2.565153788,      -3.454506682,     -0.2727813943
          0,           0,          81,      -5.856972397,       -2.58966034,       -3.47933426,     -0.2974251651
          0,           0,          82,      -5.882312299,       -2.61428592,      -3.504301398,     -0.3221890504
          0,           0,          83,      -5.907772293,      -2.639027437,      -3.529405852,      -0.347069997
          0,           0,          84,      -5.933349425,      -2.663881974,      -3.554645817,     -0.3720655715
          0,           0,          85,      -5.959041777,      -2.688846838,      -3.580018369,     -0.3971740919
          0,           0,          86,      -5.984846687,      -2.713919393,      -3.605522473,     -0.4223932437
          0,           0,          87,      -6.010761063,      -2.739097059,      -3.631157091,     -0.4477204123
          0,           0,          88,      -6.036782158,      -2.764377377,      -3.656919912,     -0.4731532784
          0,           0,          89,      -6.062907585,      -2.789758024,      -3.682808744,     -0.4986896356
          0,           0,          90,      -6.089134928,      -2.815236865,      -3.708821926,     -0.5243274011
          0,           0,          91,      -6.115461774,      -2.840812034,      -3.734956598,     -0.5500645149
          0,           0,          92,      -6.141887478,      -2.866481685,      -3.761210927,     -0.5759005484
          0,           0,          93,      -6.168409269,      -2.892243336,      -3.787583974,     -0.6018328072
          0,           0,          94,      -6.195025231,      -2.918095135,      -3.814073134,     -0.6278595988
          0,           0,          95,      -6.221733555,      -2.944035263,      -3.840671682,     -0.6539792841
          0,           0,          96,      -6.248530873,      -2.970061821,      -3.867388507,     -0.6801889315
          0,           0,          97,      -6.275415133,      -2.996173225,      -3.894220103,     -0.7064868249
          0,           0,          98,       -6.30238255,      -3.022368104,      -3.921164328,      -0.732869884
          0,           0,          99,      -6.329435667,      -3.048645098,      -3.948215987,     -0.7593402604
          0,           0,         100,       -6.35657272,      -3.075002663,      -3.975375776,     -0.7858962775
          0,           0,         101,      -6.383792184,      -3.101439411,      -4.002639452,      -0.812536542
          0,           0,         102,      -6.411090396,      -3.127953859,       -4.03000599,     -0.8392582294
          0,           0,         103,      -6.438464672,       -3.15454464,      -4.057473182,     -0.8660593498
          0,           0,         104,      -6.465914726,      -3.181210453,      -4.085039632,     -0.8929394754
          0,           0,         105,      -6.493439306,      -3.207950032,      -4.112703996,     -0.9198974591
          0,           0,         106,      -6.521036472,      -3.234762145,      -4.140464726,     -0.9469317576
          0,           0,         107,      -6.548704171,      -3.261645612,      -4.168319909,     -0.9740408144
          0,           0,         108,      -6.576440457,      -3.288599305,      -4.196267309,      -1.001223154
          0,           0,         109,      -6.604243754,       -3.31562212,      -4.224305788,      -1.028477519
          0,           0,         110,      -6.632112656,      -3.342712977,      -4.252433607,      -1.055802766
          0,           0,         111,      -6.660045462,      -3.369870857,      -4.280648752,      -1.083197569
          0,           0,         112,      -6.688040828,      -3.397094753,      -4.308948193,      -1.110661017
          0,           0,         113,      -6.716097189,      -3.424383646,       -4.33733244,      -1.138191725
          0,           0,         114,      -6.744213058,      -3.451736567,      -4.365799432,      -1.165788512
          0,           0,         115,      -6.772387092,      -3.479152595,      -4.394346992,      -1.193450345
          0,           0,         116,      -6.800617889,      -3.506630817,      -4.422973412,      -1.221176145
          0,           0,         117,      -6.828904205,      -3.534170333,      -4.451676254,      -1.248964955
          0,           0,         118,      -6.857244445,      -3.561770273,      -4.480455286,      -1.276815448
          0,           0,         119,      -6.885637178,       -3.58942981,      -4.509308745,      -1.304726498
          0,           0,         120,      -6.914081106,      -3.617148127,      -4.538234837,      -1.332697074
          0,           0,         121,       -6.94257498,      -3.644924431,      -4.567231737,      -1.360726171
          0,           0,         122,       -6.97111762,      -3.672757945,       -4.59629768,      -1.388812835
          0,           0,         123,      -6.999707918,      -3.700647904,      -4.625430967,      -1.416956157
          0,           0,         124,      -7.028344631,      -3.728593564,      -4.654629907,      -1.445155111
          0,           0,         125,      -7.057026672,      -3.756594181,      -4.683893035,      -1.473408779
          0,           0,         126,      -7.085753024,      -3.784649045,       -4.71321875,      -1.501716285
          0,           0,         127,      -7.114522623,      -3.812757452,      -4.742605451,       -1.53007671
          0,           0,         128,      -7.143334289,      -3.840918703,      -4.772051643,      -1.558489028
          0,           0,         129,      -7.172187136,       -3.86913227,      -4.801554469,      -1.586952383
          0,           0,         130,      -7.201080385,      -3.897397438,      -4.831111084,      -1.615466143
          0,           0,         131,      -7.230012539,      -3.925713453,      -4.860724379,      -1.644028987
          0,           0,         132,      -7.258982951,      -3.954079701,      -4.890391931,      -1.672640222
          0,           0,         133,      -7.287991113,      -3.982495612,      -4.920110889,      -1.701299287
          0,           0,         134,      -7.317036265,      -4.010960593,      -4.949879144,      -1.730005469
          0,           0,         135,      -7.346117537,      -4.039474042,      -4.979695186,      -1.758757944
          0,           0,         136,      -7.375234048,      -4.068035362,      -5.009557741,      -1.787555842
          0,           0,         137,      -7.404384968,      -4.096643979,       -5.03946545,        -1.8163983
          0,           0,         138,      -7.433569505,      -4.125299338,      -5.069416812,      -1.845284478
          0,           0,         139,      -7.462786974,      -4.154000913,      -5.099410192,      -1.874213616
          0,           0,         140,      -7.492036799,      -4.182748194,      -5.129443919,      -1.903185032
          0,           0,         141,      -7.521318471,      -4.211540683,      -5.159516371,      -1.932198088
          0,           0,         142,      -7.550631509,      -4.240377898,       -5.18962601,      -1.961252163
          0,           0,         143,      -7.579975455,      -4.269259365,      -5.219771361,      -1.990346645
          0,           0,         144,      -7.609349863,      -4.298184624,      -5.249950994,      -2.019480926
          0,           0,         145,      -7.638754313,      -4.327153228,      -5.280163502,      -2.048654408
          0,           0,         146,      -7.668188416,      -4.356164743,      -5.310407496,      -2.077866508
          0,           0,         147,      -7.697651813,      -4.385218747,      -5.340681588,      -2.107116664
          0,           0,         148,      -7.727144179,      -4.414314832,      -5.370984408,      -2.136404331
          0,           0,         149,      -7.756665222,      -4.443452602,      -5.401314597,      -2.165728985
          0,           0,         150,      -7.786214682,      -4.472631677,      -5.431670814,      -2.195090123
          0,           0,         151,      -7.815792328,      -4.501851684,      -5.462051742,      -2.224487262
          0,           0,         152,      -7.845397963,      -4.531112268,      -5.492456099,       -2.25391994
          0,           0,         153,      -7.875031419,      -4.560413083,      -5.522882635,      -2.283387716
          0,           0,         154,      -7.904692558,      -4.589753798,      -5.553330133,      -2.312890168
          0,           0,         155,      -7.934381266,      -4.619134091,      -5.583797412,      -2.342426894
          0,           0,         156,      -7.964097461,      -4.648553656,      -5.614283335,      -2.371997513
          0,           0,         157,      -7.993841078,      -4.678012197,      -5.644786794,      -2.401601661
          0,           0,         158,      -8.023612082,      -4.707509431,      -5.675306718,      -2.431238995
          0,           0,         159,      -8.053410455,      -4.737045088,      -5.705842077,      -2.460909191
          0,           0,         160,      -8.083236206,       -4.76661891,      -5.736391878,      -2.490611944
          0,           0,         161,      -8.113089352,      -4.796230649,      -5.766955172,      -2.520346961
          0,           0,         162,       -8.14296995,      -4.825880072,      -5.797531049,      -2.550113982
          0,           0,         163,      -8.172878061,      -4.855566956,      -5.828118645,      -2.579912756
          0,           0,         164,      -8.202813774,      -4.885291091,      -5.858717136,      -2.609743057
          0,           0,         165,      -8.232777187,      -4.915052278,       -5.88932575,       -2.63960467
          0,           0,         166,       -8.26276842,      -4.944850329,      -5.919943766,      -2.669497404
          0,           0,         167,        -8.2927876,      -4.974685068,      -5.950570499,      -2.699421081
          0,           0,         168,       -8.32283488,      -5.004556331,      -5.981205302,       -2.72937555
          0,           0,         169,      -8.352910418,      -5.034463964,      -6.011847601,      -2.759360666
          0,           0,         170,      -8.383014379,      -5.064407823,      -6.042496862,      -2.789376301
          0,           0,         171,       -8.41314696,      -5.094387778,      -6.073152579,       -2.81942236
          0,           0,         172,      -8.443308343,      -5.124403706,      -6.103814315,      -2.849498742
          0,           0,         173,      -8.473498738,      -5.154455495,      -6.134481684,      -2.879605378
          0,           0,         174,      -8.503718347,      -5.184543045,      -6.165154334,      -2.909742205
          0,           0,         175,      -8.533967396,      -5.214666264,      -6.195831971,      -2.939909181
          0,           0,         176,      -8.564246107,      -5.244825069,      -6.226514349,      -2.970106273
          0,           0,         177,      -8.594554707,      -5.275019388,      -6.257201252,      -3.000333465
          0,           0,         178,      -8.624893436,      -5.305249157,      -6.287892547,      -3.030590751
          0,           0,         179,       -8.65526255,      -5.335514323,      -6.318588089,      -3.060878158
          0,           0,         180,      -8.685662266,      -5.365814837,      -6.349287863,      -3.091195687
          0,           0,         181,      -8.716092857,      -5.396150663,      -6.379991829,      -3.121543389
          0,           0,         182,        -8.7465546,      -5.426521802,      -6.410699868,       -3.15192133
          0,           0,         183,      -8.777047779,      -5.456928218,      -6.441412203,      -3.182329584
          0,           0,         184,      -8.807572557,      -5.487369873,      -6.472129002,      -3.212768161
          0,           0,         185,      -8.838129208,      -5.517846766,      -6.502850379,      -3.243237166
          0,           0,         186,      -8.868718001,      -5.548358888,      -6.533576504,      -3.273736682
          0,           0,         187,      -8.899339208,      -5.578906248,      -6.564307565,      -3.304266829
          0,           0,         188,       -8.92999304,      -5.609488851,      -6.595043858,      -3.334827671
          0,           0,         189,      -8.960679775,      -5.640106718,      -6.625785639,      -3.365419346
          0,           0,         190,      -8.991399591,      -5.670759866,      -6.656533297,      -3.396041937
          0,           0,         191,      -9.022152769,      -5.701448322,      -6.687287139,      -3.426695574
          0,           0,         192,       -9.05293955,      -5.732172119,      -6.718047568,      -3.457380397
          0,           0,         193,      -9.083760189,      -5.762931288,      -6.748815032,      -3.488096551
          0,           0,         194,       -9.11461492,      -5.793725875,      -6.779589904,      -3.518844191
          0,           0,         195,      -9.145503981,      -5.824555917,      -6.810372683,      -3.549623447
          0,           0,         196,      -9.176427587,      -5.855421461,      -6.841163896,      -3.580434479
          0,           0,         197,      -9.207386006,      -5.886322559,      -6.871963996,      -3.611277461
          0,           0,         198,      -9.238379395,      -5.917259255,      -6.902773499,       -3.64215251
          0,           0,         199,      -9.269407988,      -5.948231608,      -6.933593061,      -3.673059815
          0,           0,         200,      -9.300472014,      -5.979239675,      -6.964423121,      -3.703999539
          0,           0,         201,      -9.331571675,       -6.01028351,      -6.995264342,      -3.734971836
          0,           0,         202,      -9.362707161,      -6.041363177,      -7.026117281,      -3.765976882
          0,           0,         203,      -9.393878683,      -6.072478733,      -7.056982566,      -3.797014858
          0,           0,         204,      -9.425086418,      -6.103630238,      -7.087860766,       -3.82808591
          0,           0,         205,      -9.456330554,      -6.134817761,      -7.118752537,      -3.859190237
          0,           0,         206,      -9.487611259,      -6.166041356,      -7.149658517,      -3.890327966
          0,           0,         207,      -9.518928764,      -6.197301091,      -7.180579182,      -3.921499282
          0,           0,         208,      -9.550283148,      -6.228597026,      -7.211515456,      -3.952704384
          0,           0,         209,      -9.581674602,      -6.259929228,      -7.242467727,      -3.983943373
          0,           0,         210,      -9.613103269,      -6.291297749,      -7.273436769,      -4.015216458
          0,           0,         211,      -9.644569338,      -6.322702651,      -7.304423002,      -4.046523767
          0,           0,         212,      -9.676073011,      -6.354143997,      -7.335427425,      -4.077865547
          0,           0,         213,      -9.707614315,      -6.385621853,      -7.366450526,      -4.109241894
          0,           0,         214,      -9.739193362,      -6.417136249,      -7.397492662,      -4.140652905
          0,           0,         215,      -9.770810331,      -6.448687258,      -7.428554874,      -4.172098757
          0,           0,         216,      -9.802465346,      -6.480274926,      -7.459637309,      -4.203579599
          0,           0,         217,      -9.834158583,      -6.511899321,      -7.490741027,      -4.235095689
          0,           0,         218,      -9.865890024,      -6.543560468,      -7.521866452,      -4.266647022
          0,           0,         219,      -9.897659987,      -6.575258416,      -7.553014136,      -4.298233809
          0,           0,         220,      -9.929468192,      -6.606993206,      -7.584184548,      -4.329856088
          0,           0,         221,      -9.961315113,      -6.638764896,      -7.615378265,      -4.361514126
          0,           0,         222,      -9.993200612,      -6.670573498,      -7.646596439,      -4.393207884
          0,           0,         223,      -10.02512499,      -6.702419063,      -7.677838988,      -4.424937705
          0,           0,         224,       -10.0570878,      -6.734301597,      -7.709106989,       -4.45670336
          0,           0,         225,      -10.08908972,      -6.766221134,      -7.740400134,      -4.488505104
          0,           0,         226,      -10.12113082,      -6.798177754,        -7.7717194,      -4.520343413
          0,           0,         227,      -10.15321092,      -6.830171404,      -7.803065292,      -4.552217961
          0,           0,         228,       -10.1853297,      -6.862202119,      -7.834438789,      -4.584128793
          0,           0,         229,      -10.21748802,      -6.894269918,      -7.865839351,      -4.616076195
          0,           0,         230,      -10.24968541,      -6.926374829,      -7.897267971,      -4.648060203
          0,           0,         231,      -10.28192201,      -6.958516807,      -7.928725723,       -4.68008091
          0,           0,         232,      -10.31419738,      -6.990695843,      -7.960211942,      -4.712137907
          0,           0,         233,      -10.34651283,      -7.022912044,      -7.991727478,       -4.74423239
          0,           0,         234,      -10.37886697,      -7.055165297,      -8.023273399,      -4.776363114
          0,           0,         235,      -10.41126102,      -7.087455662,      -8.054849431,      -4.808531144
          0,           0,         236,      -10.44369434,      -7.119783063,      -8.086455277,      -4.840735998
          0,           0,         237,      -10.47616704,      -7.152147503,      -8.118092297,      -4.872977724
          0,           0,         238,      -10.50867913,      -7.184548958,      -8.149761369,      -4.905256656
          0,           0,         239,      -10.54123091,      -7.216987392,      -8.181460327,      -4.937572575
          0,           0,         240,      -10.57382204,      -7.249462797,      -8.213192668,      -4.969925435
          0,           0,         241,      -10.60645261,      -7.281975092,       -8.24495563,      -5.002315574
          0,           0,         242,      -10.63912331,      -7.314524261,      -8.276753599,      -5.034742771
          0,           0,         243,      -10.67183243,      -7.347110337,       -8.30858295,      -5.067207003
          0,           0,         244,       -10.7045824,      -7.379733154,      -8.340445879,       -5.09970871
          0,           0,         245,      -10.73737031,      -7.412392488,      -8.372340079,      -5.132245901
          0,           0,         246,      -10.77019955,       -7.44508883,      -8.404270139,      -5.164822375
          0,           0,         247,       -10.8030671,      -7.477821541,      -8.436232825,      -5.197434439
          0,           0,         248,      -10.83597397,      -7.510590816,      -8.468229122,      -5.230083422
          0,           0,         249,      -10.86892183,      -7.543396747,      -8.500260945,      -5.262771199
          0,           0,         250,        -10.901908,      -7.576238924,      -8.532325943,      -5.295493907
          0,           0,         251,      -10.93493303,      -7.609117376,      -8.564424945,      -5.328253792
          0,           0,         252,      -10.96800032,      -7.642032094,      -8.596561491,      -5.361052315
          0,           0,         253,      -11.00110341,      -7.674983109,      -8.628727337,      -5.393885643
          0,           0,         254,      -11.03424984,       -7.70797011,      -8.660933524,      -5.426757063
          0,           0,         255,      -11.06743329,      -7.740992893,      -8.693170983,      -5.459663671
          0,           0,         256,       -11.1006572,      -7.774051589,       -8.72544808,      -5.492608272
          0,           0,         257,      -11.13392028,      -7.807146232,      -8.757757654,      -5.525589583
          0,           0,         258,      -11.16722385,      -7.840276512,      -8.790105334,      -5.558607245
          0,           0,         259,       -11.2005666,      -7.873441946,      -8.822480485,      -5.591659348
          0,           0,         260,      -11.23394832,      -7.906643517,      -8.854893948,      -5.624752063
          0,           0,         261,      -11.26737196,      -7.939880101,      -8.887349844,      -5.657880564
          0,           0,         262,      -11.30082822,       -7.97315161,      -8.919834411,      -5.691040187
          0,           0,         263,       -11.3343292,      -8.006458202,      -8.952356133,       -5.72423771
          0,           0,         264,      -11.36786994,      -8.039800228,      -8.984922834,      -5.757475126
          0,           0,         265,      -11.40144683,      -8.073176286,      -9.017508393,      -5.790742833
          0,           0,         266,      -11.43506961,      -8.106588031,      -9.050142062,      -5.824052897
          0,           0,         267,      -11.46872537,      -8.140033151,      -9.082803222,      -5.857391858
          0,           0,         268,      -11.50242224,      -8.173513522,      -9.115507758,      -5.890768131
          0,           0,         269,      -11.53615452,      -8.207028364,      -9.148254072,      -5.924182357
          0,           0,         270,      -11.56994071,      -8.240577358,      -9.181022723,      -5.957634508
          0,           0,         271,      -11.60375049,      -8.274158935,      -9.213817074,      -5.991111263
          0,           0,         272,      -11.63760787,      -8.307775168,      -9.246677772,      -6.024632747
          0,           0,         273,      -11.67150612,      -8.341425604,      -9.279544418,      -6.058184471
          0,           0,         274,      -11.70543437,       -8.37510878,      -9.312461107,      -6.091769833
          0,           0,         275,      -11.73941608,      -8.408825843,      -9.345408514,       -6.12539501
          0,           0,         276,      -11.77342049,       -8.44257557,      -9.378390685,      -6.159053901
          0,           0,         277,      -11.80747357,      -8.476358856,      -9.411446009,      -6.192741681
          0,           0,         278,      -11.84156376,      -8.510174834,      -9.444467273,      -6.226472891
          0,           0,         279,      -11.87569632,       -8.54402348,      -9.477579535,      -6.260231797
          0,           0,         280,       -11.9098739,      -8.577903635,      -9.510678025,      -6.294014509
          0,           0,         281,      -11.94408945,      -8.611818177,      -9.543860201,      -6.327856538
          0,           0,         282,      -11.97833878,      -8.645763763,      -9.577045375,      -6.361714164
          0,           0,         283,       -12.0126261,      -8.679739103,      -9.610249367,      -6.395595486
          0,           0,         284,      -12.04693053,      -8.713749635,      -9.643577024,       -6.42953591
          0,           0,         285,      -12.08133296,      -8.747790819,      -9.676824832,      -6.463498979
          0,           0,         286,      -12.11574083,      -8.781863263,      -9.710199986,      -6.497488868
          0,           0,         287,      -12.15016917,      -8.815967637,      -9.743576758,      -6.531512365
          0,           0,         288,      -12.18467538,      -8.850099887,      -9.776935311,      -6.565552863
          0,           0,         289,      -12.21918815,      -8.884264806,      -9.810382018,       -6.59965238
          0,           0,         290,      -12.25373716,      -8.918462648,        -9.8438158,      -6.633764193
          0,           0,         291,        -12.288378,      -8.952692794,      -9.877374879,      -6.667956718
          0,           0,         292,      -12.32298563,      -8.986944871,      -9.910890678,      -6.702112116
          0,           0,         293,      -12.35770627,      -9.021234784,      -9.944468188,      -6.736357777
          0,           0,         294,      -12.39241426,      -9.055550205,      -9.978040195,       -6.77058352
          0,           0,         295,      -12.42718731,      -9.089891208,       -10.0117403,      -6.804854846
          0,           0,         296,      -12.46195638,      -9.124267293,      -10.04531072,      -6.839117901
          0,           0,         297,      -12.49688237,      -9.158676688,      -10.07907306,      -6.873536041
          0,           0,         298,      -12.53178075,      -9.193118809,      -10.11288921,      -6.907965447
          0,           0,         299,      -12.56662731,      -9.227572806,      -10.14648238,      -6.942263054
          0,           0,         300,       -12.6015936,      -9.262071136,       -10.1804551,      -6.976747528
          0,           0,         301,      -12.63656354,      -9.296573523,      -10.21412531,       -7.01109747
          0,           0,         302,      -12.67165233,      -9.331133696,      -10.24807174,      -7.045692864
          0,           0,         303,      -12.70670179,      -9.365705567,      -10.28196605,       -7.08018119
          0,           0,         304,       -12.7419518,      -9.400323073,      -10.31589778,      -7.114895401
          0,           0,         305,      -12.77693292,      -9.434915536,      -10.34987285,       -7.14911034
          0,           0,         306,      -12.81213727,      -9.469600402,      -10.38397846,      -7.183930117
          0,           0,         307,      -12.84747317,      -9.504293381,       -10.4177092,      -7.218668685
          0,           0,         308,      -12.88272471,      -9.538981454,      -10.45201089,      -7.253147482
          0,           0,         309,      -12.91798272,      -9.573733292,       -10.4858777,      -7.287965915
          0,           0,         310,      -12.95339455,       -9.60849894,      -10.52009954,      -7.322633304
          0,           0,         311,      -12.98871396,      -9.643280013,      -10.55408984,       -7.35732093
          0,           0,         312,      -13.02412782,      -9.678100967,       -10.5879396,      -7.392085888
          0,           0,         313,      -13.05955013,      -9.712950625,      -10.62297915,      -7.427059794
          0,           0,         314,      -13.09514958,      -9.747804304,      -10.65666956,       -7.46169277
          0,           0,         315,      -13.13029873,      -9.782676457,      -10.69068929,      -7.496322382
          0,           0,         316,      -13.16618544,      -9.817611241,      -10.72522786,      -7.531464823
          0,           0,         317,      -13.20159142,      -9.852481287,      -10.75926614,      -7.565826766
          0,           0,         318,      -13.23714361,      -9.887472233,      -10.79352178,      -7.600946988
          0,           0,         319,      -13.27332778,      -9.922489866,      -10.82764852,      -7.636191387
          0,           0,         320,      -13.30874029,      -9.957541382,      -10.86239295,      -7.671409385
          0,           0,         321,      -13.34494923,       -9.99257701,      -10.89622829,      -7.706387829
          0,           0,         322,      -13.38019426,      -10.02762703,      -10.93132679,      -7.741201963
          0,           0,         323,      -13.41583014,       -10.0626935,      -10.96526464,      -7.776174934
          0,           0,         324,      -13.45134039,      -10.09777645,       -10.9992187,      -7.811039199
          0,           0,         325,      -13.48745239,      -10.13293332,      -11.03510484,      -7.846215266
          0,           0,         326,      -13.52287959,        -10.167939,      -11.06840692,      -7.880395873
          0,           0,         327,      -13.55851784,      -10.20322298,      -11.10304204,      -7.915702647
          0,           0,         328,      -13.59430592,      -10.23833284,      -11.13746243,      -7.950688031
          0,           0,         329,      -13.62909689,      -10.27348182,      -11.17090612,      -7.985425502
          0,           0,         330,        -13.666026,       -10.3087421,      -11.20526802,      -8.020990097
          0,           0,         331,      -13.70230579,      -10.34408872,       -11.2400365,       -8.05677851
          0,           0,         332,      -13.73669435,      -10.37909617,      -11.27541427,      -8.090214003
          0,           0,         333,      -13.77131435,      -10.41429025,      -11.30817889,      -8.124339731
          0,           0,         334,       -13.8069818,      -10.44958463,      -11.34155138,      -8.159845543
          0,           0,         335,      -13.84241079,      -10.48506677,       -11.3774486,      -8.196163061
          0,           0,         336,       -13.8769263,      -10.52007694,      -11.40822347,      -8.228741397
          0,           0,         337,      -13.91202397,      -10.55557484,      -11.44352076,      -8.263892472
          0,           0,         338,      -13.94874835,      -10.59081371,      -11.47680928,      -8.298921608
          0,           0,         339,      -13.98244178,      -10.62641322,       -11.5109029,      -8.333569846
          0,           0,         340,      -14.01672668,      -10.66161798,      -11.54408678,      -8.368536749
          0,           0,         341,      -14.04813707,      -10.69684895,      -11.57551601,      -8.401331535
          0,           0,         342,      -14.08369645,      -10.73198529,      -11.60948411,      -8.433613585
          0,           0,         343,      -14.11359734,      -10.76733158,      -11.64061832,      -8.467689906
          0,           0,         344,      -14.14575657,       -10.8028267,      -11.67173637,      -8.502346036
          0,           0,         345,      -14.17824889,      -10.83843778,      -11.70475793,      -8.537635288
          0,           0,         346,      -14.21057761,      -10.87310069,      -11.73621571,      -8.565988136
          0,           0,         347,      -14.24175705,      -10.90889884,      -11.76478489,      -8.603666446
          0,           0,         348,      -14.26723969,      -10.94361374,      -11.79128389,      -8.631937039
          0,           0,         349,       -14.2950679,      -10.97916591,      -11.82062564,      -8.663004867
          0,           0,         350,      -14.32271819,      -11.01497424,      -11.84881095,       -8.69631582
          0,           0,         351,       -14.3536976,      -11.05012869,      -11.87650516,      -8.729427884
          0,           0,         352,      -14.37637916,      -11.08501419,      -11.89638276,      -8.754050044
          0,           0,         353,      -14.39695058,      -11.11961452,      -11.92423142,      -8.777399304
          0,           0,         354,      -14.42248983,      -11.15555643,      -11.95049614,      -8.813849157
          0,           0,         355,      -14.44167488,      -11.19073247,      -11.98213092,       -8.84030316
          0,           0,         356,      -14.45709453,      -11.22322818,      -11.99645877,      -8.854232882
          0,           0,         357,      -14.47336207,      -11.25775129,       -12.0109813,      -8.878829296
          0,           0,         358,      -14.49362421,      -11.29568335,      -12.01968364,      -8.913661571
          0,           0,         359,      -14.50974783,      -11.32810688,       -12.0538764,      -8.926130387
          0,           0,         360,      -14.52785801,      -11.36102213,      -12.05459851,      -8.943625894
          0,           0,         361,      -14.51763187,      -11.39637806,       -12.0836647,      -8.963736117
          0,           0,         362,      -14.54155332,       -11.4280058,      -12.08108853,      -8.979124903
          0,           0,         363,      -14.55313953,      -11.45961958,      -12.09391426,      -8.986365197
          0,           0,         364,      -14.55433594,      -11.49447289,      -12.09810329,      -9.007640745
          0,           0,         365,      -14.54934977,       -11.5274144,      -12.12121181,      -9.018044771
          0,           0,         366,      -14.57173087,      -11.55787551,      -12.11048305,      -9.030429167
          0,           0,         367,      -14.56889002,      -11.58958336,      -12.13452122,      -9.035278806
          0,           0,         368,      -14.57748782,      -11.61942902,      -12.13604721,      -9.051789085
          0,           0,         369,      -14.55795575,      -11.64919797,      -12.14707885,      -9.052237194
          0,           0,         370,       -14.5674098,      -11.68087485,       -12.1453438,      -9.054953161
          0,           0,         371,      -14.58179417,      -11.70237153,      -12.15232033,      -9.059695298
          0,           0,         372,      -14.59125947,      -11.74159776,      -12.14210721,      -9.082551694
          0,           0,         373,      -14.58693365,      -11.76010219,      -12.15192515,      -9.078024574
          0,           0,         374,      -14.59114381,      -11.78477391,      -12.16571772,      -9.081978706
          0,           0,         375,      -14.60243642,      -11.81377446,      -12.16960433,      -9.099277002
          0,           0,         376,       -14.6014131,       -11.8352828,      -12.17195037,      -9.093991417
          0,           0,         377,      -14.60509259,      -11.86589592,      -12.17300686,      -9.113179625
          0,           0,         378,       -14.6075242,      -11.87422125,      -12.17351529,      -9.096930601
          0,           0,         379,      -14.62024078,      -11.90302084,      -12.16183891,      -9.116601233
          0,           0,         380,       -14.6011863,      -11.90549171,      -12.17025964,       -9.09673362
          0,           0,         381,      -14.61313164,      -11.92911392,      -12.17997661,      -9.120807018
          0,           0,         382,       -14.5942459,      -11.93619751,      -12.15558742,      -9.093955057
          0,           0,         383,      -14.58865957,      -11.96001679,      -12.16628855,      -9.102517619
          0,           0,         384,      -14.58273173,      -11.95332614,      -12.16994282,      -9.090060372
          0,           0,         385,      -14.58528803,      -11.96026122,      -12.16993715,      -9.100080164
          0,           0,         386,      -14.59795546,      -11.98008172,      -12.15689103,      -9.100861638
          0,           0,         387,      -14.59286366,      -11.99844952,      -12.18612555,       -9.10735101
          0,           0,         388,      -14.60193225,      -12.02005693,      -12.16917579,      -9.115260018
          0,           0,         389,        -14.591506,      -11.98300448,      -12.16911432,      -9.097730928
          0,           0,         390,      -14.59999199,      -11.99592331,      -12.16399321,      -9.099308797
          0,           0,         391,      -14.59739195,       -12.0188951,      -12.18486489,      -9.108430401
          0,           0,         392,      -14.61363172,      -12.03897988,      -12.18383742,      -9.127581434
          0,           0,         393,      -14.59219503,      -12.02998691,        -12.168674,      -9.106959901
          0,           0,         394,      -14.60348929,      -12.02175101,      -12.17352179,      -9.110695574
          0,           0,         395,      -14.60833287,      -12.03818327,      -12.16946673,      -9.108127234
          0,           0,         396,      -14.60427409,      -12.03486919,      -12.16806287,      -9.107277844
          0,           0,         397,      -14.59933957,      -12.04021446,       -12.1583081,      -9.109664627
          0,           0,         398,      -14.59986926,      -12.03245808,      -12.17242292,      -9.105990188
          0,           0,         399,      -14.59256307,      -12.04643074,      -12.15758667,      -9.111028113
          0,           0,         400,      -14.60200962,      -12.05110749,      -12.17999612,      -9.113913871
          0,           0,         401,      -14.60606815,      -12.05108616,       -12.1665932,      -9.117579033
          0,           0,         402,      -14.61206268,      -12.05716879,      -12.17734598,      -9.122641122
          0,           0,         403,      -14.60158386,      -12.04923728,      -12.17447251,      -9.110127258
          0,           0,         404,      -14.61921336,      -12.06575624,      -12.17313857,      -9.127246833
          0,           0,         405,      -14.60327865,      -12.04137181,      -12.15615903,      -9.107729824
          0,           0,         406,      -14.59965282,      -12.04926166,      -12.16758219,      -9.111915788
          0,           0,         407,      -14.60287519,      -12.04416016,      -12.17855826,      -9.109090564
          0,           0,         408,      -14.59993916,      -12.05056821,      -12.16669591,      -9.106747103
          0,           0,         409,      -14.59949814,      -12.03429101,      -12.18997862,      -9.096848183
          0,           0,         410,      -14.60782502,      -12.05221965,      -12.17686163,      -9.113088112
          0,           0,         411,       -14.6105737,      -12.05257357,      -12.17379743,       -9.11580299
          0,           0,         412,      -14.59454917,      -12.03751931,      -12.16807267,      -9.104089704
          0,           0,         413,      -14.61073726,      -12.06471477,      -12.16795298,      -9.125709998
          0,           0,         414,      -14.62456069,      -12.07126084,      -12.17774304,      -9.139522712
          0,           0,         415,      -14.59574983,      -12.05511501,      -12.15835584,      -9.105571016
          0,           0,         416,      -14.59261445,       -12.0329581,      -12.17964942,       -9.10376088
          0,           0,         417,      -14.60348414,      -12.05373906,       -12.1892366,      -9.124830995
          0,           0,         418,       -14.5891705,      -12.04736579,       -12.1635162,      -9.100295815
          0,           0,         419,      -14.59706696,      -12.04659548,       -12.1813201,      -9.108403188
          0,           0,         420,      -14.61070476,      -12.05889689,      -12.15933375,      -9.115586566
          0,           0,         421,      -14.61101273,      -12.04838234,       -12.1732047,      -9.116646955
          0,           0,         422,      -14.60840382,      -12.04389835,      -12.17479401,      -9.107269247
          0,           0,         423,      -14.59537593,      -12.03091519,      -12.17373338,      -9.097049188
          0,           0,         424,      -14.62109061,      -12.07297367,      -12.17263593,      -9.136211795
          0,           0,         425,      -14.59041723,      -12.03067274,      -12.17037959,      -9.101231286
          0,           0,         426,      -14.60796133,      -12.04786091,      -12.18007705,      -9.107239462
          0,           0,         427,      -14.59725542,      -12.03282495,      -12.16711506,      -9.094620326
          0,           0,         428,      -14.61035162,      -12.05809727,      -12.16051746,      -9.115661938
          0,           0,         429,      -14.60838705,      -12.06160819,      -12.17549181,      -9.114266475
          0,           0,         430,      -14.61096598,      -12.06584953,      -12.18206472,      -9.123625333
          0,           0,         431,      -14.60953665,       -12.0455646,      -12.18269373,      -9.112448229
          0,           0,         432,      -14.59883736,      -12.05091247,      -12.16661531,      -9.111555588
          0,           0,         433,      -14.60937852,      -12.06782052,       -12.1817375,      -9.125449272
          0,           0,         434,      -14.60253798,      -12.06275752,      -12.16977817,      -9.122579021
          0,           0,         435,      -14.59651809,      -12.04402528,      -12.16452543,      -9.101916024
          0,           0,         436,      -14.60298437,      -12.03802481,       -12.1706348,      -9.099326572
          0,           0,         437,      -14.58924446,       -12.0297283,      -12.17159908,      -9.098224638
          0,           0,         438,      -14.61047561,      -12.06392857,      -12.16117634,      -9.123745883
          0,           0,         439,      -14.60916093,      -12.05674699,      -12.17480532,      -9.112196685
          0,           0,         440,       -14.6200372,      -12.07706506,      -12.18288676,      -9.132405082
          0,           0,         441,      -14.59571241,      -12.05108927,      -12.16476021,      -9.107762473
          0,           0,         442,      -14.59701766,      -12.04552715,      -12.16638551,      -9.096465875
          0,           0,         443,      -14.60999325,      -12.06032135,      -12.17456091,      -9.114398474
          0,           0,         444,      -14.60255002,       -12.0586325,      -12.16744439,       -9.12022075
          0,           0,         445,      -14.58429659,      -12.01474485,      -12.16895346,      -9.095473752
          0,           0,         446,      -14.58929921,      -12.03793462,      -12.17107079,      -9.099967417
          0,           0,         447,      -14.60689141,      -12.06112913,      -12.17994128,      -9.116576137
          0,           0,         448,      -14.60210213,      -12.04883587,      -12.17198614,      -9.107404522
          0,           0,         449,      -14.61041102,      -12.06413018,      -12.16790549,      -9.116468535
          0,           0,         450,      -14.60730911,      -12.05206472,      -12.17287699,      -9.111519061
          0,           0,         451,       -14.5818706,      -12.03127743,       -12.1496427,      -9.090430293
          0,           0,         452,      -14.58456578,      -12.01873917,      -12.17205424,      -9.094076672
          0,           0,         453,      -14.60570424,       -12.0484327,      -12.17040355,      -9.115744189
          0,           0,         454,      -14.59747247,      -12.05190592,      -12.16916492,      -9.112472897
          0,           0,         455,      -14.60691218,      -12.05509933,      -12.17034095,      -9.115902079
          0,           0,         456,      -14.59444645,      -12.03737081,      -12.15722104,      -9.101783677
          0,           0,         457,      -14.59821496,      -12.04842191,      -12.18274372,      -9.107908368
          0,           0,         458,      -14.61171733,      -12.04561352,      -12.18563567,      -9.115855277
          0,           0,         459,      -14.59930758,      -12.04141418,      -12.17270795,      -9.109853799
          0,           0,         460,      -14.59721973,      -12.04830117,      -12.17144313,      -9.108797436
          0,           0,         461,      -14.60212141,      -12.05696424,      -12.17218243,       -9.11475524
          0,           0,         462,      -14.59044298,      -12.03775088,      -12.17533411,      -9.097825785
          0,           0,         463,      -14.59379041,      -12.05080614,       -12.1619983,      -9.107871469
          0,           0,         464,      -14.60578182,      -12.04071082,      -12.16683752,      -9.110415456
          0,           0,         465,      -14.61303216,      -12.06220069,      -12.17688021,      -9.111429919
          0,           0,         466,      -14.58888321,      -12.01763367,      -12.16998023,      -9.089073658
          0,           0,         467,      -14.61389544,      -12.05028349,      -12.19097199,      -9.118471989
          0,           0,         468,      -14.61732303,      -12.05639269,      -12.16424893,      -9.121834782
          0,           0,         469,      -14.60138205,      -12.05653889,      -12.14548193,      -9.106572488
          0,           0,         470,      -14.59086297,      -12.04631229,      -12.16742086,      -9.107873488
          0,           0,         471,      -14.58899857,      -12.03672154,      -12.16765042,       -9.10019159
          0,           0,         472,      -14.59946578,      -12.04437287,      -12.17742724,      -9.108593564
          0,           0,         473,      -14.59754432,      -12.04328348,      -12.17093019,      -9.105952468
          0,           0,         474,      -14.62310364,      -12.05959469,      -12.17283053,      -9.123928377
          0,           0,         475,      -14.59814007,      -12.04573289,      -12.16826292,      -9.108698043
          0,           0,         476,      -14.60839963,      -12.04840499,       -12.1845286,      -9.117495004
          0,           0,         477,      -14.61538636,      -12.06249576,      -12.16722258,      -9.127270575
          0,           0,         478,      -14.58002215,      -12.02671408,      -12.15941642,      -9.090307876
          0,           0,         479,      -14.60315644,      -12.05390554,      -12.15243683,      -9.111001025
          0,           0,         480,      -14.59314897,      -12.04484748,      -12.18264619,      -9.107977769
          0,           0,         481,      -14.61354232,      -12.05860411,       -12.1798811,      -9.120793318
          0,           0,         482,      -14.60961737,      -12.07102717,      -12.15792159,      -9.117971544
          0,           0,         483,      -14.60485915,      -12.05455178,      -12.16627116,      -9.119864734
          0,           0,         484,      -14.59358418,       -12.0274484,      -12.17876695,      -9.105426974
          0,           0,         485,      -14.61663131,      -12.05844871,      -12.17782937,      -9.116777089
          0,           0,         486,      -14.59205311,      -12.02113352,      -12.18370841,      -9.102283699
          0,           0,         487,      -14.59029613,      -12.02894617,      -12.16779305,      -9.100570146
          0,           0,         488,      -14.58848586,      -12.01912927,      -12.16470418,      -9.097594353
          0,           0,         489,      -14.59123042,      -12.04209748,      -12.18348506,      -9.105382173
          0,           0,         490,      -14.60415499,      -12.05069327,      -12.17677931,      -9.111109795
          0,           0,         491,      -14.60186626,      -12.06097364,      -12.15999024,      -9.106763799
          0,           0,         492,      -14.59418304,      -12.03413461,      -12.17504976,      -9.104736989
          0,           0,         493,      -14.59842762,      -12.04562408,      -12.17528533,       -9.10629196
          0,           0,         494,      -14.59172312,      -12.04607759,      -12.16921279,       -9.10737603
          0,           0,         495,      -14.59757186,      -12.04579386,      -12.17024581,      -9.098293299
          0,           0,         496,      -14.60485587,      -12.06181377,      -12.17224295,      -9.110742318
          0,           0,         497,      -14.59835304,      -12.04389749,      -12.17957414,      -9.107394428
          0,           0,         498,      -14.58823527,      -12.02093842,      -12.15197977,      -9.097423567
          0,           0,         499,      -14.59723176,      -12.03669938,      -12.18257005,      -9.101500208
          0,           0,         500,      -14.61789416,      -12.05510994,      -12.17334062,      -9.117453447
          0,           0,         501,      -14.59576667,      -12.03466943,      -12.15949714,      -9.101805589
          0,           0,         502,      -14.59765751,      -12.04810762,       -12.1814224,      -9.107858118
          0,           0,         503,       -14.6126809,      -12.06433995,      -12.18896732,      -9.123130524
          0,           0,         504,      -14.61351887,      -12.06117987,      -12.17320205,      -9.117383852
          0,           0,         505,      -14.61508949,      -12.04952447,      -12.19143991,      -9.119341261
          0,           0,         506,      -14.59116773,      -12.04850873,       -12.1648396,      -9.102096684
          0,           0,         507,      -14.61669016,      -12.06722007,      -12.17530644,      -9.124733847
          0,           0,         508,      -14.58249694,      -12.02784564,      -12.16144922,      -9.093039038
          0,           0,         509,      -14.59636412,      -12.05425733,      -12.15746071,      -9.097308163
          0,           0,         510,      -14.59459371,      -12.05096204,      -12.17305132,      -9.115965366
          0,           0,         511,      -14.60615778,      -12.05493721,      -12.15804563,      -9.122344674
          0,           0,         512,      -14.60777647,      -12.06356448,      -12.17662825,      -9.122926397
          0,           0,         513,      -14.59732162,       -12.0476554,      -12.16562312,      -9.107858303
          0,           0,         514,      -14.60054608,      -12.04106668,      -12.17456536,      -9.108193414
          0,           0,         515,      -14.59056448,       -12.0403176,      -12.17051871,       -9.10416726
          0,           0,         516,      -14.59470168,      -12.04561824,      -12.17402978,      -9.102328657
          0,           0,         517,      -14.59737944,      -12.04373168,      -12.15711619,      -9.098606632
          0,           0,         518,      -14.58638907,      -12.02020384,      -12.16268817,      -9.096150431
          0,           0,         519,      -14.60659014,      -12.05506891,      -12.16897275,      -9.111680966
          0,           0,         520,      -14.60316939,      -12.03917545,      -12.17925773,      -9.106863012
          0,           0,         521,      -14.59377464,      -12.04293311,      -12.17711729,      -9.108251091
          0,           0,         522,      -14.61160323,      -12.05067126,      -12.17839875,      -9.115060867
          0,           0,         523,      -14.60351827,      -12.05674993,       -12.1719277,      -9.112545232
          0,           0,         524,       -14.6101258,      -12.05677336,      -12.17050721,      -9.111212015
          0,           0,         525,      -14.58388417,      -12.03660175,       -12.1505277,      -9.099873005
          0,           0,         526,      -14.58617054,      -12.02778928,      -12.16252973,      -9.097725828
          0,           0,         527,       -14.5965967,      -12.03843234,      -12.18164156,      -9.102910478
          0,           0,         528,       -14.5966077,      -12.03564602,      -12.17103513,      -9.102796516
          0,           0,         529,      -14.59195957,      -12.05090978,      -12.17804809,      -9.106820708
          0,           0,         530,      -14.60983586,      -12.05121846,      -12.18498399,      -9.116918459
          0,           0,         531,        -14.620691,      -12.06175004,      -12.17934951,      -9.133380927
          0,           0,         532,      -14.60205607,      -12.04480306,      -12.16746135,      -9.107799538
          0,           0,         533,      -14.59025302,      -12.03808674,      -12.17397743,      -9.093775366
          0,           0,         534,       -14.6015296,      -12.04665985,      -12.17045523,      -9.103089076
          0,           0,         535,       -14.6035525,      -12.04749096,      -12.16163716,      -9.109398112
          0,           0,         536,       -14.5846497,      -12.03548635,      -12.14454361,      -9.093590128
          0,           0,         537,      -14.59322591,       -12.0400452,      -12.17463069,      -9.104184942
          0,           0,         538,      -14.61749667,      -12.07296954,      -12.17513692,      -9.128222514
          0,           0,         539,      -14.59345929,      -12.05565231,      -12.18471278,      -9.111487247
          0,           0,         540,      -14.59589565,      -12.06195147,      -12.15688993,      -9.108770542
          0,           0,         541,      -14.61607422,      -12.06610012,      -12.17053295,      -9.119873886
          0,           0,         542,      -14.62237715,      -12.07130442,      -12.17638675,      -9.123158981
          0,           0,         543,      -14.60299826,      -12.05887892,      -12.16901386,        -9.1170909
          0,           0,         544,      -14.59961213,      -12.05112508,      -12.15853614,      -9.110627675
          0,           0,         545,      -14.60268691,        -12.056181,      -12.18066776,      -9.111956688
          0,           0,         546,      -14.59970788,      -12.05913856,      -12.18414745,      -9.109426554
          0,           0,         547,       -14.5978063,      -12.04038368,      -12.16603182,      -9.104221772
          0,           0,         548,      -14.58677391,      -12.04807283,      -12.15870981,      -9.102315395
          0,           0,         549,      -14.59757853,      -12.03824292,      -12.16255756,      -9.097431281
          0,           0,         550,      -14.58353794,      -12.03835975,      -12.16021215,      -9.101003802
          0,           0,         551,      -14.59137319,      -12.01721265,      -12.16358685,      -9.090177354
          0,           0,         552,      -14.59706469,      -12.04678743,       -12.1667541,      -9.104493238
          0,           0,         553,      -14.59678187,       -12.0539345,      -12.16041798,      -9.100993273
          0,           0,         554,      -14.59475531,      -12.04175643,      -12.18419461,      -9.117640274
          0,           0,         555,      -14.60460417,      -12.03659992,      -12.16760176,       -9.09684369
          0,           0,         556,      -14.63049481,      -12.07876277,      -12.17385244,      -9.133379985
          0,           0,         557,      -14.58971695,      -12.02830225,      -12.17524575,      -9.101209081
          0,           0,         558,      -14.60518081,      -12.04214715,      -12.17979066,      -9.099713144
          0,           0,         559,      -14.59828706,      -12.05726671,      -12.16088395,       -9.11455948
          0,           0,         560,      -14.58764842,      -12.02053418,      -12.16527426,      -9.094618579
          0,           0,         561,      -14.59152478,      -12.03699491,      -12.16097864,      -9.099323458
          0,           0,         562,      -14.58682554,      -12.03297056,      -12.16581584,      -9.085388317
          0,           0,         563,      -14.60350836,      -12.04707142,      -12.17128135,      -9.109605001
          0,           0,         564,       -14.5859987,      -12.03412855,      -12.16826359,      -9.101103883
          0,           0,         565,      -14.60019281,      -12.05237558,       -12.1755059,      -9.108971009
          0,           0,         566,       -14.6247097,      -12.06678865,         -12.19323,       -9.13223253
          0,           0,         567,      -14.59012929,      -12.03813926,      -12.17730221,      -9.105107101
          0,           0,         568,       -14.5931263,      -12.03623351,      -12.16880705,      -9.098008118
          0,           0,         569,      -14.59035539,      -12.04285511,      -12.15868058,       -9.10522326
          0,           0,         570,      -14.57966645,       -12.0263004,      -12.16497402,      -9.090163208
          0,           0,         571,      -14.60025187,      -12.03797268,      -12.16388319,      -9.105512098
          0,           0,         572,      -14.61375499,      -12.06052098,      -12.17376347,      -9.126511096
          0,           0,         573,       -14.6049625,      -12.05796696,       -12.1728504,      -9.118408477
          0,           0,         574,      -14.61685503,      -12.05117791,       -12.1860698,      -9.115593626
          0,           0,         575,      -14.59503422,      -12.03224925,      -12.18093841,      -9.102579284
          0,           0,         576,       -14.6050537,      -12.04789601,       -12.1735084,      -9.110982823
          0,           0,         577,      -14.61269963,      -12.06168304,      -12.17536609,      -9.115427012
          0,           0,         578,      -14.61881013,      -12.07120218,      -12.16926055,      -9.123152664
          0,           0,         579,      -14.57402741,      -11.99947827,      -12.15436689,      -9.068879531
          0,           0,         580,      -14.60165605,      -12.03419403,      -12.16921516,      -9.102735561
          0,           0,         581,      -14.58783671,      -12.03719833,      -12.16898438,      -9.099805809
          0,           0,         582,      -14.60371415,      -12.04591047,      -12.16899483,      -9.106019065
          0,           0,         583,      -14.60437694,      -12.04450136,      -12.16612495,      -9.111565911
          0,           0,         584,      -14.60190154,      -12.02837239,       -12.1929766,       -9.10129857
          0,           0,         585,       -14.5958782,      -12.03217318,      -12.16991422,      -9.100043174
          0,           0,         586,      -14.59153585,      -12.04130543,      -12.16004829,      -9.104445252
          0,           0,         587,      -14.59860712,      -12.03261116,      -12.15749044,      -9.092786988
          0,           0,         588,      -14.60515168,      -12.04301026,      -12.16252715,      -9.110630382
          0,           0,         589,      -14.59844721,      -12.04495148,      -12.15932994,       -9.10795652
          0,           0,         590,      -14.59761712,      -12.03091485,      -12.17399047,      -9.101458215
          0,           0,         591,      -14.58593757,      -12.03458858,      -12.17981728,      -9.097626406
          0,           0,         592,      -14.59052016,      -12.05292861,      -12.16659034,      -9.106236055
          0,           0,         593,      -14.59385995,       -12.0492922,      -12.16644613,      -9.102273047
          0,           0,         594,      -14.60006497,      -12.04964681,      -12.16223382,      -9.104652473
          0,           0,         595,      -14.59815832,      -12.05413802,      -12.17504219,      -9.113234678
          0,           0,         596,      -14.59321447,      -12.03893918,      -12.16846921,      -9.110364901
          0,           0,         597,      -14.60500011,      -12.05740306,      -12.17879196,      -9.110321697
          0,           0,         598,      -14.59515885,      -12.03700526,      -12.17486473,      -9.096998763
          0,           0,         599,      -14.59718131,       -12.0346979,      -12.17035063,      -9.109547685
          0,           0,         600,      -14.59815601,      -12.06062093,      -12.17336362,      -9.110929169
