VARIABLES = \
"Time_Iter","Outer_Iter","Inner_Iter",    "rms[Rho]"    ,    "rms[RhoU]"   ,    "rms[RhoV]"   ,    "rms[RhoE]"   
          0,           0,           0,      -1.467818445,      0.7618250207,       1.039047982,       3.991809758
          0,           0,           1,      -1.951269102,      0.4363974304,       0.610075372,       3.523492098
          0,           0,           2,       -2.20036913,      0.2266039691,      0.3684124202,       3.279667759
          0,           0,           3,      -2.363022237,     0.08215036643,      0.1717782215,       3.116943441
          0,           0,           4,      -2.522697613,    -0.05343832122,   -0.008648410072,       2.956763528
          0,           0,           5,      -2.676548667,     -0.1848396408,     -0.1754552827,       2.801306981
          0,           0,           6,      -2.823983431,     -0.3030676859,     -0.3367603192,       2.652345909
          0,           0,           7,      -2.972999851,     -0.4078226272,     -0.4949817636,       2.502878875
          0,           0,           8,      -3.122764908,     -0.5000445447,     -0.6479263291,       2.353556751
          0,           0,           9,       -3.26942488,     -0.5813065447,     -0.7944115154,       2.208142088
          0,           0,          10,       -3.41274916,     -0.6543975455,     -0.9354692029,       2.067160129
          0,           0,          11,      -3.550297325,     -0.7213021615,      -1.071958222,       1.933077909
          0,           0,          12,      -3.677495198,     -0.7821625156,      -1.202926639,        1.81024515
          0,           0,          13,      -3.791620452,     -0.8369019541,      -1.326365031,       1.701364415
          0,           0,          14,      -3.892990609,     -0.8861770587,      -1.439693715,       1.606277381
          0,           0,          15,      -3.982699286,     -0.9308939707,      -1.541191037,       1.523947748
          0,           0,          16,      -4.062070496,     -0.9718151061,      -1.630748439,       1.452967194
          0,           0,          17,      -4.132642353,      -1.009693692,      -1.708571932,       1.391262391
          0,           0,          18,      -4.195398861,      -1.045434864,      -1.774494371,       1.336645984
          0,           0,          19,      -4.251378498,      -1.080067059,      -1.828969343,       1.286934503
          0,           0,          20,      -4.302094737,      -1.114531814,      -1.874156381,       1.240255234
          0,           0,          21,      -4.348930061,      -1.149501379,      -1.913640465,       1.195558462
          0,           0,          22,      -4.392900246,      -1.185270111,      -1.950751064,       1.152527752
          0,           0,          23,      -4.435054224,       -1.22177949,      -1.987380568,       1.110978796
          0,           0,          24,      -4.476572979,      -1.258734439,       -2.02433115,       1.070506569
          0,           0,          25,      -4.518345688,      -1.295736763,      -2.062094112,       1.030641029
          0,           0,          26,      -4.560579637,      -1.332387058,      -2.101111168,      0.9911620431
          0,           0,          27,       -4.60282362,      -1.368336309,      -2.141631427,      0.9521972042
          0,           0,          28,      -4.644257308,      -1.403301724,      -2.183515798,      0.9141296538
          0,           0,          29,        -4.6840787,      -1.437068085,      -2.226283528,      0.8773778765
          0,           0,          30,      -4.721796558,      -1.469491074,      -2.269276857,      0.8422050414
          0,           0,          31,      -4.757281342,      -1.500501555,      -2.311836398,      0.8086679695
          0,           0,          32,      -4.790613944,      -1.530104859,      -2.353358633,      0.7766996024
          0,           0,          33,      -4.821913488,      -1.558373205,      -2.393299399,       0.746212011
          0,           0,          34,      -4.851272901,      -1.585428339,       -2.43116349,      0.7171402409
          0,           0,          35,      -4.878794969,      -1.611420414,       -2.46653062,       0.689423444
          0,           0,          36,      -4.904650135,      -1.636509336,      -2.499126513,      0.6629658735
          0,           0,          37,      -4.929083397,       -1.66084635,      -2.528903399,      0.6376296426
          0,           0,          38,      -4.952383682,      -1.684566177,      -2.556052202,      0.6132431518
          0,           0,          39,      -4.974834231,      -1.707782397,      -2.580976297,       0.589628677
          0,           0,          40,      -4.996677969,      -1.730587456,      -2.604190411,      0.5666235717
          0,           0,          41,      -5.018103557,      -1.753054493,      -2.626215353,       0.544091884
          0,           0,          42,      -5.039247203,      -1.775240037,      -2.647502509,      0.5219267044
          0,           0,          43,      -5.060201096,      -1.797187502,      -2.668401694,       0.500046703
          0,           0,          44,      -5.081023921,      -1.818931187,      -2.689157439,      0.4783907633
          0,           0,          45,      -5.101751612,      -1.840501678,       -2.70992682,       0.456911127
          0,           0,          46,      -5.122404448,      -1.861921176,      -2.730797652,       0.435573375
          0,           0,          47,      -5.142996164,      -1.883213816,      -2.751808835,      0.4143466526
          0,           0,          48,      -5.163536792,      -1.904403895,      -2.772965103,      0.3932058141
          0,           0,          49,      -5.184036934,      -1.925516533,      -2.794249174,      0.3721286377
          0,           0,          50,         -5.204512,      -1.946577596,        -2.8156334,      0.3510934586
          0,           0,          51,      -5.224983417,      -1.967613079,      -2.837088893,       0.330078054
          0,           0,          52,      -5.245477085,      -1.988648354,      -2.858590201,      0.3090599981
          0,           0,          53,      -5.266022801,      -2.009707314,      -2.880115774,      0.2880154074
          0,           0,          54,      -5.286644716,      -2.030809664,      -2.901656824,      0.2669260722
          0,           0,          55,       -5.30736523,      -2.051971926,      -2.923211969,      0.2457747528
          0,           0,          56,       -5.32820322,      -2.073207301,      -2.944784567,      0.2245465927
          0,           0,          57,       -5.34917319,      -2.094525607,      -2.966385862,      0.2032289191
          0,           0,          58,      -5.370282768,      -2.115933826,      -2.988027974,      0.1818147291
          0,           0,          59,      -5.391537196,      -2.137436537,       -3.00972509,      0.1602975312
          0,           0,          60,      -5.412938531,       -2.15903648,      -3.031490933,      0.1386730184
          0,           0,          61,      -5.434487034,      -2.180735128,      -3.053338559,      0.1169384304
          0,           0,          62,      -5.456181604,      -2.202533008,      -3.075278631,     0.09509228989
          0,           0,          63,      -5.478021354,      -2.224430178,      -3.097319767,     0.07313333581
          0,           0,          64,      -5.500003449,      -2.246426373,      -3.119468015,     0.05106211952
          0,           0,          65,      -5.522127607,      -2.268521449,      -3.141726281,     0.02887757213
          0,           0,          66,       -5.54439306,      -2.290715126,      -3.164096035,    0.006579185553
          0,           0,          67,       -5.56679409,      -2.313006651,       -3.18658223,    -0.01582996515
          0,           0,          68,      -5.589330766,      -2.335395691,      -3.209182169,     -0.0383504047
          0,           0,          69,      -5.612006093,      -2.357882213,      -3.231896078,    -0.06098501917
          0,           0,          70,      -5.634818376,      -2.380465746,       -3.25472585,    -0.08373331737
          0,           0,          71,      -5.657764908,      -2.403145568,      -3.277673638,     -0.1065938221
          0,           0,          72,      -5.680843503,      -2.425922747,      -3.300740481,     -0.1295662787
          0,           0,          73,      -5.704052526,      -2.448797545,       -3.32392738,     -0.1526505094
          0,           0,          74,      -5.727390309,      -2.471766585,      -3.347236628,     -0.1758444695
          0,           0,          75,      -5.750854017,      -2.494828892,      -3.370668292,     -0.1991464979
          0,           0,          76,      -5.774441634,      -2.517983547,      -3.394222577,     -0.2225554127
          0,           0,          77,      -5.798150645,      -2.541229343,      -3.417898971,     -0.2460696984
          0,           0,          78,      -5.821975966,      -2.564565321,      -3.441696569,     -0.2696855317
          0,           0,          79,      -5.845917983,      -2.587990528,      -3.465613117,     -0.2934033546
          0,           0,          80,      -5.869972753,      -2.611503693,      -3.489647866,     -0.3172205752
          0,           0,          81,      -5.894139711,      -2.635103559,      -3.513804249,     -0.3411367639
          0,           0,          82,      -5.918417234,      -2.658788927,      -3.538079885,     -0.3651508365
          0,           0,          83,      -5.942800362,      -2.682558438,      -3.562473328,     -0.3892593081
          0,           0,          84,      -5.967286004,      -2.706410789,      -3.586984366,      -0.413460055
          0,           0,          85,      -5.991871524,      -2.730344796,      -3.611610308,     -0.4377510753
          0,           0,          86,      -6.016554309,      -2.754359291,      -3.636349212,     -0.4621306803
          0,           0,          87,      -6.041331283,      -2.778452898,      -3.661198691,      -0.486596732
          0,           0,          88,      -6.066198361,      -2.802624271,      -3.686159411,     -0.5111463532
          0,           0,          89,      -6.091153372,      -2.826872203,      -3.711228897,     -0.5357781282
          0,           0,          90,      -6.116195132,      -2.851195601,      -3.736404968,     -0.5604914294
          0,           0,          91,      -6.141321513,      -2.875593356,      -3.761686054,     -0.5852849625
          0,           0,          92,      -6.166530534,      -2.900064392,      -3.787071238,     -0.6101574296
          0,           0,          93,      -6.191819814,      -2.924607692,      -3.812558659,     -0.6351072821
          0,           0,          94,       -6.21718666,      -2.949222165,      -3.838146518,     -0.6601327903
          0,           0,          95,      -6.242628586,      -2.973906843,      -3.863833466,     -0.6852323975
          0,           0,          96,      -6.268143336,      -2.998660787,      -3.889617723,      -0.710404712
          0,           0,          97,       -6.29372885,        -3.0234831,      -3.915497645,     -0.7356484881
          0,           0,          98,      -6.319383164,      -3.048372924,      -3.941471774,     -0.7609625702
          0,           0,          99,      -6.345104468,      -3.073329416,      -3.967538553,     -0.7863458698
          0,           0,         100,      -6.370890961,       -3.09835179,      -3.993696411,     -0.8117973747
          0,           0,         101,      -6.396740462,      -3.123439303,      -4.019944176,     -0.8373157132
          0,           0,         102,      -6.422650745,        -3.1485912,      -4.046280541,     -0.8628994319
          0,           0,         103,      -6.448620807,      -3.173806857,      -4.072703428,     -0.8885480792
          0,           0,         104,      -6.474650087,      -3.199085672,      -4.099210658,     -0.9142616113
          0,           0,         105,      -6.500736586,      -3.224426934,      -4.125804921,     -0.9400387116
          0,           0,         106,      -6.526877865,      -3.249829992,      -4.152482838,     -0.9658777902
          0,           0,         107,      -6.553072474,      -3.275294254,      -4.179241657,     -0.9917779538
          0,           0,         108,       -6.57931942,      -3.300819198,      -4.206079758,       -1.01773864
          0,           0,         109,      -6.605617819,      -3.326404359,      -4.232995795,      -1.043759417
          0,           0,         110,      -6.631965859,      -3.352049151,      -4.259989039,      -1.069839068
          0,           0,         111,      -6.658362404,      -3.377753019,      -4.287057743,      -1.095976839
          0,           0,         112,      -6.684806491,      -3.403515447,      -4.314200324,      -1.122172161
          0,           0,         113,      -6.711297673,      -3.429336214,      -4.341418034,      -1.148424821
          0,           0,         114,       -6.73783413,      -3.455214527,      -4.368706201,      -1.174733661
          0,           0,         115,      -6.764414492,      -3.481149792,      -4.396064073,      -1.201097592
          0,           0,         116,      -6.791037755,      -3.507141495,      -4.423490218,      -1.227515851
          0,           0,         117,      -6.817703313,      -3.533189234,      -4.450982427,      -1.253988059
          0,           0,         118,      -6.844410341,      -3.559292532,       -4.47853916,      -1.280513588
          0,           0,         119,      -6.871157849,      -3.585450878,      -4.506159272,      -1.307091634
          0,           0,         120,      -6.897944979,      -3.611663774,      -4.533841385,      -1.333721495
          0,           0,         121,      -6.924771007,      -3.637930742,      -4.561584037,      -1.360402543
          0,           0,         122,      -6.951635236,      -3.664251301,      -4.589385747,      -1.387134138
          0,           0,         123,      -6.978536964,      -3.690624971,      -4.617244886,      -1.413915609
          0,           0,         124,      -7.005475664,       -3.71705129,      -4.645159904,      -1.440746401
          0,           0,         125,       -7.03245062,      -3.743529743,      -4.673129108,      -1.467625796
          0,           0,         126,       -7.05946132,       -3.77005988,      -4.701150874,      -1.494553222
          0,           0,         127,      -7.086507151,      -3.796641217,      -4.729223599,      -1.521528006
          0,           0,         128,      -7.113588049,       -3.82327336,      -4.757345461,      -1.548549825
          0,           0,         129,      -7.140703496,      -3.849955803,      -4.785514468,      -1.575618045
          0,           0,         130,      -7.167852873,      -3.876688034,      -4.813729453,      -1.602731868
          0,           0,         131,      -7.195035706,      -3.903469575,      -4.841989035,      -1.629890605
          0,           0,         132,      -7.222251663,      -3.930299966,      -4.870291378,      -1.657093692
          0,           0,         133,      -7.249500453,      -3.957178749,        -4.8986347,      -1.684340569
          0,           0,         134,      -7.276781798,      -3.984105463,      -4.927017297,      -1.711630667
          0,           0,         135,      -7.304095437,      -4.011079644,      -4.955437517,      -1.738963404
          0,           0,         136,      -7.331441142,      -4.038100833,      -4.983893711,      -1.766338214
          0,           0,         137,      -7.358818717,      -4.065168576,      -5.012384215,      -1.793754543
          0,           0,         138,      -7.386228005,      -4.092282422,      -5.040907362,      -1.821211854
          0,           0,         139,      -7.413668878,      -4.119441937,      -5.069461492,      -1.848709624
          0,           0,         140,      -7.441141231,      -4.146646686,      -5.098044957,      -1.876247335
          0,           0,         141,      -7.468644981,      -4.173896246,      -5.126656135,      -1.903824478
          0,           0,         142,      -7.496180078,      -4.201190182,      -5.155293409,      -1.931440563
          0,           0,         143,      -7.523746487,      -4.228528077,      -5.183955191,      -1.959095105
          0,           0,         144,       -7.55134346,      -4.255909443,      -5.212643173,      -1.986787067
          0,           0,         145,      -7.578970571,      -4.283333875,      -5.241355868,       -2.01451561
          0,           0,         146,      -7.606629293,      -4.310801182,      -5.270085936,      -2.042281425
          0,           0,         147,      -7.634320375,      -4.338310938,      -5.298830934,      -2.070084633
          0,           0,         148,      -7.662043574,      -4.365862702,       -5.32759317,      -2.097924406
          0,           0,         149,      -7.689798764,      -4.393456158,      -5.356371577,       -2.12580035
          0,           0,         150,      -7.717585738,      -4.421090978,      -5.385164078,      -2.153711944
          0,           0,         151,      -7.745404486,      -4.448766823,      -5.413968963,       -2.18165871
          0,           0,         152,      -7.773255111,      -4.476483356,      -5.442784956,      -2.209640218
          0,           0,         153,      -7.801137691,      -4.504240247,      -5.471611004,      -2.237656038
          0,           0,         154,      -7.829052296,      -4.532037182,       -5.50044605,      -2.265705764
          0,           0,         155,      -7.856999066,      -4.559873864,      -5.529288971,      -2.293789069
          0,           0,         156,      -7.884978206,      -4.587750015,      -5.558138622,       -2.32190569
          0,           0,         157,      -7.912989957,      -4.615665373,      -5.586993908,      -2.350055401
          0,           0,         158,      -7.941034568,      -4.643619686,      -5.615853822,      -2.378237985
          0,           0,         159,      -7.969112267,      -4.671612717,      -5.644717438,       -2.40645322
          0,           0,         160,      -7.997223279,      -4.699644239,      -5.673583909,      -2.434700892
          0,           0,         161,      -8.025367818,      -4.727714037,      -5.702452431,      -2.462980788
          0,           0,         162,      -8.053546108,      -4.755821912,      -5.731322244,      -2.491292719
          0,           0,         163,      -8.081758371,      -4.783967673,      -5.760192651,      -2.519636507
          0,           0,         164,      -8.110004833,      -4.812151144,      -5.789063001,      -2.548011989
          0,           0,         165,      -8.138285727,      -4.840372159,      -5.817932714,      -2.576419026
          0,           0,         166,      -8.166601284,      -4.868630564,      -5.846801281,      -2.604857489
          0,           0,         167,      -8.194951718,      -4.896926211,      -5.875668258,      -2.633327248
          0,           0,         168,      -8.223337271,      -4.925258981,      -5.904533258,      -2.661828215
          0,           0,         169,      -8.251758207,      -4.953628762,      -5.933395963,      -2.690360334
          0,           0,         170,      -8.280214817,      -4.982035448,      -5.962256098,      -2.718923579
          0,           0,         171,      -8.308707297,      -5.010478943,      -5.991113501,      -2.747517869
          0,           0,         172,      -8.337235847,      -5.038959154,      -6.019968032,      -2.776143143
          0,           0,         173,      -8.365800672,      -5.067476002,      -6.048819604,      -2.804799357
          0,           0,         174,       -8.39440199,      -5.096029417,       -6.07766819,      -2.833486495
          0,           0,         175,      -8.423040028,      -5.124619343,      -6.106513836,      -2.862204558
          0,           0,         176,      -8.451714996,      -5.153245729,       -6.13535665,      -2.890953553
          0,           0,         177,      -8.480427116,      -5.181908536,      -6.164196803,      -2.919733504
          0,           0,         178,      -8.509176594,      -5.210607733,      -6.193034504,      -2.948544447
          0,           0,         179,      -8.537963621,      -5.239343297,      -6.221870035,      -2.977386413
          0,           0,         180,      -8.566788411,      -5.268115216,       -6.25070371,      -3.006259466
          0,           0,         181,      -8.595651139,       -5.29692348,      -6.279535897,      -3.035163655
          0,           0,         182,      -8.624552016,      -5.325768093,      -6.308367023,      -3.064099067
          0,           0,         183,      -8.653491208,      -5.354649063,      -6.337197538,      -3.093065776
          0,           0,         184,      -8.682468915,      -5.383566405,      -6.366027956,       -3.12206388
          0,           0,         185,      -8.711485283,      -5.412520139,      -6.394858812,      -3.151093461
          0,           0,         186,       -8.74054048,      -5.441510294,      -6.423690675,      -3.180154625
          0,           0,         187,      -8.769634696,      -5.470536904,      -6.452524176,      -3.209247501
          0,           0,         188,      -8.798768069,      -5.499600006,      -6.481359957,      -3.238372197
          0,           0,         189,      -8.827940722,      -5.528699642,      -6.510198695,      -3.267528817
          0,           0,         190,      -8.857152847,      -5.557835865,      -6.539041092,      -3.296717527
          0,           0,         191,      -8.886404532,      -5.587008722,      -6.567887882,      -3.325938419
          0,           0,         192,      -8.915695943,      -5.616218273,      -6.596739818,      -3.355191662
          0,           0,         193,      -8.945027185,      -5.645464576,      -6.625597633,      -3.384477381
          0,           0,         194,      -8.974398386,      -5.674747694,      -6.654462215,      -3.413795735
          0,           0,         195,      -9.003809651,      -5.704067694,      -6.683334262,      -3.443146849
          0,           0,         196,      -9.033261094,      -5.733424646,      -6.712214696,      -3.472530895
          0,           0,         197,      -9.062752831,      -5.762818619,      -6.741104282,      -3.501948026
          0,           0,         198,      -9.092284952,      -5.792249691,      -6.770003862,      -3.531398414
          0,           0,         199,      -9.121857542,       -5.82171793,      -6.798914308,      -3.560882178
          0,           0,         200,      -9.151470707,      -5.851223423,      -6.827836513,      -3.590399532
          0,           0,         201,      -9.181124509,      -5.880766235,      -6.856771247,      -3.619950575
          0,           0,         202,      -9.210819008,      -5.910346456,      -6.885719394,      -3.649535493
          0,           0,         203,      -9.240554332,      -5.939964158,      -6.914681895,      -3.679154473
          0,           0,         204,      -9.270330511,      -5.969619426,      -6.943659559,      -3.708807659
          0,           0,         205,      -9.300147574,      -5.999312335,      -6.972653176,      -3.738495161
          0,           0,         206,      -9.330005694,      -6.029042975,      -7.001663623,      -3.768217244
          0,           0,         207,      -9.359904794,      -6.058811416,       -7.03069178,      -3.797973978
          0,           0,         208,      -9.389845047,      -6.088617743,      -7.059738521,      -3.827765579
          0,           0,         209,      -9.419826418,      -6.118462041,       -7.08880453,      -3.857592192
          0,           0,         210,      -9.449848987,      -6.148344378,      -7.117890838,      -3.887453964
          0,           0,         211,      -9.479912734,      -6.178264835,      -7.146998007,      -3.917351021
          0,           0,         212,      -9.510017794,      -6.208223493,      -7.176126994,      -3.947283563
          0,           0,         213,      -9.540164184,      -6.238220429,      -7.205278467,      -3.977251759
          0,           0,         214,      -9.570351874,      -6.268255707,      -7.234453338,      -4.007255674
          0,           0,         215,      -9.600580812,      -6.298329402,      -7.263652227,      -4.037295465
          0,           0,         216,      -9.630851209,      -6.328441594,      -7.292875965,      -4.067371358
          0,           0,         217,      -9.661163043,      -6.358592347,      -7.322125212,      -4.097483432
          0,           0,         218,      -9.691516363,      -6.388781737,      -7.351400494,      -4.127631892
          0,           0,         219,      -9.721911061,      -6.419009816,      -7.380702763,      -4.157816766
          0,           0,         220,      -9.752347291,      -6.449276662,      -7.410032854,      -4.188038312
          0,           0,         221,      -9.782824896,      -6.479582322,      -7.439391045,      -4.218296509
          0,           0,         222,       -9.81334406,      -6.509926868,      -7.468778043,      -4.248591602
          0,           0,         223,      -9.843904637,      -6.540310352,      -7.498194775,      -4.278923622
          0,           0,         224,      -9.874506897,      -6.570732856,      -7.527641315,      -4.309292874
          0,           0,         225,      -9.905150667,      -6.601194395,      -7.557118755,      -4.339699223
          0,           0,         226,      -9.935835926,      -6.631695037,      -7.586627411,      -4.370142911
          0,           0,         227,       -9.96656271,      -6.662234838,      -7.616167684,      -4.400624096
          0,           0,         228,      -9.997331188,      -6.692813843,      -7.645740173,      -4.431142815
          0,           0,         229,      -10.02814099,      -6.723432091,      -7.675346097,      -4.461699096
          0,           0,         230,      -10.05899251,      -6.754089619,      -7.704985258,      -4.492293156
          0,           0,         231,      -10.08988569,      -6.784786499,      -7.734658085,      -4.522925183
          0,           0,         232,      -10.12082033,      -6.815522738,      -7.764364963,      -4.553594997
          0,           0,         233,      -10.15179671,      -6.846298399,      -7.794106599,      -4.584302921
          0,           0,         234,      -10.18281451,      -6.877113479,      -7.823883812,      -4.615048791
          0,           0,         235,      -10.21387386,      -6.907968062,      -7.853696405,      -4.645833048
          0,           0,         236,      -10.24497494,      -6.938862131,      -7.883544634,      -4.676655407
          0,           0,         237,      -10.27611779,       -6.96979575,      -7.913429747,      -4.707516223
          0,           0,         238,      -10.30730217,      -7.000768928,      -7.943351216,       -4.73841543
          0,           0,         239,      -10.33852801,      -7.031781681,       -7.97330971,      -4.769353007
          0,           0,         240,      -10.36979586,      -7.062834092,       -8.00330605,      -4.800329365
          0,           0,         241,      -10.40110466,      -7.093926069,      -8.033339317,      -4.831343815
          0,           0,         242,      -10.43245587,      -7.125057752,      -8.063411437,      -4.862397525
          0,           0,         243,      -10.46384902,      -7.156229115,      -8.093520923,       -4.89348996
          0,           0,         244,      -10.49528313,      -7.187440166,       -8.12366978,      -4.924621058
          0,           0,         245,      -10.52675946,      -7.218690876,      -8.153856599,      -4.955790769
          0,           0,         246,      -10.55827746,      -7.249981428,      -8.184084061,      -4.986999738
          0,           0,         247,       -10.5898367,       -7.28131157,      -8.214349745,      -5.018246972
          0,           0,         248,      -10.62143804,      -7.312681538,      -8.244654105,      -5.049533571
          0,           0,         249,      -10.65308197,      -7.344091259,      -8.275000132,       -5.08085932
          0,           0,         250,      -10.68476709,      -7.375540861,      -8.305387032,      -5.112224548
          0,           0,         251,      -10.71649427,       -7.40703011,      -8.335811062,      -5.143627967
          0,           0,         252,      -10.74826408,      -7.438559225,      -8.366278425,      -5.175071586
          0,           0,         253,      -10.78007401,      -7.470127959,      -8.396783068,      -5.206552359
          0,           0,         254,      -10.81192694,      -7.501736753,      -8.427328428,      -5.238074421
          0,           0,         255,      -10.84382305,      -7.533385337,      -8.457918734,      -5.269635853
          0,           0,         256,      -10.87576046,      -7.565073789,      -8.488546962,      -5.301235862
          0,           0,         257,       -10.9077398,      -7.596801921,      -8.519217233,      -5.332874465
          0,           0,         258,      -10.93976125,      -7.628570075,      -8.549930012,      -5.364553468
          0,           0,         259,      -10.97182459,      -7.660377826,      -8.580681588,      -5.396270639
          0,           0,         260,      -11.00393122,      -7.692225636,      -8.611476822,      -5.428027826
          0,           0,         261,      -11.03607994,      -7.724113124,      -8.642310242,      -5.459823887
          0,           0,         262,      -11.06827242,      -7.756040522,       -8.67318748,        -5.4916596
          0,           0,         263,       -11.1005043,      -7.788008044,      -8.704109867,       -5.52353635
          0,           0,         264,      -11.13277986,      -7.820015298,      -8.735071956,      -5.555450457
          0,           0,         265,      -11.16510081,       -7.85206262,      -8.766076645,      -5.587406197
          0,           0,         266,      -11.19746188,      -7.884149458,      -8.797118066,      -5.619398591
          0,           0,         267,      -11.22986606,        -7.9162765,      -8.828202906,      -5.651432343
          0,           0,         268,      -11.26231118,      -7.948443273,      -8.859333376,      -5.683503056
          0,           0,         269,      -11.29480539,      -7.980650187,      -8.890505722,      -5.715616178
          0,           0,         270,       -11.3273362,      -8.012897188,      -8.921727745,      -5.747768555
          0,           0,         271,      -11.35991573,       -8.04518416,      -8.952979413,      -5.779960417
          0,           0,         272,      -11.39254052,      -8.077510734,      -8.984273183,      -5.812193878
          0,           0,         273,      -11.42519896,      -8.109877639,      -9.015623749,      -5.844463424
          0,           0,         274,      -11.45790744,      -8.142284131,      -9.047008243,      -5.876771906
          0,           0,         275,      -11.49066412,      -8.174731428,      -9.078428189,      -5.909126049
          0,           0,         276,      -11.52345233,      -8.207218541,      -9.109904059,      -5.941513429
          0,           0,         277,      -11.55629507,      -8.239745072,       -9.14140805,      -5.973942152
          0,           0,         278,      -11.58917339,      -8.272311294,      -9.172949574,      -6.006406702
          0,           0,         279,      -11.62210313,      -8.304919588,      -9.204568373,      -6.038922269
          0,           0,         280,      -11.65507705,      -8.337566841,      -9.236210472,       -6.07146942
          0,           0,         281,      -11.68809494,      -8.370254387,       -9.26788936,      -6.104059409
          0,           0,         282,      -11.72115511,      -8.402981141,      -9.299606091,      -6.136675944
          0,           0,         283,      -11.75425699,       -8.43574906,      -9.331379173,      -6.169346584
          0,           0,         284,       -11.7874195,      -8.468558021,       -9.36318289,      -6.202064499
          0,           0,         285,      -11.82060595,      -8.501405165,      -9.395043373,      -6.234802687
          0,           0,         286,       -11.8538406,      -8.534294864,      -9.426943227,      -6.267590268
          0,           0,         287,      -11.88713698,      -8.567223977,      -9.458859464,      -6.300415496
          0,           0,         288,       -11.9204481,      -8.600192175,      -9.490860185,      -6.333267598
          0,           0,         289,      -11.95384356,      -8.633202352,       -9.52289093,      -6.366186574
          0,           0,         290,      -11.98726556,      -8.666251792,      -9.554957503,      -6.399132814
          0,           0,         291,      -12.02073624,      -8.699343703,      -9.587089223,      -6.432122894
          0,           0,         292,      -12.05425277,      -8.732474047,      -9.619222643,      -6.465139906
          0,           0,         293,      -12.08781699,      -8.765645013,      -9.651405593,      -6.498195991
          0,           0,         294,      -12.12142603,      -8.798856822,      -9.683645752,      -6.531317022
          0,           0,         295,       -12.1550842,      -8.832110863,      -9.715949261,      -6.564460592
          0,           0,         296,      -12.18877877,      -8.865402741,      -9.748253237,      -6.597624129
          0,           0,         297,       -12.2225457,      -8.898740339,      -9.780643176,      -6.630877888
          0,           0,         298,      -12.25632548,      -8.932112308,      -9.813035286,      -6.664117919
          0,           0,         299,      -12.29019687,      -8.965528676,      -9.845505312,      -6.697466283
          0,           0,         300,      -12.32405076,      -8.998982361,      -9.877997002,       -6.73077842
          0,           0,         301,      -12.35797029,      -9.032473853,      -9.910501189,      -6.764124859
          0,           0,         302,      -12.39200661,      -9.066013608,      -9.943161487,      -6.797580637
          0,           0,         303,      -12.42602446,      -9.099591754,      -9.975787115,      -6.831027549
          0,           0,         304,      -12.46008788,      -9.133206326,      -10.00842255,        -6.8645268
          0,           0,         305,      -12.49423595,      -9.166870268,      -10.04117876,      -6.898111858
          0,           0,         306,      -12.52838769,      -9.200562053,      -10.07384838,      -6.931654549
          0,           0,         307,       -12.5626684,      -9.234300988,        -10.106655,       -6.96526214
          0,           0,         308,      -12.59689565,      -9.268076888,      -10.13944789,      -6.998869155
          0,           0,         309,      -12.63122018,      -9.301898521,      -10.17243873,      -7.032601259
          0,           0,         310,      -12.66560522,      -9.335762447,      -10.20526865,      -7.066327017
          0,           0,         311,      -12.69997649,      -9.369667099,      -10.23836947,      -7.100096078
          0,           0,         312,      -12.73453515,      -9.403607085,      -10.27123819,       -7.13398743
          0,           0,         313,      -12.76898079,      -9.437592157,      -10.30447724,      -7.167800284
          0,           0,         314,      -12.80352928,      -9.471599459,      -10.33740544,      -7.201624508
          0,           0,         315,      -12.83812188,      -9.505658813,      -10.37062552,      -7.235549691
          0,           0,         316,       -12.8727426,      -9.539765515,      -10.40399104,      -7.269554339
          0,           0,         317,       -12.9075511,       -9.57391018,      -10.43699761,      -7.303564219
          0,           0,         318,      -12.94225905,       -9.60807153,      -10.47008701,      -7.337488922
          0,           0,         319,      -12.97702836,       -9.64232172,      -10.50352785,      -7.371767055
          0,           0,         320,      -13.01177311,      -9.676551758,      -10.53674715,      -7.405699051
          0,           0,         321,      -13.04657082,      -9.710834408,      -10.57036688,      -7.439740891
          0,           0,         322,      -13.08162405,      -9.745148509,      -10.60366072,      -7.473842372
          0,           0,         323,      -13.11670457,        -9.7795412,      -10.63724839,      -7.508334545
          0,           0,         324,        -13.151755,      -9.813925709,      -10.67058009,      -7.542357593
          0,           0,         325,      -13.18673481,      -9.848374964,      -10.70412008,        -7.5766622
          0,           0,         326,      -13.22145866,       -9.88279529,      -10.73760662,      -7.610491643
          0,           0,         327,      -13.25633039,      -9.917394199,      -10.77147425,      -7.645316167
          0,           0,         328,      -13.29154483,      -9.951824094,      -10.80445555,      -7.678967145
          0,           0,         329,      -13.32730689,      -9.986437393,      -10.83807294,      -7.713792432
          0,           0,         330,      -13.36209027,      -10.02114156,      -10.87269101,       -7.74896272
          0,           0,         331,      -13.39715897,      -10.05571712,      -10.90566091,      -7.782331497
          0,           0,         332,      -13.43310016,      -10.09037962,      -10.93957262,      -7.817108995
          0,           0,         333,      -13.46756825,      -10.12513119,      -10.97383317,      -7.851355399
          0,           0,         334,      -13.50303453,      -10.15983462,      -11.00647519,      -7.885741046
          0,           0,         335,      -13.53836794,      -10.19451145,      -11.04123507,      -7.919977264
          0,           0,         336,      -13.57323404,      -10.22949166,      -11.07497296,      -7.955496732
          0,           0,         337,      -13.60848046,       -10.2641639,      -11.10911538,      -7.988831005
          0,           0,         338,      -13.64380203,      -10.29923548,      -11.14317424,      -8.024999306
          0,           0,         339,      -13.67903258,      -10.33389089,      -11.17585854,      -8.058579851
          0,           0,         340,      -13.71372076,      -10.36871898,      -11.20838081,      -8.092324644
          0,           0,         341,      -13.74841879,      -10.40366702,      -11.24534637,      -8.126760272
          0,           0,         342,      -13.78331098,      -10.43851466,      -11.27689058,      -8.160884697
          0,           0,         343,      -13.81851734,      -10.47320163,      -11.31048106,       -8.19401586
          0,           0,         344,      -13.85302449,       -10.5085224,      -11.34605491,      -8.230394373
          0,           0,         345,      -13.88801854,      -10.54321572,      -11.37966143,      -8.263041115
          0,           0,         346,      -13.92315317,      -10.57849107,      -11.41240981,      -8.298977368
          0,           0,         347,      -13.95397719,      -10.61336403,      -11.44369524,      -8.332326895
          0,           0,         348,      -13.98611413,      -10.64828917,      -11.47745431,      -8.364882897
          0,           0,         349,      -14.02056365,      -10.68280166,      -11.51004867,      -8.395722547
          0,           0,         350,      -14.05655574,      -10.71819932,      -11.54576068,      -8.434424139
          0,           0,         351,       -14.0884881,      -10.75272612,      -11.57698217,      -8.465370549
          0,           0,         352,      -14.12111572,      -10.78785665,       -11.6072385,       -8.50115992
          0,           0,         353,      -14.15187552,      -10.82243867,      -11.63713409,        -8.5313706
          0,           0,         354,      -14.18015431,      -10.85770204,      -11.66978092,      -8.564761347
          0,           0,         355,      -14.21065459,      -10.89247949,      -11.70460377,       -8.59430123
          0,           0,         356,      -14.24487389,      -10.92694251,      -11.73233573,      -8.629192393
          0,           0,         357,       -14.2722434,      -10.96126269,      -11.76253647,      -8.654868168
          0,           0,         358,      -14.30114703,       -10.9961654,      -11.79088429,      -8.686380617
          0,           0,         359,      -14.32054182,      -11.03094824,      -11.82091437,      -8.714363058
          0,           0,         360,      -14.35100857,      -11.06550711,      -11.85064335,      -8.748844276
          0,           0,         361,      -14.36705599,      -11.09910149,      -11.86868352,      -8.770825981
          0,           0,         362,      -14.39283649,      -11.13361908,      -11.90274175,      -8.805342402
          0,           0,         363,      -14.41550629,      -11.16709391,      -11.92632802,      -8.825824085
          0,           0,         364,       -14.4367632,      -11.20200357,      -11.95064965,      -8.855593954
          0,           0,         365,      -14.45613182,      -11.23556557,      -11.96805433,      -8.876675734
          0,           0,         366,      -14.47452201,      -11.26818972,      -11.99348417,      -8.898680648
          0,           0,         367,      -14.49497838,       -11.3024536,      -12.01132195,      -8.924281648
          0,           0,         368,      -14.50425514,      -11.33430583,      -12.03727804,      -8.941539563
          0,           0,         369,      -14.52227407,      -11.36689929,      -12.04733391,      -8.960313128
          0,           0,         370,      -14.53294278,      -11.40045146,       -12.0731488,      -8.984063965
          0,           0,         371,      -14.53297108,      -11.43118517,      -12.07623941,      -8.983695025
          0,           0,         372,      -14.54115381,      -11.46347299,      -12.08752066,      -9.009119314
          0,           0,         373,      -14.55872381,       -11.4951822,      -12.10206042,       -9.02457422
          0,           0,         374,      -14.57588687,      -11.52675315,      -12.11280353,      -9.042796487
          0,           0,         375,      -14.57169392,      -11.55615959,      -12.12764567,      -9.049009158
          0,           0,         376,      -14.57864075,      -11.58637783,      -12.13301341,      -9.052648438
          0,           0,         377,      -14.59773722,      -11.61651708,      -12.15663072,      -9.070088614
          0,           0,         378,      -14.58144845,      -11.64166323,      -12.15045842,      -9.066973793
          0,           0,         379,      -14.59058647,      -11.67081687,      -12.15362362,      -9.080612441
          0,           0,         380,       -14.5915327,      -11.68959416,      -12.14097219,      -9.071607079
          0,           0,         381,      -14.60720182,      -11.72555959,      -12.15977383,      -9.093833363
          0,           0,         382,       -14.6067175,      -11.74764868,      -12.16490861,      -9.099331525
          0,           0,         383,       -14.6044461,      -11.77122069,      -12.15706531,      -9.098125887
          0,           0,         384,      -14.59872869,      -11.78927528,      -12.17750344,      -9.102004954
          0,           0,         385,      -14.59821886,      -11.81778818,      -12.16275637,      -9.098638756
          0,           0,         386,      -14.60749139,       -11.8459786,       -12.1728104,      -9.116834066
          0,           0,         387,      -14.61322042,      -11.86345315,      -12.17769985,      -9.119455054
          0,           0,         388,      -14.60318718,      -11.87906766,      -12.17081621,       -9.10777504
          0,           0,         389,      -14.61126462,      -11.88906826,      -12.17416871,      -9.116863718
          0,           0,         390,      -14.60502005,      -11.90716117,      -12.19128875,      -9.112691997
          0,           0,         391,       -14.5967142,      -11.91917606,      -12.17296125,      -9.101873209
          0,           0,         392,      -14.61669652,       -11.9338954,      -12.17494048,      -9.116531674
          0,           0,         393,      -14.61228369,      -11.94129572,      -12.17925711,      -9.103409707
          0,           0,         394,      -14.60116561,      -11.95036555,       -12.1862422,      -9.108142947
          0,           0,         395,      -14.62482599,      -11.98711049,      -12.19121973,      -9.135175312
          0,           0,         396,      -14.60268682,      -11.97574143,      -12.17584933,      -9.112995897
          0,           0,         397,      -14.62104949,      -11.99416043,       -12.1864329,      -9.128998366
          0,           0,         398,      -14.62538373,      -12.00989617,      -12.18424057,        -9.1309781
          0,           0,         399,      -14.63009158,      -12.01066458,      -12.18450395,       -9.13210257
          0,           0,         400,      -14.61233902,       -12.0053462,        -12.185387,      -9.116355033
          0,           0,         401,      -14.59767614,      -12.01693483,      -12.15954969,      -9.110651021
          0,           0,         402,      -14.61224276,      -12.00517405,      -12.19632251,      -9.114098889
          0,           0,         403,      -14.58536958,      -12.00530551,      -12.15623795,      -9.098903656
          0,           0,         404,       -14.6224158,      -12.04504781,       -12.1874605,      -9.133386137
          0,           0,         405,      -14.61738807,      -12.03437631,      -12.18355247,      -9.124255759
          0,           0,         406,      -14.61656804,       -12.0412504,      -12.18265619,      -9.122319922
          0,           0,         407,      -14.62282192,       -12.0449356,      -12.18413685,      -9.128518669
          0,           0,         408,      -14.61632796,      -12.05623152,       -12.1598821,       -9.12949286
          0,           0,         409,      -14.59223002,      -12.00865703,      -12.17436822,       -9.10167476
          0,           0,         410,      -14.62250968,      -12.06341018,      -12.18352297,      -9.134423124
          0,           0,         411,      -14.62575847,      -12.05105618,      -12.18932867,      -9.131479015
          0,           0,         412,       -14.6189922,      -12.04941959,      -12.19438961,      -9.122049593
          0,           0,         413,      -14.62702391,      -12.06974059,      -12.18923641,      -9.144337023
          0,           0,         414,      -14.63806134,      -12.07493748,      -12.18996104,      -9.143578482
          0,           0,         415,      -14.62059669,      -12.06987095,      -12.18442555,      -9.132749201
          0,           0,         416,      -14.61355969,      -12.06610704,      -12.16556052,       -9.12280656
          0,           0,         417,      -14.60852412,      -12.04072523,      -12.19902159,       -9.11529491
          0,           0,         418,      -14.62456479,      -12.06405418,      -12.19154831,      -9.131094918
          0,           0,         419,       -14.6162468,      -12.05874901,      -12.19882785,      -9.124516019
          0,           0,         420,      -14.60118895,      -12.03450563,       -12.1764715,      -9.109204848
          0,           0,         421,      -14.61522067,      -12.06399014,      -12.17741611,      -9.124127917
          0,           0,         422,      -14.61236479,      -12.06459673,      -12.16831918,       -9.11664922
          0,           0,         423,      -14.63065395,      -12.08123225,      -12.19854712,      -9.142914815
          0,           0,         424,      -14.62742452,      -12.07319423,      -12.19713636,      -9.138593846
          0,           0,         425,      -14.61053508,      -12.06906766,      -12.18557787,      -9.123821865
          0,           0,         426,      -14.61228969,      -12.05887026,      -12.20580477,      -9.123068669
          0,           0,         427,       -14.6189204,      -12.07566803,      -12.20180977,      -9.134221742
          0,           0,         428,       -14.6366798,      -12.08306548,      -12.18506217,      -9.147590954
          0,           0,         429,      -14.62134188,      -12.07992614,      -12.18567367,      -9.135574163
          0,           0,         430,      -14.60482287,      -12.05923268,      -12.17931153,      -9.118843871
          0,           0,         431,      -14.61830807,      -12.06515062,      -12.19164987,      -9.126239856
          0,           0,         432,      -14.62581092,      -12.08454823,      -12.20284333,       -9.14301083
          0,           0,         433,      -14.61989322,      -12.07118071,      -12.20496347,      -9.141371331
          0,           0,         434,      -14.61864031,      -12.05764599,      -12.17511337,      -9.131096793
          0,           0,         435,       -14.6156523,       -12.0620691,      -12.19579095,      -9.122868073
          0,           0,         436,      -14.62863039,      -12.08446263,      -12.19134334,      -9.142435111
          0,           0,         437,      -14.63015267,      -12.07222793,      -12.19089053,      -9.142747439
          0,           0,         438,       -14.6245406,      -12.06603482,      -12.19012595,      -9.131734959
          0,           0,         439,      -14.61838008,      -12.05997481,      -12.17561709,      -9.122123059
          0,           0,         440,      -14.60971086,      -12.05649135,      -12.17698574,      -9.119397462
          0,           0,         441,      -14.62038443,      -12.06323862,      -12.19724009,      -9.122254481
          0,           0,         442,      -14.63981221,      -12.09047137,      -12.19350142,      -9.145430339
          0,           0,         443,      -14.61989175,      -12.08402514,      -12.18282896,      -9.134206918
          0,           0,         444,      -14.61969521,      -12.06322613,      -12.19911879,       -9.12562777
          0,           0,         445,      -14.62688329,      -12.08089393,      -12.18441644,      -9.141012377
          0,           0,         446,      -14.60554075,      -12.05443296,      -12.18331816,      -9.110726427
          0,           0,         447,      -14.62585148,      -12.08331163,      -12.20188842,      -9.135794212
          0,           0,         448,      -14.61296326,       -12.0600854,      -12.17466826,      -9.122146913
          0,           0,         449,      -14.61038925,      -12.05844126,      -12.17371109,      -9.112750215
          0,           0,         450,      -14.62450225,      -12.07666075,      -12.19011824,      -9.131169062
          0,           0,         451,      -14.59945458,      -12.04725445,      -12.18442328,       -9.10611937
          0,           0,         452,      -14.62628297,      -12.06831588,      -12.18794897,      -9.128049087
          0,           0,         453,      -14.61565544,      -12.05158101,       -12.1795699,      -9.125095058
          0,           0,         454,       -14.6234147,      -12.07137886,      -12.19068775,      -9.132861636
          0,           0,         455,      -14.59143041,      -12.07311561,      -12.17522898,      -9.109720381
          0,           0,         456,       -14.6172707,      -12.07055172,      -12.17951089,       -9.13136029
          0,           0,         457,      -14.61883495,       -12.0751892,      -12.17866857,      -9.137182584
          0,           0,         458,       -14.6210721,      -12.08020052,      -12.17721994,      -9.125075651
          0,           0,         459,      -14.61793321,      -12.07335506,      -12.19626073,      -9.129372198
          0,           0,         460,      -14.60902238,      -12.06666941,      -12.18409567,      -9.117540502
          0,           0,         461,      -14.62003704,      -12.07398351,      -12.19355791,      -9.133943084
          0,           0,         462,      -14.62879379,      -12.08485499,      -12.20093413,      -9.143019623
          0,           0,         463,      -14.63128399,      -12.08571628,      -12.19637698,      -9.146005658
          0,           0,         464,      -14.62599047,      -12.07135755,      -12.18182699,      -9.123790752
          0,           0,         465,      -14.63544759,      -12.06950491,      -12.18814888,       -9.14350089
          0,           0,         466,      -14.61925173,      -12.06946697,      -12.18808212,      -9.128350188
          0,           0,         467,      -14.62915033,        -12.078875,      -12.19256503,       -9.13495004
          0,           0,         468,      -14.61484264,      -12.06482311,      -12.17291976,      -9.117910658
          0,           0,         469,      -14.62589128,       -12.0555312,       -12.1825687,      -9.116620694
          0,           0,         470,      -14.62498001,      -12.07195922,      -12.18683303,       -9.13194544
          0,           0,         471,      -14.62996426,      -12.07283422,      -12.19503325,      -9.132014492
          0,           0,         472,      -14.63241334,      -12.07318662,      -12.20877799,      -9.142534835
          0,           0,         473,      -14.63210948,      -12.08423144,      -12.18981031,      -9.144748908
          0,           0,         474,       -14.6225119,       -12.0644189,      -12.17894164,      -9.132912765
          0,           0,         475,      -14.62585478,      -12.07763627,      -12.18885173,      -9.137621484
          0,           0,         476,      -14.62040286,      -12.04337695,      -12.18211446,      -9.100631038
          0,           0,         477,      -14.63618746,      -12.08396662,      -12.20269085,      -9.146548009
          0,           0,         478,      -14.62940421,      -12.07341993,      -12.18139239,      -9.133083122
          0,           0,         479,      -14.61815105,      -12.08542318,      -12.18585652,      -9.136184235
          0,           0,         480,      -14.59401821,      -12.03745365,      -12.17395522,      -9.101375861
          0,           0,         481,      -14.61740585,      -12.05472126,      -12.18524957,       -9.11802626
          0,           0,         482,      -14.63178445,      -12.06955808,      -12.18938304,      -9.131188841
          0,           0,         483,      -14.63166284,      -12.07545848,      -12.18430869,      -9.131644629
          0,           0,         484,       -14.6117505,      -12.06950438,      -12.17334843,       -9.12916041
          0,           0,         485,      -14.62341007,      -12.07728699,      -12.18400159,      -9.134947898
          0,           0,         486,      -14.63696228,      -12.09093861,      -12.18286939,      -9.147401952
          0,           0,         487,      -14.60089534,      -12.04699772,      -12.18253478,      -9.110837192
          0,           0,         488,      -14.62828078,      -12.09107863,      -12.17403228,      -9.144048153
          0,           0,         489,      -14.62863419,      -12.06475025,      -12.17687407,      -9.126948301
          0,           0,         490,      -14.62718326,      -12.06660096,      -12.18633961,      -9.132043656
          0,           0,         491,      -14.61868693,      -12.09229857,      -12.16199352,      -9.131352439
          0,           0,         492,      -14.62587479,      -12.08281261,      -12.18284108,      -9.132563926
          0,           0,         493,      -14.62177971,      -12.05941794,      -12.19551281,      -9.123814082
          0,           0,         494,      -14.62699232,      -12.05431406,      -12.19266099,      -9.122404699
          0,           0,         495,      -14.62412805,      -12.07066584,      -12.18939264,      -9.128789124
          0,           0,         496,      -14.61962932,      -12.07081995,      -12.18594815,      -9.137200705
          0,           0,         497,       -14.6155036,       -12.0494328,      -12.16786279,      -9.115170937
          0,           0,         498,      -14.62473332,      -12.06434608,      -12.18229588,      -9.127599751
          0,           0,         499,      -14.61474513,      -12.06801204,      -12.17151205,      -9.126701623
          0,           0,         500,       -14.6080185,      -12.04687499,      -12.18816493,      -9.112379149
          0,           0,         501,      -14.59359426,      -12.02007964,      -12.18622445,      -9.098608778
          0,           0,         502,      -14.61600365,      -12.07731935,      -12.17780698,      -9.131675564
          0,           0,         503,      -14.61180545,      -12.06276379,      -12.18910678,      -9.121952562
          0,           0,         504,      -14.62949771,       -12.0875634,      -12.18937531,      -9.142077495
          0,           0,         505,      -14.63334936,      -12.07276646,      -12.17624992,      -9.132151748
          0,           0,         506,      -14.60601314,       -12.0467813,      -12.17871905,      -9.109479037
          0,           0,         507,      -14.60485349,      -12.04984674,      -12.17942843,      -9.111623982
          0,           0,         508,      -14.60862286,       -12.0621493,      -12.18379837,       -9.11694956
          0,           0,         509,      -14.62918168,      -12.07486036,      -12.18882572,      -9.130145095
          0,           0,         510,      -14.63469587,      -12.07819818,      -12.19157902,      -9.140934677
          0,           0,         511,      -14.60503137,      -12.06057999,      -12.19569709,        -9.1288976
          0,           0,         512,      -14.62546115,      -12.07391251,      -12.19590576,      -9.136458713
          0,           0,         513,      -14.63565701,      -12.08757652,      -12.19511934,      -9.150222953
          0,           0,         514,      -14.62173836,      -12.06735556,      -12.17582552,      -9.127012833
          0,           0,         515,      -14.62068305,       -12.0614148,       -12.1995418,      -9.134248968
          0,           0,         516,      -14.62738841,      -12.07009139,      -12.19792274,      -9.134150425
          0,           0,         517,      -14.63204756,      -12.08288974,      -12.19209823,      -9.141705515
          0,           0,         518,      -14.63046466,      -12.07980448,      -12.19266398,       -9.14013425
          0,           0,         519,      -14.62610365,      -12.07400115,      -12.19818018,      -9.129722817
          0,           0,         520,      -14.63658641,      -12.08071987,      -12.19744187,      -9.140504856
          0,           0,         521,      -14.61846256,      -12.06372803,      -12.19164742,      -9.139805567
          0,           0,         522,      -14.62619774,      -12.05648829,        -12.199086,      -9.124423642
          0,           0,         523,      -14.60403841,      -12.04167719,      -12.17434134,      -9.111937381
          0,           0,         524,      -14.61581571,      -12.06571172,      -12.17224391,      -9.115536797
          0,           0,         525,      -14.62535965,       -12.0751364,      -12.19266304,      -9.136555699
          0,           0,         526,       -14.6275575,      -12.07091183,      -12.18196478,        -9.1256953
          0,           0,         527,      -14.62744372,      -12.07535216,       -12.1949122,      -9.133631782
          0,           0,         528,       -14.6079208,      -12.07575518,      -12.18114686,      -9.128411515
          0,           0,         529,       -14.6153528,      -12.06110142,      -12.17912896,      -9.116568522
          0,           0,         530,      -14.62052817,       -12.0747034,       -12.1875029,      -9.124519028
          0,           0,         531,      -14.60409798,      -12.04108412,      -12.17931025,      -9.109033446
          0,           0,         532,      -14.61942092,      -12.05845535,      -12.19313338,      -9.121862354
          0,           0,         533,      -14.61672515,      -12.07658387,      -12.18265222,      -9.132753651
          0,           0,         534,      -14.62525222,      -12.06982001,      -12.18503926,      -9.131139529
          0,           0,         535,       -14.6218977,      -12.08345334,      -12.18536933,      -9.139055282
          0,           0,         536,      -14.63246961,      -12.08503271,      -12.20559382,       -9.14059661
          0,           0,         537,      -14.61958195,      -12.04509813,      -12.19118757,      -9.121463153
          0,           0,         538,      -14.62269829,      -12.06617332,      -12.18796368,      -9.129819438
          0,           0,         539,      -14.61719462,      -12.06492384,      -12.18870603,      -9.130459502
          0,           0,         540,      -14.61822207,      -12.06017103,      -12.18478147,       -9.12652771
          0,           0,         541,      -14.61958855,      -12.06372934,       -12.1982453,      -9.128007175
          0,           0,         542,       -14.6157165,      -12.05921413,      -12.16908177,       -9.12510073
          0,           0,         543,      -14.61412615,      -12.06116583,      -12.18506193,      -9.126206374
          0,           0,         544,      -14.60680595,      -12.05173716,      -12.18817317,      -9.112284826
          0,           0,         545,      -14.61911204,      -12.07458503,      -12.16192368,      -9.124106596
          0,           0,         546,      -14.61449549,      -12.05822726,      -12.18954122,      -9.127626793
          0,           0,         547,      -14.61484761,        -12.068305,      -12.18515506,      -9.131719205
          0,           0,         548,      -14.62778345,      -12.07886009,      -12.19375749,       -9.13160171
          0,           0,         549,      -14.63726116,      -12.08048565,      -12.20115233,      -9.141762743
          0,           0,         550,      -14.62222083,      -12.06202659,      -12.18374363,      -9.123158694
          0,           0,         551,      -14.62627067,      -12.07865538,      -12.19302753,      -9.140987429
          0,           0,         552,       -14.6194746,      -12.06542167,      -12.18904381,      -9.134900671
          0,           0,         553,      -14.62005824,      -12.07295255,      -12.18248906,      -9.127682173
          0,           0,         554,      -14.62919098,      -12.08008476,      -12.18739212,      -9.132991858
          0,           0,         555,      -14.61070138,      -12.06769506,      -12.18280977,       -9.12807523
          0,           0,         556,      -14.64353099,      -12.08859009,      -12.17203315,      -9.144803863
          0,           0,         557,      -14.61577694,      -12.07072453,      -12.18026491,      -9.129726514
          0,           0,         558,      -14.62038368,      -12.06181148,      -12.19402111,      -9.114776462
          0,           0,         559,      -14.62667852,      -12.07728021,      -12.18929311,       -9.13433049
          0,           0,         560,      -14.60959898,      -12.06877052,      -12.19058834,       -9.13342288
          0,           0,         561,      -14.62337692,      -12.08058364,      -12.18172802,      -9.133270818
          0,           0,         562,      -14.63016509,      -12.07025091,       -12.1947757,      -9.132480185
          0,           0,         563,        -14.615738,      -12.08067872,      -12.19034548,      -9.126140106
          0,           0,         564,      -14.61158585,      -12.05952745,      -12.19506637,      -9.121750414
          0,           0,         565,      -14.62723932,      -12.07668488,      -12.18208514,      -9.138893978
          0,           0,         566,      -14.62399557,      -12.07434835,      -12.18714869,      -9.123938216
          0,           0,         567,      -14.62689562,      -12.07647587,      -12.19428853,      -9.134040159
          0,           0,         568,      -14.60955412,      -12.05988306,      -12.19037969,      -9.114467949
          0,           0,         569,      -14.62959713,      -12.08368648,       -12.1974616,      -9.138300993
          0,           0,         570,      -14.61208139,      -12.07614356,      -12.17775411,      -9.126994202
          0,           0,         571,      -14.63012467,       -12.0688862,      -12.19677022,      -9.129735728
          0,           0,         572,      -14.61814956,      -12.05130379,      -12.19259212,      -9.115936718
          0,           0,         573,      -14.61513624,      -12.06615768,      -12.19807049,      -9.127558099
          0,           0,         574,      -14.61137738,      -12.06203427,      -12.17247814,      -9.117303034
          0,           0,         575,      -14.62028883,      -12.06843266,      -12.19461888,      -9.132820579
          0,           0,         576,       -14.6220068,      -12.07981535,       -12.1903475,      -9.128292293
          0,           0,         577,      -14.62858575,      -12.07271261,      -12.20988327,      -9.137623469
          0,           0,         578,      -14.61703195,      -12.06429381,      -12.19036656,      -9.129973972
          0,           0,         579,      -14.60617644,      -12.04628923,      -12.19449152,      -9.117230166
          0,           0,         580,      -14.62474652,      -12.07659733,      -12.19627008,       -9.13890667
          0,           0,         581,       -14.6122082,      -12.07519601,      -12.18938917,      -9.128207885
          0,           0,         582,      -14.61932891,      -12.07561501,      -12.18722736,      -9.133668896
          0,           0,         583,      -14.62213515,      -12.07735708,      -12.18439239,      -9.129832116
          0,           0,         584,      -14.60712499,      -12.05097435,      -12.17241068,      -9.110547336
          0,           0,         585,      -14.60773454,      -12.05423855,      -12.19164072,      -9.117147905
          0,           0,         586,      -14.62254285,      -12.07501764,      -12.19139654,       -9.13530306
          0,           0,         587,       -14.6109824,      -12.05724908,      -12.19910531,      -9.121229451
          0,           0,         588,      -14.61950162,      -12.05849334,       -12.1902391,      -9.122920543
          0,           0,         589,      -14.60970499,      -12.06495101,      -12.19461456,      -9.125317643
          0,           0,         590,      -14.61933167,       -12.0755374,      -12.18526026,       -9.14298416
          0,           0,         591,      -14.62899628,      -12.07303355,      -12.19240507,       -9.13065262
          0,           0,         592,      -14.61795471,      -12.06313763,      -12.20708858,      -9.130899862
          0,           0,         593,       -14.6060914,      -12.06073626,      -12.17283294,      -9.116239076
          0,           0,         594,      -14.61715253,      -12.07346251,      -12.17050593,      -9.124944684
          0,           0,         595,      -14.61288826,      -12.07035162,      -12.17659007,      -9.127525176
          0,           0,         596,       -14.6064632,      -12.06876892,      -12.17457422,      -9.115732847
          0,           0,         597,       -14.6243384,      -12.07225927,      -12.19290865,      -9.131876826
          0,           0,         598,      -14.61935456,      -12.08533411,      -12.17735035,      -9.132176039
          0,           0,         599,      -14.61830827,      -12.07358337,        -12.181982,      -9.125446656
          0,           0,         600,      -14.61044208,       -12.0536694,      -12.18872075,      -9.121319917
