VARIABLES = \
"Time_Iter","Outer_Iter","Inner_Iter",    "rms[Rho]"    ,    "rms[RhoU]"   ,    "rms[RhoV]"   ,    "rms[RhoE]"   
          0,           0,           0,      -1.471597401,      0.7350895822,       1.043593392,       3.988030802
          0,           0,           1,      -1.958498323,      0.4430538324,      0.5997889791,       3.513486527
          0,           0,           2,      -2.216592643,      0.2336324531,      0.3543008559,       3.260207061
          0,           0,           3,      -2.381694393,     0.08812054665,      0.1604608556,       3.095457371
          0,           0,           4,      -2.534155671,    -0.04154389114,    -0.01557053623,       2.942604528
          0,           0,           5,      -2.681088582,     -0.1582446993,     -0.1795612887,       2.794351702
          0,           0,           6,      -2.826498965,     -0.2593827028,      -0.334988747,       2.648423535
          0,           0,           7,      -2.971728012,     -0.3493740866,      -0.486220234,       2.503876676
          0,           0,           8,      -3.111666549,     -0.4258471658,     -0.6316654239,       2.365280909
          0,           0,           9,      -3.242296761,     -0.4936417416,     -0.7703215302,       2.236509346
          0,           0,          10,      -3.368083493,     -0.5587895469,     -0.9046656366,        2.11331082
          0,           0,          11,      -3.488959284,     -0.6215090392,      -1.033768446,       1.995372501
          0,           0,          12,      -3.598823834,     -0.6800257362,      -1.150992581,       1.888433658
          0,           0,          13,      -3.694786854,     -0.7339835211,      -1.253510567,       1.795936511
          0,           0,          14,      -3.778388094,     -0.7838554205,      -1.345879452,       1.716784439
          0,           0,          15,      -3.854761447,     -0.8301031759,      -1.431150983,       1.645904638
          0,           0,          16,      -3.927011217,      -0.873098485,      -1.507068669,       1.579860474
          0,           0,          17,      -3.994158521,     -0.9134763196,      -1.572301245,       1.518743343
          0,           0,          18,      -4.055148131,      -0.952329801,      -1.630043549,       1.462643398
          0,           0,          19,      -4.110829565,     -0.9908843548,      -1.684660151,       1.410212777
          0,           0,          20,      -4.163102379,      -1.030014121,      -1.738073774,       1.359707494
          0,           0,          21,      -4.213852586,      -1.070054543,      -1.789868737,       1.309889088
          0,           0,          22,      -4.264218038,      -1.110876976,      -1.838990501,       1.260328292
          0,           0,          23,      -4.314122976,      -1.152075335,      -1.885574234,        1.21146618
          0,           0,          24,      -4.362726467,      -1.193185089,      -1.930355935,       1.164148168
          0,           0,          25,      -4.409483326,      -1.233821194,      -1.974343637,       1.118840596
          0,           0,          26,      -4.454551299,      -1.273713166,      -2.018266795,       1.075405926
          0,           0,          27,      -4.498405294,      -1.312667918,      -2.062441282,       1.033451182
          0,           0,          28,      -4.541304837,      -1.350524787,      -2.106859193,      0.9927296021
          0,           0,          29,      -4.583171474,      -1.387166973,      -2.151360706,      0.9531942593
          0,           0,          30,      -4.623798567,      -1.422549875,      -2.195749546,      0.9148353992
          0,           0,          31,      -4.663047872,      -1.456723217,      -2.239799737,      0.8775667508
          0,           0,          32,        -4.7009096,      -1.489821354,      -2.283232569,      0.8412348476
          0,           0,          33,      -4.737500337,      -1.522030911,      -2.325668782,      0.8056665597
          0,           0,          34,      -4.773012341,      -1.553546368,      -2.366629906,      0.7707217063
          0,           0,          35,      -4.807637823,      -1.584532869,      -2.405614853,      0.7363303381
          0,           0,          36,      -4.841490515,      -1.615106176,      -2.442227518,      0.7025146502
          0,           0,          37,      -4.874589647,      -1.645325986,      -2.476310131,      0.6693627825
          0,           0,          38,      -4.906896905,      -1.675203072,      -2.507989786,      0.6369795708
          0,           0,          39,      -4.938382848,      -1.704716933,      -2.537637775,      0.6054294193
          0,           0,          40,      -4.969066026,      -1.733830781,      -2.565757289,      0.5747135055
          0,           0,          41,      -4.999011993,      -1.762504639,      -2.592861388,      0.5447814075
          0,           0,          42,       -5.02830923,      -1.790703948,      -2.619390506,      0.5155576925
          0,           0,          43,      -5.057041943,      -1.818402051,      -2.645678405,      0.4869693574
          0,           0,          44,      -5.085277334,       -1.84558213,      -2.671953334,      0.4589568306
          0,           0,          45,      -5.113060235,      -1.872236772,      -2.698355761,      0.4314767209
          0,           0,          46,      -5.140415614,      -1.898368108,      -2.724956477,      0.4044983297
          0,           0,          47,      -5.167353721,      -1.923988793,      -2.751773075,      0.3779985825
          0,           0,          48,      -5.193876749,      -1.949121273,      -2.778778585,      0.3519576753
          0,           0,          49,      -5.219984255,      -1.973799042,      -2.805911818,      0.3263555497
          0,           0,          50,      -5.245679343,       -1.99806502,      -2.833088573,      0.3011695533
          0,           0,          51,      -5.270975167,      -2.021968785,      -2.860211758,      0.2763718954
          0,           0,          52,       -5.29589623,      -2.045564696,       -2.88717937,      0.2519293333
          0,           0,          53,      -5.320479006,      -2.068908987,      -2.913902808,      0.2278032233
          0,           0,          54,      -5.344770686,      -2.092056916,      -2.940309697,      0.2039497419
          0,           0,          55,      -5.368822872,      -2.115060303,      -2.966350455,      0.1803232509
          0,           0,          56,       -5.39268716,      -2.137965875,      -2.992001829,      0.1568789958
          0,           0,          57,      -5.416414198,      -2.160814712,      -3.017263952,      0.1335729075
          0,           0,          58,      -5.440049905,      -2.183642317,      -3.042157291,      0.1103639388
          0,           0,          59,      -5.463633867,      -2.206478638,      -3.066718725,     0.08721477402
          0,           0,          60,      -5.487195572,      -2.229348186,      -3.090999514,     0.06409493186
          0,           0,          61,      -5.510760934,      -2.252271291,      -3.115053309,     0.04097655633
          0,           0,          62,      -5.534351889,      -2.275264046,      -3.138935761,     0.01783447284
          0,           0,          63,      -5.557982535,      -2.298338231,       -3.16270111,   -0.005349757853
          0,           0,          64,      -5.581663614,      -2.321503138,       -3.18639947,    -0.02859190512
          0,           0,          65,      -5.605405854,      -2.344765206,      -3.210075632,    -0.05190633903
          0,           0,          66,      -5.629214911,      -2.368128859,      -3.233769195,    -0.07530334477
          0,           0,          67,      -5.653094154,      -2.391596887,      -3.257512589,    -0.09879072092
          0,           0,          68,      -5.677046418,       -2.41517052,      -3.281332255,     -0.1223748487
          0,           0,          69,      -5.701072674,      -2.438849668,      -3.305249886,     -0.1460601356
          0,           0,          70,      -5.725172878,      -2.462633371,      -3.329280858,     -0.1698494409
          0,           0,          71,       -5.74934555,      -2.486519968,      -3.353436361,     -0.1937440247
          0,           0,          72,      -5.773588114,      -2.510507233,      -3.377723856,     -0.2177439437
          0,           0,          73,      -5.797897355,      -2.534592455,      -3.402148339,     -0.2418483806
          0,           0,          74,       -5.82227041,      -2.558772699,      -3.426711874,     -0.2660564563
          0,           0,          75,      -5.846701839,      -2.583044713,      -3.451414069,      -0.290365255
          0,           0,          76,      -5.871187775,      -2.607404972,      -3.476252848,      -0.314772762
          0,           0,          77,      -5.895725221,      -2.631850118,      -3.501226629,     -0.3392773488
          0,           0,          78,      -5.920309554,      -2.656376303,       -3.52633134,     -0.3638759342
          0,           0,          79,      -5.944935661,       -2.68097949,      -3.551563098,     -0.3885649789
          0,           0,          80,      -5.969598844,      -2.705655698,      -3.576917728,     -0.4133411755
          0,           0,          81,      -5.994294642,      -2.730400875,        -3.6023908,     -0.4382012251
          0,           0,          82,      -6.019018406,        -2.7552109,      -3.627977998,     -0.4631415823
          0,           0,          83,      -6.043765415,       -2.78008154,      -3.653674738,     -0.4881584542
          0,           0,          84,      -6.068531128,      -2.805008519,       -3.67947487,     -0.5132480981
          0,           0,          85,      -6.093311182,      -2.829987549,      -3.705375383,     -0.5384067578
          0,           0,          86,      -6.118101011,      -2.855014254,      -3.731372088,     -0.5636303799
          0,           0,          87,      -6.142896224,      -2.880084277,       -3.75745986,       -0.58891505
          0,           0,          88,      -6.167692446,      -2.905193253,      -3.783634422,     -0.6142567076
          0,           0,          89,       -6.19248482,       -2.93033672,      -3.809892861,     -0.6396507944
          0,           0,          90,      -6.217269277,       -2.95551032,      -3.836229714,     -0.6650932907
          0,           0,          91,      -6.242041684,      -2.980709725,      -3.862640751,     -0.6905800006
          0,           0,          92,      -6.266797778,      -3.005930616,      -3.889121758,     -0.7161065204
          0,           0,          93,      -6.291533556,      -3.031168809,      -3.915668416,     -0.7416685126
          0,           0,          94,      -6.316246235,      -3.056420101,      -3.942276286,     -0.7672624973
          0,           0,          95,      -6.340931748,      -3.081680318,      -3.968941508,     -0.7928837841
          0,           0,          96,      -6.365586566,        -3.1069455,      -3.995659693,     -0.8185279879
          0,           0,          97,      -6.390207701,      -3.132211687,      -4.022426347,     -0.8441910175
          0,           0,          98,       -6.41479242,      -3.157475098,      -4.049237023,     -0.8698688642
          0,           0,          99,       -6.43933823,      -3.182732096,      -4.076087306,     -0.8955575738
          0,           0,         100,      -6.463842885,      -3.207979175,      -4.102972775,     -0.9212532559
          0,           0,         101,      -6.488304402,       -3.23321297,      -4.129888957,     -0.9469520893
          0,           0,         102,      -6.512721095,      -3.258430293,      -4.156831321,     -0.9726503604
          0,           0,         103,      -6.537091555,      -3.283628127,      -4.183795298,     -0.9983444584
          0,           0,         104,      -6.561414658,      -3.308803638,      -4.210776272,      -1.024030887
          0,           0,         105,       -6.58568956,      -3.333954179,      -4.237769592,      -1.049706274
          0,           0,         106,      -6.609915704,      -3.359077302,      -4.264770575,      -1.075367389
          0,           0,         107,      -6.634092793,      -3.384170752,      -4.291774595,       -1.10101111
          0,           0,         108,      -6.658220896,      -3.409232503,      -4.318776934,       -1.12663457
          0,           0,         109,      -6.682300336,      -3.434260737,      -4.345772767,      -1.152235052
          0,           0,         110,       -6.70633167,      -3.459253844,      -4.372757459,      -1.177809967
          0,           0,         111,      -6.730315714,      -3.484210431,      -4.399726452,      -1.203356911
          0,           0,         112,      -6.754253543,      -3.509129327,       -4.42667521,      -1.228873676
          0,           0,         113,      -6.778146476,      -3.534009583,      -4.453599244,      -1.254358262
          0,           0,         114,      -6.801996055,      -3.558850472,      -4.480494145,      -1.279808871
          0,           0,         115,      -6.825804039,      -3.583651484,      -4.507355612,      -1.305223916
          0,           0,         116,      -6.849572394,      -3.608412344,      -4.534179451,      -1.330602026
          0,           0,         117,      -6.873303218,      -3.633132953,      -4.560961647,      -1.355942009
          0,           0,         118,      -6.896998776,      -3.657813435,      -4.587698315,      -1.381242888
          0,           0,         119,      -6.920661509,      -3.682454117,      -4.614385763,      -1.406503916
          0,           0,         120,      -6.944294158,      -3.707055487,      -4.641020575,      -1.431724722
          0,           0,         121,      -6.967898546,      -3.731618233,      -4.667599834,      -1.456904199
          0,           0,         122,      -6.991477873,      -3.756143286,      -4.694119551,      -1.482042629
          0,           0,         123,      -7.015035505,      -3.780631745,      -4.720576761,      -1.507140542
          0,           0,         124,       -7.03857431,      -3.805084821,      -4.746969279,      -1.532198161
          0,           0,         125,      -7.062097019,      -3.829503869,      -4.773295013,      -1.557215729
          0,           0,         126,      -7.085606665,      -3.853890517,      -4.799551861,      -1.582193904
          0,           0,         127,      -7.109106252,      -3.878246434,      -4.825737889,      -1.607133495
          0,           0,         128,      -7.132598661,      -3.902573236,       -4.85185141,      -1.632035384
          0,           0,         129,      -7.156086938,      -3.926872804,      -4.877891165,      -1.656900735
          0,           0,         130,      -7.179574116,      -3.951147113,      -4.903856241,       -1.68173087
          0,           0,         131,      -7.203063195,      -3.975398225,      -4.929746042,      -1.706527243
          0,           0,         132,      -7.226557124,      -3.999628275,      -4.955560255,      -1.731291428
          0,           0,         133,      -7.250058796,      -4.023839458,      -4.981298838,      -1.756025103
          0,           0,         134,      -7.273571053,      -4.048034025,      -5.006962018,      -1.780730056
          0,           0,         135,      -7.297096682,      -4.072214277,      -5.032550306,      -1.805408177
          0,           0,         136,      -7.320638404,      -4.096382542,       -5.05806449,      -1.830061442
          0,           0,         137,      -7.344198868,      -4.120541178,      -5.083505625,      -1.854691908
          0,           0,         138,      -7.367780655,       -4.14469256,      -5.108875021,        -1.8793017
          0,           0,         139,      -7.391386269,      -4.168839072,      -5.134174227,      -1.903893003
          0,           0,         140,       -7.41501814,      -4.192983099,      -5.159405033,      -1.928468057
          0,           0,         141,      -7.438678613,      -4.217127022,      -5.184569445,      -1.953029139
          0,           0,         142,      -7.462369953,      -4.241273208,      -5.209669673,      -1.977578557
          0,           0,         143,      -7.486094337,      -4.265424006,      -5.234708122,      -2.002118643
          0,           0,         144,      -7.509853863,      -4.289581739,      -5.259687366,      -2.026651741
          0,           0,         145,      -7.533650533,      -4.313748699,      -5.284610138,      -2.051180199
          0,           0,         146,      -7.557486271,      -4.337927144,      -5.309479309,      -2.075706366
          0,           0,         147,      -7.581362911,       -4.36211929,      -5.334297874,      -2.100232578
          0,           0,         148,      -7.605282203,      -4.386327311,      -5.359068928,      -2.124761157
          0,           0,         149,      -7.629245813,      -4.410553331,      -5.383795665,      -2.149294403
          0,           0,         150,      -7.653255323,      -4.434799426,      -5.408481343,      -2.173834587
          0,           0,         151,      -7.677312234,      -4.459067616,      -5.433129279,      -2.198383948
          0,           0,         152,      -7.701417969,      -4.483359869,      -5.457742835,      -2.222944689
          0,           0,         153,      -7.725573871,      -4.507678093,      -5.482325396,      -2.247518971
          0,           0,         154,      -7.749781211,      -4.532024139,      -5.506880364,      -2.272108909
          0,           0,         155,      -7.774041181,      -4.556399797,      -5.531411134,       -2.29671657
          0,           0,         156,      -7.798354905,      -4.580806798,      -5.555921104,      -2.321343972
          0,           0,         157,      -7.822723437,       -4.60524681,      -5.580413631,      -2.345993078
          0,           0,         158,      -7.847147766,      -4.629721442,      -5.604892055,      -2.370665797
          0,           0,         159,      -7.871628814,      -4.654232239,      -5.629359662,      -2.395363981
          0,           0,         160,      -7.896167442,      -4.678780687,      -5.653819694,      -2.420089423
          0,           0,         161,      -7.920764452,      -4.703368212,      -5.678275333,      -2.444843858
          0,           0,         162,      -7.945420587,      -4.727996177,      -5.702729697,      -2.469628962
          0,           0,         163,      -7.970136537,      -4.752665887,      -5.727185829,      -2.494446351
          0,           0,         164,      -7.994912941,      -4.777378592,      -5.751646698,      -2.519297582
          0,           0,         165,      -8.019750382,      -4.802135478,      -5.776115193,      -2.544184147
          0,           0,         166,      -8.044649404,      -4.826937681,      -5.800594119,      -2.569107487
          0,           0,         167,      -8.069610496,      -4.851786279,      -5.825086202,      -2.594068976
          0,           0,         168,      -8.094634113,      -4.876682296,      -5.849594062,      -2.619069939
          0,           0,         169,      -8.119720658,      -4.901626704,      -5.874120239,       -2.64411163
          0,           0,         170,      -8.144870505,      -4.926620426,      -5.898667181,      -2.669195261
          0,           0,         171,      -8.170083982,      -4.951664333,      -5.923237241,      -2.694321978
          0,           0,         172,       -8.19536139,      -4.976759249,      -5.947832683,      -2.719492878
          0,           0,         173,       -8.22070299,      -5.001905952,      -5.972455679,      -2.744709004
          0,           0,         174,      -8.246109018,      -5.027105175,      -5.997108297,      -2.769971349
          0,           0,         175,      -8.271579665,      -5.052357607,      -6.021792527,      -2.795280845
          0,           0,         176,      -8.297115115,      -5.077663896,       -6.04651027,      -2.820638392
          0,           0,         177,      -8.322715512,       -5.10302465,      -6.071263336,      -2.846044832
          0,           0,         178,      -8.348380975,      -5.128440436,      -6.096053442,      -2.871500961
          0,           0,         179,       -8.37411161,      -5.153911787,      -6.120882233,      -2.897007539
          0,           0,         180,      -8.399907482,      -5.179439197,       -6.14575125,      -2.922565264
          0,           0,         181,      -8.425768655,       -5.20502313,      -6.170661985,      -2.948174815
          0,           0,         182,      -8.451695159,      -5.230664014,      -6.195615825,      -2.973836815
          0,           0,         183,       -8.47768703,      -5.256362246,      -6.220614106,      -2.999551872
          0,           0,         184,      -8.503744245,      -5.282118194,      -6.245658056,      -3.025320518
          0,           0,         185,      -8.529866796,      -5.307932196,      -6.270748874,      -3.051143277
          0,           0,         186,      -8.556054663,      -5.333804566,      -6.295887655,      -3.077020643
          0,           0,         187,      -8.582307794,      -5.359735589,      -6.321075457,      -3.102953057
          0,           0,         188,      -8.608626144,      -5.385725526,      -6.346313253,      -3.128940952
          0,           0,         189,      -8.635009642,      -5.411774615,      -6.371601977,      -3.154984716
          0,           0,         190,        -8.6614582,      -5.437883072,      -6.396942464,      -3.181084698
          0,           0,         191,      -8.687971746,      -5.464051091,      -6.422335567,      -3.207241255
          0,           0,         192,      -8.714550162,      -5.490278848,       -6.44778199,      -3.233454673
          0,           0,         193,      -8.741193366,      -5.516566497,      -6.473282474,      -3.259725262
          0,           0,         194,      -8.767901233,      -5.542914178,       -6.49883766,       -3.28605327
          0,           0,         195,      -8.794673661,      -5.569322013,       -6.52444819,      -3.312438958
          0,           0,         196,      -8.821510498,      -5.595790106,      -6.550114561,       -3.33888251
          0,           0,         197,       -8.84841163,      -5.622318549,      -6.575837369,      -3.365384157
          0,           0,         198,      -8.875376923,      -5.648907418,      -6.601617046,      -3.391944067
          0,           0,         199,      -8.902406232,      -5.675556779,      -6.627454084,      -3.418562408
          0,           0,         200,       -8.92949943,      -5.702266684,      -6.653348863,       -3.44523934
          0,           0,         201,      -8.956656346,      -5.729037172,      -6.679301767,      -3.471974967
          0,           0,         202,      -8.983876848,      -5.755868275,      -6.705313142,      -3.498769426
          0,           0,         203,      -9.011160799,      -5.782760015,      -6.731383356,      -3.525622837
          0,           0,         204,      -9.038508017,      -5.809712401,      -6.757512592,      -3.552535246
          0,           0,         205,      -9.065918363,      -5.836725437,      -6.783701166,      -3.579506757
          0,           0,         206,      -9.093391694,       -5.86379912,      -6.809949383,      -3.606537457
          0,           0,         207,      -9.120927863,      -5.890933441,      -6.836257343,      -3.633627391
          0,           0,         208,      -9.148526684,      -5.918128377,       -6.86262529,       -3.66077658
          0,           0,         209,      -9.176188052,      -5.945383916,      -6.889053382,      -3.687985115
          0,           0,         210,      -9.203911776,      -5.972700021,      -6.915541749,       -3.71525298
          0,           0,         211,      -9.231697701,      -6.000076661,      -6.942090576,      -3.742580216
          0,           0,         212,      -9.259545752,      -6.027513809,       -6.96869998,       -3.76996688
          0,           0,         213,      -9.287455717,      -6.055011421,      -6.995370001,      -3.797412952
          0,           0,         214,      -9.315427448,      -6.082569449,      -7.022100736,      -3.824918408
          0,           0,         215,      -9.343460814,      -6.110187856,      -7.048892352,      -3.852483279
          0,           0,         216,      -9.371555712,      -6.137866594,      -7.075744739,      -3.880107586
          0,           0,         217,      -9.399711992,      -6.165605619,      -7.102657994,      -3.907791294
          0,           0,         218,      -9.427929551,      -6.193404888,      -7.129632383,      -3.935534455
          0,           0,         219,      -9.456208135,      -6.221264336,      -7.156667554,      -3.963336919
          0,           0,         220,      -9.484547799,      -6.249183926,      -7.183763833,      -3.991198829
          0,           0,         221,      -9.512948308,      -6.277163611,      -7.210921127,      -4.019120087
          0,           0,         222,      -9.541409579,      -6.305203341,      -7.238139298,      -4.047100682
          0,           0,         223,      -9.569931537,      -6.333303073,      -7.265418575,      -4.075140634
          0,           0,         224,      -9.598514064,      -6.361462763,      -7.292758798,      -4.103239932
          0,           0,         225,      -9.627156981,      -6.389682362,      -7.320160031,      -4.131398499
          0,           0,         226,      -9.655860373,      -6.417961835,      -7.347622257,      -4.159616393
          0,           0,         227,      -9.684623929,      -6.446301145,      -7.375145411,      -4.187893525
          0,           0,         228,       -9.71344775,      -6.474700268,      -7.402729636,      -4.216229962
          0,           0,         229,      -9.742331739,      -6.503159153,      -7.430374472,      -4.244625669
          0,           0,         230,      -9.771275727,      -6.531677783,      -7.458080366,      -4.273080587
          0,           0,         231,      -9.800279739,      -6.560256141,      -7.485846875,      -4.301594781
          0,           0,         232,      -9.829343672,      -6.588894195,      -7.513674162,      -4.330168165
          0,           0,         233,      -9.858467561,      -6.617591942,      -7.541562664,       -4.35880089
          0,           0,         234,      -9.887651291,      -6.646349379,      -7.569511704,      -4.387492847
          0,           0,         235,      -9.916894903,       -6.67516649,      -7.597521332,      -4.416244098
          0,           0,         236,      -9.946198228,      -6.704043266,      -7.625591623,      -4.445054547
          0,           0,         237,      -9.975561442,      -6.732979723,       -7.65372269,      -4.473924316
          0,           0,         238,       -10.0049845,      -6.761975896,      -7.681914324,      -4.502853547
          0,           0,         239,      -10.03446736,      -6.791031788,      -7.710166617,      -4.531842133
          0,           0,         240,       -10.0640098,      -6.820147393,      -7.738479173,      -4.560889875
          0,           0,         241,      -10.09361208,      -6.849322792,      -7.766852786,      -4.589997104
          0,           0,         242,      -10.12327446,      -6.878558019,      -7.795287017,      -4.619164017
          0,           0,         243,      -10.15299655,      -6.907853109,      -7.823781289,      -4.648390312
          0,           0,         244,      -10.18277862,      -6.937208108,      -7.852336147,      -4.677676206
          0,           0,         245,      -10.21262092,      -6.966623111,      -7.880952176,      -4.707022047
          0,           0,         246,      -10.24252326,      -6.996098173,      -7.909628467,      -4.736427545
          0,           0,         247,      -10.27248518,      -7.025633312,      -7.938364639,      -4.765892425
          0,           0,         248,      -10.30250789,      -7.055228726,      -7.967162126,      -4.795417688
          0,           0,         249,      -10.33259091,      -7.084884477,      -7.996019655,      -4.825002961
          0,           0,         250,      -10.36273424,      -7.114600617,      -8.024937911,       -4.85464824
          0,           0,         251,      -10.39293789,      -7.144377292,      -8.053917024,      -4.884353595
          0,           0,         252,      -10.42320249,      -7.174214675,      -8.082957019,      -4.914119638
          0,           0,         253,      -10.45352813,      -7.204112883,      -8.112057534,      -4.943946276
          0,           0,         254,      -10.48391421,      -7.234071999,      -8.141218464,      -4.973833016
          0,           0,         255,      -10.51436211,       -7.26409227,      -8.170441253,      -5.003781297
          0,           0,         256,      -10.54487078,      -7.294173816,      -8.199724528,       -5.03378993
          0,           0,         257,      -10.57544129,      -7.324316814,      -8.229068715,      -5.063860172
          0,           0,         258,      -10.60607366,      -7.354521467,      -8.258472614,      -5.093991534
          0,           0,         259,      -10.63676814,      -7.384787988,      -8.287938765,      -5.124184738
          0,           0,         260,      -10.66752458,      -7.415116583,      -8.317467541,      -5.154439636
          0,           0,         261,      -10.69834281,       -7.44550744,      -8.347055262,       -5.18475598
          0,           0,         262,      -10.72922432,      -7.475960795,      -8.376705333,      -5.215134748
          0,           0,         263,      -10.76016871,       -7.50647705,      -8.406419448,      -5.245576535
          0,           0,         264,       -10.7911778,       -7.53705635,      -8.436192882,      -5.276081212
          0,           0,         265,      -10.82224868,      -7.567698918,      -8.466027733,      -5.306648371
          0,           0,         266,      -10.85338495,       -7.59840526,      -8.495927955,      -5.337279446
          0,           0,         267,       -10.8845845,      -7.629175422,      -8.525887861,      -5.367973229
          0,           0,         268,      -10.91584758,      -7.660009777,      -8.555907812,      -5.398730411
          0,           0,         269,      -10.94717714,      -7.690908815,      -8.585995125,      -5.429553217
          0,           0,         270,       -10.9785716,      -7.721872895,      -8.616144012,       -5.46044001
          0,           0,         271,      -11.01003347,      -7.752902247,      -8.646355925,       -5.49139289
          0,           0,         272,      -11.04155846,      -7.783997179,        -8.6766306,      -5.522409331
          0,           0,         273,      -11.07315311,      -7.815158343,      -8.706968364,      -5.553492524
          0,           0,         274,       -11.1048127,       -7.84638594,      -8.737371443,      -5.584641428
          0,           0,         275,      -11.13654028,        -7.8776805,      -8.767837691,      -5.615857126
          0,           0,         276,      -11.16833679,      -7.909042569,      -8.798367159,      -5.647139415
          0,           0,         277,       -11.2002005,      -7.940472379,      -8.828961501,      -5.678488498
          0,           0,         278,      -11.23213473,      -7.971970615,      -8.859624254,      -5.709907921
          0,           0,         279,      -11.26413817,      -8.003537639,      -8.890350558,      -5.741394627
          0,           0,         280,      -11.29621052,       -8.03517378,      -8.921142788,      -5.772947796
          0,           0,         281,       -11.3283546,      -8.066879932,      -8.952000292,      -5.804572574
          0,           0,         282,      -11.36056738,      -8.098656564,       -8.98292491,      -5.836264887
          0,           0,         283,      -11.39285961,      -8.130504528,      -9.013917271,      -5.868033682
          0,           0,         284,      -11.42521936,      -8.162423869,      -9.044969489,      -5.899868516
          0,           0,         285,      -11.45765127,      -8.194415591,      -9.076097408,      -5.931774697
          0,           0,         286,      -11.49016157,      -8.226480273,      -9.107297405,      -5.963758249
          0,           0,         287,      -11.52274015,      -8.258617807,      -9.138555916,      -5.995805455
          0,           0,         288,       -11.5554035,      -8.290830813,      -9.169890679,      -6.027937408
          0,           0,         289,      -11.58814043,      -8.323118415,      -9.201300686,      -6.060142611
          0,           0,         290,      -11.62094648,      -8.355480653,      -9.232764012,      -6.092414387
          0,           0,         291,      -11.65383469,      -8.387920193,      -9.264302537,      -6.124766343
          0,           0,         292,       -11.6868063,      -8.420436148,      -9.295916359,      -6.157194011
          0,           0,         293,      -11.71985487,       -8.45303054,      -9.327613851,      -6.189700555
          0,           0,         294,      -11.75297797,      -8.485702998,      -9.359372517,      -6.222280977
          0,           0,         295,      -11.78618633,      -8.518455789,      -9.391195702,      -6.254946822
          0,           0,         296,      -11.81947849,      -8.551288931,      -9.423115285,      -6.287689057
          0,           0,         297,      -11.85285202,      -8.584202332,      -9.455073981,      -6.320507702
          0,           0,         298,       -11.8863184,      -8.617198502,      -9.487133136,      -6.353415028
          0,           0,         299,      -11.91986593,      -8.650278308,       -9.51927847,      -6.386403774
          0,           0,         300,       -11.9534845,      -8.683440627,      -9.551486096,        -6.4194696
          0,           0,         301,      -11.98721018,      -8.716690663,      -9.583778526,      -6.452633698
          0,           0,         302,      -12.02100533,      -8.750022551,      -9.616121435,      -6.485856777
          0,           0,         303,      -12.05489544,      -8.783442196,      -9.648552637,      -6.519174378
          0,           0,         304,      -12.08888838,      -8.816952194,      -9.681097982,      -6.552604829
          0,           0,         305,      -12.12295254,      -8.850549144,       -9.71368445,      -6.586090964
          0,           0,         306,      -12.15710924,      -8.884235403,      -9.746375268,       -6.61967005
          0,           0,         307,      -12.19140685,       -8.91801336,      -9.779139928,      -6.653368793
          0,           0,         308,      -12.22574829,      -8.951883544,      -9.812024633,      -6.687135993
          0,           0,         309,      -12.26019651,      -8.985844458,      -9.844945784,      -6.720984413
          0,           0,         310,      -12.29474288,      -9.019899684,      -9.877905657,      -6.754942086
          0,           0,         311,      -12.32939266,      -9.054052207,      -9.911068024,      -6.789003536
          0,           0,         312,      -12.36413986,      -9.088301701,      -9.944311216,      -6.823156993
          0,           0,         313,      -12.39895199,      -9.122640458,      -9.977540124,      -6.857369046
          0,           0,         314,       -12.4339216,      -9.157084216,      -10.01091078,      -6.891711846
          0,           0,         315,      -12.46894416,       -9.19162455,      -10.04438015,      -6.926132995
          0,           0,         316,      -12.50406865,      -9.226263707,      -10.07787228,       -6.96064443
          0,           0,         317,      -12.53938168,      -9.261008732,      -10.11158707,      -6.995350907
          0,           0,         318,      -12.57474317,      -9.295854618,       -10.1452943,      -7.030103422
          0,           0,         319,      -12.61015202,      -9.330795844,      -10.17912419,      -7.064881119
          0,           0,         320,      -12.64574629,      -9.365843966,      -10.21316629,      -7.099845154
          0,           0,         321,      -12.68139888,      -9.400996189,      -10.24707701,       -7.13486462
          0,           0,         322,      -12.71712906,      -9.436249142,      -10.28120678,      -7.169950515
          0,           0,         323,      -12.75311826,      -9.471617733,      -10.31549153,      -7.205305777
          0,           0,         324,       -12.7890071,      -9.507073673,      -10.34977079,      -7.240578684
          0,           0,         325,      -12.82517088,      -9.542665783,      -10.38430914,      -7.276170539
          0,           0,         326,      -12.86126508,      -9.578325624,       -10.4187646,      -7.311606322
          0,           0,         327,       -12.8976732,      -9.614113745,      -10.45334877,      -7.347326509
          0,           0,         328,      -12.93408032,      -9.650001586,      -10.48814945,      -7.383097909
          0,           0,         329,      -12.97040699,      -9.685983048,      -10.52300696,      -7.418870604
          0,           0,         330,      -13.00704189,      -9.722076792,      -10.55807496,       -7.45491419
          0,           0,         331,      -13.04377174,      -9.758274081,      -10.59304871,      -7.491054837
          0,           0,         332,      -13.08059514,      -9.794559841,      -10.62814904,       -7.52720214
          0,           0,         333,      -13.11736985,      -9.830950653,      -10.66367776,      -7.563463199
          0,           0,         334,      -13.15419211,      -9.867420283,      -10.69880935,      -7.599691928
          0,           0,         335,      -13.19139754,      -9.904032117,      -10.73449221,      -7.636339601
          0,           0,         336,      -13.22833689,      -9.940670388,      -10.76988514,      -7.672765017
          0,           0,         337,      -13.26543183,      -9.977408563,      -10.80604063,      -7.709331178
          0,           0,         338,      -13.30269774,      -10.01424592,      -10.84160948,      -7.746198212
          0,           0,         339,      -13.34027764,      -10.05118856,      -10.87746446,      -7.783184421
          0,           0,         340,       -13.3774437,      -10.08814692,      -10.91359198,      -7.819967821
          0,           0,         341,      -13.41458806,       -10.1251402,      -10.94967794,      -7.856736989
          0,           0,         342,      -13.45167328,      -10.16218042,      -10.98590031,      -7.893551118
          0,           0,         343,      -13.48900924,      -10.19925862,      -11.02199655,      -7.930448666
          0,           0,         344,      -13.52606831,      -10.23642546,      -11.05855861,      -7.967536289
          0,           0,         345,      -13.56328096,      -10.27355083,      -11.09506683,      -8.004635423
          0,           0,         346,      -13.60037609,      -10.31062661,      -11.13210531,      -8.041448992
          0,           0,         347,      -13.63706911,      -10.34774473,      -11.16857305,       -8.07813669
          0,           0,         348,      -13.67391839,      -10.38483066,      -11.20501919,      -8.115047271
          0,           0,         349,      -13.71020337,      -10.42172312,      -11.24125079,      -8.151255362
          0,           0,         350,      -13.74600771,      -10.45869245,      -11.27927439,      -8.188341439
          0,           0,         351,      -13.78219729,      -10.49550305,      -11.31520451,      -8.224933084
          0,           0,         352,      -13.81773496,      -10.53213826,      -11.35149944,      -8.261254159
          0,           0,         353,      -13.85326478,      -10.56853251,      -11.38890061,      -8.296673305
          0,           0,         354,      -13.88803387,      -10.60483707,      -11.42540077,      -8.332568643
          0,           0,         355,      -13.92286199,      -10.64089836,      -11.46006731,      -8.368088702
          0,           0,         356,      -13.95568253,      -10.67664166,      -11.49846291,      -8.402317674
          0,           0,         357,      -13.98818276,       -10.7119803,      -11.53298548,      -8.436228396
          0,           0,         358,      -14.02027719,      -10.74719848,      -11.56940877,      -8.470862151
          0,           0,         359,      -14.05166207,      -10.78192279,      -11.60475786,      -8.503727451
          0,           0,         360,      -14.08308284,      -10.81602292,      -11.63898067,      -8.536455117
          0,           0,         361,      -14.11200905,      -10.84985003,      -11.67455209,      -8.569219989
          0,           0,         362,      -14.14393116,      -10.88358666,      -11.71028841,      -8.603930399
          0,           0,         363,      -14.17004817,      -10.91576821,      -11.73898379,       -8.63000287
          0,           0,         364,      -14.19595992,       -10.9482442,      -11.77343165,      -8.661329055
          0,           0,         365,      -14.22429716,      -10.97975754,      -11.80747552,      -8.690329662
          0,           0,         366,      -14.24578236,      -11.01066162,      -11.83823059,      -8.716507727
          0,           0,         367,      -14.27048469,      -11.04121193,      -11.86720545,      -8.744051697
          0,           0,         368,      -14.29403212,      -11.07049688,       -11.8979121,      -8.768265437
          0,           0,         369,      -14.31435067,      -11.09929854,      -11.92016276,      -8.789571705
          0,           0,         370,      -14.33214875,      -11.12706755,      -11.94096458,      -8.809536419
          0,           0,         371,      -14.35192544,      -11.15536341,       -11.9687251,      -8.838176607
          0,           0,         372,      -14.37005614,      -11.18202901,      -11.99482521,      -8.856902181
          0,           0,         373,      -14.38847724,      -11.20732622,      -12.00997559,      -8.870964765
          0,           0,         374,      -14.40894183,      -11.23360061,      -12.03410485,      -8.897265488
          0,           0,         375,      -14.41947475,      -11.25876207,      -12.04689344,      -8.908309898
          0,           0,         376,      -14.43314748,      -11.28217084,      -12.05438768,      -8.922079477
          0,           0,         377,      -14.44989371,      -11.30617632,      -12.08820234,      -8.944301162
          0,           0,         378,      -14.45750805,      -11.32996327,      -12.10039814,      -8.956298553
          0,           0,         379,      -14.47376471,      -11.35308022,      -12.10037474,      -8.973669396
          0,           0,         380,       -14.4888036,      -11.37602416,      -12.12245473,      -8.988795788
          0,           0,         381,       -14.4964586,      -11.39580666,      -12.12741126,      -8.990495531
          0,           0,         382,      -14.50623735,      -11.41895592,      -12.13232522,      -9.001592646
          0,           0,         383,      -14.50877759,      -11.43794803,      -12.13698427,      -9.011368808
          0,           0,         384,      -14.52623533,      -11.46021527,      -12.14836856,      -9.027611519
          0,           0,         385,       -14.5117251,      -11.47781524,      -12.14638805,      -9.014290611
          0,           0,         386,      -14.53948323,      -11.50071681,      -12.15190291,      -9.042378593
          0,           0,         387,      -14.53486102,      -11.51848861,      -12.15705683,      -9.041601078
          0,           0,         388,      -14.54654006,      -11.53917811,      -12.16351831,      -9.054131653
          0,           0,         389,        -14.567326,       -11.5604225,      -12.17353123,      -9.074067837
          0,           0,         390,      -14.55404192,      -11.57509515,      -12.16873192,      -9.059892168
          0,           0,         391,      -14.57091774,      -11.59675735,      -12.18622169,       -9.07137088
          0,           0,         392,      -14.56936171,      -11.61670263,      -12.17511485,      -9.073720739
          0,           0,         393,      -14.57142289,       -11.6321093,      -12.16894271,      -9.077063516
          0,           0,         394,      -14.57080216,      -11.65071526,       -12.1736141,      -9.077200762
          0,           0,         395,      -14.57360357,      -11.66909364,      -12.17457609,      -9.086029755
          0,           0,         396,      -14.58383936,      -11.68823087,      -12.16921698,      -9.091598433
          0,           0,         397,       -14.5974779,      -11.70582544,      -12.18672753,      -9.107362872
          0,           0,         398,      -14.60076103,      -11.72294994,      -12.19169847,      -9.107213525
          0,           0,         399,      -14.59497194,      -11.73824183,      -12.18092275,      -9.100338454
          0,           0,         400,      -14.59968278,       -11.7549596,      -12.18676752,      -9.107721256
          0,           0,         401,      -14.60866314,      -11.77277131,      -12.19759502,      -9.110938475
          0,           0,         402,       -14.5818544,      -11.78154177,      -12.19840441,      -9.096078645
          0,           0,         403,      -14.61458145,      -11.80258988,      -12.19973328,      -9.119136416
          0,           0,         404,      -14.60976975,      -11.81331005,      -12.19509883,       -9.10195668
          0,           0,         405,       -14.6037559,      -11.83170474,      -12.19035035,      -9.108178025
          0,           0,         406,      -14.59722968,      -11.84049472,      -12.18546672,      -9.110056158
          0,           0,         407,      -14.61241254,       -11.8635377,      -12.18543607,      -9.121710378
          0,           0,         408,      -14.61364206,      -11.87130066,      -12.19403811,       -9.11350167
          0,           0,         409,      -14.61265172,      -11.88655958,      -12.19008512,      -9.117751526
          0,           0,         410,      -14.61822938,      -11.90243484,      -12.19864184,      -9.123574058
          0,           0,         411,      -14.61798423,      -11.91078414,      -12.18896211,      -9.122435959
          0,           0,         412,      -14.62765907,      -11.92806918,      -12.19539242,      -9.138561163
          0,           0,         413,      -14.61571029,       -11.9302052,      -12.18713285,      -9.121810718
          0,           0,         414,      -14.63670244,      -11.95285427,      -12.19712645,      -9.142624701
          0,           0,         415,      -14.60519596,       -11.9460233,      -12.18279222,      -9.108776068
          0,           0,         416,      -14.60821706,       -11.9542952,      -12.18808384,      -9.116754218
          0,           0,         417,      -14.62853415,      -11.97588054,      -12.19413643,      -9.132413825
          0,           0,         418,      -14.62275153,       -11.9852474,      -12.17733268,      -9.130081541
          0,           0,         419,      -14.62759475,      -11.98219932,      -12.20120272,      -9.125775159
          0,           0,         420,      -14.62226462,      -12.00116381,      -12.19751053,      -9.125915274
          0,           0,         421,      -14.61284706,      -12.00173184,       -12.1728494,       -9.11768604
          0,           0,         422,      -14.61618827,      -12.00173165,      -12.19236333,      -9.122613969
          0,           0,         423,      -14.61180536,      -12.01015082,      -12.19413407,      -9.126589176
          0,           0,         424,      -14.62601019,      -12.03291098,      -12.19464933,      -9.138853841
          0,           0,         425,      -14.63139528,      -12.02697146,      -12.19893605,      -9.131311358
          0,           0,         426,       -14.6202172,      -12.01719968,      -12.19185285,      -9.120205314
          0,           0,         427,      -14.61869409,       -12.0399275,      -12.19767299,      -9.129685681
          0,           0,         428,      -14.63149983,      -12.04473269,      -12.20123315,      -9.138168739
          0,           0,         429,      -14.62984165,       -12.0374881,      -12.20398609,      -9.134224199
          0,           0,         430,       -14.6209697,      -12.03578374,        -12.196063,      -9.131949155
          0,           0,         431,      -14.61914124,      -12.04641005,      -12.19049706,      -9.133594785
          0,           0,         432,      -14.61287853,      -12.03156111,      -12.18704668,      -9.117840386
          0,           0,         433,      -14.62929476,      -12.07078536,      -12.20063623,      -9.142283244
          0,           0,         434,      -14.61535087,      -12.03724012,      -12.20086282,      -9.119045524
          0,           0,         435,      -14.62227092,      -12.05431245,      -12.19685497,      -9.130805857
          0,           0,         436,      -14.62545435,      -12.06117003,      -12.19473978,      -9.138821635
          0,           0,         437,      -14.62095123,      -12.06252385,      -12.19080849,      -9.134935727
          0,           0,         438,      -14.62475464,      -12.06335783,      -12.19469624,      -9.138478455
          0,           0,         439,      -14.61211996,      -12.06001254,      -12.19035097,      -9.131680464
          0,           0,         440,      -14.60962515,      -12.04161592,      -12.18611308,      -9.124788608
          0,           0,         441,      -14.61887974,      -12.06381236,      -12.18473506,      -9.131474291
          0,           0,         442,      -14.61558584,      -12.06049956,      -12.18562728,      -9.129538768
          0,           0,         443,      -14.63677176,      -12.08169615,      -12.20721771,      -9.143172922
          0,           0,         444,      -14.61975594,      -12.06028248,      -12.19518728,      -9.124051818
          0,           0,         445,      -14.61276805,       -12.0571229,      -12.19885799,      -9.123421965
          0,           0,         446,      -14.63745955,       -12.0780798,      -12.19802379,      -9.147625203
          0,           0,         447,      -14.62503198,      -12.09131656,      -12.18112346,      -9.137199885
          0,           0,         448,      -14.62458599,      -12.06150185,      -12.19219527,      -9.124076521
          0,           0,         449,      -14.63528391,      -12.08203094,      -12.19732372,      -9.136343423
          0,           0,         450,      -14.62622432,      -12.06169719,      -12.18868103,      -9.132733059
          0,           0,         451,      -14.62540179,      -12.08190933,      -12.20196878,      -9.140584144
          0,           0,         452,       -14.6304643,      -12.08108497,      -12.19562117,      -9.137134767
          0,           0,         453,      -14.62872224,       -12.0689618,      -12.18710915,      -9.125397467
          0,           0,         454,      -14.62881739,      -12.08023275,      -12.18660575,      -9.137273289
          0,           0,         455,      -14.61963436,      -12.06993624,      -12.19177324,      -9.129917393
          0,           0,         456,      -14.62056687,      -12.06610504,      -12.18332684,      -9.130433172
          0,           0,         457,      -14.62181506,      -12.08060014,      -12.20452165,      -9.131271427
          0,           0,         458,       -14.6331832,       -12.0871333,      -12.20125241,      -9.136113345
          0,           0,         459,      -14.61634055,       -12.0773646,      -12.19371872,      -9.129262526
          0,           0,         460,      -14.62591713,      -12.06609922,      -12.19316098,      -9.129223072
          0,           0,         461,      -14.62706461,      -12.07268917,      -12.20281285,      -9.131110179
          0,           0,         462,       -14.6289697,      -12.07229058,      -12.18354506,      -9.133225758
          0,           0,         463,      -14.61317879,      -12.06604103,      -12.19819936,      -9.128352778
          0,           0,         464,      -14.62635292,      -12.06601673,      -12.17926345,      -9.129832812
          0,           0,         465,      -14.61829377,      -12.07611095,      -12.19511291,      -9.130035702
          0,           0,         466,      -14.63291271,      -12.06924496,      -12.19791176,      -9.137930496
          0,           0,         467,      -14.62284837,      -12.07143491,       -12.2026934,      -9.135336487
          0,           0,         468,      -14.61778569,      -12.07280342,      -12.19559486,       -9.12972144
          0,           0,         469,      -14.62054698,      -12.07423567,      -12.19622487,      -9.127528792
          0,           0,         470,      -14.64974397,      -12.10516165,      -12.20636441,      -9.155302976
          0,           0,         471,      -14.62089622,      -12.05542958,      -12.19611001,        -9.1289401
          0,           0,         472,       -14.6252722,      -12.06524572,      -12.19973267,      -9.129649446
          0,           0,         473,      -14.62724879,       -12.0671211,      -12.19431209,      -9.122774281
          0,           0,         474,       -14.6030901,      -12.05084763,       -12.1825646,      -9.116032283
          0,           0,         475,      -14.63230738,      -12.07546017,       -12.1921449,      -9.137497028
          0,           0,         476,      -14.62451899,       -12.0800963,      -12.18710572,       -9.13406074
          0,           0,         477,      -14.61622407,      -12.05423657,      -12.19429299,       -9.12425445
          0,           0,         478,      -14.61443122,      -12.06894754,      -12.18751351,      -9.124931733
          0,           0,         479,      -14.63611914,      -12.07595384,      -12.19618508,      -9.142166954
          0,           0,         480,      -14.62520263,      -12.05823582,      -12.21570981,      -9.129699227
          0,           0,         481,       -14.6322412,        -12.083674,      -12.21367727,      -9.143100165
          0,           0,         482,      -14.63441375,      -12.07810257,      -12.19311218,      -9.139620982
          0,           0,         483,      -14.60608111,        -12.069292,      -12.18390921,      -9.117691144
          0,           0,         484,      -14.62953233,      -12.09054948,       -12.2008173,      -9.145810136
          0,           0,         485,      -14.62621737,      -12.07024784,      -12.19644139,      -9.131127283
          0,           0,         486,      -14.62491163,      -12.06601052,      -12.20018076,      -9.132140624
          0,           0,         487,      -14.62995344,      -12.07414015,      -12.19387344,      -9.139594525
          0,           0,         488,      -14.63765288,      -12.07882162,      -12.20076229,      -9.143049788
          0,           0,         489,       -14.6133033,      -12.07753961,      -12.17797326,      -9.125620598
          0,           0,         490,      -14.62300755,      -12.07158435,      -12.19948612,      -9.131667425
          0,           0,         491,      -14.63213056,      -12.07692458,      -12.19573388,      -9.141059725
          0,           0,         492,      -14.62587238,      -12.08525223,      -12.19404625,      -9.143142026
          0,           0,         493,      -14.61787152,        -12.084207,      -12.19110283,      -9.139006193
          0,           0,         494,      -14.62964479,      -12.08094398,      -12.18768802,      -9.134350445
          0,           0,         495,      -14.63826393,      -12.08704536,      -12.20268268,      -9.146819007
          0,           0,         496,      -14.62795149,      -12.07161274,      -12.20378684,      -9.128456903
          0,           0,         497,      -14.62353685,      -12.06869954,      -12.19997231,      -9.130792677
          0,           0,         498,      -14.64243153,       -12.0917406,      -12.20336281,      -9.150786769
          0,           0,         499,       -14.6312098,      -12.08162578,       -12.1962206,      -9.138803411
          0,           0,         500,      -14.63681763,      -12.08254628,      -12.20339934,      -9.136830744
          0,           0,         501,       -14.6426129,      -12.07555911,      -12.20799518,      -9.144315919
          0,           0,         502,      -14.60783617,      -12.04060962,      -12.19939139,      -9.116757355
          0,           0,         503,      -14.62267228,      -12.07468485,      -12.19310407,      -9.128964618
          0,           0,         504,      -14.63338811,      -12.08511551,      -12.19657775,      -9.143771928
          0,           0,         505,      -14.63188792,      -12.08281687,      -12.19164006,      -9.140931976
          0,           0,         506,      -14.61671641,      -12.08152918,      -12.20707193,      -9.129474371
          0,           0,         507,       -14.6171203,      -12.06542397,      -12.19262529,      -9.130221858
          0,           0,         508,      -14.62652289,      -12.06545653,      -12.20225405,      -9.129567219
          0,           0,         509,      -14.61443785,      -12.07232119,      -12.20496711,      -9.128708141
          0,           0,         510,      -14.62580965,      -12.07606885,      -12.19210039,      -9.133426029
          0,           0,         511,      -14.63062962,      -12.07935568,      -12.20106073,      -9.136418603
          0,           0,         512,      -14.61112717,      -12.04920268,      -12.18515598,      -9.116335612
          0,           0,         513,       -14.6156065,       -12.0773552,      -12.18807683,      -9.131216896
          0,           0,         514,      -14.59649935,      -12.03424168,      -12.19289799,      -9.110737282
          0,           0,         515,         -14.61905,      -12.07054122,      -12.18749964,      -9.125382607
          0,           0,         516,      -14.61486851,      -12.06227781,      -12.19085359,       -9.13074271
          0,           0,         517,      -14.62412451,      -12.08227034,       -12.1898055,      -9.133183033
          0,           0,         518,      -14.61512712,      -12.07170429,      -12.18760494,       -9.11995998
          0,           0,         519,      -14.61279074,       -12.0678499,      -12.17994054,      -9.127296686
          0,           0,         520,       -14.6282523,      -12.08346379,      -12.19446973,       -9.13705806
          0,           0,         521,      -14.62702455,      -12.08773877,       -12.1899903,      -9.141707038
          0,           0,         522,       -14.6125292,      -12.06498796,      -12.17784899,      -9.121065059
          0,           0,         523,      -14.61650521,      -12.07352271,      -12.18607581,      -9.129547346
          0,           0,         524,      -14.62209968,      -12.06034462,      -12.19671609,      -9.127071841
          0,           0,         525,       -14.6206221,      -12.07311628,      -12.19078588,      -9.123372149
          0,           0,         526,      -14.60900567,      -12.04613423,      -12.18606931,      -9.116573827
          0,           0,         527,      -14.58939401,      -12.03295838,      -12.16879342,      -9.096831524
          0,           0,         528,      -14.63169088,      -12.08442105,      -12.18675296,      -9.141936719
          0,           0,         529,      -14.62755469,      -12.06844595,      -12.19194521,      -9.128638696
          0,           0,         530,      -14.63190434,       -12.0654646,      -12.19927645,      -9.136027465
          0,           0,         531,      -14.63186392,       -12.0785436,      -12.19984175,      -9.142516596
          0,           0,         532,      -14.61492684,      -12.05250486,      -12.20238423,      -9.123743519
          0,           0,         533,      -14.61442826,      -12.06108427,      -12.18923331,      -9.128026982
          0,           0,         534,      -14.62498649,      -12.08365193,      -12.20228057,       -9.13769065
          0,           0,         535,      -14.62433702,      -12.06879655,      -12.19354762,      -9.136753773
          0,           0,         536,      -14.62471496,      -12.07258382,      -12.19243558,      -9.137046109
          0,           0,         537,      -14.61986091,      -12.06800475,      -12.18980197,      -9.122405858
          0,           0,         538,      -14.65049454,      -12.08081987,       -12.2159263,      -9.150555184
          0,           0,         539,      -14.62879949,      -12.08247763,      -12.18794595,      -9.138242583
          0,           0,         540,      -14.64273163,      -12.09170548,      -12.21172513,      -9.157608959
          0,           0,         541,      -14.63188237,      -12.07962428,      -12.20042111,      -9.138140685
          0,           0,         542,      -14.62640453,      -12.06513301,      -12.20912622,      -9.132212379
          0,           0,         543,       -14.6127087,       -12.0599439,      -12.17968567,      -9.119634237
          0,           0,         544,      -14.62986557,      -12.07331635,      -12.20955866,      -9.141251684
          0,           0,         545,      -14.61765886,      -12.06332225,      -12.19121577,      -9.128075308
          0,           0,         546,      -14.62737429,      -12.08171894,      -12.18372285,      -9.136605505
          0,           0,         547,      -14.63720526,      -12.07870643,      -12.20807923,      -9.136366975
          0,           0,         548,      -14.62583681,      -12.06395423,      -12.19861587,      -9.136243844
          0,           0,         549,      -14.61953133,       -12.0746104,      -12.18499058,      -9.136640784
          0,           0,         550,        -14.636262,      -12.07858316,      -12.19355316,      -9.135306042
          0,           0,         551,      -14.62510089,      -12.07267529,      -12.19157779,      -9.131238503
          0,           0,         552,      -14.62563262,      -12.08152614,      -12.19024177,      -9.136308934
          0,           0,         553,      -14.62697795,      -12.08273525,      -12.19659923,       -9.13908804
          0,           0,         554,      -14.63312275,      -12.06395176,       -12.2066339,      -9.138970722
          0,           0,         555,      -14.61800083,       -12.0720243,      -12.18906825,       -9.12417944
          0,           0,         556,      -14.61576839,      -12.06703317,      -12.19458021,      -9.126013283
          0,           0,         557,      -14.62177795,      -12.06757338,      -12.19696089,      -9.129658329
          0,           0,         558,      -14.61438254,      -12.07267668,      -12.18071734,       -9.12450036
          0,           0,         559,      -14.61716204,      -12.05826428,       -12.1917322,      -9.118459551
          0,           0,         560,      -14.60784271,      -12.07084771,      -12.18000575,        -9.1243832
          0,           0,         561,      -14.62337319,      -12.07147808,      -12.19227575,      -9.129373964
          0,           0,         562,      -14.62249437,      -12.07020781,      -12.19493966,      -9.124284861
          0,           0,         563,      -14.62265122,      -12.06767846,      -12.18616826,      -9.129231856
          0,           0,         564,      -14.60979576,       -12.0581196,      -12.19246745,       -9.12342612
          0,           0,         565,      -14.61765779,      -12.04823256,      -12.19819694,        -9.1224707
          0,           0,         566,      -14.63024659,      -12.07079841,      -12.20070148,      -9.134890133
          0,           0,         567,      -14.61151465,      -12.05368476,       -12.1946629,      -9.114544585
          0,           0,         568,      -14.63273281,      -12.09756903,       -12.2120449,      -9.151345512
          0,           0,         569,      -14.62402991,      -12.09644989,      -12.18081235,      -9.152701817
          0,           0,         570,      -14.63146328,      -12.08682701,      -12.19958499,      -9.142723563
          0,           0,         571,      -14.63626568,      -12.08953758,      -12.19943931,      -9.144027354
          0,           0,         572,      -14.60953682,      -12.06582945,      -12.18343825,      -9.126016844
          0,           0,         573,      -14.62302077,      -12.07010309,      -12.16657632,      -9.125214485
          0,           0,         574,      -14.62240597,      -12.06653107,      -12.20149232,       -9.12641985
          0,           0,         575,      -14.62574165,      -12.07500646,      -12.20066307,      -9.136840848
          0,           0,         576,      -14.64602991,      -12.09248993,      -12.19863995,      -9.157342566
          0,           0,         577,       -14.6349485,      -12.09231756,      -12.18785256,      -9.150591101
          0,           0,         578,      -14.62884233,      -12.07636505,      -12.18898095,      -9.140593573
          0,           0,         579,      -14.60832056,      -12.06387686,      -12.17932619,      -9.111929159
          0,           0,         580,      -14.61922542,      -12.06258367,      -12.18041991,      -9.124272642
          0,           0,         581,      -14.62818361,      -12.06425368,      -12.20028285,      -9.136048989
          0,           0,         582,      -14.61080811,      -12.07568921,      -12.19050839,      -9.120450826
          0,           0,         583,      -14.62924652,      -12.06276707,      -12.18629406,      -9.130135445
          0,           0,         584,       -14.6219871,      -12.07439561,      -12.19689099,      -9.131297961
          0,           0,         585,      -14.63764014,      -12.09144583,      -12.20695902,      -9.144511713
          0,           0,         586,      -14.63186353,      -12.08266452,      -12.19591942,      -9.145038928
          0,           0,         587,      -14.63336085,      -12.08133722,      -12.19209213,      -9.141520739
          0,           0,         588,      -14.61657786,      -12.05835677,      -12.20719672,      -9.120487475
          0,           0,         589,      -14.62458308,      -12.07353009,      -12.20613061,      -9.132437951
          0,           0,         590,      -14.62924873,      -12.08976741,      -12.18618697,      -9.146496901
          0,           0,         591,       -14.6284524,      -12.07376791,      -12.19028437,      -9.126845529
          0,           0,         592,      -14.62751525,      -12.06956788,      -12.18656626,      -9.131311256
          0,           0,         593,      -14.62041261,      -12.06784612,      -12.19735182,      -9.126841025
          0,           0,         594,      -14.62451075,      -12.06133558,      -12.19333514,      -9.123137175
          0,           0,         595,      -14.61574905,      -12.05717622,       -12.1902192,      -9.119503036
          0,           0,         596,      -14.61319402,      -12.06865919,      -12.18858371,      -9.131360609
          0,           0,         597,      -14.62769629,      -12.09533625,      -12.19227548,      -9.139134103
          0,           0,         598,      -14.63539037,      -12.07974065,      -12.20116047,      -9.147829361
          0,           0,         599,      -14.63334108,      -12.08161541,      -12.19591293,      -9.142784015
          0,           0,         600,      -14.63006791,      -12.07149228,      -12.19462357,      -9.125927624
