VARIABLES = \
"Time_Iter","Outer_Iter","Inner_Iter",    "rms[Rho]"    ,    "rms[RhoU]"   ,    "rms[RhoV]"   ,    "rms[RhoE]"   
          0,           0,           0,       -1.39260085,      0.9146986139,       1.089794778,       4.067027353
          0,           0,           1,      -1.891876911,      0.5836131185,      0.6455680689,       3.578824813
          0,           0,           2,      -2.145315702,      0.4045947269,       0.411949295,       3.332108472
          0,           0,           3,      -2.297443629,      0.2738977842,      0.2241358528,       3.180666038
          0,           0,           4,      -2.441449658,      0.1568051724,     0.05594057576,       3.037863198
          0,           0,           5,      -2.585930809,     0.05212826765,    -0.09974261418,       2.893790729
          0,           0,           6,      -2.725444614,     -0.0332631639,     -0.2460738573,       2.755261343
          0,           0,           7,      -2.858367258,     -0.1050873653,     -0.3857749711,       2.624407272
          0,           0,           8,      -2.986642235,     -0.1704985831,     -0.5200040317,       2.499287268
          0,           0,           9,      -3.109959618,      -0.234041702,     -0.6491229565,       2.380144485
          0,           0,          10,      -3.225264947,     -0.2966872988,      -0.770036184,       2.269013362
          0,           0,          11,      -3.328882003,     -0.3569679392,     -0.8811528603,       2.169156535
          0,           0,          12,      -3.421997072,     -0.4139616042,     -0.9837001101,       2.080690172
          0,           0,          13,      -3.509283264,     -0.4676938315,      -1.077696308,       2.000275502
          0,           0,          14,      -3.594013545,     -0.5181271212,      -1.161708565,        1.92488455
          0,           0,          15,       -3.67612952,     -0.5653913155,      -1.235827139,       1.853513263
          0,           0,          16,      -3.752689699,     -0.6102068374,       -1.30266693,       1.786836256
          0,           0,          17,      -3.821189233,     -0.6536049668,      -1.365289596,       1.725368409
          0,           0,          18,      -3.882212058,      -0.696399521,      -1.424974573,       1.668437235
          0,           0,          19,      -3.938829037,     -0.7389635263,      -1.481422701,       1.614603783
          0,           0,          20,      -3.993611185,     -0.7813653568,      -1.533932629,       1.562906531
          0,           0,          21,      -4.047207912,     -0.8236400769,      -1.582309832,       1.513170813
          0,           0,          22,      -4.099250991,     -0.8659233597,      -1.627062655,       1.465334114
          0,           0,          23,      -4.149548992,     -0.9083877405,      -1.669202692,       1.418996803
          0,           0,          24,      -4.198455022,       -0.95109688,       -1.71002485,       1.373556042
          0,           0,          25,      -4.246563684,     -0.9939266447,      -1.750866042,       1.328513392
          0,           0,          26,       -4.29446699,      -1.036596052,      -1.792848207,       1.283537801
          0,           0,          27,      -4.342546627,      -1.078756454,      -1.836680051,       1.238450907
          0,           0,          28,      -4.390798953,        -1.1200874,      -1.882595476,       1.193256087
          0,           0,          29,      -4.438761171,      -1.160373161,       -1.93039544,       1.148191059
          0,           0,          30,      -4.485647131,      -1.199538633,      -1.979530627,       1.103691732
          0,           0,          31,      -4.530678443,      -1.237638854,      -2.029164284,       1.060244439
          0,           0,          32,      -4.573419356,      -1.274822751,      -2.078259786,       1.018202029
          0,           0,          33,      -4.613900427,      -1.311290469,      -2.125736391,      0.9776778147
          0,           0,          34,      -4.652484518,      -1.347251115,      -2.170675673,      0.9385675547
          0,           0,          35,      -4.689628264,      -1.382892906,      -2.212514058,      0.9006475855
          0,           0,          36,      -4.725718222,      -1.418367747,      -2.251118558,      0.8636678587
          0,           0,          37,      -4.761038946,      -1.453787288,      -2.286732292,       0.827396522
          0,           0,          38,      -4.795793511,      -1.489224581,       -2.31985514,      0.7916380058
          0,           0,          39,      -4.830148262,      -1.524716589,      -2.351102714,      0.7562315001
          0,           0,          40,      -4.864248566,      -1.560270111,      -2.381106381,       0.721049547
          0,           0,          41,      -4.898210253,      -1.595867313,      -2.410443095,      0.6860011371
          0,           0,          42,       -4.93211435,      -1.631471634,        -2.4395886,      0.6510306961
          0,           0,          43,      -4.965995615,      -1.667033963,      -2.468893219,       0.616118179
          0,           0,          44,      -4.999836429,      -1.702500007,       -2.49857632,      0.5812793239
          0,           0,          45,      -5.033593772,      -1.737816916,      -2.528728341,      0.5465487086
          0,           0,          46,       -5.06720457,       -1.77293841,      -2.559329825,      0.5119768647
          0,           0,          47,      -5.100599421,       -1.80782815,      -2.590280918,      0.4776203704
          0,           0,          48,      -5.133718719,      -1.842461045,      -2.621431091,      0.4435312198
          0,           0,          49,      -5.166516121,      -1.876823216,       -2.65261573,      0.4097506247
          0,           0,          50,      -5.198963907,      -1.910910067,      -2.683679727,      0.3763062479
          0,           0,          51,      -5.231052692,      -1.944723841,      -2.714495722,       0.343209472
          0,           0,          52,      -5.262786224,      -1.978270842,      -2.744975011,      0.3104564483
          0,           0,          53,      -5.294176421,      -2.011559794,      -2.775069269,      0.2780322247
          0,           0,          54,      -5.325237054,      -2.044598988,      -2.804764918,      0.2459174446
          0,           0,          55,      -5.355977757,      -2.077395705,      -2.834076588,      0.2140878912
          0,           0,          56,      -5.386410083,      -2.109954167,      -2.863036148,      0.1825199426
          0,           0,          57,      -5.416539317,      -2.142275286,      -2.891686511,      0.1511953768
          0,           0,          58,      -5.446366294,      -2.174355701,        -2.9200713,      0.1201008563
          0,           0,          59,      -5.475889091,      -2.206188484,      -2.948231531,     0.08922772447
          0,           0,          60,      -5.505103562,      -2.237763978,      -2.976202277,     0.05857163743
          0,           0,          61,      -5.534006997,      -2.269070169,      -3.004013599,     0.02813048888
          0,           0,          62,       -5.56259626,      -2.300093282,      -3.031689633,   -0.002094921862
          0,           0,          63,      -5.590868683,      -2.330818812,      -3.059247972,    -0.03210233683
          0,           0,          64,      -5.618822203,      -2.361232552,      -3.086702493,    -0.06188827002
          0,           0,          65,      -5.646456267,      -2.391320466,      -3.114060517,    -0.09144935586
          0,           0,          66,      -5.673770232,      -2.421070017,      -3.141329708,     -0.1207818769
          0,           0,          67,      -5.700764228,      -2.450470029,      -3.168512608,     -0.1498823941
          0,           0,          68,      -5.727439879,      -2.479511424,       -3.19561261,     -0.1787489346
          0,           0,          69,       -5.75379761,      -2.508187049,      -3.222631814,     -0.2073785393
          0,           0,          70,      -5.779839746,      -2.536491846,      -3.249573197,     -0.2357700733
          0,           0,          71,      -5.805570091,      -2.564423259,      -3.276434615,     -0.2639239955
          0,           0,          72,      -5.830992416,      -2.591979896,      -3.303220848,     -0.2918407343
          0,           0,          73,      -5.856112514,      -2.619162749,      -3.329931508,     -0.3195225551
          0,           0,          74,      -5.880935504,      -2.645974246,      -3.356566595,      -0.346971207
          0,           0,          75,      -5.905467043,      -2.672417908,      -3.383126138,      -0.374189052
          0,           0,          76,      -5.929712734,      -2.698498627,      -3.409609723,     -0.4011776201
          0,           0,          77,      -5.953679344,      -2.724222504,      -3.436015453,     -0.4279393712
          0,           0,          78,      -5.977373183,      -2.749596669,      -3.462341788,     -0.4544760941
          0,           0,          79,       -6.00080113,      -2.774628993,      -3.488584547,      -0.480789324
          0,           0,          80,      -6.023971291,      -2.799327939,        -3.5147395,     -0.5068816052
          0,           0,          81,      -6.046891978,      -2.823702841,      -3.540802378,     -0.5327551736
          0,           0,          82,      -6.069571472,      -2.847763619,      -3.566767864,     -0.5584118507
          0,           0,          83,      -6.092017624,      -2.871520707,      -3.592631488,     -0.5838528323
          0,           0,          84,      -6.114240077,        -2.8949851,      -3.618386868,     -0.6090806137
          0,           0,          85,       -6.13624867,      -2.918168201,       -3.64402749,     -0.6340977108
          0,           0,          86,      -6.158053519,       -2.94108181,      -3.669547043,      -0.658906841
          0,           0,          87,      -6.179665518,      -2.963738273,      -3.694939185,     -0.6835113824
          0,           0,          88,      -6.201094759,      -2.986149626,      -3.720197342,     -0.7079140155
          0,           0,          89,      -6.222351293,      -3.008328154,      -3.745315389,      -0.732117575
          0,           0,          90,      -6.243446003,      -3.030286368,      -3.770287236,       -0.75612585
          0,           0,          91,      -6.264390098,      -3.052036967,      -3.795107243,     -0.7799432352
          0,           0,          92,      -6.285194824,      -3.073592929,      -3.819770369,     -0.8035743901
          0,           0,          93,      -6.305871094,      -3.094966361,      -3.844271885,     -0.8270238234
          0,           0,          94,      -6.326429578,      -3.116169544,      -3.868607576,     -0.8502964945
          0,           0,          95,      -6.346880979,      -3.137214764,      -3.892773858,      -0.873397828
          0,           0,          96,      -6.367235715,      -3.158113965,      -3.916767811,      -0.896333486
          0,           0,          97,      -6.387503881,      -3.178878826,      -3.940587049,      -0.919109328
          0,           0,          98,      -6.407695471,      -3.199520833,      -3.964229778,     -0.9417316247
          0,           0,          99,       -6.42782012,      -3.220051075,      -3.987695111,     -0.9642068014
          0,           0,         100,       -6.44788709,      -3.240480276,      -4.010982768,     -0.9865414608
          0,           0,         101,      -6.467905261,      -3.260818777,      -4.034093139,      -1.008742352
          0,           0,         102,      -6.487883165,      -3.281076527,      -4.057027302,       -1.03081638
          0,           0,         103,      -6.507828967,      -3.301263068,      -4.079787027,      -1.052770563
          0,           0,         104,      -6.527750419,       -3.32138754,      -4.102374762,      -1.074611965
          0,           0,         105,      -6.547654898,      -3.341458678,      -4.124793634,      -1.096347691
          0,           0,         106,      -6.567549364,       -3.36148481,      -4.147047402,      -1.117984827
          0,           0,         107,      -6.587440392,      -3.381474116,      -4.169140612,      -1.139530411
          0,           0,         108,      -6.607334256,      -3.401434009,      -4.191078459,      -1.160991532
          0,           0,         109,      -6.627237032,      -3.421371563,      -4.212866434,      -1.182375399
          0,           0,         110,      -6.647154531,      -3.441293548,      -4.234510155,      -1.203689217
          0,           0,         111,      -6.667091277,       -3.46120634,      -4.256015839,      -1.224939079
          0,           0,         112,      -6.687052037,      -3.481115966,      -4.277390497,       -1.24613156
          0,           0,         113,       -6.70704151,      -3.501028131,      -4.298641336,      -1.267273334
          0,           0,         114,      -6.727064033,      -3.520948203,      -4.319775572,      -1.288370858
          0,           0,         115,       -6.74712352,      -3.540881212,      -4.340800521,      -1.309430284
          0,           0,         116,      -6.767223611,      -3.560831895,      -4.361723707,      -1.330457596
          0,           0,         117,      -6.787367679,      -3.580804727,      -4.382552787,      -1.351458581
          0,           0,         118,      -6.807558698,      -3.600803852,      -4.403295488,      -1.372438666
          0,           0,         119,      -6.827799487,       -3.62083315,      -4.423959538,      -1.393403159
          0,           0,         120,       -6.84809272,      -3.640896283,      -4.444552593,      -1.414357248
          0,           0,         121,       -6.86844083,      -3.660996626,       -4.46508221,      -1.435305882
          0,           0,         122,      -6.888846032,      -3.681137336,      -4.485555816,      -1.456253776
          0,           0,         123,      -6.909310354,      -3.701321341,      -4.505980681,       -1.47720544
          0,           0,         124,      -6.929836176,       -3.72155144,      -4.526363768,       -1.49816574
          0,           0,         125,      -6.950424892,      -3.741830358,      -4.546711825,      -1.519138466
          0,           0,         126,      -6.971077711,      -3.762160408,      -4.567031829,      -1.540127159
          0,           0,         127,      -6.991796118,      -3.782543741,      -4.587330432,        -1.5611356
          0,           0,         128,      -7.012581439,      -3.802982347,      -4.607613885,      -1.582167356
          0,           0,         129,      -7.033434794,       -3.82347807,      -4.627888116,       -1.60322573
          0,           0,         130,      -7.054357169,      -3.844032611,      -4.648158764,      -1.624313817
          0,           0,         131,      -7.075349447,      -3.864647541,      -4.668431197,      -1.645434545
          0,           0,         132,      -7.096412422,      -3.885324302,      -4.688710518,      -1.666590675
          0,           0,         133,      -7.117546804,      -3.906064219,      -4.709001575,      -1.687784815
          0,           0,         134,      -7.138753221,      -3.926868528,      -4.729309003,      -1.709019416
          0,           0,         135,      -7.160032292,       -3.94773845,      -4.749637454,      -1.730296845
          0,           0,         136,      -7.181385633,      -3.968683005,      -4.769996134,      -1.751620434
          0,           0,         137,      -7.202811894,      -3.989701061,      -4.790386418,      -1.772990296
          0,           0,         138,      -7.224311499,       -4.01078759,      -4.810808456,      -1.794408409
          0,           0,         139,      -7.245886743,      -4.031943352,      -4.831266794,       -1.81587868
          0,           0,         140,       -7.26753806,      -4.053168906,      -4.851764618,      -1.837402987
          0,           0,         141,      -7.289265507,      -4.074464757,      -4.872304809,      -1.858982729
          0,           0,         142,      -7.311068974,      -4.095831364,      -4.892890021,       -1.88061905
          0,           0,         143,      -7.332948223,      -4.117269136,       -4.91352273,      -1.902312888
          0,           0,         144,      -7.354902976,      -4.138778429,      -4.934205276,      -1.924065074
          0,           0,         145,      -7.376932979,      -4.160359557,      -4.954939864,      -1.945876407
          0,           0,         146,      -7.399038017,      -4.182012785,       -4.97572853,      -1.967747672
          0,           0,         147,      -7.421217916,      -4.203738339,      -4.996573128,      -1.989679648
          0,           0,         148,      -7.443472521,      -4.225536404,      -5.017475341,      -2.011673083
          0,           0,         149,      -7.465801673,      -4.247407123,      -5.038436684,      -2.033728672
          0,           0,         150,      -7.488205193,        -4.2693506,      -5.059458531,      -2.055847045
          0,           0,         151,       -7.51068288,      -4.291366901,      -5.080542119,      -2.078028762
          0,           0,         152,      -7.533234513,      -4.313456054,      -5.101688568,      -2.100274321
          0,           0,         153,      -7.555859857,      -4.335618057,      -5.122898879,      -2.122584163
          0,           0,         154,      -7.578558668,      -4.357852876,      -5.144173958,      -2.144958681
          0,           0,         155,      -7.601330688,       -4.38016045,      -5.165514607,      -2.167398219
          0,           0,         156,      -7.624175651,      -4.402540694,      -5.186921541,      -2.189903076
          0,           0,         157,      -7.647093286,        -4.4249935,      -5.208395393,      -2.212473511
          0,           0,         158,       -7.67008331,       -4.44751874,      -5.229936723,      -2.235109743
          0,           0,         159,      -7.693145435,      -4.470116269,      -5.251546017,      -2.257811953
          0,           0,         160,       -7.71627937,      -4.492785925,      -5.273223704,       -2.28058029
          0,           0,         161,      -7.739484815,      -4.515527531,      -5.294970152,      -2.303414871
          0,           0,         162,      -7.762761471,      -4.538340896,       -5.31678568,      -2.326315784
          0,           0,         163,      -7.786109035,      -4.561225818,      -5.338670559,      -2.349283092
          0,           0,         164,      -7.809527199,      -4.584182085,      -5.360625012,      -2.372316829
          0,           0,         165,       -7.83301566,      -4.607209472,      -5.382649224,      -2.395417011
          0,           0,         166,      -7.856574107,      -4.630307748,      -5.404743346,      -2.418583631
          0,           0,         167,      -7.880202236,      -4.653476673,      -5.426907484,      -2.441816664
          0,           0,         168,      -7.903899735,      -4.676715998,      -5.449141716,      -2.465116062
          0,           0,         169,      -7.927666295,      -4.700025469,      -5.471446086,      -2.488481763
          0,           0,         170,      -7.951501611,      -4.723404825,      -5.493820614,      -2.511913693
          0,           0,         171,      -7.975405372,        -4.7468538,      -5.516265288,      -2.535411757
          0,           0,         172,      -7.999377267,      -4.770372123,      -5.538780071,      -2.558975844
          0,           0,         173,      -8.023416991,      -4.793959517,      -5.561364908,      -2.582605837
          0,           0,         174,      -8.047524232,      -4.817615704,      -5.584019711,        -2.6063016
          0,           0,         175,      -8.071698687,        -4.8413404,      -5.606744384,      -2.630062995
          0,           0,         176,      -8.095940047,       -4.86513332,      -5.629538808,      -2.653889863
          0,           0,         177,      -8.120248006,      -4.888994176,      -5.652402845,      -2.677782044
          0,           0,         178,      -8.144622264,      -4.912922677,      -5.675336345,      -2.701739368
          0,           0,         179,      -8.169062515,      -4.936918532,      -5.698339142,      -2.725761652
          0,           0,         180,      -8.193568456,      -4.960981447,      -5.721411055,      -2.749848709
          0,           0,         181,      -8.218139789,      -4.985111128,      -5.744551895,      -2.774000351
          0,           0,         182,      -8.242776218,      -5.009307282,      -5.767761461,      -2.798216376
          0,           0,         183,      -8.267477446,      -5.033569613,      -5.791039543,      -2.822496582
          0,           0,         184,      -8.292243181,      -5.057897828,      -5.814385925,      -2.846840763
          0,           0,         185,       -8.31707313,      -5.082291633,      -5.837800375,      -2.871248707
          0,           0,         186,      -8.341966998,      -5.106750734,      -5.861282661,      -2.895720194
          0,           0,         187,      -8.366924509,       -5.13127484,      -5.884832544,      -2.920255014
          0,           0,         188,      -8.391945375,      -5.155863659,      -5.908449783,      -2.944852944
          0,           0,         189,      -8.417029304,      -5.180516903,      -5.932134119,      -2.969513754
          0,           0,         190,      -8.442176036,      -5.205234284,      -5.955885308,      -2.994237237
          0,           0,         191,      -8.467385279,      -5.230015515,      -5.979703093,      -3.019023154
          0,           0,         192,      -8.492656768,      -5.254860315,      -6.003587211,      -3.043871282
          0,           0,         193,      -8.517990228,        -5.2797684,      -6.027537402,      -3.068781397
          0,           0,         194,      -8.543385393,      -5.304739492,        -6.0515534,       -3.09375327
          0,           0,         195,      -8.568842008,      -5.329773316,      -6.075634952,      -3.118786688
          0,           0,         196,      -8.594359799,      -5.354869596,      -6.099781782,      -3.143881405
          0,           0,         197,      -8.619938514,      -5.380028064,      -6.123993625,      -3.169037208
          0,           0,         198,      -8.645577902,       -5.40524845,      -6.148270222,      -3.194253875
          0,           0,         199,       -8.67127771,      -5.430530492,      -6.172611299,      -3.219531178
          0,           0,         200,      -8.697037691,      -5.455873926,        -6.1970166,      -3.244868896
          0,           0,         201,      -8.722857593,      -5.481278496,      -6.221485852,      -3.270266806
          0,           0,         202,      -8.748737189,      -5.506743947,      -6.246018804,      -3.295724698
          0,           0,         203,      -8.774676226,      -5.532270028,      -6.270615166,      -3.321242345
          0,           0,         204,      -8.800674485,      -5.557856491,      -6.295274708,      -3.346819539
          0,           0,         205,      -8.826731741,      -5.583503096,      -6.319997162,      -3.372456079
          0,           0,         206,      -8.852847756,      -5.609209599,      -6.344782275,      -3.398151744
          0,           0,         207,      -8.879022323,      -5.634975767,      -6.369629781,      -3.423906336
          0,           0,         208,      -8.905255195,      -5.660801367,      -6.394539419,      -3.449719628
          0,           0,         209,      -8.931546206,      -5.686686173,      -6.419510971,      -3.475591461
          0,           0,         210,      -8.957895088,      -5.712629959,      -6.444544159,      -3.501521586
          0,           0,         211,      -8.984301691,      -5.738632507,      -6.469638759,      -3.527509859
          0,           0,         212,      -9.010765767,      -5.764693603,      -6.494794507,      -3.553556045
          0,           0,         213,      -9.037287148,      -5.790813034,       -6.52001119,      -3.579659988
          0,           0,         214,      -9.063865639,      -5.816990596,      -6.545288551,        -3.6058215
          0,           0,         215,      -9.090501056,      -5.843226086,      -6.570626374,      -3.632040392
          0,           0,         216,      -9.117193172,      -5.869519304,      -6.596024392,      -3.658316459
          0,           0,         217,      -9.143941863,      -5.895870061,      -6.621482427,      -3.684649582
          0,           0,         218,      -9.170746937,       -5.92227817,      -6.647000251,      -3.711039575
          0,           0,         219,      -9.197608201,      -5.948743443,      -6.672577626,      -3.737486246
          0,           0,         220,      -9.224525475,      -5.975265702,      -6.698214291,      -3.763989435
          0,           0,         221,      -9.251498655,      -6.001844777,      -6.723910113,      -3.790549021
          0,           0,         222,      -9.278527571,      -6.028480496,      -6.749664883,      -3.817164847
          0,           0,         223,      -9.305611989,      -6.055172692,      -6.775478307,      -3.843836705
          0,           0,         224,      -9.332751899,      -6.081921212,      -6.801350295,      -3.870564532
          0,           0,         225,      -9.359947042,      -6.108725896,      -6.827280543,      -3.897348118
          0,           0,         226,      -9.387197342,      -6.135586599,      -6.853268943,      -3.924187397
          0,           0,         227,        -9.4145026,      -6.162503171,      -6.879315286,      -3.951082141
          0,           0,         228,      -9.441862775,      -6.189475478,      -6.905419362,      -3.978032321
          0,           0,         229,      -9.469277722,      -6.216503389,      -6.931581007,      -4.005037805
          0,           0,         230,      -9.496747291,      -6.243586775,      -6.957800091,      -4.032098435
          0,           0,         231,      -9.524271376,        -6.2707255,      -6.984076326,      -4.059214075
          0,           0,         232,      -9.551849873,      -6.297919464,      -7.010409597,      -4.086384691
          0,           0,         233,      -9.579482705,      -6.325168543,      -7.036799816,      -4.113610169
          0,           0,         234,      -9.607169741,      -6.352472636,      -7.063246779,      -4.140890362
          0,           0,         235,       -9.63491085,      -6.379831634,       -7.08975026,      -4.168225113
          0,           0,         236,      -9.662706025,      -6.407245451,      -7.116310177,      -4.195614541
          0,           0,         237,      -9.690555227,      -6.434714003,      -7.142926405,      -4.223058488
          0,           0,         238,      -9.718458242,      -6.462237181,      -7.169598768,      -4.250556744
          0,           0,         239,      -9.746415182,      -6.489814936,      -7.196327167,      -4.278109417
          0,           0,         240,      -9.774425719,      -6.517447168,      -7.223111342,      -4.305716239
          0,           0,         241,      -9.802490139,      -6.545133844,      -7.249951402,       -4.33337747
          0,           0,         242,      -9.830608083,      -6.572874866,      -7.276846908,      -4.361092712
          0,           0,         243,      -9.858779727,       -6.60067021,      -7.303798014,      -4.388862198
          0,           0,         244,      -9.887004794,      -6.628519812,      -7.330804428,      -4.416685597
          0,           0,         245,      -9.915283553,      -6.656423639,      -7.357866357,       -4.44456318
          0,           0,         246,      -9.943615764,       -6.68438164,      -7.384983287,      -4.472494657
          0,           0,         247,      -9.972001446,      -6.712393814,      -7.412155435,      -4.500480165
          0,           0,         248,       -10.0004407,      -6.740460116,      -7.439382434,      -4.528519646
          0,           0,         249,      -10.02893344,      -6.768580543,      -7.466664572,      -4.556613135
          0,           0,         250,      -10.05747961,      -6.796755081,      -7.494001402,      -4.584760662
          0,           0,         251,      -10.08607917,      -6.824983712,      -7.521392938,      -4.612961775
          0,           0,         252,      -10.11473234,      -6.853266469,       -7.54883921,      -4.641217172
          0,           0,         253,      -10.14343901,      -6.881603355,      -7.576340166,      -4.669526479
          0,           0,         254,      -10.17219941,      -6.909994379,      -7.603895693,      -4.697889778
          0,           0,         255,      -10.20101345,      -6.938439583,      -7.631505941,      -4.726307284
          0,           0,         256,       -10.2298806,      -6.966938954,      -7.659170079,      -4.754778372
          0,           0,         257,      -10.25880203,      -6.995492619,      -7.686889212,      -4.783304146
          0,           0,         258,      -10.28777716,      -7.024100558,      -7.714662804,      -4.811883934
          0,           0,         259,      -10.31680593,      -7.052762853,      -7.742490237,      -4.840517787
          0,           0,         260,      -10.34588889,      -7.081479572,      -7.770372448,      -4.869206327
          0,           0,         261,      -10.37502544,      -7.110250755,      -7.798308687,      -4.897948692
          0,           0,         262,      -10.40421632,      -7.139076499,      -7.826299366,      -4.926745726
          0,           0,         263,      -10.43346136,      -7.167956871,      -7.854344632,       -4.95559722
          0,           0,         264,      -10.46276078,      -7.196892069,      -7.882444133,      -4.984503846
          0,           0,         265,      -10.49211456,      -7.225882039,       -7.91059772,      -5.013464596
          0,           0,         266,      -10.52152296,      -7.254927061,      -7.938805532,      -5.042480515
          0,           0,         267,      -10.55098588,      -7.284027112,      -7.967067915,      -5.071551062
          0,           0,         268,      -10.58050429,      -7.313182447,      -7.995385328,      -5.100677817
          0,           0,         269,      -10.61007712,      -7.342393074,      -8.023756664,      -5.129858541
          0,           0,         270,      -10.63970486,      -7.371659185,      -8.052182072,      -5.159094794
          0,           0,         271,      -10.66938782,      -7.400981004,      -8.080662365,      -5.188386576
          0,           0,         272,      -10.69912738,       -7.43035872,       -8.10919762,      -5.217734923
          0,           0,         273,      -10.72892208,      -7.459792398,      -8.137787376,      -5.247138874
          0,           0,         274,      -10.75877175,      -7.489282204,      -8.166431235,      -5.276597459
          0,           0,         275,       -10.7886784,      -7.518828507,      -8.195130702,      -5.306113697
          0,           0,         276,      -10.81864238,      -7.548431462,      -8.223885116,      -5.335687332
          0,           0,         277,      -10.84866221,      -7.578091144,      -8.252694389,      -5.365316525
          0,           0,         278,      -10.87873886,      -7.607807874,      -8.281558784,      -5.395002497
          0,           0,         279,      -10.90887185,       -7.63758196,      -8.310477471,      -5.424745367
          0,           0,         280,       -10.9390642,      -7.667413602,      -8.339452467,      -5.454546698
          0,           0,         281,       -10.9693117,      -7.697303049,      -8.368482648,      -5.484404837
          0,           0,         282,      -10.99962009,      -7.727250464,       -8.39756961,      -5.514321321
          0,           0,         283,      -11.02998505,      -7.757256388,      -8.426710758,      -5.544296771
          0,           0,         284,      -11.06040839,      -7.787320936,      -8.455908656,      -5.574329955
          0,           0,         285,      -11.09088964,      -7.817444249,      -8.485162324,      -5.604419663
          0,           0,         286,      -11.12143308,      -7.847627082,      -8.514473562,      -5.634571234
          0,           0,         287,        -11.152034,      -7.877869586,       -8.54383982,      -5.664783395
          0,           0,         288,      -11.18269998,      -7.908172211,      -8.573265964,      -5.695056327
          0,           0,         289,      -11.21341789,      -7.938534538,      -8.602743959,       -5.72538258
          0,           0,         290,      -11.24420114,      -7.968957981,      -8.632282269,      -5.755774067
          0,           0,         291,      -11.27504627,      -7.999442724,      -8.661875221,      -5.786225675
          0,           0,         292,      -11.30595301,      -8.029988596,      -8.691529395,      -5.816739934
          0,           0,         293,      -11.33692035,      -8.060596758,      -8.721239415,      -5.847316575
          0,           0,         294,       -11.3679527,      -8.091266942,      -8.751008993,      -5.877953071
          0,           0,         295,      -11.39904656,      -8.121999823,      -8.780834742,      -5.908651327
          0,           0,         296,      -11.43020332,       -8.15279617,      -8.810722646,      -5.939416427
          0,           0,         297,      -11.46142452,      -8.183656265,      -8.840666348,      -5.970241083
          0,           0,         298,      -11.49271539,      -8.214580532,      -8.870671432,      -6.001135634
          0,           0,         299,      -11.52406304,      -8.245569356,      -8.900734242,      -6.032087015
          0,           0,         300,      -11.55547997,      -8.276623093,       -8.93085597,      -6.063104534
          0,           0,         301,      -11.58696255,      -8.307742977,      -8.961041199,      -6.094191544
          0,           0,         302,      -11.61851321,      -8.338929404,      -8.991286319,      -6.125342711
          0,           0,         303,      -11.65012991,      -8.370182347,      -9.021593736,      -6.156559503
          0,           0,         304,      -11.68181704,      -8.401502295,      -9.051961419,      -6.187842588
          0,           0,         305,      -11.71357422,      -8.432891447,      -9.082387638,      -6.219198443
          0,           0,         306,      -11.74539215,      -8.464348197,      -9.112878094,      -6.250610981
          0,           0,         307,      -11.77729289,      -8.495875444,      -9.143436171,      -6.282111012
          0,           0,         308,       -11.8092548,       -8.52747179,      -9.174053807,      -6.313666859
          0,           0,         309,      -11.84128207,      -8.559137793,      -9.204736438,       -6.34528679
          0,           0,         310,      -11.87339965,      -8.590876722,       -9.23547903,      -6.376997071
          0,           0,         311,      -11.90558035,      -8.622687105,      -9.266294353,      -6.408771989
          0,           0,         312,      -11.93783805,      -8.654570265,      -9.297163725,      -6.440611137
          0,           0,         313,      -11.97017034,       -8.68652752,      -9.328109812,      -6.472537175
          0,           0,         314,       -12.0025704,      -8.718557898,      -9.359111052,       -6.50451555
          0,           0,         315,       -12.0350597,      -8.750664654,      -9.390189325,      -6.536595735
          0,           0,         316,      -12.06762386,      -8.782846274,       -9.42133922,      -6.568738669
          0,           0,         317,      -12.10025096,      -8.815105532,      -9.452541745,      -6.600959662
          0,           0,         318,      -12.13296455,      -8.847439868,      -9.483812422,      -6.633240284
          0,           0,         319,      -12.16575197,      -8.879854142,      -9.515161263,      -6.665607193
          0,           0,         320,      -12.19864766,       -8.91234837,      -9.546581853,      -6.698073006
          0,           0,         321,      -12.23159082,      -8.944919061,      -9.578087123,      -6.730579869
          0,           0,         322,      -12.26463924,      -8.977575962,      -9.609639427,      -6.763209575
          0,           0,         323,       -12.2977719,      -9.010312972,      -9.641267817,      -6.795902964
          0,           0,         324,      -12.33097852,       -9.04313154,      -9.672979871,      -6.828682903
          0,           0,         325,      -12.36425129,      -9.076032277,      -9.704752919,      -6.861498105
          0,           0,         326,      -12.39763302,       -9.10901884,      -9.736602845,      -6.894447783
          0,           0,         327,      -12.43111356,      -9.142090972,      -9.768536509,      -6.927488599
          0,           0,         328,      -12.46465029,      -9.175248824,      -9.800532777,      -6.960571376
          0,           0,         329,      -12.49831232,       -9.20849887,      -9.832631941,      -6.993799326
          0,           0,         330,       -12.5320312,      -9.241832469,      -9.864774839,       -7.02705517
          0,           0,         331,      -12.56587867,      -9.275258464,      -9.897063311,      -7.060480368
          0,           0,         332,      -12.59977715,      -9.308767995,      -9.929322097,      -7.093897699
          0,           0,         333,      -12.63373346,      -9.342374326,      -9.961704389,      -7.127419929
          0,           0,         334,      -12.66786708,      -9.376071017,      -9.994212169,      -7.161068443
          0,           0,         335,      -12.70210396,      -9.409864162,      -10.02682571,      -7.194853341
          0,           0,         336,      -12.73638458,      -9.443742366,      -10.05943577,      -7.228621451
          0,           0,         337,      -12.77078217,      -9.477725112,      -10.09218158,       -7.26261694
          0,           0,         338,      -12.80526535,       -9.51180093,      -10.12497985,      -7.296608033
          0,           0,         339,       -12.8397815,      -9.545961456,      -10.15788158,      -7.330641792
          0,           0,         340,      -12.87436432,      -9.580228098,      -10.19083543,      -7.364753716
          0,           0,         341,      -12.90924536,      -9.614602392,      -10.22396625,      -7.399217398
          0,           0,         342,      -12.94419525,      -9.649064006,      -10.25711377,      -7.433622085
          0,           0,         343,      -12.97915335,      -9.683629433,      -10.29039884,      -7.468090811
          0,           0,         344,      -13.01419039,      -9.718272793,      -10.32376439,      -7.502509154
          0,           0,         345,      -13.04930994,      -9.753036396,      -10.35719504,      -7.537280445
          0,           0,         346,      -13.08459062,      -9.787904773,      -10.39070674,      -7.572083067
          0,           0,         347,      -13.11989954,      -9.822846405,      -10.42432833,      -7.606891813
          0,           0,         348,      -13.15538423,      -9.857916835,       -10.4581421,      -7.641867458
          0,           0,         349,      -13.19082549,      -9.893051372,      -10.49190995,      -7.676750335
          0,           0,         350,      -13.22639364,      -9.928292968,      -10.52585552,      -7.711802162
          0,           0,         351,      -13.26225746,      -9.963651374,      -10.55996106,      -7.747226687
          0,           0,         352,      -13.29798975,      -9.999079125,      -10.59408777,      -7.782295739
          0,           0,         353,      -13.33366902,      -10.03463983,      -10.62816822,       -7.81782344
          0,           0,         354,      -13.36975459,      -10.07023137,      -10.66264487,       -7.85303993
          0,           0,         355,      -13.40566074,      -10.10596241,      -10.69687091,      -7.888628182
          0,           0,         356,      -13.44174341,      -10.14174342,       -10.7315471,      -7.924226408
          0,           0,         357,      -13.47782635,      -10.17763552,      -10.76612059,      -7.959996794
          0,           0,         358,      -13.51380757,      -10.21358728,      -10.80087795,      -7.995770527
          0,           0,         359,      -13.55024738,       -10.2495792,      -10.83571447,      -8.031186751
          0,           0,         360,      -13.58629834,       -10.2857191,      -10.87068099,      -8.067153933
          0,           0,         361,       -13.6227093,       -10.3218575,      -10.90577728,      -8.102929648
          0,           0,         362,       -13.6585396,      -10.35812328,      -10.94095737,      -8.138988714
          0,           0,         363,      -13.69437003,      -10.39427557,      -10.97616166,      -8.174086571
          0,           0,         364,      -13.73038798,      -10.43050788,      -11.01095894,      -8.209497392
          0,           0,         365,      -13.76651722,      -10.46682277,      -11.04693586,      -8.245257549
          0,           0,         366,      -13.80242411,      -10.50330765,       -11.0821757,      -8.282194152
          0,           0,         367,      -13.83751584,      -10.53949004,      -11.11735415,      -8.316493894
          0,           0,         368,      -13.87324997,      -10.57579152,      -11.15344042,      -8.352376859
          0,           0,         369,      -13.90728975,       -10.6118834,       -11.1890418,      -8.385657113
          0,           0,         370,      -13.94222045,       -10.6482414,      -11.22492996,      -8.422229678
          0,           0,         371,       -13.9781731,      -10.68435034,      -11.25990812,      -8.458187225
          0,           0,         372,      -14.00981428,      -10.72012614,      -11.29649677,      -8.489046667
          0,           0,         373,      -14.04321165,      -10.75618951,      -11.33171848,      -8.524479169
          0,           0,         374,      -14.07719231,      -10.79177964,      -11.36741685,       -8.55764554
          0,           0,         375,       -14.1085268,      -10.82714623,      -11.40324846,      -8.589916087
          0,           0,         376,      -14.14067057,       -10.8624565,      -11.43911741,      -8.622504559
          0,           0,         377,      -14.16994674,       -10.8975184,      -11.47332842,      -8.652545399
          0,           0,         378,      -14.20144408,      -10.93249217,      -11.51080016,      -8.688016957
          0,           0,         379,      -14.22975065,      -10.96631529,      -11.54486025,      -8.713292397
          0,           0,         380,       -14.2555656,      -11.00040656,      -11.57951488,      -8.741746096
          0,           0,         381,      -14.28339928,       -11.0339192,      -11.61478066,      -8.767493735
          0,           0,         382,      -14.30755925,      -11.06699633,      -11.64673653,      -8.791631157
          0,           0,         383,        -14.337834,      -11.10055958,      -11.68340949,      -8.828674588
          0,           0,         384,      -14.35809252,      -11.13250784,      -11.71379973,      -8.847052614
          0,           0,         385,      -14.37992404,      -11.16378899,      -11.74909279,        -8.8714194
          0,           0,         386,      -14.39818569,      -11.19468603,       -11.7802237,       -8.89185429
          0,           0,         387,      -14.41601528,      -11.22538617,      -11.80967346,      -8.915194843
          0,           0,         388,      -14.42902053,      -11.25471224,       -11.8430328,      -8.929475722
          0,           0,         389,      -14.44689681,      -11.28374696,      -11.86624025,        -8.9448839
          0,           0,         390,      -14.46651683,      -11.31173672,      -11.89577939,      -8.963524789
          0,           0,         391,      -14.47731732,      -11.34061005,      -11.92131118,      -8.981021895
          0,           0,         392,      -14.47858607,      -11.36680723,       -11.9371439,      -8.986897457
          0,           0,         393,      -14.49218648,       -11.3928589,      -11.97445363,      -9.003061754
          0,           0,         394,      -14.51435018,      -11.41836308,      -11.98553901,      -9.017289879
          0,           0,         395,      -14.52044529,      -11.44334829,      -12.01632503,      -9.026190664
          0,           0,         396,      -14.53307732,       -11.4676315,      -12.02904163,        -9.0410496
          0,           0,         397,      -14.53061693,      -11.49139983,       -12.0442319,      -9.040872507
          0,           0,         398,      -14.53289499,      -11.51168146,      -12.06210674,      -9.040050098
          0,           0,         399,      -14.54658705,      -11.53540788,      -12.08243884,      -9.056164238
          0,           0,         400,      -14.54977048,      -11.55601531,       -12.0841554,      -9.051787549
          0,           0,         401,      -14.56306318,       -11.5774564,      -12.09893538,      -9.065859622
          0,           0,         402,      -14.55259879,      -11.59712535,      -12.09927732,      -9.068254235
          0,           0,         403,      -14.56989773,       -11.6156874,      -12.12433537,      -9.070554894
          0,           0,         404,      -14.55835524,      -11.63536646,       -12.1239671,      -9.071353981
          0,           0,         405,      -14.56592603,      -11.65604126,      -12.12672473,      -9.080551051
          0,           0,         406,      -14.56787982,      -11.67179691,       -12.1311912,      -9.076296769
          0,           0,         407,      -14.59146772,      -11.69555169,      -12.14385442,      -9.104344608
          0,           0,         408,      -14.58533189,      -11.70809671,      -12.14557548,      -9.089853054
          0,           0,         409,      -14.57024906,      -11.72509029,      -12.14703085,      -9.089173012
          0,           0,         410,      -14.60296052,      -11.74249117,      -12.16226054,      -9.105219338
          0,           0,         411,      -14.58609191,      -11.75662416,       -12.1501512,      -9.093954068
          0,           0,         412,      -14.59259361,      -11.77345985,       -12.1637876,      -9.104005639
          0,           0,         413,       -14.5973368,      -11.78964133,      -12.15090002,      -9.110653524
          0,           0,         414,       -14.5845039,      -11.79651863,      -12.16710946,       -9.09345703
          0,           0,         415,      -14.59909813,      -11.81957808,      -12.16392283,      -9.107441393
          0,           0,         416,      -14.60860877,      -11.83600508,      -12.16970013,      -9.119230702
          0,           0,         417,      -14.59861172,      -11.84497459,      -12.14465572,      -9.108996433
          0,           0,         418,      -14.60783379,      -11.85922829,      -12.17486171,      -9.109410091
          0,           0,         419,      -14.58959546,      -11.86449155,      -12.16223624,      -9.104880896
          0,           0,         420,      -14.60316528,       -11.8863847,      -12.17686365,      -9.109964578
          0,           0,         421,       -14.6054433,      -11.88978343,      -12.16427337,      -9.106063866
          0,           0,         422,      -14.60569799,      -11.90248231,      -12.17193726,      -9.122076196
          0,           0,         423,      -14.61084021,      -11.92074173,      -12.18486637,      -9.120685124
          0,           0,         424,      -14.60295909,      -11.92971864,      -12.16940061,      -9.118160588
          0,           0,         425,      -14.59811518,      -11.92802572,      -12.16402885,      -9.110625785
          0,           0,         426,      -14.59989749,      -11.93775572,      -12.16351323,        -9.1091316
          0,           0,         427,      -14.59951218,      -11.94758679,      -12.16552991,      -9.110998992
          0,           0,         428,      -14.60508215,      -11.95974421,      -12.18478508,      -9.114272128
          0,           0,         429,      -14.60584089,      -11.96729251,      -12.17649997,      -9.113659306
          0,           0,         430,      -14.58285839,      -11.95364603,      -12.16778486,      -9.091021727
          0,           0,         431,       -14.6025773,      -11.98687072,      -12.18304814,       -9.11773244
          0,           0,         432,      -14.61561739,       -11.9863302,      -12.17508889,      -9.116674181
          0,           0,         433,      -14.59638829,       -11.9882876,      -12.17708969,      -9.112950341
          0,           0,         434,      -14.60978246,      -12.01010951,      -12.16771984,      -9.116543964
          0,           0,         435,      -14.60792448,      -12.00677088,      -12.16755849,      -9.116470325
          0,           0,         436,      -14.61214416,      -12.00264903,      -12.18416081,      -9.115505188
          0,           0,         437,      -14.61466156,        -12.015427,      -12.18933077,      -9.122872856
          0,           0,         438,      -14.61615577,      -12.01670551,      -12.18480381,      -9.120321197
          0,           0,         439,      -14.62761688,      -12.03026991,      -12.19112445,      -9.128784733
          0,           0,         440,      -14.61359786,      -12.02357557,      -12.18251901,      -9.116983835
          0,           0,         441,      -14.63145576,      -12.04065727,        -12.191025,      -9.140008502
          0,           0,         442,       -14.5989571,      -12.03216577,      -12.16729288,      -9.108882533
          0,           0,         443,      -14.60978238,      -12.03188037,      -12.16999803,      -9.116555472
          0,           0,         444,      -14.62525556,       -12.0568228,      -12.17579297,      -9.134755467
          0,           0,         445,      -14.61132756,      -12.04337875,      -12.18981574,      -9.119208387
          0,           0,         446,      -14.61450122,      -12.02807753,      -12.18469191,      -9.105488851
          0,           0,         447,      -14.61369263,      -12.03954249,      -12.19048509,      -9.113948493
          0,           0,         448,      -14.60841416,      -12.03285102,      -12.16855921,      -9.113463151
          0,           0,         449,      -14.62090541,      -12.07177092,      -12.18288581,      -9.138818187
          0,           0,         450,      -14.61828509,      -12.05213631,      -12.18687831,       -9.13205783
          0,           0,         451,      -14.62552735,      -12.07310183,      -12.18055247,      -9.133736969
          0,           0,         452,       -14.6186756,       -12.0601431,      -12.18611157,      -9.129726913
          0,           0,         453,      -14.60706209,      -12.05043554,      -12.16521793,      -9.111629072
          0,           0,         454,      -14.61437514,      -12.06426132,      -12.17801272,      -9.122229935
          0,           0,         455,      -14.60800529,      -12.04874838,      -12.17025571,      -9.127469838
          0,           0,         456,      -14.60917031,      -12.06149776,      -12.16766312,      -9.123163092
          0,           0,         457,      -14.60557326,      -12.05752242,      -12.18301425,      -9.118357284
          0,           0,         458,      -14.62328792,      -12.07134876,       -12.1846175,      -9.138020683
          0,           0,         459,      -14.61830958,      -12.05271047,      -12.19114939,      -9.130249092
          0,           0,         460,      -14.60477564,      -12.05276237,      -12.18798664,      -9.123976665
          0,           0,         461,      -14.60384179,       -12.0509741,      -12.16960552,      -9.115909139
          0,           0,         462,      -14.63626726,      -12.06703301,      -12.19469828,      -9.141277891
          0,           0,         463,       -14.6232091,      -12.06749379,      -12.18815521,      -9.129788153
          0,           0,         464,      -14.61970603,      -12.05807705,      -12.17636962,      -9.122128821
          0,           0,         465,      -14.61351508,      -12.05945508,      -12.16735095,        -9.1212038
          0,           0,         466,      -14.62190126,      -12.07152541,      -12.18348313,      -9.128210894
          0,           0,         467,      -14.61925257,      -12.05408929,       -12.1832121,      -9.118880576
          0,           0,         468,      -14.59997442,      -12.04451875,       -12.1881047,      -9.112704327
          0,           0,         469,      -14.61322472,      -12.06106221,      -12.17024425,      -9.119524628
          0,           0,         470,      -14.62523608,      -12.07104182,      -12.18626464,      -9.131615695
          0,           0,         471,      -14.60805916,      -12.05322674,      -12.19163416,      -9.118459043
          0,           0,         472,      -14.61855691,      -12.06549362,      -12.17606258,      -9.122105078
          0,           0,         473,      -14.61833118,      -12.06664164,      -12.18784089,      -9.118660258
          0,           0,         474,       -14.6091672,      -12.04527154,      -12.18716181,      -9.124436699
          0,           0,         475,      -14.61711193,      -12.07272986,      -12.18414452,      -9.129148681
          0,           0,         476,      -14.60220711,      -12.04199113,      -12.17385489,      -9.102428093
          0,           0,         477,       -14.6183102,       -12.0575735,      -12.19442522,      -9.128784701
          0,           0,         478,      -14.60806338,      -12.05744939,      -12.18883148,      -9.115540403
          0,           0,         479,      -14.61330056,      -12.06793642,      -12.18387901,      -9.120847026
          0,           0,         480,       -14.6163403,      -12.06562497,      -12.17953165,       -9.13080361
          0,           0,         481,      -14.60569496,      -12.05271541,      -12.17596804,      -9.122101104
          0,           0,         482,        -14.606278,      -12.05747239,      -12.16186828,      -9.113372969
          0,           0,         483,      -14.60534695,       -12.0536729,      -12.18051628,      -9.116140728
          0,           0,         484,      -14.60987511,      -12.06271835,      -12.17933973,      -9.122622844
          0,           0,         485,      -14.63292362,      -12.07504876,      -12.17845111,      -9.133823701
          0,           0,         486,      -14.61280841,      -12.05841131,      -12.18357241,       -9.12861833
          0,           0,         487,      -14.60707714,      -12.06437949,      -12.16848562,      -9.119535923
          0,           0,         488,      -14.60743854,      -12.04549939,      -12.19043102,      -9.112570996
          0,           0,         489,      -14.62316971,      -12.07664368,      -12.18370285,      -9.133199879
          0,           0,         490,      -14.60811701,       -12.0545047,      -12.17945495,      -9.116165703
          0,           0,         491,      -14.61185853,       -12.0753978,      -12.19543837,      -9.124897542
          0,           0,         492,      -14.61922467,       -12.0821456,      -12.18832915,      -9.140218854
          0,           0,         493,      -14.62259413,      -12.06274861,      -12.17830656,      -9.126012154
          0,           0,         494,      -14.59113126,      -12.02452197,      -12.17853819,      -9.095581568
          0,           0,         495,      -14.61847098,      -12.07270581,      -12.17581289,      -9.125151723
          0,           0,         496,      -14.60009174,      -12.05797152,      -12.17367406,      -9.113244086
          0,           0,         497,      -14.60987306,      -12.05175785,      -12.18392309,      -9.112945125
          0,           0,         498,      -14.60862146,      -12.06111103,      -12.18120826,      -9.119848503
          0,           0,         499,      -14.61860522,      -12.05650277,      -12.18438222,      -9.113936601
          0,           0,         500,      -14.61318331,       -12.0442974,       -12.1885841,      -9.118697912
          0,           0,         501,      -14.61299835,      -12.04295016,      -12.18564362,      -9.123153524
          0,           0,         502,       -14.6031405,       -12.0569461,       -12.1757764,      -9.117051268
          0,           0,         503,      -14.62134194,      -12.08191177,      -12.18903141,      -9.123968293
          0,           0,         504,      -14.60902603,      -12.06444381,      -12.17133907,      -9.117241321
          0,           0,         505,      -14.61870386,      -12.07180835,      -12.16970441,      -9.128624969
          0,           0,         506,      -14.60619631,      -12.06254731,      -12.17345589,      -9.118961816
          0,           0,         507,      -14.62278538,       -12.0779015,      -12.17967611,      -9.140818192
          0,           0,         508,       -14.6265506,      -12.07269595,      -12.18209899,      -9.132924508
          0,           0,         509,      -14.61788855,      -12.06968523,      -12.19021928,      -9.130083026
          0,           0,         510,      -14.62538541,      -12.07574426,      -12.18191745,      -9.131748046
          0,           0,         511,      -14.62513808,       -12.0771898,      -12.19897037,      -9.132414027
          0,           0,         512,      -14.62868146,      -12.06271015,      -12.19279565,      -9.129552316
          0,           0,         513,      -14.62318463,      -12.06206019,      -12.19409378,      -9.136543639
          0,           0,         514,      -14.59913377,      -12.04054616,       -12.1796705,      -9.111407856
          0,           0,         515,      -14.61609985,      -12.06603053,      -12.17192117,      -9.121648463
          0,           0,         516,      -14.60583918,      -12.04699952,      -12.19185158,      -9.117138894
          0,           0,         517,      -14.59462159,      -12.05140194,      -12.17002044,      -9.107627829
          0,           0,         518,      -14.60316363,      -12.06232239,      -12.16803883,      -9.116732021
          0,           0,         519,      -14.61950144,      -12.06425659,      -12.17696141,      -9.122809944
          0,           0,         520,      -14.60469067,      -12.06805992,      -12.18399623,      -9.117138244
          0,           0,         521,      -14.60746665,      -12.04417345,      -12.18511452,      -9.114698115
          0,           0,         522,       -14.5980026,      -12.04175397,      -12.19296403,      -9.113021965
          0,           0,         523,      -14.61469086,      -12.05484128,      -12.18308558,      -9.121450488
          0,           0,         524,      -14.60625955,       -12.0454611,      -12.18585716,      -9.113964205
          0,           0,         525,      -14.61450917,      -12.06903719,      -12.17592581,      -9.127301429
          0,           0,         526,      -14.61892104,      -12.08070227,      -12.17659693,      -9.132704447
          0,           0,         527,      -14.60602346,       -12.0489507,      -12.18729872,      -9.110222735
          0,           0,         528,      -14.61538179,      -12.06211042,      -12.17031229,      -9.119530664
          0,           0,         529,      -14.60694838,      -12.06303656,       -12.1735454,      -9.121567119
          0,           0,         530,      -14.61076938,      -12.05750005,      -12.19560871,      -9.124742225
          0,           0,         531,      -14.62109607,      -12.07522349,      -12.19449863,      -9.136015208
          0,           0,         532,       -14.6288142,      -12.07401313,      -12.18627437,      -9.134900728
          0,           0,         533,      -14.61398627,      -12.04846329,      -12.18729572,      -9.118858764
          0,           0,         534,      -14.61895701,      -12.07376479,      -12.18100736,      -9.126103143
          0,           0,         535,      -14.60046561,      -12.05284041,      -12.16114881,      -9.106750406
          0,           0,         536,      -14.60498828,      -12.04996871,      -12.18091509,      -9.115364038
          0,           0,         537,      -14.61734854,      -12.07573405,      -12.19009225,      -9.137410624
          0,           0,         538,      -14.60221382,       -12.0518932,       -12.1579448,      -9.109844506
          0,           0,         539,        -14.620879,      -12.06229269,      -12.18473707,      -9.129190435
          0,           0,         540,      -14.61404287,      -12.06238969,      -12.18304463,      -9.119769319
          0,           0,         541,      -14.60861175,      -12.05688187,      -12.19649834,      -9.114219253
          0,           0,         542,      -14.61791283,      -12.06098113,      -12.18902973,      -9.124876956
          0,           0,         543,       -14.6092575,      -12.06348617,      -12.18603887,      -9.117141092
          0,           0,         544,      -14.58373503,      -12.03526596,      -12.17532967,      -9.104197867
          0,           0,         545,      -14.60234928,      -12.05543614,      -12.18256021,      -9.122159311
          0,           0,         546,      -14.59656839,      -12.05409963,      -12.16100331,      -9.107052631
          0,           0,         547,      -14.61872249,      -12.07059535,      -12.18577315,      -9.130193695
          0,           0,         548,      -14.58911502,      -12.04668252,      -12.17516849,      -9.106937644
          0,           0,         549,      -14.61651598,       -12.0643894,        -12.185391,       -9.12239838
          0,           0,         550,      -14.61209267,      -12.06553099,      -12.15751659,      -9.120578619
          0,           0,         551,      -14.61606308,      -12.05866342,      -12.18034592,      -9.121703135
          0,           0,         552,      -14.60892414,      -12.05876973,      -12.18925897,      -9.128301769
          0,           0,         553,       -14.6162567,      -12.05949581,      -12.18473477,      -9.117705062
          0,           0,         554,      -14.61181278,      -12.05525138,      -12.20164264,      -9.127247529
          0,           0,         555,      -14.60755027,      -12.06609032,      -12.17993302,      -9.126653911
          0,           0,         556,      -14.61926959,      -12.06505136,      -12.18967684,      -9.123692674
          0,           0,         557,      -14.61518036,      -12.06473258,      -12.18674296,      -9.116088421
          0,           0,         558,      -14.61340096,      -12.04808924,      -12.18595745,      -9.119028178
          0,           0,         559,      -14.59941007,      -12.05019958,      -12.18756607,      -9.114867046
          0,           0,         560,      -14.62427698,      -12.06210007,      -12.18753939,      -9.133278767
          0,           0,         561,      -14.61199182,      -12.05830231,      -12.18599869,      -9.124816063
          0,           0,         562,      -14.57888281,      -12.02906628,      -12.16610926,      -9.096316831
          0,           0,         563,      -14.60144584,      -12.06651431,      -12.18157014,      -9.123371971
          0,           0,         564,       -14.6211174,      -12.07636822,      -12.17123851,       -9.12616247
          0,           0,         565,       -14.6084068,      -12.05165257,      -12.18640157,      -9.106327872
          0,           0,         566,      -14.60128372,      -12.03919491,      -12.17209442,      -9.105657483
          0,           0,         567,      -14.61091044,      -12.05692368,      -12.17647077,      -9.122073209
          0,           0,         568,      -14.62596431,      -12.07545046,      -12.19649843,       -9.13910501
          0,           0,         569,      -14.61430857,      -12.08058208,      -12.17871359,      -9.125371108
          0,           0,         570,      -14.62032608,       -12.0557844,      -12.19057863,      -9.129051123
          0,           0,         571,      -14.60236641,      -12.03650557,      -12.17295679,      -9.102719304
          0,           0,         572,      -14.58254556,      -12.05600392,      -12.16288132,      -9.102110314
          0,           0,         573,      -14.58635087,      -12.01065275,      -12.17055824,      -9.084132662
          0,           0,         574,       -14.6164435,      -12.06016973,      -12.18270898,      -9.117110196
          0,           0,         575,      -14.61161113,      -12.06893152,      -12.18585487,      -9.119959148
          0,           0,         576,      -14.60978198,      -12.07537333,      -12.18173411,      -9.120392821
          0,           0,         577,      -14.61211143,      -12.05005168,      -12.16130966,      -9.113469294
          0,           0,         578,      -14.63085058,      -12.07727504,      -12.17844892,      -9.137595142
          0,           0,         579,      -14.60701077,      -12.06096494,      -12.18845278,      -9.117919686
          0,           0,         580,      -14.60502387,      -12.05022117,      -12.17077781,      -9.114887223
          0,           0,         581,        -14.603082,      -12.05260171,      -12.19268465,      -9.113821021
          0,           0,         582,       -14.6044161,      -12.05664716,      -12.17952656,      -9.115751587
          0,           0,         583,      -14.61348573,      -12.06178156,      -12.18296947,      -9.128881777
          0,           0,         584,      -14.60480744,      -12.05089644,      -12.18156565,      -9.106670201
          0,           0,         585,      -14.60933293,      -12.06808561,       -12.1850436,      -9.119891688
          0,           0,         586,      -14.61954334,      -12.06813332,       -12.1918911,      -9.127013023
          0,           0,         587,      -14.61624455,      -12.08109331,      -12.17943769,      -9.134072927
          0,           0,         588,      -14.61690135,      -12.06377684,      -12.19371897,      -9.129591143
          0,           0,         589,      -14.62208275,      -12.06718869,      -12.19114233,      -9.134022633
          0,           0,         590,      -14.60407165,      -12.06568113,      -12.16608242,      -9.117241081
          0,           0,         591,      -14.61765806,      -12.06830277,      -12.17463208,      -9.123230433
          0,           0,         592,      -14.62059515,      -12.07323112,      -12.18497856,      -9.135063127
          0,           0,         593,      -14.61337954,       -12.0528603,      -12.17793498,      -9.117986927
          0,           0,         594,      -14.60890399,      -12.04897778,      -12.17815814,      -9.115869373
          0,           0,         595,      -14.61380941,      -12.08038107,      -12.17701313,      -9.127272251
          0,           0,         596,       -14.6251124,      -12.07251856,       -12.1970838,      -9.138215233
          0,           0,         597,      -14.60874947,      -12.05322539,      -12.18356442,      -9.111900616
          0,           0,         598,      -14.61527036,      -12.05848015,      -12.18889998,      -9.119200378
          0,           0,         599,      -14.61773034,      -12.06633058,      -12.19009587,      -9.124929905
          0,           0,         600,      -14.62036632,      -12.06331171,       -12.1840355,      -9.122228756
