VARIABLES = \
"Time_Iter","Outer_Iter","Inner_Iter",    "rms[Rho]"    ,    "rms[RhoU]"   ,    "rms[RhoV]"   ,    "rms[RhoE]"   
          0,           0,           0,      -1.351929414,         0.8799799,       1.153363882,       4.107698789
          0,           0,           1,      -1.819524765,      0.5943857363,        0.73333081,       3.658471791
          0,           0,           2,      -2.067583627,       0.388765543,      0.4997951408,       3.417055319
          0,           0,           3,      -2.230137762,      0.2415480092,      0.3120913094,       3.254001156
          0,           0,           4,      -2.383093847,      0.1081347598,      0.1400167193,       3.099425187
          0,           0,           5,      -2.533102533,    -0.01821303331,    -0.02649196431,       2.947192777
          0,           0,           6,      -2.678645474,     -0.1262660409,      -0.187036183,       2.800144347
          0,           0,           7,       -2.82710201,     -0.2197198647,     -0.3430414147,       2.651774156
          0,           0,           8,      -2.977007903,     -0.3006109762,     -0.4931340931,        2.50315622
          0,           0,           9,      -3.123785125,     -0.3738355307,     -0.6370006801,       2.358837604
          0,           0,          10,      -3.262278579,     -0.4433663399,     -0.7763534445,       2.223889024
          0,           0,          11,       -3.38971453,     -0.5092325958,     -0.9108163268,       2.100858018
          0,           0,          12,      -3.505736088,     -0.5700152927,      -1.037742432,       1.989959056
          0,           0,          13,      -3.611857419,     -0.6256232082,      -1.155345867,       1.889576416
          0,           0,          14,      -3.709577702,     -0.6769368487,      -1.264181518,       1.798106869
          0,           0,          15,      -3.798499384,     -0.7244047889,      -1.364527219,       1.715880561
          0,           0,          16,      -3.877511009,     -0.7680432001,      -1.454260511,       1.643978204
          0,           0,          17,      -3.946976566,     -0.8083132508,       -1.53075339,       1.581786949
          0,           0,          18,       -4.00890574,     -0.8464652483,      -1.594238275,       1.526661872
          0,           0,          19,      -4.065277381,     -0.8840247348,      -1.648400492,       1.475769151
          0,           0,          20,      -4.117170443,     -0.9221476734,      -1.697604546,       1.427357857
          0,           0,          21,      -4.165445363,     -0.9613324805,      -1.744430243,       1.380532584
          0,           0,          22,      -4.211257727,      -1.001508916,       -1.78958228,        1.33474818
          0,           0,          23,      -4.255665657,       -1.04227516,      -1.833088554,       1.289725747
          0,           0,          24,      -4.299121246,      -1.083128775,      -1.875273945,       1.245526214
          0,           0,          25,      -4.341471447,      -1.123617439,      -1.916816497,       1.202459155
          0,           0,          26,      -4.382318313,      -1.163384184,      -1.958340887,       1.160877622
          0,           0,          27,      -4.421346588,      -1.202154382,      -2.000102192,        1.12101546
          0,           0,          28,      -4.458460112,       -1.23971262,      -2.041974107,        1.08291476
          0,           0,          29,      -4.493709059,      -1.275891182,      -2.083597797,       1.046480128
          0,           0,          30,      -4.527172832,      -1.310575904,      -2.124504737,       1.011566371
          0,           0,          31,      -4.558895008,      -1.343731408,      -2.164198981,      0.9780463121
          0,           0,          32,       -4.58888562,      -1.375408256,      -2.202184701,      0.9458370918
          0,           0,          33,      -4.617175597,      -1.405726453,      -2.238018638,      0.9148895541
          0,           0,          34,      -4.643853355,      -1.434845359,      -2.271373651,      0.8851680922
          0,           0,          35,      -4.669077753,      -1.462929395,      -2.302103706,       0.856626361
          0,           0,          36,      -4.693061504,      -1.490123438,      -2.330283231,      0.8291960918
          0,           0,          37,      -4.716037628,       -1.51653857,      -2.356183972,      0.8027867433
          0,           0,          38,       -4.73823156,      -1.542249665,      -2.380228627,       0.777284298
          0,           0,          39,      -4.759829662,      -1.567305036,      -2.402836536,      0.7525843634
          0,           0,          40,      -4.780983433,      -1.591734963,      -2.424425382,      0.7285779205
          0,           0,          41,      -4.801803097,      -1.615560788,       -2.44535331,      0.7051679457
          0,           0,          42,      -4.822362086,      -1.638802486,       -2.46589615,      0.6822752857
          0,           0,          43,      -4.842706431,      -1.661482701,      -2.486251154,       0.659837597
          0,           0,          44,      -4.862861984,      -1.683628773,      -2.506548144,      0.6378086829
          0,           0,          45,       -4.88284481,       -1.70527407,       -2.52686257,       0.616152122
          0,           0,          46,      -4.902669565,      -1.726456751,      -2.547230349,      0.5948352115
          0,           0,          47,       -4.92235116,      -1.747219141,      -2.567659646,      0.5738275867
          0,           0,          48,      -4.941908974,      -1.767609368,       -2.58814753,      0.5530959691
          0,           0,          49,      -4.961365542,       -1.78767192,      -2.608668431,      0.5326091094
          0,           0,          50,      -4.980745589,      -1.807454079,      -2.629192978,      0.5123342201
          0,           0,          51,      -5.000074568,      -1.827001765,      -2.649687485,      0.4922394981
          0,           0,          52,      -5.019376958,       -1.84635867,       -2.67012028,      0.4722947459
          0,           0,          53,      -5.038674877,      -1.865568313,       -2.69046373,      0.4524709972
          0,           0,          54,      -5.057990185,      -1.884668476,      -2.710697583,      0.4327408147
          0,           0,          55,      -5.077340399,      -1.903692592,      -2.730808611,      0.4130801222
          0,           0,          56,      -5.096739017,      -1.922671352,      -2.750790771,      0.3934678125
          0,           0,          57,      -5.116197707,      -1.941631668,      -2.770646432,      0.3738845577
          0,           0,          58,      -5.135726225,      -1.960596923,      -2.790387216,      0.3543126868
          0,           0,          59,      -5.155333158,      -1.979587634,      -2.810029545,      0.3347357788
          0,           0,          60,      -5.175025654,      -1.998621466,      -2.829592543,      0.3151392713
          0,           0,          61,        -5.1948108,      -2.017713582,      -2.849097894,      0.2955090066
          0,           0,          62,       -5.21469679,      -2.036877013,      -2.868570194,      0.2758307428
          0,           0,          63,      -5.234689974,      -2.056122832,      -2.888033593,      0.2560926754
          0,           0,          64,      -5.254796242,      -2.075460588,      -2.907513103,      0.2362837741
          0,           0,          65,      -5.275023487,      -2.094898466,      -2.927030714,      0.2163919806
          0,           0,          66,      -5.295377219,      -2.114443188,      -2.946607263,      0.1964080255
          0,           0,          67,      -5.315862067,      -2.134100113,      -2.966260546,      0.1763237846
          0,           0,          68,      -5.336481044,      -2.153873772,      -2.986008782,      0.1561328615
          0,           0,          69,      -5.357236532,      -2.173767714,      -3.005867089,      0.1358299214
          0,           0,          70,      -5.378130702,      -2.193784739,      -3.025847423,      0.1154101273
          0,           0,          71,      -5.399164767,       -2.21392688,      -3.045960547,     0.09486975008
          0,           0,          72,      -5.420340039,      -2.234195472,      -3.066214617,     0.07420519073
          0,           0,          73,      -5.441657197,      -2.254591398,      -3.086616136,     0.05341355249
          0,           0,          74,      -5.463114774,      -2.275114883,      -3.107172078,     0.03249419696
          0,           0,          75,      -5.484710491,      -2.295765505,      -3.127886859,     0.01144731534
          0,           0,          76,      -5.506442838,      -2.316542727,      -3.148760353,   -0.009727506712
          0,           0,          77,      -5.528309464,      -2.337445638,      -3.169797562,    -0.03102936161
          0,           0,          78,      -5.550308271,      -2.358473176,      -3.191006752,    -0.05245755922
          0,           0,          79,      -5.572440401,      -2.379624134,      -3.212373033,     -0.0740142882
          0,           0,          80,      -5.594703743,      -2.400896937,      -3.233895943,     -0.0956987652
          0,           0,          81,      -5.617094054,       -2.42228968,       -3.25557729,     -0.1175080853
          0,           0,          82,      -5.639608178,      -2.443800434,      -3.277414502,      -0.139440176
          0,           0,          83,      -5.662241851,      -2.465426907,      -3.299402182,     -0.1614919771
          0,           0,          84,      -5.684994479,      -2.487167764,      -3.321538604,     -0.1836631292
          0,           0,          85,      -5.707865333,      -2.509021478,      -3.343824096,     -0.2059532575
          0,           0,          86,      -5.730850621,      -2.530986082,      -3.366258382,     -0.2283593999
          0,           0,          87,      -5.753947988,      -2.553059755,      -3.388838685,     -0.2508799923
          0,           0,          88,      -5.777155774,      -2.575240551,      -3.411560644,     -0.2735139311
          0,           0,          89,      -5.800471729,      -2.597526569,      -3.434420346,     -0.2962593915
          0,           0,          90,      -5.823892181,       -2.61991675,      -3.457416225,     -0.3191131867
          0,           0,          91,      -5.847416877,      -2.642409434,      -3.480546789,     -0.3420754588
          0,           0,          92,      -5.871042323,      -2.665002517,      -3.503807516,     -0.3651432418
          0,           0,          93,       -5.89476814,      -2.687694572,      -3.527199185,     -0.3883161967
          0,           0,          94,      -5.918593542,      -2.710484443,      -3.550717108,     -0.4115935805
          0,           0,          95,      -5.942515695,      -2.733370743,      -3.574358464,     -0.4349729901
          0,           0,          96,      -5.966532393,      -2.756352145,      -3.598121242,      -0.458452578
          0,           0,          97,      -5.990641992,      -2.779427378,      -3.622003532,     -0.4820309008
          0,           0,          98,      -6.014842958,      -2.802595253,      -3.646003039,     -0.5057065888
          0,           0,          99,      -6.039136926,      -2.825854402,      -3.670109423,     -0.5294810665
          0,           0,         100,      -6.063519321,      -2.849203885,      -3.694330379,     -0.5533501518
          0,           0,         101,      -6.087987314,      -2.872642534,      -3.718663622,     -0.5773114434
          0,           0,         102,      -6.112540142,      -2.896169404,       -3.74310706,     -0.6013642528
          0,           0,         103,      -6.137177354,      -2.919783602,      -3.767658739,     -0.6255080999
          0,           0,         104,      -6.161897681,      -2.943484301,      -3.792316004,     -0.6497417692
          0,           0,         105,       -6.18669888,      -2.967271006,      -3.817077682,     -0.6740632097
          0,           0,         106,      -6.211582393,      -2.991142473,      -3.841940165,     -0.6984734163
          0,           0,         107,      -6.236547676,      -3.015097932,      -3.866898594,      -0.722972139
          0,           0,         108,      -6.261591867,      -3.039136315,      -3.891955567,     -0.7475567705
          0,           0,         109,      -6.286712952,      -3.063256617,      -3.917110802,     -0.7722253283
          0,           0,         110,      -6.311909989,       -3.08745808,      -3.942361413,      -0.796976846
          0,           0,         111,      -6.337181574,      -3.111740212,      -3.967707217,     -0.8218099754
          0,           0,         112,      -6.362528555,      -3.136102173,      -3.993141603,     -0.8467253811
          0,           0,         113,      -6.387950041,       -3.16054321,       -4.01866377,     -0.8717220546
          0,           0,         114,      -6.413444736,      -3.185062525,      -4.044272725,      -0.896798645
          0,           0,         115,      -6.439011484,      -3.209659399,      -4.069967049,     -0.9219539924
          0,           0,         116,      -6.464649292,      -3.234333134,       -4.09574523,     -0.9471870597
          0,           0,         117,      -6.490357126,      -3.259083077,      -4.121605716,     -0.9724967813
          0,           0,         118,      -6.516134229,      -3.283908581,      -4.147546957,     -0.9978822932
          0,           0,         119,      -6.541979925,      -3.308809023,      -4.173567329,      -1.023342797
          0,           0,         120,      -6.567893444,      -3.333783808,      -4.199665047,      -1.048877448
          0,           0,         121,      -6.593874233,      -3.358832292,      -4.225838959,      -1.074485437
          0,           0,         122,      -6.619921007,      -3.383954217,      -4.252087134,      -1.100165569
          0,           0,         123,      -6.646032952,      -3.409148972,      -4.278408385,      -1.125916855
          0,           0,         124,      -6.672210728,      -3.434415705,      -4.304800903,      -1.151739476
          0,           0,         125,      -6.698453608,      -3.459753852,      -4.331263337,      -1.177632565
          0,           0,         126,      -6.724760771,      -3.485162834,      -4.357794412,      -1.203595187
          0,           0,         127,      -6.751131399,      -3.510642087,      -4.384392871,      -1.229626385
          0,           0,         128,      -6.777564142,      -3.536191236,      -4.411057584,      -1.255724738
          0,           0,         129,      -6.804056429,      -3.561810109,      -4.437787232,      -1.281887486
          0,           0,         130,      -6.830613667,      -3.587497981,      -4.464577961,      -1.308119172
          0,           0,         131,      -6.857233001,      -3.613254227,      -4.491431303,      -1.334417442
          0,           0,         132,      -6.883912358,      -3.639078167,      -4.518346622,       -1.36078016
          0,           0,         133,      -6.910651594,      -3.664969256,      -4.545321442,      -1.387206807
          0,           0,         134,      -6.937450532,      -3.690927003,      -4.572354353,      -1.413696876
          0,           0,         135,      -6.964308644,      -3.716950911,      -4.599443973,      -1.440249587
          0,           0,         136,      -6.991225379,      -3.743040515,       -4.62658887,      -1.466864185
          0,           0,         137,      -7.018200256,      -3.769195374,      -4.653787694,      -1.493539992
          0,           0,         138,      -7.045232829,      -3.795415054,      -4.681039239,      -1.520276351
          0,           0,         139,      -7.072322688,      -3.821699128,      -4.708342376,      -1.547072629
          0,           0,         140,      -7.099469472,      -3.848047177,      -4.735696002,      -1.573928229
          0,           0,         141,      -7.126672854,      -3.874458797,      -4.763099027,      -1.600842589
          0,           0,         142,      -7.153932521,      -3.900933592,       -4.79055039,      -1.627815161
          0,           0,         143,      -7.181248169,      -3.927471179,      -4.818049063,       -1.65484541
          0,           0,         144,        -7.2086195,      -3.954071181,      -4.845594057,      -1.681932805
          0,           0,         145,      -7.236046225,      -3.980733231,      -4.873184409,      -1.709076827
          0,           0,         146,      -7.263528064,      -4.007456972,      -4.900819187,      -1.736276972
          0,           0,         147,      -7.291064755,      -4.034242055,      -4.928497481,      -1.763532752
          0,           0,         148,      -7.318656046,      -4.061088138,      -4.956218408,      -1.790843697
          0,           0,         149,      -7.346301681,      -4.087994887,      -4.983981123,      -1.818209336
          0,           0,         150,      -7.374001413,      -4.114961977,      -5.011784806,      -1.845629214
          0,           0,         151,      -7.401755032,      -4.141989092,      -5.039628663,      -1.873102911
          0,           0,         152,      -7.429562323,      -4.169075925,      -5.067511939,      -1.900630013
          0,           0,         153,      -7.457423071,      -4.196222171,      -5.095433908,      -1.928210108
          0,           0,         154,      -7.485337041,      -4.223427543,        -5.1233938,       -1.95584278
          0,           0,         155,      -7.513304059,       -4.25069175,      -5.151391062,      -1.983527664
          0,           0,         156,      -7.541323976,      -4.278014505,      -5.179425051,      -2.011264422
          0,           0,         157,      -7.569396612,      -4.305395536,      -5.207495176,      -2.039052699
          0,           0,         158,      -7.597520811,      -4.332833932,      -5.235599325,      -2.066891286
          0,           0,         159,      -7.625694654,      -4.360329544,       -5.26373826,      -2.094778212
          0,           0,         160,      -7.653921897,      -4.387882903,      -5.291911953,      -2.122716685
          0,           0,         161,      -7.682202282,      -4.415493753,      -5.320120837,      -2.150706399
          0,           0,         162,      -7.710534693,      -4.443161721,       -5.34836421,      -2.178746202
          0,           0,         163,      -7.738918833,      -4.470886518,      -5.376640848,      -2.206835699
          0,           0,         164,        -7.7673547,      -4.498667888,      -5.404949975,      -2.234974741
          0,           0,         165,      -7.795842206,      -4.526505598,      -5.433291175,      -2.263163088
          0,           0,         166,      -7.824381181,      -4.554399411,      -5.461664226,       -2.29140044
          0,           0,         167,      -7.852971423,      -4.582349099,      -5.490068952,      -2.319686491
          0,           0,         168,      -7.881612742,      -4.610354441,      -5.518505201,      -2.348020971
          0,           0,         169,       -7.91030496,      -4.638415223,      -5.546972807,      -2.376403624
          0,           0,         170,      -7.939047922,      -4.666531237,      -5.575471596,      -2.404834225
          0,           0,         171,      -7.967841489,      -4.694702278,      -5.604001378,      -2.433312564
          0,           0,         172,      -7.996685539,      -4.722928145,      -5.632561965,      -2.461838449
          0,           0,         173,      -8.025579957,      -4.751208643,      -5.661153198,      -2.490411704
          0,           0,         174,      -8.054524738,      -4.779543582,      -5.689774992,      -2.519032246
          0,           0,         175,      -8.083519714,      -4.807932789,      -5.718427247,      -2.547699872
          0,           0,         176,      -8.112564659,      -4.836376069,      -5.747109842,      -2.576414331
          0,           0,         177,      -8.141659495,      -4.864873238,      -5.775822674,      -2.605175507
          0,           0,         178,      -8.170804068,      -4.893424111,      -5.804565753,      -2.633983235
          0,           0,         179,      -8.199998228,      -4.922028505,      -5.833339108,      -2.662837352
          0,           0,         180,      -8.229241868,      -4.950686243,      -5.862142738,      -2.691737737
          0,           0,         181,       -8.25853489,      -4.979397148,      -5.890976654,      -2.720684275
          0,           0,         182,      -8.287877187,       -5.00816105,      -5.919840905,      -2.749676858
          0,           0,         183,      -8.317268636,      -5.036977778,      -5.948735559,      -2.778715364
          0,           0,         184,      -8.346709099,      -5.065847163,      -5.977660705,      -2.807799671
          0,           0,         185,      -8.376198453,      -5.094769039,      -6.006616441,      -2.836929677
          0,           0,         186,      -8.405736559,      -5.123743241,      -6.035602874,      -2.866105265
          0,           0,         187,      -8.435323279,      -5.152769604,      -6.064620123,       -2.89532633
          0,           0,         188,       -8.46495849,      -5.181847969,      -6.093668314,       -2.92459278
          0,           0,         189,      -8.494642068,      -5.210978174,      -6.122747598,      -2.953904529
          0,           0,         190,      -8.524373864,      -5.240160054,      -6.151858125,      -2.983261473
          0,           0,         191,      -8.554153752,      -5.269393451,      -6.181000071,      -3.012663529
          0,           0,         192,        -8.5839816,      -5.298678203,      -6.210173593,      -3.042110616
          0,           0,         193,      -8.613857278,      -5.328014152,      -6.239378888,      -3.071602661
          0,           0,         194,      -8.643780626,      -5.357401134,      -6.268616147,      -3.101139562
          0,           0,         195,      -8.673751505,       -5.38683899,      -6.297885563,      -3.130721245
          0,           0,         196,      -8.703769778,       -5.41632756,      -6.327187325,      -3.160347634
          0,           0,         197,      -8.733835305,      -5.445866684,      -6.356521652,      -3.190018662
          0,           0,         198,      -8.763947928,      -5.475456199,      -6.385888756,      -3.219734242
          0,           0,         199,      -8.794107489,      -5.505095942,      -6.415288839,      -3.249494293
          0,           0,         200,       -8.82431384,      -5.534785753,      -6.444722108,      -3.279298744
          0,           0,         201,      -8.854566834,      -5.564525469,      -6.474188804,      -3.309147529
          0,           0,         202,      -8.884866312,      -5.594314925,      -6.503689137,      -3.339040572
          0,           0,         203,      -8.915212093,      -5.624153956,      -6.533223317,      -3.368977782
          0,           0,         204,       -8.94560405,      -5.654042398,      -6.562791574,      -3.398959106
          0,           0,         205,      -8.976041986,      -5.683980084,      -6.592394118,      -3.428984448
          0,           0,         206,      -9.006525753,      -5.713966846,      -6.622031194,      -3.459053749
          0,           0,         207,      -9.037055157,      -5.744002516,      -6.651702966,      -3.489166906
          0,           0,         208,      -9.067630062,      -5.774086925,      -6.681409685,      -3.519323878
          0,           0,         209,      -9.098250271,      -5.804219903,      -6.711151553,      -3.549524557
          0,           0,         210,      -9.128915605,      -5.834401275,       -6.74092879,      -3.579768877
          0,           0,         211,      -9.159625889,      -5.864630869,      -6.770741618,      -3.610056741
          0,           0,         212,      -9.190380927,      -5.894908514,      -6.800590177,      -3.640388074
          0,           0,         213,      -9.221180554,      -5.925234027,      -6.830474715,      -3.670762782
          0,           0,         214,      -9.252024566,      -5.955607237,      -6.860395407,      -3.701180781
          0,           0,         215,      -9.282912779,      -5.986027964,      -6.890352434,      -3.731641984
          0,           0,         216,      -9.313845033,       -6.01649603,      -6.920346038,      -3.762146332
          0,           0,         217,       -9.34482108,      -6.047011249,      -6.950376337,       -3.79269367
          0,           0,         218,      -9.375840751,      -6.077573441,       -6.98044349,      -3.823283956
          0,           0,         219,      -9.406903864,      -6.108182425,       -7.01054771,      -3.853917071
          0,           0,         220,      -9.438010231,      -6.138838015,      -7.040689167,      -3.884592946
          0,           0,         221,      -9.469159601,      -6.169540021,      -7.070867978,      -3.915311433
          0,           0,         222,      -9.500351761,      -6.200288248,      -7.101084326,      -3.946072428
          0,           0,         223,      -9.531586565,      -6.231082519,      -7.131338316,      -3.976875899
          0,           0,         224,      -9.562863766,      -6.261922639,      -7.161630133,      -4.007721657
          0,           0,         225,      -9.594183171,       -6.29280841,      -7.191959881,       -4.03860963
          0,           0,         226,      -9.625544594,      -6.323739646,      -7.222327724,      -4.069539753
          0,           0,         227,      -9.656947757,      -6.354716148,      -7.252733794,      -4.100511834
          0,           0,         228,      -9.688392483,       -6.38573771,      -7.283178057,      -4.131525753
          0,           0,         229,      -9.719878535,      -6.416804143,      -7.313660745,      -4.162581432
          0,           0,         230,      -9.751405716,      -6.447915245,      -7.344181982,      -4.193678745
          0,           0,         231,      -9.782973842,      -6.479070823,      -7.374741755,      -4.224817632
          0,           0,         232,      -9.814582564,      -6.510270643,      -7.405340263,      -4.255997789
          0,           0,         233,      -9.846231829,      -6.541514548,      -7.435977503,      -4.287219281
          0,           0,         234,      -9.877921271,      -6.572802301,        -7.4666536,      -4.318481862
          0,           0,         235,      -9.909650754,      -6.604133709,      -7.497368592,      -4.349785443
          0,           0,         236,      -9.941420107,      -6.635508553,      -7.528122386,       -4.38112997
          0,           0,         237,      -9.973228843,      -6.666926623,      -7.558915415,       -4.41251508
          0,           0,         238,      -10.00507697,      -6.698387723,      -7.589747431,      -4.443940812
          0,           0,         239,       -10.0369642,      -6.729891625,      -7.620618473,      -4.475407004
          0,           0,         240,       -10.0688904,      -6.761438138,      -7.651528605,      -4.506913547
          0,           0,         241,      -10.10085505,      -6.793027011,      -7.682477988,      -4.538460104
          0,           0,         242,       -10.1328581,      -6.824658069,      -7.713466406,      -4.570046751
          0,           0,         243,      -10.16489941,      -6.856331076,      -7.744494228,       -4.60167322
          0,           0,         244,       -10.1969786,      -6.888045817,      -7.775561208,      -4.633339449
          0,           0,         245,       -10.2290954,      -6.919802062,      -7.806666951,      -4.665045034
          0,           0,         246,      -10.26124971,      -6.951599639,      -7.837812376,      -4.696790229
          0,           0,         247,      -10.29344136,      -6.983438255,      -7.868996659,      -4.728574618
          0,           0,         248,      -10.32566984,      -7.015317744,      -7.900220184,      -4.760397981
          0,           0,         249,      -10.35793479,      -7.047237839,       -7.93148279,      -4.792260091
          0,           0,         250,      -10.39023664,      -7.079198381,      -7.962784645,      -4.824161259
          0,           0,         251,      -10.42257439,      -7.111199092,      -7.994125898,      -4.856100745
          0,           0,         252,      -10.45494843,      -7.143239808,       -8.02550518,       -4.88807895
          0,           0,         253,      -10.48735806,      -7.175320195,      -8.056924081,         -4.920095
          0,           0,         254,      -10.51980346,      -7.207440167,      -8.088381694,      -4.952149642
          0,           0,         255,       -10.5522837,      -7.239599352,      -8.119878443,      -4.984241536
          0,           0,         256,      -10.58479919,      -7.271797641,       -8.15141404,      -5.016371455
          0,           0,         257,      -10.61734986,      -7.304034796,      -8.182988356,      -5.048539229
          0,           0,         258,       -10.6499352,      -7.336310579,      -8.214601342,      -5.080744639
          0,           0,         259,      -10.68255382,      -7.368624655,      -8.246252196,      -5.112986339
          0,           0,         260,      -10.71520712,      -7.400976886,      -8.277942192,      -5.145265352
          0,           0,         261,      -10.74789431,      -7.433367078,      -8.309670845,      -5.177581476
          0,           0,         262,      -10.78061466,      -7.465794875,      -8.341437619,      -5.209933722
          0,           0,         263,      -10.81336883,      -7.498260297,      -8.373242544,      -5.242322931
          0,           0,         264,      -10.84615591,      -7.530762807,      -8.405085618,      -5.274748022
          0,           0,         265,      -10.87897558,      -7.563302375,      -8.436966746,      -5.307209475
          0,           0,         266,      -10.91182864,      -7.595878792,      -8.468886202,      -5.339707256
          0,           0,         267,      -10.94471287,      -7.628491641,      -8.500842836,      -5.372240084
          0,           0,         268,        -10.977629,       -7.66114068,      -8.532837999,       -5.40480748
          0,           0,         269,      -11.01057806,      -7.693826009,      -8.564871088,      -5.437412038
          0,           0,         270,      -11.04355844,      -7.726547166,      -8.596939218,       -5.47005047
          0,           0,         271,      -11.07657234,      -7.759304088,      -8.629046799,      -5.502726198
          0,           0,         272,      -11.10961536,      -7.792096217,      -8.661191177,      -5.535435208
          0,           0,         273,      -11.14268886,       -7.82492358,      -8.693372607,      -5.568178195
          0,           0,         274,      -11.17579327,      -7.857785699,      -8.725591271,       -5.60095584
          0,           0,         275,      -11.20892992,      -7.890682869,      -8.757845645,      -5.633769475
          0,           0,         276,      -11.24209363,      -7.923614189,      -8.790136583,      -5.666613672
          0,           0,         277,      -11.27528974,      -7.956580036,      -8.822468184,      -5.699493891
          0,           0,         278,      -11.30851485,      -7.989579651,      -8.854833153,      -5.732407165
          0,           0,         279,      -11.34176851,      -8.022613186,      -8.887234737,      -5.765354068
          0,           0,         280,      -11.37505598,      -8.055680408,      -8.919671053,      -5.798337293
          0,           0,         281,      -11.40836829,      -8.088780973,      -8.952143389,      -5.831349478
          0,           0,         282,      -11.44170953,       -8.12191448,      -8.984647707,      -5.864395286
          0,           0,         283,      -11.47507765,      -8.155080805,       -9.01719742,        -5.8974732
          0,           0,         284,      -11.50847943,      -8.188280429,      -9.049780554,      -5.930587837
          0,           0,         285,      -11.54190158,      -8.221511593,      -9.082393059,       -5.96372755
          0,           0,         286,      -11.57535599,      -8.254775443,      -9.115042142,      -5.996903168
          0,           0,         287,       -11.6088435,      -8.288071574,      -9.147729871,      -6.030114522
          0,           0,         288,      -11.64235207,      -8.321399091,       -9.18044485,      -6.063351691
          0,           0,         289,      -11.67589117,      -8.354758254,      -9.213207551,      -6.096622958
          0,           0,         290,      -11.70945424,      -8.388148788,       -9.24599475,      -6.129926729
          0,           0,         291,      -11.74304724,      -8.421570793,      -9.278823838,      -6.163259294
          0,           0,         292,      -11.77666151,      -8.455023437,      -9.311678544,      -6.196624919
          0,           0,         293,      -11.81030616,      -8.488507032,      -9.344565867,      -6.230017822
          0,           0,         294,      -11.84397904,      -8.522020549,        -9.3774861,      -6.263444425
          0,           0,         295,      -11.87767934,      -8.555565352,      -9.410463269,      -6.296907528
          0,           0,         296,      -11.91139275,      -8.589138833,      -9.443447231,      -6.330383868
          0,           0,         297,      -11.94514618,      -8.622743508,      -9.476476318,      -6.363904223
          0,           0,         298,      -11.97892076,      -8.656377256,      -9.509539984,      -6.397453299
          0,           0,         299,      -12.01272034,      -8.690041098,      -9.542622752,      -6.431028977
          0,           0,         300,      -12.04654343,      -8.723734362,       -9.57575611,      -6.464639579
          0,           0,         301,      -12.08039369,      -8.757454999,      -9.608909453,      -6.498266515
          0,           0,         302,      -12.11427799,      -8.791207748,      -9.642097827,      -6.531942334
          0,           0,         303,      -12.14815328,      -8.824984867,      -9.675314983,      -6.565615616
          0,           0,         304,      -12.18207978,      -8.858793212,      -9.708585928,      -6.599349314
          0,           0,         305,      -12.21603171,      -8.892629685,       -9.74186304,       -6.63310056
          0,           0,         306,      -12.24998782,      -8.926492981,      -9.775171418,      -6.666864962
          0,           0,         307,      -12.28399193,      -8.960386314,      -9.808537814,      -6.700687918
          0,           0,         308,      -12.31801871,       -8.99430552,       -9.84191428,      -6.734526488
          0,           0,         309,      -12.35206964,      -9.028253934,      -9.875321017,      -6.768390274
          0,           0,         310,      -12.38612019,       -9.06222725,      -9.908778344,      -6.802277669
          0,           0,         311,      -12.42018694,      -9.096228908,      -9.942221054,      -6.836181305
          0,           0,         312,      -12.45433406,      -9.130263856,      -9.975732751,      -6.870167348
          0,           0,         313,      -12.48844925,       -9.16431805,      -10.00927834,      -6.904120905
          0,           0,         314,      -12.52260489,      -9.198398524,      -10.04279325,      -6.938111857
          0,           0,         315,      -12.55676807,      -9.232507857,      -10.07646962,      -6.972136265
          0,           0,         316,       -12.5909973,      -9.266642566,      -10.11006506,        -7.0061973
          0,           0,         317,      -12.62523009,       -9.30080963,      -10.14368376,      -7.040305944
          0,           0,         318,      -12.65939039,      -9.334990308,      -10.17734853,      -7.074356768
          0,           0,         319,      -12.69364795,      -9.369198303,      -10.21105122,      -7.108451296
          0,           0,         320,      -12.72794203,      -9.403445317,      -10.24484125,      -7.142653634
          0,           0,         321,      -12.76230509,       -9.43771162,      -10.27863556,      -7.176882027
          0,           0,         322,      -12.79665233,      -9.472006236,      -10.31240462,      -7.211081951
          0,           0,         323,      -12.83096089,      -9.506314001,      -10.34624445,      -7.245257437
          0,           0,         324,      -12.86527434,      -9.540648878,      -10.38004436,      -7.279462831
          0,           0,         325,      -12.89969015,      -9.575022678,      -10.41389976,       -7.31381863
          0,           0,         326,       -12.9341544,      -9.609412816,      -10.44778151,      -7.348148452
          0,           0,         327,      -12.96860339,      -9.643832306,      -10.48185971,      -7.382514143
          0,           0,         328,      -13.00298093,      -9.678262827,      -10.51579721,      -7.416841702
          0,           0,         329,      -13.03733614,      -9.712725659,      -10.54964625,      -7.451100452
          0,           0,         330,      -13.07187114,      -9.747233154,      -10.58373068,      -7.485644367
          0,           0,         331,      -13.10638816,      -9.781726821,      -10.61759354,      -7.520005782
          0,           0,         332,       -13.1409519,      -9.816282112,      -10.65172641,      -7.554530365
          0,           0,         333,      -13.17543247,      -9.850852902,      -10.68593883,      -7.589082998
          0,           0,         334,      -13.20999464,      -9.885422525,      -10.72002178,      -7.623458635
          0,           0,         335,      -13.24453224,      -9.920036791,      -10.75404927,       -7.65795245
          0,           0,         336,      -13.27889298,      -9.954664642,       -10.7881296,      -7.692380311
          0,           0,         337,      -13.31343426,       -9.98930994,      -10.82233128,      -7.726870968
          0,           0,         338,      -13.34814047,      -10.02399895,      -10.85662521,      -7.761572195
          0,           0,         339,      -13.38260961,      -10.05870851,      -10.89056996,      -7.796060895
          0,           0,         340,       -13.4172651,      -10.09342796,      -10.92490812,      -7.830520223
          0,           0,         341,      -13.45199283,       -10.1281612,      -10.95911409,      -7.865275416
          0,           0,         342,       -13.4863434,      -10.16294858,      -10.99323996,      -7.899627819
          0,           0,         343,      -13.52107488,      -10.19775794,      -11.02751197,      -7.934591214
          0,           0,         344,      -13.55574789,      -10.23258978,      -11.06119066,      -7.969119742
          0,           0,         345,      -13.59004156,      -10.26739984,      -11.09599577,      -8.003579322
          0,           0,         346,      -13.62464709,      -10.30227542,      -11.12982721,       -8.03830424
          0,           0,         347,      -13.65841676,      -10.33714687,      -11.16399992,      -8.072539446
          0,           0,         348,      -13.69296677,      -10.37205299,      -11.19827422,      -8.107270541
          0,           0,         349,      -13.72691016,      -10.40695115,      -11.23217792,      -8.141468775
          0,           0,         350,      -13.76119678,      -10.44182614,      -11.26562184,      -8.175336152
          0,           0,         351,      -13.79584238,      -10.47685663,      -11.30068153,       -8.21079938
          0,           0,         352,      -13.82981135,      -10.51182571,      -11.33436933,        -8.2450511
          0,           0,         353,      -13.86358707,      -10.54685508,      -11.36806976,      -8.279160136
          0,           0,         354,      -13.89776574,       -10.5818533,      -11.40197044,      -8.313293632
          0,           0,         355,      -13.93008132,      -10.61690323,       -11.4354051,      -8.347063323
          0,           0,         356,      -13.96558738,      -10.65205107,      -11.46913281,      -8.382293721
          0,           0,         357,      -13.99680299,      -10.68707331,      -11.50190237,      -8.415130678
          0,           0,         358,      -14.03108509,      -10.72218759,      -11.53563593,      -8.449585173
          0,           0,         359,      -14.06269732,      -10.75723614,      -11.56672753,      -8.482003022
          0,           0,         360,      -14.09634581,      -10.79236623,      -11.60188267,      -8.515668468
          0,           0,         361,      -14.12679978,       -10.8274796,      -11.63302208,      -8.548199873
          0,           0,         362,      -14.15616168,      -10.86239407,      -11.66458458,      -8.579143609
          0,           0,         363,       -14.1894442,      -10.89773773,       -11.6953063,      -8.613209381
          0,           0,         364,      -14.21251437,      -10.93255151,      -11.72595235,      -8.640139541
          0,           0,         365,      -14.24204093,      -10.96776309,      -11.75629071,      -8.672300966
          0,           0,         366,      -14.27177576,      -11.00266072,      -11.78353762,      -8.702723782
          0,           0,         367,       -14.3021117,       -11.0379887,      -11.81400603,      -8.733918105
          0,           0,         368,      -14.32078963,      -11.07290075,      -11.84211665,      -8.761631322
          0,           0,         369,      -14.34916892,      -11.10776283,      -11.86504726,      -8.786259824
          0,           0,         370,      -14.37331019,      -11.14267797,      -11.89619584,      -8.815276342
          0,           0,         371,      -14.39936326,      -11.17781454,      -11.92114801,      -8.845139469
          0,           0,         372,      -14.41991192,      -11.21246689,      -11.94463035,      -8.867240493
          0,           0,         373,      -14.43312313,      -11.24705182,      -11.96384742,      -8.888296053
          0,           0,         374,      -14.46196521,      -11.28174863,      -11.98281169,      -8.915992198
          0,           0,         375,      -14.47844954,      -11.31621213,      -12.00955258,      -8.933833567
          0,           0,         376,      -14.49536552,      -11.35093263,      -12.02334492,      -8.954454447
          0,           0,         377,       -14.5150483,      -11.38635758,        -12.044221,      -8.979523016
          0,           0,         378,      -14.51840756,      -11.41892068,      -12.05945933,      -8.992823387
          0,           0,         379,      -14.51699135,       -11.4518534,      -12.07071248,       -8.99679001
          0,           0,         380,      -14.54162151,      -11.48594329,      -12.08696144,      -9.016167585
          0,           0,         381,      -14.55199088,       -11.5193247,      -12.10304666,      -9.029901522
          0,           0,         382,      -14.53921876,      -11.54779604,      -12.10656186,      -9.031602968
          0,           0,         383,      -14.56202816,      -11.58273155,      -12.11291606,      -9.052724261
          0,           0,         384,      -14.56666346,      -11.61271932,      -12.12633472,      -9.055445488
          0,           0,         385,      -14.56687982,      -11.64428376,      -12.12671399,      -9.053752607
          0,           0,         386,      -14.57997534,      -11.67439616,      -12.12174436,      -9.069644877
          0,           0,         387,      -14.58693291,      -11.70372274,      -12.14198439,      -9.075507934
          0,           0,         388,      -14.57591886,      -11.72876012,      -12.14396448,      -9.076017202
          0,           0,         389,      -14.58657743,      -11.75402032,      -12.15907108,      -9.084649885
          0,           0,         390,      -14.58465558,      -11.77972912,      -12.15703371,      -9.088762322
          0,           0,         391,      -14.58646034,      -11.80703493,      -12.16040529,       -9.08813493
          0,           0,         392,      -14.59944007,      -11.83735681,      -12.16806388,      -9.105191046
          0,           0,         393,      -14.58976731,      -11.85355796,      -12.13809701,      -9.090762752
          0,           0,         394,      -14.60048628,      -11.87947351,      -12.15042909,      -9.103373912
          0,           0,         395,      -14.59509772,      -11.89913824,       -12.1669493,      -9.106785692
          0,           0,         396,      -14.57262316,       -11.8976865,      -12.15936275,      -9.087616643
          0,           0,         397,      -14.59121841,      -11.92006916,      -12.16474638,      -9.093881742
          0,           0,         398,      -14.57464591,      -11.91769298,      -12.17366712,      -9.074927395
          0,           0,         399,      -14.61249871,      -11.96568735,      -12.18234281,      -9.116174165
          0,           0,         400,      -14.59496117,      -11.97033186,      -12.15827427,      -9.102779016
          0,           0,         401,      -14.59842344,       -11.9796048,      -12.15286448,      -9.104343469
          0,           0,         402,      -14.58889565,      -11.99702125,      -12.17794477,      -9.114359675
          0,           0,         403,       -14.6047786,      -12.00282991,      -12.17431339,      -9.109988969
          0,           0,         404,      -14.59676456,      -12.00210692,      -12.16843827,      -9.108442927
          0,           0,         405,      -14.59408568,      -12.01034856,      -12.15765747,      -9.107665064
          0,           0,         406,      -14.59832928,      -11.99920931,      -12.17743228,      -9.097268545
          0,           0,         407,      -14.59564026,      -12.01884689,      -12.16770295,       -9.10840861
          0,           0,         408,       -14.5951467,      -12.03517665,       -12.1773048,      -9.112018811
          0,           0,         409,      -14.60504724,      -12.03087024,      -12.17528038,      -9.105691233
          0,           0,         410,      -14.61402294,      -12.04493807,      -12.17758283,      -9.117935183
          0,           0,         411,      -14.63320669,      -12.05692839,      -12.17258041,      -9.126879176
          0,           0,         412,      -14.62169386,      -12.04992825,      -12.17707876,      -9.119022463
          0,           0,         413,      -14.60552416,      -12.03844288,      -12.17658178,      -9.107105605
          0,           0,         414,      -14.57653957,      -12.01387769,      -12.17180278,      -9.085386616
          0,           0,         415,      -14.60810576,      -12.05158177,      -12.16519812,      -9.113163929
          0,           0,         416,       -14.6079849,       -12.0458633,       -12.1825678,      -9.113555192
          0,           0,         417,      -14.61544353,      -12.05985094,      -12.18193118,      -9.126409737
          0,           0,         418,      -14.61792599,      -12.05786834,      -12.17103068,      -9.122666497
          0,           0,         419,      -14.60521023,      -12.05313431,      -12.17664929,       -9.11226866
          0,           0,         420,        -14.614898,      -12.05519708,      -12.16587678,      -9.123067919
          0,           0,         421,      -14.61787108,      -12.05988728,       -12.1733418,      -9.127301769
          0,           0,         422,      -14.58529286,        -12.028192,      -12.17263652,       -9.09602221
          0,           0,         423,      -14.60116381,      -12.04545737,      -12.16972496,      -9.110655175
          0,           0,         424,      -14.60500482,       -12.0504424,       -12.1724268,      -9.107770585
          0,           0,         425,      -14.60087254,       -12.0462906,      -12.18339761,       -9.10895059
          0,           0,         426,      -14.60452781,      -12.04235203,      -12.17385765,      -9.114980754
          0,           0,         427,      -14.60206694,      -12.04802377,      -12.18097836,      -9.113900813
          0,           0,         428,      -14.60776459,      -12.05692649,      -12.18616179,      -9.112292584
          0,           0,         429,      -14.60716114,      -12.05502116,      -12.19321949,      -9.113767599
          0,           0,         430,      -14.61593264,       -12.0587652,      -12.17727871,      -9.120371728
          0,           0,         431,      -14.61700664,      -12.05339996,      -12.17940777,      -9.112133267
          0,           0,         432,      -14.61907326,      -12.05580934,      -12.18714992,      -9.125588628
          0,           0,         433,      -14.61647723,      -12.05859911,      -12.17494558,      -9.118068331
          0,           0,         434,      -14.61568144,      -12.06683364,      -12.17576664,       -9.12161172
          0,           0,         435,      -14.62624701,       -12.0599831,      -12.19238448,      -9.126092253
          0,           0,         436,      -14.60712976,       -12.0607114,      -12.17317665,      -9.113293313
          0,           0,         437,      -14.61246381,      -12.05951963,      -12.18470491,       -9.11977411
          0,           0,         438,      -14.58612086,      -12.03208688,      -12.15843333,      -9.096699616
          0,           0,         439,      -14.59350441,      -12.03188798,      -12.17737218,      -9.104861338
          0,           0,         440,      -14.59461324,      -12.05858105,      -12.18589123,      -9.111430816
          0,           0,         441,      -14.58937065,      -12.04485624,      -12.16203109,       -9.09488568
          0,           0,         442,      -14.60759143,      -12.05767958,      -12.17770838,      -9.118118377
          0,           0,         443,      -14.59740256,       -12.0550314,      -12.16794211,      -9.103307138
          0,           0,         444,      -14.59603888,      -12.02732193,      -12.18435871,      -9.094942018
          0,           0,         445,      -14.60638565,      -12.04706374,      -12.17204783,      -9.104467182
          0,           0,         446,       -14.5866413,      -12.02554082,       -12.1700007,      -9.094800283
          0,           0,         447,       -14.5967911,       -12.0562765,      -12.18355296,      -9.112274233
          0,           0,         448,      -14.61144467,      -12.05079211,      -12.18978004,      -9.117666527
          0,           0,         449,       -14.6222614,      -12.06383547,      -12.19469205,      -9.128206315
          0,           0,         450,       -14.6137529,      -12.06164598,      -12.18481002,      -9.122830124
          0,           0,         451,      -14.60273921,      -12.05446535,       -12.1799447,      -9.120305453
          0,           0,         452,      -14.58894924,      -12.04043844,      -12.17082144,      -9.104763384
          0,           0,         453,      -14.62037342,      -12.07931932,      -12.18882754,      -9.132148076
          0,           0,         454,      -14.60404002,      -12.03599369,      -12.18664827,      -9.109143898
          0,           0,         455,      -14.60402436,      -12.06789601,      -12.17468817,      -9.117310559
          0,           0,         456,      -14.60828478,      -12.04268598,       -12.1732847,      -9.113921186
          0,           0,         457,      -14.60244826,      -12.04909692,       -12.1877001,       -9.10962845
          0,           0,         458,      -14.59849406,      -12.04084035,      -12.18698536,      -9.110053616
          0,           0,         459,      -14.58311957,      -12.02390241,      -12.17850801,      -9.079986043
          0,           0,         460,      -14.60742872,      -12.05635883,       -12.1729445,      -9.114242976
          0,           0,         461,      -14.60234574,      -12.06814998,      -12.15656122,      -9.115347342
          0,           0,         462,      -14.59468598,      -12.05139551,      -12.15764548,       -9.10670318
          0,           0,         463,      -14.60882382,      -12.06364842,      -12.18119324,      -9.120811312
          0,           0,         464,      -14.61115612,      -12.05124829,      -12.17607049,      -9.119598492
          0,           0,         465,      -14.62663173,      -12.06561271,       -12.1899577,      -9.127485215
          0,           0,         466,      -14.61185568,      -12.06896145,      -12.17462076,      -9.120648547
          0,           0,         467,      -14.61177137,      -12.05576941,      -12.17513352,      -9.112818052
          0,           0,         468,      -14.58272828,      -12.03931797,      -12.17177684,       -9.10985199
          0,           0,         469,      -14.59905069,       -12.0354444,      -12.17812019,      -9.106469932
          0,           0,         470,      -14.62181646,      -12.05625704,      -12.18339974,      -9.126506142
          0,           0,         471,      -14.60164294,      -12.04526085,      -12.17646527,      -9.114150907
          0,           0,         472,      -14.60190611,      -12.04732973,       -12.1777177,      -9.116737916
          0,           0,         473,      -14.59256298,      -12.05236502,      -12.16605651,      -9.101834898
          0,           0,         474,      -14.61441247,       -12.0464087,      -12.18760824,        -9.1159899
          0,           0,         475,      -14.61471019,      -12.05634321,      -12.18952633,      -9.110922595
          0,           0,         476,      -14.61436493,      -12.05292306,      -12.19107376,      -9.120383751
          0,           0,         477,      -14.62152315,      -12.07132985,      -12.17356575,      -9.135538684
          0,           0,         478,       -14.5959424,      -12.04329071,      -12.17435194,      -9.111092053
          0,           0,         479,      -14.62348595,      -12.07438017,      -12.18901851,      -9.135614318
          0,           0,         480,      -14.60175598,      -12.05716928,      -12.17336646,      -9.124195381
          0,           0,         481,       -14.6080195,      -12.07001467,      -12.18006149,      -9.120015923
          0,           0,         482,      -14.61469619,      -12.06127499,      -12.18610543,      -9.128632629
          0,           0,         483,      -14.59740427,      -12.05133716,      -12.15444677,      -9.104520595
          0,           0,         484,      -14.61150237,      -12.05084106,      -12.16945426,      -9.110886609
          0,           0,         485,      -14.59634433,      -12.02927702,      -12.17817019,      -9.096164632
          0,           0,         486,      -14.61685561,      -12.06600244,      -12.19131799,      -9.120927468
          0,           0,         487,      -14.61078645,       -12.0569644,      -12.18514238,      -9.120500715
          0,           0,         488,      -14.61196896,      -12.06431527,      -12.17984153,      -9.127246681
          0,           0,         489,       -14.6045456,      -12.06703192,      -12.16755376,      -9.118372275
          0,           0,         490,      -14.60829554,      -12.05468115,      -12.16533155,      -9.109732382
          0,           0,         491,      -14.59781225,      -12.03272547,      -12.16982304,      -9.103314509
          0,           0,         492,      -14.60939001,      -12.05399142,      -12.17702694,      -9.117526265
          0,           0,         493,       -14.6011814,      -12.06867735,      -12.18243772,      -9.111766434
          0,           0,         494,      -14.60793708,      -12.04295585,      -12.17413737,      -9.107331079
          0,           0,         495,      -14.61342371,      -12.07138667,      -12.18636667,      -9.119199968
          0,           0,         496,      -14.59451717,      -12.04659431,      -12.17332619,      -9.102235099
          0,           0,         497,      -14.61731779,      -12.05396033,      -12.18720498,      -9.118668003
          0,           0,         498,      -14.61765593,      -12.06240191,      -12.18543553,       -9.12963168
          0,           0,         499,      -14.60447728,      -12.04743533,      -12.17998933,      -9.111013466
          0,           0,         500,      -14.61653445,      -12.06392683,      -12.19071883,      -9.125513582
          0,           0,         501,      -14.60792094,      -12.05491812,      -12.16624343,      -9.116835079
          0,           0,         502,      -14.62546814,      -12.06394732,      -12.17699822,      -9.128275906
          0,           0,         503,      -14.59453269,      -12.05272672,      -12.15564088,      -9.105982382
          0,           0,         504,      -14.59342695,      -12.02951727,      -12.15388661,      -9.104899812
          0,           0,         505,       -14.6221102,      -12.06180022,      -12.18265992,      -9.120206394
          0,           0,         506,      -14.60927876,      -12.04740392,       -12.1711648,      -9.108316696
          0,           0,         507,       -14.6059422,      -12.05589247,      -12.18003589,      -9.120995442
          0,           0,         508,      -14.61341693,      -12.06993408,       -12.1625545,      -9.121536254
          0,           0,         509,      -14.61396378,      -12.06053305,      -12.18084939,      -9.124926465
          0,           0,         510,      -14.60289092,      -12.04411092,      -12.16658015,      -9.107153316
          0,           0,         511,      -14.61586578,       -12.0522108,      -12.17865118,      -9.114575045
          0,           0,         512,      -14.60396987,      -12.05541822,      -12.17685163,      -9.115636059
          0,           0,         513,      -14.60437713,      -12.05269135,      -12.15917507,      -9.112533585
          0,           0,         514,      -14.60590216,      -12.04493899,      -12.17772157,      -9.113226353
          0,           0,         515,      -14.59688614,      -12.04888881,      -12.16004665,      -9.109374356
          0,           0,         516,      -14.61525552,      -12.05288739,       -12.1765387,      -9.120705496
          0,           0,         517,      -14.61767669,      -12.06627733,      -12.19349002,      -9.128106551
          0,           0,         518,      -14.60560258,      -12.05084401,      -12.16596152,      -9.118363159
          0,           0,         519,      -14.58618853,      -12.03681872,      -12.16424948,      -9.095847852
          0,           0,         520,      -14.60701759,      -12.05235803,      -12.17421141,      -9.115724541
          0,           0,         521,      -14.59463208,       -12.0566313,      -12.15611536,      -9.099449139
          0,           0,         522,      -14.61292993,      -12.05263094,      -12.18377936,      -9.115823286
          0,           0,         523,      -14.60692465,       -12.0659335,      -12.16301621,      -9.113374128
          0,           0,         524,      -14.60720289,      -12.05130978,      -12.17858656,      -9.120380899
          0,           0,         525,      -14.59528978,      -12.03947129,      -12.17207238,      -9.099154584
          0,           0,         526,      -14.58379837,      -12.02058565,      -12.17297261,      -9.082173604
          0,           0,         527,      -14.60745864,      -12.05247169,      -12.18125774,      -9.115852326
          0,           0,         528,      -14.59923749,      -12.05050676,      -12.16571622,      -9.108429672
          0,           0,         529,      -14.60128003,      -12.04100927,      -12.18502689,      -9.114135974
          0,           0,         530,      -14.61631167,      -12.06030936,      -12.17747596,      -9.133588366
          0,           0,         531,       -14.6048303,      -12.06850885,      -12.18776527,      -9.118430769
          0,           0,         532,      -14.62120583,      -12.06486524,      -12.18170327,      -9.124766735
          0,           0,         533,      -14.61295572,      -12.05015022,      -12.18788617,      -9.117561597
          0,           0,         534,      -14.60035634,      -12.05574677,      -12.18219659,      -9.108704639
          0,           0,         535,      -14.59900728,      -12.05789896,      -12.17324823,      -9.106477845
          0,           0,         536,         -14.60256,      -12.04946498,      -12.17475294,      -9.110057851
          0,           0,         537,        -14.595267,      -12.05281244,      -12.17020494,      -9.101162992
          0,           0,         538,      -14.59969045,      -12.04282816,      -12.17919067,      -9.100760296
          0,           0,         539,      -14.59935021,      -12.06635387,      -12.17646206,      -9.108951342
          0,           0,         540,      -14.59932878,      -12.04328865,      -12.16819321,      -9.105738919
          0,           0,         541,      -14.60652434,      -12.02799669,       -12.1932691,      -9.092422203
          0,           0,         542,       -14.6061019,       -12.0470076,      -12.16082465,      -9.109765276
          0,           0,         543,      -14.61337385,      -12.05951977,      -12.17838776,      -9.124467733
          0,           0,         544,      -14.62144761,      -12.06656006,      -12.19064185,      -9.130616359
          0,           0,         545,      -14.61248223,      -12.06256996,      -12.18352814,      -9.119002698
          0,           0,         546,      -14.61595522,      -12.05757016,      -12.17771086,      -9.124194731
          0,           0,         547,      -14.61167749,      -12.06087749,      -12.16977224,       -9.12202143
          0,           0,         548,      -14.61692668,      -12.05175535,      -12.18463846,      -9.113535123
          0,           0,         549,      -14.61106801,      -12.05269246,      -12.18246508,      -9.116738953
          0,           0,         550,      -14.60844871,      -12.04910806,      -12.18280057,      -9.107866957
          0,           0,         551,      -14.58543957,      -11.99712184,      -12.16590951,      -9.078238163
          0,           0,         552,      -14.59583689,      -12.03978551,      -12.17339135,      -9.104032689
          0,           0,         553,      -14.59316285,      -12.02856457,      -12.17519897,      -9.097971143
          0,           0,         554,      -14.61783118,       -12.0611859,      -12.18812348,         -9.125618
          0,           0,         555,      -14.59681507,      -12.03445134,       -12.1718287,      -9.103651357
          0,           0,         556,      -14.61056245,      -12.04253117,      -12.18031725,      -9.120592065
          0,           0,         557,      -14.60556106,      -12.04926014,      -12.16585983,      -9.109363205
          0,           0,         558,      -14.61503041,      -12.05937341,      -12.17730902,      -9.126017335
          0,           0,         559,      -14.59749338,      -12.03728385,      -12.19268757,      -9.107933832
          0,           0,         560,      -14.59250738,      -12.05397209,      -12.16920037,      -9.115013484
          0,           0,         561,      -14.59706443,      -12.05110582,      -12.17331452,      -9.109241016
          0,           0,         562,      -14.60267751,      -12.06103784,      -12.16490228,      -9.111049112
          0,           0,         563,      -14.60387993,      -12.05644846,      -12.16658863,      -9.114870442
          0,           0,         564,      -14.61584625,      -12.06111314,      -12.17518096,      -9.118709274
          0,           0,         565,      -14.61035587,       -12.0610082,      -12.18301878,      -9.116120671
          0,           0,         566,      -14.60500069,       -12.0595071,       -12.1817005,      -9.113416469
          0,           0,         567,       -14.5789336,      -12.01949774,      -12.17194293,      -9.088509992
          0,           0,         568,      -14.59985044,      -12.04983812,      -12.17349942,      -9.115220515
          0,           0,         569,      -14.62485387,      -12.05751567,      -12.18668043,      -9.118168617
          0,           0,         570,      -14.60546968,      -12.03550716,      -12.17274394,      -9.105641662
          0,           0,         571,      -14.61269355,      -12.06073009,      -12.17345991,      -9.124251115
          0,           0,         572,      -14.61034723,      -12.05944471,      -12.17783641,      -9.121969756
          0,           0,         573,      -14.61402486,      -12.06099325,      -12.19232933,        -9.1275089
          0,           0,         574,      -14.60684212,      -12.04356195,      -12.18299085,      -9.114862918
          0,           0,         575,       -14.6012729,      -12.02499973,      -12.18580722,      -9.104235671
          0,           0,         576,      -14.59837817,       -12.0411491,      -12.18578967,      -9.113718103
          0,           0,         577,      -14.60850641,      -12.06033307,      -12.16992451,      -9.114976101
          0,           0,         578,      -14.61123779,      -12.04547914,      -12.17759071,      -9.122033149
          0,           0,         579,      -14.61305406,      -12.07080776,      -12.19848791,       -9.12538577
          0,           0,         580,      -14.61115289,      -12.06251978,      -12.17357812,      -9.117040004
          0,           0,         581,      -14.60679282,      -12.05751531,      -12.18526281,      -9.122032845
          0,           0,         582,      -14.61586398,      -12.05524189,      -12.18426333,      -9.119291234
          0,           0,         583,      -14.61511093,      -12.05671118,      -12.18164194,      -9.124206539
          0,           0,         584,      -14.60181104,      -12.05888459,      -12.16470159,      -9.111019667
          0,           0,         585,      -14.59424063,      -12.03560057,      -12.16614071,        -9.0982215
          0,           0,         586,      -14.62697436,      -12.06945841,      -12.17903185,      -9.129019061
          0,           0,         587,      -14.61668102,      -12.05980505,      -12.18422829,      -9.116860932
          0,           0,         588,       -14.6101055,      -12.05445637,      -12.17889079,      -9.121143006
          0,           0,         589,      -14.61839878,      -12.05959182,      -12.18643048,      -9.119481068
          0,           0,         590,      -14.61588042,      -12.07332837,      -12.17545758,      -9.129353076
          0,           0,         591,      -14.61390796,      -12.07039784,      -12.16249704,      -9.125565777
          0,           0,         592,       -14.6105937,       -12.0480434,      -12.17156173,       -9.11453526
          0,           0,         593,      -14.60001131,      -12.05535856,      -12.17864795,      -9.116138969
          0,           0,         594,       -14.6121342,      -12.05313856,      -12.17873375,      -9.121039358
          0,           0,         595,      -14.60150835,      -12.04787892,       -12.1835274,      -9.107277071
          0,           0,         596,      -14.60085166,      -12.03341394,      -12.17137536,      -9.099592556
          0,           0,         597,      -14.61097047,      -12.05708386,       -12.1694387,      -9.118324244
          0,           0,         598,      -14.62078416,      -12.07001442,      -12.17180751,      -9.126212193
          0,           0,         599,      -14.59363126,      -12.03905752,      -12.17352285,      -9.102296488
          0,           0,         600,      -14.59313077,      -12.03984147,      -12.17221313,      -9.097456254
