VARIABLES = \
"Time_Iter","Outer_Iter","Inner_Iter",    "rms[Rho]"    ,    "rms[RhoU]"   ,    "rms[RhoV]"   ,    "rms[RhoE]"   
          0,           0,           0,      -1.403699461,      0.7892431043,       1.116014764,       4.055928742
          0,           0,           1,      -1.869961852,      0.4929135692,      0.6856887309,       3.606575542
          0,           0,           2,      -2.113577639,      0.2766214861,      0.4449985298,       3.368492978
          0,           0,           3,      -2.280933839,      0.1221586978,      0.2472109921,       3.201609183
          0,           0,           4,       -2.44191631,    -0.01873875164,     0.06989539415,       3.039729353
          0,           0,           5,      -2.599701015,     -0.1523193076,     -0.1001027623,       2.880084291
          0,           0,           6,      -2.749680061,     -0.2739162988,     -0.2641177902,       2.728121265
          0,           0,           7,      -2.899991851,     -0.3918995038,     -0.4251993404,       2.576594964
          0,           0,           8,      -3.052923567,     -0.5020518601,     -0.5828884731,       2.423024397
          0,           0,           9,      -3.204042852,        -0.5993823,     -0.7346861102,        2.27142871
          0,           0,          10,      -3.350299076,     -0.6859343336,     -0.8811194476,       2.124592743
          0,           0,          11,       -3.49045792,      -0.764340333,      -1.024783618,       1.983486562
          0,           0,          12,      -3.623211047,       -0.83430999,       -1.16506518,       1.849417108
          0,           0,          13,      -3.747064519,     -0.8954786951,      -1.298110393,        1.72426833
          0,           0,          14,      -3.860733942,     -0.9493675121,      -1.420916083,       1.609674298
          0,           0,          15,      -3.962685893,     -0.9980618249,      -1.533618271,       1.507215123
          0,           0,          16,      -4.051255656,      -1.042784749,      -1.637853051,       1.418598186
          0,           0,          17,      -4.126812425,      -1.084017575,       -1.73313526,       1.343723649
          0,           0,          18,      -4.192330572,      -1.122179522,      -1.816784427,        1.27971765
          0,           0,          19,      -4.251061695,       -1.15800987,      -1.887986356,       1.222947967
          0,           0,          20,      -4.304709816,      -1.192472198,      -1.949905733,       1.171087785
          0,           0,          21,       -4.35386241,       -1.22642353,      -2.006905455,       1.123156674
          0,           0,          22,      -4.399112669,      -1.260352498,      -2.061254038,       1.078628532
          0,           0,          23,      -4.441379876,      -1.294325626,      -2.112870396,       1.036936933
          0,           0,          24,      -4.481537048,      -1.328119529,      -2.161116366,      0.9975237251
          0,           0,          25,      -4.520067597,      -1.361414782,      -2.206206412,        0.96001046
          0,           0,          26,      -4.557064349,      -1.393948854,      -2.249137179,      0.9242417043
          0,           0,          27,      -4.592450783,      -1.425572304,      -2.290870262,      0.8901873521
          0,           0,          28,      -4.626216369,      -1.456231027,      -2.331814041,      0.8577896204
          0,           0,          29,      -4.658501499,      -1.485913821,      -2.371851069,      0.8268940268
          0,           0,          30,      -4.689515609,      -1.514608115,      -2.410581985,       0.797297645
          0,           0,          31,      -4.719407263,      -1.542283889,      -2.447547694,      0.7688446144
          0,           0,          32,      -4.748193919,      -1.568907798,      -2.482363552,      0.7414774367
          0,           0,          33,      -4.775788058,      -1.594467236,       -2.51477746,       0.715216703
          0,           0,          34,      -4.802081429,      -1.618989611,      -2.544681067,      0.6900987317
          0,           0,          35,      -4.827031873,      -1.642548402,      -2.572088468,      0.6661149304
          0,           0,          36,      -4.850708899,      -1.665252853,      -2.597109873,      0.6431837943
          0,           0,          37,       -4.87328583,      -1.687227398,      -2.619953667,      0.6211605701
          0,           0,          38,      -4.894998656,      -1.708593174,      -2.640932641,        0.59986533
          0,           0,          39,      -4.916090512,      -1.729454643,      -2.660451897,      0.5791191383
          0,           0,          40,      -4.936768737,      -1.749892816,      -2.678961105,      0.5587714969
          0,           0,          41,      -4.957185903,      -1.769966248,      -2.696896483,      0.5387101815
          0,           0,          42,      -4.977435888,      -1.789715481,      -2.714623741,      0.5188629716
          0,           0,          43,      -4.997563927,       -1.80917043,      -2.732411462,      0.4991906003
          0,           0,          44,      -5.017583528,      -1.828356019,      -2.750417085,      0.4796749217
          0,           0,          45,      -5.037490325,      -1.847297011,      -2.768700277,      0.4603101084
          0,           0,          46,      -5.057275052,      -1.866020503,      -2.787251964,      0.4410939048
          0,           0,          47,      -5.076931123,       -1.88455662,      -2.806012387,      0.4220235858
          0,           0,          48,      -5.096461806,      -1.902938055,       -2.82490028,      0.4030898789
          0,           0,          49,      -5.115876096,      -1.921199041,      -2.843831294,       0.384280905
          0,           0,          50,      -5.135192277,      -1.939374389,      -2.862731484,       0.365577962
          0,           0,          51,      -5.154434919,      -1.957497485,       -2.88154883,      0.3469578353
          0,           0,          52,      -5.173630476,      -1.975598911,      -2.900253023,      0.3283964734
          0,           0,          53,      -5.192808309,      -1.993707053,      -2.918830216,      0.3098669069
          0,           0,          54,       -5.21199712,      -2.011847776,      -2.937286764,      0.2913428165
          0,           0,          55,      -5.231224946,       -2.03004428,      -2.955639569,      0.2727982267
          0,           0,          56,      -5.250517493,      -2.048316712,      -2.973915021,      0.2542090439
          0,           0,          57,       -5.26989881,      -2.066682452,      -2.992139203,      0.2355526255
          0,           0,          58,      -5.289390932,      -2.085156631,      -3.010342247,      0.2168088626
          0,           0,          59,      -5.309014241,      -2.103752481,      -3.028562917,      0.1979591909
          0,           0,          60,      -5.328785348,      -2.122481016,      -3.046828496,      0.1789879801
          0,           0,          61,      -5.348717556,      -2.141351314,      -3.065166511,      0.1598823925
          0,           0,          62,      -5.368820126,      -2.160370391,      -3.083600279,      0.1406333996
          0,           0,          63,      -5.389101547,        -2.1795438,      -3.102147532,      0.1212325531
          0,           0,          64,      -5.409568663,      -2.198875917,      -3.120824721,      0.1016728756
          0,           0,          65,      -5.430222574,      -2.218369779,      -3.139648849,     0.08195257953
          0,           0,          66,      -5.451064246,      -2.238027458,      -3.158634334,      0.0620697252
          0,           0,          67,      -5.472093709,      -2.257850019,      -3.177790263,      0.0420233261
          0,           0,          68,      -5.493311356,      -2.277838205,      -3.197115349,     0.02181193374
          0,           0,          69,       -5.51471661,      -2.297991931,      -3.216619734,    0.001435045643
          0,           0,          70,      -5.536306165,      -2.318310496,      -3.236309735,    -0.01910527196
          0,           0,          71,      -5.558076507,      -2.338793021,      -3.256181304,    -0.03980690678
          0,           0,          72,        -5.5800256,      -2.359438451,      -3.276235493,    -0.06066891756
          0,           0,          73,      -5.602152268,      -2.380245625,      -3.296474484,    -0.08169098151
          0,           0,          74,      -5.624451977,      -2.401212917,      -3.316894001,     -0.1028697931
          0,           0,          75,      -5.646923859,      -2.422338563,      -3.337501208,     -0.1242055343
          0,           0,          76,      -5.669564881,      -2.443620874,      -3.358290092,      -0.145696428
          0,           0,          77,      -5.692370379,      -2.465058017,      -3.379256532,     -0.1673389828
          0,           0,          78,      -5.715337385,        -2.4866479,      -3.400400283,     -0.1891309183
          0,           0,          79,       -5.73846348,      -2.508388567,      -3.421718201,     -0.2110705099
          0,           0,          80,      -5.761746649,      -2.530278133,      -3.443207913,     -0.2331564224
          0,           0,          81,      -5.785184598,      -2.552314658,      -3.464866361,     -0.2553869919
          0,           0,          82,      -5.808773141,      -2.574495904,      -3.486692945,     -0.2777589771
          0,           0,          83,       -5.83251206,       -2.59682042,       -3.50867918,     -0.3002723808
          0,           0,          84,      -5.856401376,      -2.619286551,      -3.530828002,      -0.322927218
          0,           0,          85,      -5.880437164,      -2.641892267,      -3.553138836,     -0.3457203038
          0,           0,          86,      -5.904616258,      -2.664635736,      -3.575607356,     -0.3686491813
          0,           0,          87,      -5.928936063,      -2.687515225,      -3.598230951,     -0.3917118187
          0,           0,          88,      -5.953395128,      -2.710528944,      -3.621010356,     -0.4149070475
          0,           0,          89,      -5.977989997,      -2.733675172,      -3.643940676,      -0.438231895
          0,           0,          90,      -6.002719032,      -2.756952645,      -3.667017912,     -0.4616853505
          0,           0,          91,      -6.027580436,      -2.780359879,       -3.69024189,     -0.4852660117
          0,           0,          92,      -6.052572715,      -2.803895276,       -3.71361087,     -0.5089726522
          0,           0,          93,      -6.077693262,      -2.827557178,      -3.737122673,     -0.5328031484
          0,           0,          94,      -6.102940917,      -2.851344223,      -3.760772846,     -0.5567565353
          0,           0,          95,      -6.128313077,      -2.875255116,      -3.784561705,     -0.5808307268
          0,           0,          96,      -6.153808623,      -2.899288562,      -3.808486478,      -0.605024684
          0,           0,          97,      -6.179426529,      -2.923443305,      -3.832546134,     -0.6293376443
          0,           0,          98,      -6.205165354,      -2.947718158,      -3.856738338,     -0.6537685797
          0,           0,          99,      -6.231023332,      -2.972111927,      -3.881061307,     -0.6783161565
          0,           0,         100,      -6.256998694,      -2.996623417,      -3.905513332,     -0.7029789942
          0,           0,         101,      -6.283089603,      -3.021251504,      -3.930092812,     -0.7277556739
          0,           0,         102,      -6.309294337,      -3.045995197,      -3.954797206,     -0.7526448807
          0,           0,         103,      -6.335611554,      -3.070853386,      -3.979624716,     -0.7776455525
          0,           0,         104,      -6.362040526,       -3.09582507,      -4.004575396,     -0.8027571092
          0,           0,         105,      -6.388579827,       -3.12090921,      -4.029647777,     -0.8279785461
          0,           0,         106,      -6.415228308,      -3.146104806,      -4.054839562,     -0.8533089876
          0,           0,         107,      -6.441984534,      -3.171410972,      -4.080149893,     -0.8787472255
          0,           0,         108,      -6.468846463,      -3.196826905,      -4.105578826,     -0.9042919765
          0,           0,         109,      -6.495808793,      -3.222351472,      -4.131126968,     -0.9299392022
          0,           0,         110,      -6.522875177,      -3.247983881,      -4.156784887,     -0.9556917721
          0,           0,         111,      -6.550048373,      -3.273723585,       -4.18255385,     -0.9815516419
          0,           0,         112,      -6.577324971,      -3.299569506,      -4.208435711,      -1.007516054
          0,           0,         113,      -6.604701009,      -3.325520771,      -4.234431799,      -1.033581657
          0,           0,         114,      -6.632177486,      -3.351576637,      -4.260535915,       -1.05975024
          0,           0,         115,      -6.659753091,      -3.377736262,      -4.286747947,       -1.08602065
          0,           0,         116,       -6.68742529,      -3.403998729,      -4.313065803,      -1.112390644
          0,           0,         117,      -6.715194449,      -3.430363341,      -4.339489004,      -1.138860428
          0,           0,         118,      -6.743060702,      -3.456829367,      -4.366017862,       -1.16543021
          0,           0,         119,      -6.771022306,      -3.483396185,      -4.392651121,      -1.192098751
          0,           0,         120,       -6.79907734,      -3.510063005,      -4.419388102,      -1.218864638
          0,           0,         121,      -6.827224322,      -3.536829052,      -4.446227275,      -1.245726782
          0,           0,         122,      -6.855462188,      -3.563693592,      -4.473167573,      -1.272684379
          0,           0,         123,      -6.883790601,      -3.590655937,      -4.500209785,      -1.299737234
          0,           0,         124,      -6.912207453,      -3.617715352,      -4.527349711,      -1.326883789
          0,           0,         125,      -6.940712889,      -3.644871178,      -4.554586944,      -1.354124102
          0,           0,         126,      -6.969306925,      -3.672122813,      -4.581921291,      -1.381458188
          0,           0,         127,      -6.997988618,      -3.699469596,      -4.609352054,      -1.408885302
          0,           0,         128,      -7.026756767,      -3.726910849,      -4.636878327,      -1.436404516
          0,           0,         129,      -7.055610413,      -3.754445921,      -4.664499072,      -1.464015117
          0,           0,         130,      -7.084548606,      -3.782074272,      -4.692212795,      -1.491716387
          0,           0,         131,      -7.113570573,      -3.809795366,      -4.720018575,      -1.519507701
          0,           0,         132,      -7.142675967,      -3.837608788,      -4.747911708,      -1.547388734
          0,           0,         133,       -7.17186413,       -3.86551371,       -4.77589601,      -1.575359252
          0,           0,         134,      -7.201134326,      -3.893509357,      -4.803972735,      -1.603418623
          0,           0,         135,      -7.230485735,      -3.921595089,      -4.832140808,      -1.631566093
          0,           0,         136,      -7.259917667,      -3.949770305,      -4.860399058,      -1.659801061
          0,           0,         137,      -7.289429422,      -3.978034406,      -4.888746366,      -1.688122934
          0,           0,         138,      -7.319020274,      -4.006386797,      -4.917181679,      -1.716531117
          0,           0,         139,      -7.348689519,      -4.034826887,      -4.945704019,       -1.74502505
          0,           0,         140,      -7.378436475,      -4.063354089,      -4.974312507,      -1.773604195
          0,           0,         141,      -7.408260459,       -4.09196781,      -5.003006357,      -1.802268003
          0,           0,         142,      -7.438160787,       -4.12066746,      -5.031784831,      -1.831015914
          0,           0,         143,      -7.468136784,      -4.149452449,      -5.060647209,      -1.859847369
          0,           0,         144,      -7.498187786,      -4.178322189,      -5.089592773,      -1.888761811
          0,           0,         145,      -7.528313136,        -4.2072761,      -5.118620808,      -1.917758687
          0,           0,         146,      -7.558512188,      -4.236313602,      -5.147730607,      -1.946837446
          0,           0,         147,      -7.588784393,      -4.265434127,      -5.176921508,      -1.975997586
          0,           0,         148,      -7.619129018,      -4.294637099,      -5.206192798,      -2.005238521
          0,           0,         149,      -7.649545413,      -4.323921949,      -5.235543774,       -2.03455968
          0,           0,         150,      -7.680033042,      -4.353288118,      -5.264973797,      -2.063960574
          0,           0,         151,      -7.710591385,      -4.382735053,      -5.294482257,      -2.093440729
          0,           0,         152,      -7.741219883,      -4.412262202,      -5.324068506,      -2.122999634
          0,           0,         153,      -7.771917953,      -4.441869017,      -5.353731877,      -2.152636759
          0,           0,         154,      -7.802685026,      -4.471554951,      -5.383471705,      -2.182351582
          0,           0,         155,      -7.833520553,      -4.501319467,      -5.413287358,      -2.212143599
          0,           0,         156,      -7.864423999,      -4.531162029,      -5.443178233,       -2.24201231
          0,           0,         157,      -7.895394837,      -4.561082106,      -5.473143731,      -2.271957223
          0,           0,         158,      -7.926432552,      -4.591079168,      -5.503183263,      -2.301977844
          0,           0,         159,      -7.957536627,      -4.621152692,      -5.533296237,      -2.332073684
          0,           0,         160,      -7.988706565,      -4.651302157,      -5.563482056,      -2.362244258
          0,           0,         161,       -8.01994187,      -4.681527046,      -5.593740141,      -2.392489082
          0,           0,         162,      -8.051242055,      -4.711826847,      -5.624069906,      -2.422807676
          0,           0,         163,      -8.082606641,       -4.74220105,      -5.654470779,      -2.453199562
          0,           0,         164,       -8.11403516,      -4.772649152,      -5.684942187,      -2.483664274
          0,           0,         165,      -8.145527142,      -4.803170648,      -5.715483577,      -2.514201332
          0,           0,         166,      -8.177082133,      -4.833765043,      -5.746094387,      -2.544810279
          0,           0,         167,      -8.208699682,      -4.864431843,      -5.776774069,      -2.575490646
          0,           0,         168,      -8.240379348,      -4.895170557,      -5.807522075,      -2.606241977
          0,           0,         169,      -8.272120691,      -4.925980701,      -5.838337871,      -2.637063812
          0,           0,         170,      -8.303923285,      -4.956861792,       -5.86922092,      -2.667955703
          0,           0,         171,      -8.335786707,      -4.987813352,      -5.900170693,      -2.698917195
          0,           0,         172,      -8.367710537,      -5.018834908,      -5.931186665,      -2.729947843
          0,           0,         173,      -8.399694379,      -5.049925989,      -5.962268325,      -2.761047208
          0,           0,         174,      -8.431737821,       -5.08108613,      -5.993415155,      -2.792214849
          0,           0,         175,      -8.463840478,      -5.112314869,      -6.024626647,      -2.823450334
          0,           0,         176,      -8.496001949,      -5.143611748,      -6.055902305,      -2.854753227
          0,           0,         177,      -8.528221858,      -5.174976312,      -6.087241634,      -2.886123097
          0,           0,         178,      -8.560499838,      -5.206408114,      -6.118644136,      -2.917559529
          0,           0,         179,      -8.592835501,      -5.237906705,      -6.150109343,      -2.949062088
          0,           0,         180,        -8.6252285,      -5.269471645,       -6.18163675,      -2.980630368
          0,           0,         181,      -8.657678481,      -5.301102496,      -6.213225899,      -3.012263955
          0,           0,         182,      -8.690185071,      -5.332798822,      -6.244876323,      -3.043962423
          0,           0,         183,      -8.722747935,      -5.364560194,      -6.276587555,      -3.075725371
          0,           0,         184,       -8.75536674,      -5.396386186,      -6.308359128,      -3.107552403
          0,           0,         185,      -8.788041132,      -5.428276374,       -6.34019061,        -3.1394431
          0,           0,         186,      -8.820770816,       -5.46023034,      -6.372081522,      -3.171397084
          0,           0,         187,      -8.853555454,      -5.492247671,      -6.404031439,      -3.203413956
          0,           0,         188,      -8.886394704,      -5.524327954,      -6.436039918,      -3.235493316
          0,           0,         189,      -8.919288262,      -5.556470779,       -6.46810653,      -3.267634762
          0,           0,         190,      -8.952235844,      -5.588675747,      -6.500230839,      -3.299837947
          0,           0,         191,       -8.98523713,      -5.620942454,       -6.53241244,      -3.332102457
          0,           0,         192,      -9.018291809,      -5.653270506,      -6.564650877,      -3.364427923
          0,           0,         193,      -9.051399599,      -5.685659508,      -6.596945776,      -3.396813963
          0,           0,         194,       -9.08456024,      -5.718109072,      -6.629296697,       -3.42926023
          0,           0,         195,       -9.11777336,      -5.750618809,      -6.661703254,      -3.461766301
          0,           0,         196,      -9.151038781,      -5.783188342,      -6.694165028,      -3.494331864
          0,           0,         197,      -9.184356144,      -5.815817283,      -6.726681671,      -3.526956517
          0,           0,         198,      -9.217725238,      -5.848505267,      -6.759252716,      -3.559639926
          0,           0,         199,      -9.251145781,      -5.881251911,      -6.791877848,      -3.592381718
          0,           0,         200,      -9.284617483,      -5.914056853,      -6.824556613,      -3.625181541
          0,           0,         201,      -9.318140086,      -5.946919717,      -6.857288704,      -3.658039017
          0,           0,         202,      -9.351713359,      -5.979840152,       -6.89007373,      -3.690953845
          0,           0,         203,         -9.385337,      -6.012817788,      -6.922911305,      -3.723925636
          0,           0,         204,      -9.419010808,       -6.04585227,      -6.955801087,      -3.756954047
          0,           0,         205,      -9.452734484,       -6.07894324,      -6.988742658,      -3.790038723
          0,           0,         206,        -9.4865079,      -6.112090355,      -7.021735785,        -3.8231794
          0,           0,         207,      -9.520330642,      -6.145293251,      -7.054779983,      -3.856375608
          0,           0,         208,      -9.554202647,        -6.1785516,      -7.087874894,      -3.889627158
          0,           0,         209,       -9.58812363,      -6.211865043,      -7.121020348,      -3.922933623
          0,           0,         210,      -9.622093183,      -6.245233238,      -7.154215876,      -3.956294633
          0,           0,         211,      -9.656111268,      -6.278655854,      -7.187461187,      -3.989709932
          0,           0,         212,      -9.690177643,      -6.312132552,      -7.220755915,      -4.023179186
          0,           0,         213,      -9.724292089,      -6.345662992,      -7.254099768,      -4.056702065
          0,           0,         214,      -9.758454343,      -6.379246843,      -7.287492298,      -4.090278211
          0,           0,         215,      -9.792664075,       -6.41288377,      -7.320933391,      -4.123907296
          0,           0,         216,      -9.826921235,      -6.446573445,      -7.354422573,      -4.157589016
          0,           0,         217,      -9.861225666,      -6.480315555,       -7.38795973,      -4.191323111
          0,           0,         218,         -9.895577,      -6.514109748,      -7.421544194,      -4.225109117
          0,           0,         219,      -9.929974919,      -6.547955722,      -7.455175976,      -4.258946842
          0,           0,         220,      -9.964419537,       -6.58185313,      -7.488854769,      -4.292835911
          0,           0,         221,      -9.998910302,      -6.615801668,      -7.522580099,      -4.326775996
          0,           0,         222,       -10.0334473,      -6.649801009,      -7.556351865,      -4.360766815
          0,           0,         223,      -10.06803031,       -6.68385083,       -7.59016957,      -4.394808006
          0,           0,         224,      -10.10265876,      -6.717950843,      -7.624032936,      -4.428899408
          0,           0,         225,       -10.1373329,      -6.752100669,      -7.657941973,      -4.463040467
          0,           0,         226,      -10.17205219,      -6.786300052,      -7.691895957,      -4.497231099
          0,           0,         227,      -10.20681664,      -6.820548607,      -7.725895271,      -4.531470654
          0,           0,         228,      -10.24162598,      -6.854846097,      -7.759938666,      -4.565759218
          0,           0,         229,      -10.27648006,      -6.889192124,      -7.794026648,      -4.600096153
          0,           0,         230,      -10.31137853,      -6.923586434,      -7.828158842,      -4.634481305
          0,           0,         231,      -10.34632124,      -6.958028695,      -7.862334535,      -4.668914422
          0,           0,         232,      -10.38130795,      -6.992518548,      -7.896554332,       -4.70339492
          0,           0,         233,      -10.41633888,      -7.027055749,       -7.93081684,      -4.737922918
          0,           0,         234,       -10.4514131,      -7.061639895,      -7.965122699,      -4.772497587
          0,           0,         235,       -10.4865308,      -7.096270711,      -7.999471398,      -4.807118726
          0,           0,         236,      -10.52169241,      -7.130947908,      -8.033862165,      -4.841786508
          0,           0,         237,       -10.5568965,      -7.165671127,      -8.068295978,      -4.876500086
          0,           0,         238,      -10.59214398,      -7.200440122,      -8.102770656,      -4.911259674
          0,           0,         239,      -10.62743366,      -7.235254334,      -8.137287884,      -4.946063849
          0,           0,         240,      -10.66276642,      -7.270113803,      -8.171847124,      -4.980913985
          0,           0,         241,      -10.69814058,      -7.305017832,      -8.206446903,      -5.015807798
          0,           0,         242,      -10.73355737,      -7.339966251,      -8.241087353,      -5.050745775
          0,           0,         243,      -10.76901626,      -7.374958868,      -8.275768921,      -5.085728408
          0,           0,         244,      -10.80451679,      -7.409995211,      -8.310490869,      -5.120755032
          0,           0,         245,      -10.84005735,      -7.445074746,       -8.34525369,      -5.155823329
          0,           0,         246,      -10.87564026,      -7.480197503,      -8.380056246,      -5.190935871
          0,           0,         247,      -10.91126534,      -7.515363021,      -8.414898112,      -5.226091138
          0,           0,         248,      -10.94692934,      -7.550570777,      -8.449780108,      -5.261287843
          0,           0,         249,       -10.9826348,      -7.585820648,      -8.484700938,      -5.296527365
          0,           0,         250,      -11.01838064,      -7.621112055,      -8.519661768,      -5.331807568
          0,           0,         251,      -11.05416532,      -7.656444975,      -8.554661355,      -5.367129854
          0,           0,         252,      -11.08999293,      -7.691818748,      -8.589698422,        -5.4024928
          0,           0,         253,      -11.12585705,      -7.727232759,      -8.624774919,      -5.437893784
          0,           0,         254,      -11.16176233,      -7.762687243,      -8.659889121,      -5.473337461
          0,           0,         255,      -11.19770688,      -7.798181617,      -8.695041074,      -5.508819757
          0,           0,         256,      -11.23368881,      -7.833715583,      -8.730229966,      -5.544341132
          0,           0,         257,      -11.26971177,      -7.869288397,      -8.765458825,      -5.579903044
          0,           0,         258,      -11.30577226,       -7.90490013,      -8.800725919,      -5.615503502
          0,           0,         259,      -11.34187178,      -7.940550004,      -8.836025958,      -5.651142226
          0,           0,         260,      -11.37800766,      -7.976237329,      -8.871362599,      -5.686813756
          0,           0,         261,      -11.41418198,      -8.011962824,      -8.906739597,      -5.722529042
          0,           0,         262,      -11.45039149,      -8.047724541,      -8.942149571,      -5.758275291
          0,           0,         263,      -11.48664272,      -8.083522851,      -8.977595013,      -5.794059737
          0,           0,         264,       -11.5229246,      -8.119358219,      -9.013080852,      -5.829880075
          0,           0,         265,      -11.55924809,        -8.1552283,      -9.048599401,      -5.865735278
          0,           0,         266,      -11.59560276,      -8.191133966,      -9.084153965,      -5.901622985
          0,           0,         267,      -11.63200161,      -8.227075495,      -9.119738375,      -5.937555402
          0,           0,         268,      -11.66843463,      -8.263051117,       -9.15536612,      -5.973519753
          0,           0,         269,      -11.70489989,      -8.299060027,      -9.191019469,      -6.009512121
          0,           0,         270,      -11.74140019,      -8.335102477,      -9.226707141,      -6.045537295
          0,           0,         271,      -11.77793546,       -8.37117758,      -9.262439541,      -6.081596797
          0,           0,         272,      -11.81449802,      -8.407283722,      -9.298200864,      -6.117677791
          0,           0,         273,      -11.85110941,      -8.443423988,      -9.334002119,      -6.153808464
          0,           0,         274,      -11.88774813,      -8.479594663,      -9.369818179,      -6.189956285
          0,           0,         275,      -11.92442237,       -8.51579661,      -9.405668436,      -6.226145657
          0,           0,         276,      -11.96112626,      -8.552029217,      -9.441570047,      -6.262361315
          0,           0,         277,       -11.9978594,      -8.588293198,      -9.477492754,      -6.298614847
          0,           0,         278,       -12.0346242,       -8.62458205,       -9.51344716,      -6.334875176
          0,           0,         279,      -12.07142161,      -8.660900832,      -9.549430172,      -6.371169751
          0,           0,         280,      -12.10825626,      -8.697247926,      -9.585461263,      -6.407495374
          0,           0,         281,      -12.14513118,      -8.733623678,      -9.621517473,      -6.443860262
          0,           0,         282,      -12.18199304,      -8.770025788,        -9.6575795,      -6.480228088
          0,           0,         283,      -12.21893808,      -8.806452311,      -9.693708873,       -6.51663963
          0,           0,         284,      -12.25588101,       -8.84290389,      -9.729829663,      -6.553053923
          0,           0,         285,      -12.29285485,      -8.879384185,      -9.766014297,      -6.589508892
          0,           0,         286,      -12.32988113,      -8.915889746,      -9.802244365,      -6.626029112
          0,           0,         287,      -12.36691267,      -8.952408845,      -9.838417375,      -6.662484265
          0,           0,         288,       -12.4039391,      -8.988961407,      -9.874713966,      -6.699022201
          0,           0,         289,      -12.44104424,      -9.025529335,      -9.910970864,      -6.735547441
          0,           0,         290,      -12.47816828,      -9.062118398,      -9.947323097,      -6.772109644
          0,           0,         291,      -12.51530832,      -9.098736261,      -9.983657393,      -6.808712806
          0,           0,         292,      -12.55248188,      -9.135364429,      -10.01998312,      -6.845291765
          0,           0,         293,      -12.58964406,      -9.172022921,      -10.05639708,      -6.881954233
          0,           0,         294,      -12.62687947,        -9.2086909,      -10.09282911,      -6.918577468
          0,           0,         295,      -12.66408068,      -9.245381326,      -10.12930464,      -6.955240606
          0,           0,         296,      -12.70130195,      -9.282068919,      -10.16579102,       -6.99182612
          0,           0,         297,      -12.73868686,      -9.318803196,      -10.20226484,      -7.028637198
          0,           0,         298,      -12.77599713,      -9.355537884,       -10.2387865,       -7.06533752
          0,           0,         299,      -12.81318919,      -9.392277035,      -10.27530063,      -7.101948193
          0,           0,         300,      -12.85059519,      -9.429041301,      -10.31188453,      -7.138693099
          0,           0,         301,      -12.88793389,      -9.465813067,       -10.3484612,      -7.175383976
          0,           0,         302,      -12.92537879,      -9.502607224,       -10.3851718,      -7.212194512
          0,           0,         303,      -12.96260932,      -9.539391273,      -10.42181307,      -7.248874963
          0,           0,         304,      -12.99999237,      -9.576207944,      -10.45834906,      -7.285667652
          0,           0,         305,      -13.03744801,       -9.61300481,      -10.49494032,      -7.322409005
          0,           0,         306,       -13.0748077,      -9.649818502,      -10.53173118,      -7.359113177
          0,           0,         307,      -13.11225667,      -9.686663602,      -10.56842383,      -7.396141572
          0,           0,         308,      -13.14961051,      -9.723479169,       -10.6050159,      -7.432558266
          0,           0,         309,      -13.18743135,      -9.760355221,      -10.64197267,      -7.469773778
          0,           0,         310,      -13.22462299,      -9.797185461,      -10.67883512,       -7.50648208
          0,           0,         311,      -13.26227745,      -9.834004692,      -10.71546979,      -7.543141024
          0,           0,         312,      -13.29906661,      -9.870826242,      -10.75208198,      -7.579653659
          0,           0,         313,      -13.33636677,      -9.907681861,      -10.78894214,      -7.616522043
          0,           0,         314,      -13.37363672,      -9.944457119,      -10.82548234,      -7.652708203
          0,           0,         315,      -13.41157163,      -9.981373053,      -10.86240104,      -7.690268873
          0,           0,         316,      -13.44864372,      -10.01815807,      -10.89908334,      -7.726446282
          0,           0,         317,      -13.48622036,      -10.05505686,      -10.93649624,      -7.763750208
          0,           0,         318,      -13.52297276,      -10.09186983,      -10.97245156,      -7.800130436
          0,           0,         319,      -13.56055696,      -10.12865427,      -11.00970809,       -7.83647672
          0,           0,         320,      -13.59771636,      -10.16551589,      -11.04630497,      -7.873776537
          0,           0,         321,      -13.63438202,      -10.20230102,      -11.08341003,      -7.910026406
          0,           0,         322,      -13.67180065,      -10.23896338,      -11.11963423,      -7.946034829
          0,           0,         323,      -13.70786589,      -10.27572497,      -11.15610866,      -7.982461713
          0,           0,         324,      -13.74562925,       -10.3126469,      -11.19337801,      -8.019989652
          0,           0,         325,      -13.78282727,      -10.34949806,      -11.22956371,      -8.057345278
          0,           0,         326,      -13.81804805,      -10.38598188,      -11.26723891,      -8.092057706
          0,           0,         327,      -13.85493684,      -10.42289931,      -11.30211535,       -8.13010601
          0,           0,         328,       -13.8904865,       -10.4592313,      -11.33758908,      -8.163972009
          0,           0,         329,      -13.92809113,      -10.49629551,      -11.37646652,      -8.203636564
          0,           0,         330,      -13.96232006,      -10.53257104,      -11.41054371,      -8.236642667
          0,           0,         331,      -13.99514395,      -10.56925263,      -11.44785645,      -8.272094411
          0,           0,         332,      -14.03286497,      -10.60596555,      -11.48242318,      -8.308628916
          0,           0,         333,      -14.06348624,      -10.64254298,      -11.51521871,      -8.343632032
          0,           0,         334,      -14.09697917,      -10.67894246,      -11.55343929,      -8.377951505
          0,           0,         335,      -14.13437108,      -10.71549707,      -11.58577953,      -8.414568642
          0,           0,         336,      -14.16495422,       -10.7521886,      -11.62126603,      -8.451162446
          0,           0,         337,      -14.19724629,      -10.78804636,      -11.65223425,      -8.481125306
          0,           0,         338,      -14.22769941,      -10.82389696,      -11.68407463,      -8.513055995
          0,           0,         339,       -14.2571837,      -10.86048701,      -11.72250842,      -8.549891062
          0,           0,         340,      -14.28887545,      -10.89721268,      -11.75249136,      -8.585101973
          0,           0,         341,      -14.30518145,      -10.93236481,      -11.78347237,      -8.608524527
          0,           0,         342,      -14.33902284,       -10.9691029,      -11.81935715,      -8.649773966
          0,           0,         343,      -14.37601922,      -11.00640088,      -11.84801317,      -8.689465363
          0,           0,         344,      -14.39730616,      -11.04224825,      -11.87260241,      -8.719302526
          0,           0,         345,      -14.41475957,      -11.07795818,      -11.89894052,      -8.743572472
          0,           0,         346,      -14.43203662,      -11.11187388,      -11.91603713,      -8.763133635
          0,           0,         347,      -14.44953974,      -11.14834237,      -11.94484422,      -8.798119887
          0,           0,         348,      -14.46568693,      -11.18581184,      -11.97697064,       -8.83097654
          0,           0,         349,      -14.48967021,      -11.22002365,       -11.9951469,       -8.85667515
          0,           0,         350,      -14.50303231,      -11.25524285,      -12.02159515,      -8.879489244
          0,           0,         351,       -14.5134989,      -11.28949103,      -12.03365837,      -8.897177661
          0,           0,         352,      -14.53424076,      -11.32585709,      -12.04657158,       -8.92901749
          0,           0,         353,      -14.54702374,      -11.35888293,      -12.06385727,      -8.949207591
          0,           0,         354,      -14.54965938,      -11.39107206,      -12.07624635,      -8.955804897
          0,           0,         355,       -14.5606174,      -11.42714747,      -12.10038762,      -8.976731181
          0,           0,         356,      -14.56690373,      -11.46115839,      -12.11427477,      -8.994699981
          0,           0,         357,       -14.5619948,      -11.49559559,       -12.1062839,       -9.01212215
          0,           0,         358,      -14.56820679,      -11.52488813,      -12.10054578,      -9.015080333
          0,           0,         359,      -14.58272906,      -11.56044143,        -12.127735,      -9.033694648
          0,           0,         360,      -14.58847072,      -11.59378206,      -12.13923642,      -9.051877211
          0,           0,         361,      -14.58378011,      -11.62123514,      -12.12484871,      -9.041115027
          0,           0,         362,      -14.59694355,      -11.65713079,      -12.13772889,      -9.072259846
          0,           0,         363,      -14.58503657,      -11.67801125,      -12.15088297,      -9.066610828
          0,           0,         364,      -14.57987296,      -11.70653317,      -12.14103394,      -9.065355944
          0,           0,         365,      -14.59430348,      -11.73352598,      -12.14291235,       -9.07578133
          0,           0,         366,      -14.58692286,      -11.76539253,      -12.15580116,      -9.076963852
          0,           0,         367,      -14.58799521,      -11.77942241,      -12.15923399,      -9.075421756
          0,           0,         368,      -14.59667321,      -11.82078005,      -12.15063747,      -9.096279402
          0,           0,         369,       -14.6047168,      -11.83455067,      -12.16594945,      -9.097326375
          0,           0,         370,      -14.60616327,      -11.86750568,      -12.17817167,      -9.107059112
          0,           0,         371,      -14.60113218,      -11.88193499,      -12.14678031,      -9.102139249
          0,           0,         372,      -14.61386104,      -11.90036855,      -12.18024278,      -9.107015438
          0,           0,         373,      -14.58376007,      -11.89427449,      -12.16641071,      -9.085245867
          0,           0,         374,      -14.59731675,      -11.92629183,      -12.16147332,      -9.107290163
          0,           0,         375,      -14.59785433,      -11.95133453,      -12.17476257,      -9.111273341
          0,           0,         376,      -14.61848018,      -11.97088722,      -12.18214029,      -9.115352198
          0,           0,         377,      -14.61209283,      -11.96970695,      -12.17800204,      -9.117328493
          0,           0,         378,      -14.60284753,      -11.97938959,      -12.17686978,      -9.113007108
          0,           0,         379,      -14.61280329,      -11.99863095,      -12.17323141,      -9.116398478
          0,           0,         380,      -14.59693743,      -11.99872051,      -12.16723363,      -9.104131759
          0,           0,         381,      -14.57981499,      -11.99141055,      -12.16470508,      -9.100168966
          0,           0,         382,      -14.60326829,      -12.00555741,      -12.17898344,      -9.114460407
          0,           0,         383,      -14.60364755,      -12.02060107,      -12.18022566,      -9.119888558
          0,           0,         384,      -14.62091476,      -12.03912344,      -12.18029506,      -9.123846018
          0,           0,         385,      -14.59425367,      -12.01409875,      -12.17046971,      -9.104863321
          0,           0,         386,      -14.59479173,      -12.02552669,       -12.1782795,      -9.104388677
          0,           0,         387,      -14.61616671,      -12.05386311,      -12.17105418,      -9.130280942
          0,           0,         388,      -14.61917425,       -12.0545706,      -12.16942599,      -9.124113966
          0,           0,         389,      -14.60527628,      -12.04158386,      -12.17395836,      -9.117912972
          0,           0,         390,      -14.60142539,      -12.04345364,      -12.18549879,      -9.117562354
          0,           0,         391,      -14.60005983,      -12.04542921,      -12.17215405,      -9.110211616
          0,           0,         392,      -14.61415194,      -12.05945026,      -12.17491162,      -9.126296277
          0,           0,         393,      -14.60385221,      -12.04336069,      -12.17387417,       -9.10778665
          0,           0,         394,      -14.61891022,        -12.056515,      -12.18066772,      -9.131065863
          0,           0,         395,      -14.60929619,      -12.05016957,      -12.17793018,      -9.117863026
          0,           0,         396,      -14.60342749,      -12.04458573,      -12.17403197,      -9.109583341
          0,           0,         397,      -14.60205244,      -12.06379634,      -12.16781599,      -9.106818624
          0,           0,         398,      -14.62163966,      -12.05302795,      -12.18661669,      -9.126220612
          0,           0,         399,      -14.58461306,      -12.04443953,      -12.15301884,      -9.098626594
          0,           0,         400,      -14.58084779,      -12.00990987,      -12.17528846,      -9.083376431
          0,           0,         401,      -14.61350697,      -12.05077924,      -12.18099887,      -9.121550664
          0,           0,         402,      -14.61546438,      -12.06735333,      -12.17562579,      -9.121739555
          0,           0,         403,      -14.62406449,      -12.06880574,      -12.17518644,      -9.129376864
          0,           0,         404,       -14.6185558,       -12.0649349,      -12.17515379,      -9.122843273
          0,           0,         405,       -14.6007763,      -12.04920488,      -12.16899339,      -9.105809743
          0,           0,         406,       -14.6185777,       -12.0568368,      -12.17696895,      -9.128099753
          0,           0,         407,      -14.59080806,      -12.03670098,      -12.17676624,      -9.096399354
          0,           0,         408,      -14.61056637,       -12.0689225,      -12.18730529,      -9.122083846
          0,           0,         409,      -14.61210724,      -12.05274717,      -12.18530202,      -9.120471904
          0,           0,         410,      -14.59381015,      -12.03535239,      -12.17963471,      -9.107029439
          0,           0,         411,      -14.59596051,      -12.03982083,       -12.1736403,      -9.103782382
          0,           0,         412,      -14.60120431,      -12.06419637,      -12.17730287,      -9.118188526
          0,           0,         413,      -14.60757812,      -12.05852315,       -12.1839443,      -9.116126043
          0,           0,         414,      -14.62194924,      -12.05625508,      -12.16622349,      -9.114636163
          0,           0,         415,      -14.59946992,      -12.04668595,      -12.16075013,       -9.10350809
          0,           0,         416,      -14.59443143,      -12.05870311,       -12.1786267,      -9.099016831
          0,           0,         417,      -14.61141763,      -12.05954628,      -12.17939062,      -9.121031541
          0,           0,         418,      -14.60354489,       -12.0576595,      -12.17664086,      -9.112946547
          0,           0,         419,      -14.59891353,      -12.04637015,      -12.17850539,      -9.113206593
          0,           0,         420,      -14.60959054,      -12.04627792,      -12.17193123,      -9.113159532
          0,           0,         421,      -14.60367865,      -12.06076947,      -12.16294343,      -9.106640029
          0,           0,         422,      -14.59988688,      -12.05735134,      -12.15924774,      -9.107880798
          0,           0,         423,      -14.61471803,       -12.0404822,      -12.15882388,       -9.11343548
          0,           0,         424,      -14.59634974,      -12.04248946,      -12.16712275,      -9.105834307
          0,           0,         425,      -14.61860871,       -12.0647199,      -12.17307743,      -9.128133869
          0,           0,         426,      -14.61756881,      -12.06935593,      -12.17325765,      -9.122391362
          0,           0,         427,      -14.59598958,      -12.06183007,      -12.16317931,      -9.110690129
          0,           0,         428,      -14.61549258,      -12.07005521,      -12.17707857,      -9.116846403
          0,           0,         429,      -14.61808268,      -12.05656508,      -12.17206747,      -9.120996613
          0,           0,         430,      -14.57215495,      -12.02584477,      -12.15584906,      -9.088932704
          0,           0,         431,      -14.61043256,      -12.05526369,      -12.17819418,      -9.111150981
          0,           0,         432,       -14.6137329,      -12.07173572,      -12.17801494,      -9.126520584
          0,           0,         433,      -14.61318562,      -12.06084759,      -12.19219689,      -9.116345821
          0,           0,         434,      -14.60652641,      -12.05083115,      -12.16354859,       -9.10715167
          0,           0,         435,         -14.61041,      -12.05093079,      -12.17443176,      -9.111399923
          0,           0,         436,      -14.60439401,      -12.05569212,      -12.17157744,      -9.110440705
          0,           0,         437,      -14.60352992,      -12.04749289,      -12.15449284,      -9.095635766
          0,           0,         438,      -14.60920093,       -12.0432703,      -12.16316662,      -9.105228796
          0,           0,         439,      -14.62340449,      -12.07357441,      -12.17447161,       -9.12369342
          0,           0,         440,      -14.61129487,      -12.06142257,      -12.18482501,      -9.115195448
          0,           0,         441,      -14.60164641,      -12.04662513,      -12.17475668,      -9.104573155
          0,           0,         442,      -14.61689784,      -12.05430261,      -12.17169234,      -9.116355581
          0,           0,         443,      -14.60972864,      -12.05362239,      -12.17392482,      -9.108405578
          0,           0,         444,      -14.60229127,      -12.04084219,      -12.18346514,       -9.10559105
          0,           0,         445,      -14.61946185,      -12.05679551,      -12.16428975,      -9.115093154
          0,           0,         446,      -14.59926056,      -12.06404137,      -12.17132077,      -9.112432317
          0,           0,         447,      -14.59901499,      -12.06173694,      -12.16514783,      -9.113171998
          0,           0,         448,      -14.61047128,      -12.05042193,      -12.18209824,      -9.116063575
          0,           0,         449,      -14.60973072,      -12.06901079,      -12.17651919,      -9.118151769
          0,           0,         450,      -14.61065836,      -12.05523682,      -12.17266813,       -9.11314686
          0,           0,         451,      -14.59749692,      -12.05147102,      -12.16278245,      -9.105675732
          0,           0,         452,      -14.60009771,      -12.06175604,      -12.17032782,      -9.111492913
          0,           0,         453,      -14.58491704,      -12.02463848,      -12.17732345,      -9.094974486
          0,           0,         454,      -14.61650909,      -12.05985215,      -12.19545346,      -9.118693277
          0,           0,         455,      -14.61726424,       -12.0595256,      -12.17666981,      -9.116762497
          0,           0,         456,      -14.61832776,      -12.05462338,      -12.18062016,       -9.12456351
          0,           0,         457,      -14.61120058,      -12.06957218,      -12.17503067,      -9.117773876
          0,           0,         458,      -14.61066607,      -12.05754646,      -12.16007715,       -9.11450637
          0,           0,         459,      -14.60352818,      -12.05155165,      -12.16857646,      -9.112925734
          0,           0,         460,      -14.58842915,      -12.01949471,       -12.1756493,       -9.09168906
          0,           0,         461,      -14.60917237,      -12.04738316,      -12.17770005,      -9.107030693
          0,           0,         462,      -14.60162138,      -12.05116291,      -12.16816517,      -9.113442606
          0,           0,         463,      -14.59842738,      -12.05179164,      -12.15973125,       -9.10852204
          0,           0,         464,      -14.61218303,      -12.06942153,      -12.17330858,        -9.1181456
          0,           0,         465,      -14.60286475,      -12.05685164,      -12.18389885,      -9.116628069
          0,           0,         466,      -14.59360883,      -12.02508813,      -12.18026385,      -9.101513288
          0,           0,         467,      -14.60873726,      -12.05735629,      -12.16551612,      -9.119972684
          0,           0,         468,      -14.61126828,      -12.06696816,      -12.19310047,      -9.122549911
          0,           0,         469,       -14.5995327,       -12.0707975,       -12.1657215,       -9.11623517
          0,           0,         470,       -14.6140784,       -12.0600372,      -12.17929589,      -9.118146835
          0,           0,         471,      -14.59910334,      -12.05203307,      -12.16669116,      -9.104015394
          0,           0,         472,      -14.61045121,      -12.05803337,       -12.1855302,       -9.12588966
          0,           0,         473,      -14.60983708,       -12.0675584,      -12.17840962,      -9.120620584
          0,           0,         474,      -14.60725444,      -12.05556891,      -12.18993357,      -9.114221505
          0,           0,         475,      -14.59830696,      -12.03919447,      -12.16171797,      -9.099881803
          0,           0,         476,      -14.60996039,      -12.05550334,      -12.18039657,      -9.116054085
          0,           0,         477,      -14.60757315,      -12.06672649,      -12.17212574,      -9.121830241
          0,           0,         478,      -14.61070673,      -12.05641539,      -12.17415782,      -9.117714005
          0,           0,         479,      -14.60449413,      -12.04880975,      -12.16824294,      -9.111873124
          0,           0,         480,      -14.62472772,      -12.05912016,      -12.17454195,      -9.122157866
          0,           0,         481,       -14.6006539,      -12.04622521,       -12.1483079,      -9.108805578
          0,           0,         482,      -14.60813691,      -12.04739673,        -12.175127,      -9.103784378
          0,           0,         483,      -14.59387563,      -12.04755256,      -12.17400804,      -9.103970307
          0,           0,         484,       -14.6139208,      -12.04658279,       -12.1769005,      -9.120436898
          0,           0,         485,      -14.60309515,      -12.05389656,      -12.16948669,       -9.11135271
          0,           0,         486,      -14.60355424,      -12.05053578,      -12.17495411,      -9.109005725
          0,           0,         487,      -14.60990386,      -12.05630944,      -12.17101398,       -9.11927855
          0,           0,         488,      -14.62020741,      -12.06778655,      -12.18121435,      -9.127561901
          0,           0,         489,      -14.61005478,      -12.06729173,      -12.17496647,      -9.122473257
          0,           0,         490,      -14.61030131,      -12.06841831,      -12.17699232,       -9.11846513
          0,           0,         491,      -14.61440222,       -12.0669638,      -12.18685924,      -9.126895343
          0,           0,         492,      -14.58929817,      -12.02912381,      -12.16190924,      -9.099649439
          0,           0,         493,      -14.59938028,      -12.04363011,       -12.1649565,      -9.103081905
          0,           0,         494,      -14.61366603,      -12.05998242,      -12.17423615,      -9.115443121
          0,           0,         495,      -14.60108576,      -12.05407081,      -12.17001269,      -9.106523918
          0,           0,         496,      -14.60232115,      -12.06532393,      -12.16888606,      -9.112472153
          0,           0,         497,       -14.6063943,      -12.05931948,       -12.1603509,      -9.111978382
          0,           0,         498,      -14.60200437,      -12.04107822,      -12.17058211,       -9.10281808
          0,           0,         499,      -14.59827878,      -12.04849919,       -12.1762109,      -9.103205342
          0,           0,         500,      -14.61314859,      -12.07015754,      -12.17793269,      -9.119530503
          0,           0,         501,      -14.60229357,      -12.05347562,      -12.17766188,      -9.108476542
          0,           0,         502,      -14.60005825,      -12.04636155,      -12.17693274,      -9.108699724
          0,           0,         503,      -14.62143946,      -12.05657044,       -12.1791285,      -9.121840995
          0,           0,         504,      -14.60588681,      -12.05995193,      -12.16623346,      -9.114166534
          0,           0,         505,      -14.61072975,       -12.0580797,      -12.17757901,      -9.113914983
          0,           0,         506,       -14.5998919,      -12.04471329,      -12.18045133,      -9.112084261
          0,           0,         507,       -14.5997441,      -12.04600153,      -12.15795324,      -9.109284333
          0,           0,         508,      -14.60046811,      -12.05879115,      -12.16901745,      -9.115767007
          0,           0,         509,      -14.60063452,      -12.06323428,      -12.16553181,       -9.12422805
          0,           0,         510,      -14.59425275,      -12.05379684,       -12.1592985,      -9.112114565
          0,           0,         511,      -14.61679225,      -12.06079096,      -12.18029075,      -9.116413196
          0,           0,         512,      -14.60768284,      -12.05618675,      -12.18022568,      -9.115169119
          0,           0,         513,      -14.59927143,      -12.05278265,      -12.17480649,      -9.109465855
          0,           0,         514,      -14.60388497,      -12.06061207,      -12.16567506,      -9.109261074
          0,           0,         515,       -14.5941878,      -12.03766622,      -12.17993977,      -9.103313526
          0,           0,         516,      -14.61440547,      -12.05969718,      -12.18386445,      -9.125245861
          0,           0,         517,      -14.60202213,      -12.04794549,      -12.16362707,       -9.11207573
          0,           0,         518,      -14.60674953,      -12.04386979,      -12.18460869,      -9.115624611
          0,           0,         519,      -14.60136743,      -12.05284666,      -12.16804756,       -9.11690139
          0,           0,         520,      -14.61126981,      -12.06521633,      -12.17807527,      -9.117628632
          0,           0,         521,      -14.60751188,      -12.05096218,      -12.17225294,      -9.109716813
          0,           0,         522,      -14.59172943,      -12.04653959,      -12.15628783,      -9.108743641
          0,           0,         523,      -14.60180002,      -12.06071439,      -12.16418496,       -9.11916221
          0,           0,         524,      -14.61346722,      -12.06292195,      -12.17237665,      -9.115055153
          0,           0,         525,      -14.61478447,      -12.07075993,      -12.16404209,      -9.122759052
          0,           0,         526,       -14.6019968,      -12.06692568,      -12.17351008,      -9.118113196
          0,           0,         527,      -14.60964401,      -12.06584339,      -12.19253966,      -9.117896889
          0,           0,         528,      -14.60680781,      -12.05624998,      -12.17366669,      -9.118702347
          0,           0,         529,      -14.63369236,      -12.07548786,      -12.18982144,      -9.147670766
          0,           0,         530,       -14.6038215,      -12.06802992,      -12.16651055,      -9.109295904
          0,           0,         531,      -14.60059779,      -12.04369564,       -12.1594877,      -9.110554831
          0,           0,         532,      -14.62031404,      -12.06635741,       -12.1769021,       -9.12262667
          0,           0,         533,      -14.61498066,      -12.07305618,      -12.17574314,      -9.120198976
          0,           0,         534,      -14.62450838,      -12.06592826,      -12.18074564,      -9.130201496
          0,           0,         535,      -14.61243362,      -12.07256549,      -12.18961168,      -9.122724537
          0,           0,         536,      -14.59674152,      -12.04007282,      -12.17849088,      -9.098664432
          0,           0,         537,      -14.60679393,      -12.06523607,      -12.16703027,      -9.116349779
          0,           0,         538,      -14.60117717,      -12.05793787,      -12.16880358,       -9.11970727
          0,           0,         539,      -14.59499719,      -12.03874604,      -12.17144273,       -9.11076167
          0,           0,         540,      -14.61393639,      -12.05530293,      -12.17675927,      -9.120587504
          0,           0,         541,      -14.59734566,      -12.08043362,       -12.1714476,      -9.118520766
          0,           0,         542,      -14.62102477,      -12.07635211,      -12.17827021,      -9.134462514
          0,           0,         543,       -14.6137379,        -12.058583,      -12.18024987,       -9.11602053
          0,           0,         544,      -14.61355252,      -12.05922631,      -12.16869167,      -9.122798527
          0,           0,         545,       -14.6149504,      -12.08004249,      -12.17726136,      -9.128454167
          0,           0,         546,      -14.59809941,      -12.04235654,       -12.1754131,      -9.105365569
          0,           0,         547,       -14.5681415,      -12.02933997,      -12.18776638,      -9.086000551
          0,           0,         548,      -14.62571935,      -12.05938139,      -12.18343213,      -9.124043676
          0,           0,         549,      -14.62582661,      -12.05793417,      -12.18262768,      -9.122937497
          0,           0,         550,      -14.60113896,       -12.0539358,       -12.1685252,      -9.107937201
          0,           0,         551,       -14.6206135,       -12.0676605,      -12.19110585,      -9.126158457
          0,           0,         552,      -14.58165366,      -12.02248565,      -12.15818536,      -9.089913809
          0,           0,         553,       -14.5974457,       -12.0417709,      -12.16874703,      -9.104666206
          0,           0,         554,      -14.59301366,      -12.02565747,       -12.1704522,      -9.095310401
          0,           0,         555,       -14.5969706,      -12.03124832,      -12.18190439,      -9.102021904
          0,           0,         556,       -14.6079414,      -12.04516262,      -12.17520394,      -9.102547676
          0,           0,         557,      -14.60340997,      -12.04969916,      -12.16421032,      -9.112436208
          0,           0,         558,      -14.62124455,      -12.06821129,      -12.18144393,      -9.129200093
          0,           0,         559,      -14.59836831,      -12.04729702,      -12.16941254,      -9.110117168
          0,           0,         560,      -14.59663358,      -12.04300237,      -12.16720241,       -9.10603632
          0,           0,         561,       -14.5996877,      -12.04975094,      -12.16348593,      -9.111986971
          0,           0,         562,      -14.61929975,       -12.0616113,      -12.17849836,      -9.124288414
          0,           0,         563,      -14.60242326,      -12.06036459,      -12.16459178,      -9.109417567
          0,           0,         564,      -14.60817898,       -12.0473252,      -12.18065596,      -9.112971799
          0,           0,         565,      -14.59938616,      -12.05343836,      -12.17523396,      -9.115930312
          0,           0,         566,      -14.60896584,      -12.06310172,      -12.16609248,       -9.11208869
          0,           0,         567,      -14.59337152,      -12.03950086,      -12.18228237,      -9.105506497
          0,           0,         568,      -14.61121937,      -12.06199791,      -12.17562002,      -9.118391539
          0,           0,         569,       -14.6041926,      -12.05286395,      -12.17061814,      -9.112538414
          0,           0,         570,      -14.58034023,      -12.01699676,      -12.17574826,      -9.092487877
          0,           0,         571,      -14.61278918,      -12.04880146,      -12.17151741,      -9.123437567
          0,           0,         572,      -14.61658946,      -12.06180546,      -12.17915826,      -9.125793864
          0,           0,         573,      -14.59919796,      -12.05999481,       -12.1765328,        -9.1146802
          0,           0,         574,       -14.6018814,       -12.0595027,      -12.17161512,      -9.113060339
          0,           0,         575,      -14.57772352,       -12.0392699,      -12.16712287,      -9.098496975
          0,           0,         576,      -14.60018743,      -12.04835762,      -12.17124843,      -9.111647559
          0,           0,         577,      -14.59765994,      -12.05663888,      -12.16856441,      -9.111203382
          0,           0,         578,      -14.59955365,      -12.04985026,      -12.17734059,      -9.111363873
          0,           0,         579,      -14.60484738,       -12.0435033,      -12.18229594,      -9.111763875
          0,           0,         580,      -14.60996721,      -12.06238625,      -12.18055844,      -9.117684155
          0,           0,         581,      -14.61136178,      -12.07353264,      -12.16351608,      -9.120549114
          0,           0,         582,      -14.60034759,      -12.04484429,      -12.18205934,      -9.111009781
          0,           0,         583,      -14.58210434,      -12.02563236,      -12.17273796,      -9.093414984
          0,           0,         584,      -14.60353063,      -12.05392624,       -12.1762677,       -9.11465385
          0,           0,         585,      -14.60483499,      -12.05508121,      -12.16839759,      -9.114362128
          0,           0,         586,       -14.6075709,      -12.05230419,      -12.17807027,       -9.11084934
          0,           0,         587,      -14.60475847,      -12.05895951,      -12.16969064,      -9.119328333
          0,           0,         588,      -14.60819018,      -12.05349325,      -12.18148913,      -9.105443798
          0,           0,         589,       -14.6075121,      -12.06701555,      -12.18669092,      -9.117620107
          0,           0,         590,      -14.60283506,      -12.06409237,      -12.17444308,      -9.111237047
          0,           0,         591,       -14.6098757,      -12.06764242,       -12.1695407,      -9.129007889
          0,           0,         592,      -14.60545274,      -12.06736681,      -12.16609883,      -9.118160436
          0,           0,         593,      -14.60822517,      -12.05929685,      -12.18342486,      -9.116357121
          0,           0,         594,      -14.62158699,      -12.06965377,      -12.18199547,      -9.128804886
          0,           0,         595,      -14.60921959,      -12.05493738,      -12.18244687,      -9.118766653
          0,           0,         596,      -14.60310196,      -12.05887819,      -12.16949044,      -9.118930003
          0,           0,         597,       -14.6010414,       -12.0541054,      -12.16890763,      -9.115084749
          0,           0,         598,      -14.62200904,       -12.0542343,      -12.17796717,       -9.11655202
          0,           0,         599,      -14.60457009,      -12.05798693,      -12.15808709,       -9.11144663
          0,           0,         600,      -14.61048792,      -12.06146801,      -12.15754898,      -9.120311997
