VARIABLES = \
"Time_Iter","Outer_Iter","Inner_Iter",    "rms[Rho]"    ,    "rms[RhoU]"   ,    "rms[RhoV]"   ,    "rms[RhoE]"   
          0,           0,           0,      -1.282205226,      0.9837653027,       1.213305634,       4.177422977
          0,           0,           1,      -1.759692856,      0.6765150276,      0.7681820451,       3.715413026
          0,           0,           2,      -1.997475848,      0.4871367207,      0.5432736422,       3.484846836
          0,           0,           3,       -2.16018908,      0.3580340193,      0.3569674476,       3.323814466
          0,           0,           4,      -2.313113421,       0.236067357,      0.1852646051,       3.171206497
          0,           0,           5,      -2.460995562,      0.1294094552,     0.02562637334,       3.021840373
          0,           0,           6,       -2.60310482,      0.0375854107,     -0.1265201109,       2.878626761
          0,           0,           7,      -2.741121166,    -0.04213062475,      -0.273008557,       2.740867332
          0,           0,           8,      -2.872896197,     -0.1105851033,      -0.412434926,       2.610900452
          0,           0,           9,      -3.000033932,     -0.1735555237,     -0.5452112655,       2.487357228
          0,           0,          10,      -3.121801146,     -0.2346825519,     -0.6712767009,       2.369818686
          0,           0,          11,      -3.233050023,      -0.293632392,     -0.7873363702,       2.262223993
          0,           0,          12,      -3.331934171,     -0.3493449985,      -0.892178565,       2.166861722
          0,           0,          13,      -3.421128639,     -0.4017546429,     -0.9877923491,       2.082189901
          0,           0,          14,      -3.502684715,     -0.4508915777,      -1.074801276,       2.006664657
          0,           0,          15,      -3.576966568,     -0.4965190374,      -1.151182493,       1.939595202
          0,           0,          16,      -3.644293537,     -0.5388600776,      -1.216544082,        1.87950384
          0,           0,          17,      -3.705970712,     -0.5788656181,      -1.275361448,       1.823794032
          0,           0,          18,       -3.76380109,     -0.6176703664,      -1.332560259,       1.770229717
          0,           0,          19,      -3.818873115,     -0.6560695799,       -1.38855287,       1.718144164
          0,           0,          20,      -3.871375588,     -0.6944558644,      -1.440661388,       1.667980875
          0,           0,          21,      -3.921117194,     -0.7330422293,      -1.487188285,       1.620246209
          0,           0,          22,      -3.968057969,     -0.7720034912,      -1.528999939,       1.574925084
          0,           0,          23,      -4.012563726,     -0.8114701919,      -1.568312988,       1.531526793
          0,           0,          24,        -4.0554199,      -0.851420958,      -1.607070708,       1.489357051
          0,           0,          25,      -4.097476534,     -0.8916369132,      -1.646436743,       1.447831826
          0,           0,          26,      -4.139369799,     -0.9317192476,       -1.68698086,       1.406583264
          0,           0,          27,      -4.181424323,     -0.9712101116,        -1.7289546,        1.36542351
          0,           0,          28,      -4.223670294,      -1.009726149,      -1.772367653,       1.324296165
          0,           0,          29,      -4.265845136,      -1.047030464,      -1.816975223,       1.283301036
          0,           0,          30,      -4.307406378,      -1.083052019,      -1.862212994,       1.242741603
          0,           0,          31,       -4.34771389,      -1.117854607,      -1.907212033,       1.203036924
          0,           0,          32,      -4.386198944,      -1.151575388,      -1.950921121,       1.164612878
          0,           0,          33,      -4.422491359,      -1.184368825,      -1.992315824,       1.127791939
          0,           0,          34,      -4.456533089,      -1.216388102,      -2.030609445,       1.092676695
          0,           0,          35,      -4.488561974,      -1.247771464,      -2.065399677,         1.0591357
          0,           0,          36,      -4.519017778,      -1.278638298,      -2.096700619,       1.026857193
          0,           0,          37,      -4.548338816,       -1.30908452,      -2.124902504,      0.9955000782
          0,           0,          38,      -4.576874993,      -1.339172605,      -2.150628647,       0.964777409
          0,           0,          39,      -4.604825182,      -1.368932474,      -2.174570633,      0.9345187199
          0,           0,          40,      -4.632253679,       -1.39836314,      -2.197366462,      0.9046698385
          0,           0,          41,      -4.659146997,      -1.427436554,      -2.219524567,      0.8752545892
          0,           0,          42,      -4.685463765,      -1.456111866,      -2.241400495,      0.8463336173
          0,           0,          43,       -4.71116707,      -1.484344177,      -2.263207974,      0.8179732355
          0,           0,          44,      -4.736259156,      -1.512095028,      -2.285048161,      0.7902106114
          0,           0,          45,      -4.760763596,      -1.539336622,      -2.306936668,      0.7630622369
          0,           0,          46,      -4.784727235,      -1.566056369,      -2.328846791,      0.7365201955
          0,           0,          47,      -4.808207477,       -1.59225675,       -2.35072197,      0.7105604729
          0,           0,          48,      -4.831274721,      -1.617954442,      -2.372502628,      0.6851403492
          0,           0,          49,       -4.85400038,      -1.643176755,      -2.394136166,        0.66020811
          0,           0,          50,      -4.876456642,      -1.667958385,       -2.41558785,      0.6357044848
          0,           0,          51,      -4.898701933,      -1.692339491,      -2.436845218,       0.611575544
          0,           0,          52,      -4.920792556,      -1.716363031,      -2.457913693,      0.5877634625
          0,           0,          53,      -4.942775651,      -1.740070373,      -2.478813318,       0.564214688
          0,           0,          54,       -4.96468682,      -1.763501866,      -2.499576129,      0.5408831254
          0,           0,          55,      -4.986550398,      -1.786693926,      -2.520241111,      0.5177316267
          0,           0,          56,      -5.008384033,      -1.809678889,      -2.540847991,      0.4947305028
          0,           0,          57,      -5.030204505,      -1.832484884,      -2.561435879,      0.4718520318
          0,           0,          58,      -5.052029072,      -1.855135597,      -2.582039552,      0.4490702109
          0,           0,          59,       -5.07387098,      -1.877649723,      -2.602689277,      0.4263643797
          0,           0,          60,      -5.095741994,      -1.900042204,      -2.623409556,      0.4037155219
          0,           0,          61,      -5.117651102,      -1.922324952,      -2.644221442,      0.3811091251
          0,           0,          62,      -5.139605669,      -1.944507264,      -2.665139639,      0.3585329945
          0,           0,          63,      -5.161612801,       -1.96659609,      -2.686174408,      0.3359756951
          0,           0,          64,      -5.183674205,      -1.988597029,      -2.707332257,      0.3134308247
          0,           0,          65,      -5.205789241,      -2.010514389,      -2.728613807,      0.2908942159
          0,           0,          66,      -5.227957222,      -2.032351669,      -2.750020455,      0.2683619725
          0,           0,          67,       -5.25017782,      -2.054112145,      -2.771548366,      0.2458297639
          0,           0,          68,      -5.272446088,      -2.075798157,      -2.793192402,      0.2232976308
          0,           0,          69,      -5.294760162,      -2.097412333,      -2.814945393,      0.2007627065
          0,           0,          70,      -5.317116628,      -2.118958404,      -2.836801207,      0.1782237428
          0,           0,          71,       -5.33951063,      -2.140437114,       -2.85875297,      0.1556805851
          0,           0,          72,      -5.361936698,      -2.161850155,      -2.880794602,      0.1331338653
          0,           0,          73,      -5.384389083,      -2.183199231,      -2.902918168,      0.1105846395
          0,           0,          74,      -5.406862535,      -2.204486731,      -2.925116711,     0.08803355543
          0,           0,          75,      -5.429351385,       -2.22571363,      -2.947384346,     0.06548176294
          0,           0,          76,      -5.451851381,      -2.246881424,        -2.9697148,      0.0429292677
          0,           0,          77,      -5.474356945,      -2.267991587,      -2.992098627,     0.02037764649
          0,           0,          78,      -5.496864245,      -2.289045782,      -3.014534216,   -0.002173048255
          0,           0,          79,      -5.519370351,      -2.310045569,      -3.037014104,    -0.02472343077
          0,           0,          80,      -5.541870745,      -2.330992009,      -3.059531534,    -0.04727237759
          0,           0,          81,      -5.564360884,      -2.351886035,      -3.082079714,    -0.06981837205
          0,           0,          82,      -5.586836603,      -2.372728446,      -3.104650697,    -0.09236011609
          0,           0,          83,      -5.609293482,      -2.393520048,      -3.127238658,     -0.1148954919
          0,           0,          84,      -5.631726585,      -2.414261297,      -3.149832194,     -0.1374218243
          0,           0,          85,      -5.654131114,      -2.434952505,      -3.172429216,     -0.1599363124
          0,           0,          86,      -5.676506526,      -2.455595199,      -3.195024424,     -0.1824398319
          0,           0,          87,      -5.698847416,      -2.476189074,      -3.217607346,     -0.2049286557
          0,           0,          88,      -5.721149935,      -2.496734403,      -3.240169874,     -0.2274001806
          0,           0,          89,      -5.743411493,      -2.517231673,      -3.262706428,       -0.24985272
          0,           0,          90,      -5.765629731,       -2.53768103,       -3.28520959,     -0.2722845706
          0,           0,          91,      -5.787802367,      -2.558082852,      -3.307672488,     -0.2946938872
          0,           0,          92,      -5.809927405,      -2.578437763,      -3.330088392,     -0.3170788882
          0,           0,          93,      -5.832003142,      -2.598746522,      -3.352450617,     -0.3394378336
          0,           0,          94,      -5.854028043,      -2.619010021,      -3.374753102,     -0.3617689068
          0,           0,          95,      -5.876000751,      -2.639229242,      -3.396990397,     -0.3840702181
          0,           0,          96,      -5.897920395,      -2.659405503,      -3.419157099,     -0.4063401206
          0,           0,          97,      -5.919785823,          -2.67954,      -3.441248289,     -0.4285765642
          0,           0,          98,      -5.941596446,      -2.699634147,      -3.463259385,      -0.450777797
          0,           0,          99,      -5.963354059,      -2.719696689,      -3.485187352,     -0.4729439145
          0,           0,         100,      -5.985058721,      -2.739722973,      -3.507027728,     -0.4950736166
          0,           0,         101,       -6.00670987,      -2.759714073,       -3.52877825,     -0.5171648922
          0,           0,         102,      -6.028308066,      -2.779672198,      -3.550436131,     -0.5392166523
          0,           0,         103,      -6.049854241,      -2.799599606,      -3.571999128,     -0.5612280568
          0,           0,         104,      -6.071349348,      -2.819498584,      -3.593465705,     -0.5831982771
          0,           0,         105,      -6.092794804,      -2.839371485,      -3.614834811,     -0.6051269518
          0,           0,         106,      -6.114192301,       -2.85922079,      -3.636105823,     -0.6270139527
          0,           0,         107,       -6.13554374,       -2.87904907,      -3.657278748,      -0.648859322
          0,           0,         108,      -6.156851335,       -2.89885894,       -3.67835414,       -0.67066348
          0,           0,         109,       -6.17811741,      -2.918653052,      -3.699333059,     -0.6924269905
          0,           0,         110,      -6.199344387,      -2.938434091,      -3.720217007,     -0.7141505619
          0,           0,         111,      -6.220534815,       -2.95820476,      -3.741007897,     -0.7358350902
          0,           0,         112,      -6.241691346,      -2.977967774,       -3.76170803,     -0.7574816445
          0,           0,         113,      -6.262816707,      -2.997725821,      -3.782320009,     -0.7790914436
          0,           0,         114,      -6.283914748,      -3.017482847,      -3.802847804,     -0.8006667348
          0,           0,         115,       -6.30498836,      -3.037240869,      -3.823295457,     -0.8222090616
          0,           0,         116,      -6.326039201,      -3.057002308,      -3.843665574,     -0.8437189769
          0,           0,         117,      -6.347069885,      -3.076769788,      -3.863961415,     -0.8651978966
          0,           0,         118,      -6.368082977,      -3.096546825,      -3.884189366,     -0.8866472031
          0,           0,         119,       -6.38908123,       -3.11633518,      -3.904353281,     -0.9080687235
          0,           0,         120,       -6.41006848,      -3.136137067,      -3.924456718,     -0.9294654863
          0,           0,         121,      -6.431048582,      -3.155955019,      -3.944503469,      -0.950840504
          0,           0,         122,      -6.452024586,      -3.175791496,       -3.96449762,     -0.9721960459
          0,           0,         123,      -6.472998691,      -3.195648847,      -3.984443905,     -0.9935336557
          0,           0,         124,      -6.493973092,      -3.215529359,        -4.0043473,      -1.014854989
          0,           0,         125,      -6.514950164,      -3.235435248,      -4.024212802,      -1.036161984
          0,           0,         126,      -6.535932473,      -3.255368676,      -4.044045325,      -1.057456847
          0,           0,         127,      -6.556922584,      -3.275331734,      -4.063849665,      -1.078741857
          0,           0,         128,      -6.577923079,      -3.295326439,      -4.083630514,      -1.100019384
          0,           0,         129,       -6.59893639,      -3.315354734,      -4.103392415,      -1.121291716
          0,           0,         130,      -6.619964869,      -3.335418498,      -4.123139531,       -1.14256111
          0,           0,         131,      -6.641010835,      -3.355519488,      -4.142876959,      -1.163829889
          0,           0,         132,      -6.662076508,      -3.375659445,      -4.162608777,       -1.18510034
          0,           0,         133,      -6.683163973,      -3.395840029,      -4.182339062,      -1.206374647
          0,           0,         134,      -6.704275315,      -3.416062957,       -4.20207186,      -1.227655031
          0,           0,         135,      -6.725412481,      -3.436329565,      -4.221810934,      -1.248943634
          0,           0,         136,      -6.746577394,      -3.456641263,      -4.241560054,      -1.270242615
          0,           0,         137,      -6.767771776,      -3.476999383,      -4.261322828,      -1.291553974
          0,           0,         138,      -6.788997316,      -3.497405181,      -4.281102725,      -1.312879708
          0,           0,         139,       -6.81025566,       -3.51785984,      -4.300903053,      -1.334221801
          0,           0,         140,      -6.831548342,      -3.538364475,      -4.320726956,      -1.355582146
          0,           0,         141,      -6.852876772,      -3.558920128,       -4.34057742,      -1.376962542
          0,           0,         142,      -6.874242349,       -3.57952783,      -4.360457271,      -1.398364798
          0,           0,         143,       -6.89564629,      -3.600188445,      -4.380369186,      -1.419790545
          0,           0,         144,      -6.917089845,      -3.620903123,      -4.400315803,      -1.441241455
          0,           0,         145,      -6.938573941,      -3.641672714,      -4.420299455,      -1.462718904
          0,           0,         146,      -6.960099828,      -3.662497525,      -4.440322149,      -1.484224584
          0,           0,         147,      -6.981668729,      -3.683378282,      -4.460386016,      -1.505760158
          0,           0,         148,      -7.003281475,      -3.704315623,      -4.480493098,      -1.527326914
          0,           0,         149,      -7.024938769,      -3.725310114,      -4.500645263,      -1.548926019
          0,           0,         150,        -7.0466414,      -3.746362272,       -4.52084423,      -1.570558717
          0,           0,         151,      -7.068390192,      -3.767472559,      -4.541091592,      -1.592226274
          0,           0,         152,      -7.090185922,      -3.788641391,      -4.561388836,       -1.61392991
          0,           0,         153,      -7.112031022,       -3.80987566,      -4.581739789,      -1.635672392
          0,           0,         154,      -7.133923871,      -3.831169456,      -4.602144864,      -1.657452686
          0,           0,         155,      -7.155865732,      -3.852522462,      -4.622605088,      -1.679272423
          0,           0,         156,      -7.177857211,      -3.873934968,      -4.643120971,      -1.701132606
          0,           0,         157,        -7.1998986,      -3.895407226,      -4.663692973,      -1.723033944
          0,           0,         158,      -7.221990124,      -3.916939458,      -4.684321703,      -1.744977071
          0,           0,         159,      -7.244132023,      -3.938531843,      -4.705007909,      -1.766962621
          0,           0,         160,      -7.266324611,      -3.960184519,      -4.725752392,      -1.788991287
          0,           0,         161,      -7.288568255,      -3.981897587,       -4.74655591,      -1.811063798
          0,           0,         162,      -7.310863299,      -4.003671113,      -4.767419131,      -1.833180849
          0,           0,         163,      -7.333210018,      -4.025505123,      -4.788342631,      -1.855343057
          0,           0,         164,      -7.355608603,      -4.047399608,      -4.809326893,      -1.877550949
          0,           0,         165,      -7.378059189,      -4.069354531,      -4.830372326,      -1.899804982
          0,           0,         166,       -7.40056186,      -4.091369824,      -4.851479273,      -1.922105555
          0,           0,         167,      -7.423116664,      -4.113445399,      -4.872648015,       -1.94445302
          0,           0,         168,      -7.445723626,      -4.135581143,      -4.893878785,      -1.966847695
          0,           0,         169,      -7.468382745,       -4.15777692,      -4.915171762,       -1.98928986
          0,           0,         170,      -7.491093999,      -4.180032576,      -4.936527082,      -2.011779765
          0,           0,         171,       -7.51385735,      -4.202347938,       -4.95794484,      -2.034317634
          0,           0,         172,      -7.536672739,      -4.224722812,      -4.979425093,      -2.056903657
          0,           0,         173,      -7.559540093,      -4.247156991,      -5.000967863,      -2.079538003
          0,           0,         174,      -7.582459317,      -4.269650252,      -5.022573139,      -2.102220807
          0,           0,         175,      -7.605430303,      -4.292202356,       -5.04424088,      -2.124952182
          0,           0,         176,      -7.628452928,      -4.314813051,      -5.065971022,      -2.147732219
          0,           0,         177,      -7.651527049,      -4.337482074,       -5.08776347,       -2.17056098
          0,           0,         178,      -7.674652516,      -4.360209148,      -5.109618109,      -2.193438506
          0,           0,         179,      -7.697829156,      -4.382993988,      -5.131534797,      -2.216364815
          0,           0,         180,      -7.721056789,      -4.405836296,      -5.153513376,      -2.239339905
          0,           0,         181,      -7.744335221,      -4.428735764,      -5.175553666,      -2.262363753
          0,           0,         182,      -7.767664247,      -4.451692078,      -5.197655467,      -2.285436318
          0,           0,         183,      -7.791043649,      -4.474704912,      -5.219818568,      -2.308557542
          0,           0,         184,        -7.8144732,      -4.497773933,      -5.242042737,      -2.331727346
          0,           0,         185,      -7.837952664,        -4.5208988,      -5.264327729,      -2.354945638
          0,           0,         186,      -7.861481792,      -4.544079165,      -5.286673286,       -2.37821231
          0,           0,         187,      -7.885060331,      -4.567314674,      -5.309079134,      -2.401527237
          0,           0,         188,      -7.908688014,      -4.590604963,      -5.331544989,      -2.424890281
          0,           0,         189,      -7.932364569,      -4.613949665,      -5.354070557,      -2.448301292
          0,           0,         190,      -7.956089714,      -4.637348406,      -5.376655531,      -2.471760102
          0,           0,         191,      -7.979863162,      -4.660800805,      -5.399299594,      -2.495266534
          0,           0,         192,      -8.003684613,      -4.684306477,       -5.42200242,      -2.518820396
          0,           0,         193,      -8.027553764,      -4.707865031,      -5.444763672,      -2.542421488
          0,           0,         194,      -8.051470309,      -4.731476073,      -5.467583012,      -2.566069599
          0,           0,         195,      -8.075433925,      -4.755139201,      -5.490460084,      -2.589764501
          0,           0,         196,      -8.099444293,      -4.778854012,      -5.513394534,      -2.613505964
          0,           0,         197,      -8.123501081,      -4.802620096,      -5.536385991,      -2.637293742
          0,           0,         198,      -8.147603952,      -4.826437041,      -5.559434087,      -2.661127583
          0,           0,         199,      -8.171752568,      -4.850304429,      -5.582538444,      -2.685007226
          0,           0,         200,      -8.195946584,      -4.874221841,      -5.605698678,      -2.708932404
          0,           0,         201,      -8.220185645,      -4.898188852,        -5.6289144,      -2.732902832
          0,           0,         202,      -8.244469399,      -4.922205036,      -5.652185218,      -2.756918235
          0,           0,         203,      -8.268797482,      -4.946269962,      -5.675510733,      -2.780978308
          0,           0,         204,      -8.293169529,      -4.970383196,      -5.698890541,      -2.805082758
          0,           0,         205,      -8.317585173,      -4.994544303,      -5.722324241,      -2.829231282
          0,           0,         206,       -8.34204403,      -5.018752842,      -5.745811413,       -2.85342355
          0,           0,         207,      -8.366545732,      -5.043008373,      -5.769351654,      -2.877659262
          0,           0,         208,      -8.391089891,      -5.067310451,      -5.792944537,      -2.901938081
          0,           0,         209,      -8.415676118,      -5.091658628,      -5.816589643,      -2.926259669
          0,           0,         210,      -8.440304032,      -5.116052455,      -5.840286557,      -2.950623708
          0,           0,         211,      -8.464973235,      -5.140491481,       -5.86403484,      -2.975029841
          0,           0,         212,      -8.489683328,      -5.164975251,      -5.887834075,      -2.999477726
          0,           0,         213,      -8.514433903,      -5.189503309,      -5.911683819,         -3.023967
          0,           0,         214,       -8.53922456,      -5.214075197,      -5.935583645,      -3.048497328
          0,           0,         215,      -8.564054898,      -5.238690454,      -5.959533115,      -3.073068321
          0,           0,         216,      -8.588924498,      -5.263348617,      -5.983531786,      -3.097679623
          0,           0,         217,      -8.613832945,      -5.288049222,       -6.00757922,      -3.122330869
          0,           0,         218,      -8.638779825,      -5.312791802,      -6.031674976,      -3.147021676
          0,           0,         219,      -8.663764717,       -5.33757589,      -6.055818607,      -3.171751675
          0,           0,         220,        -8.6887872,      -5.362401014,      -6.080009666,      -3.196520472
          0,           0,         221,       -8.71384684,      -5.387266703,      -6.104247703,      -3.221327681
          0,           0,         222,      -8.738943205,      -5.412172482,       -6.12853227,      -3.246172904
          0,           0,         223,      -8.764075872,      -5.437117876,      -6.152862904,      -3.271055762
          0,           0,         224,      -8.789244402,      -5.462102408,      -6.177239169,      -3.295975854
          0,           0,         225,      -8.814448346,      -5.487125596,      -6.201660588,      -3.320932756
          0,           0,         226,      -8.839687286,      -5.512186962,      -6.226126728,      -3.345926087
          0,           0,         227,       -8.86496075,      -5.537286023,      -6.250637111,       -3.37095544
          0,           0,         228,      -8.890268327,      -5.562422294,      -6.275191281,      -3.396020402
          0,           0,         229,      -8.915609531,      -5.587595288,      -6.299788777,      -3.421120527
          0,           0,         230,      -8.940983924,      -5.612804518,      -6.324429128,      -3.446255441
          0,           0,         231,      -8.966391063,      -5.638049495,      -6.349111878,      -3.471424687
          0,           0,         232,      -8.991830469,      -5.663329727,      -6.373836556,      -3.496627859
          0,           0,         233,      -9.017301717,      -5.688644723,      -6.398602697,      -3.521864523
          0,           0,         234,      -9.042804318,      -5.713993989,      -6.423409835,       -3.54713429
          0,           0,         235,      -9.068337803,      -5.739377028,      -6.448257473,      -3.572436667
          0,           0,         236,      -9.093901725,      -5.764793341,      -6.473145166,      -3.597771227
          0,           0,         237,      -9.119495577,       -5.79024243,      -6.498072416,      -3.623137533
          0,           0,         238,      -9.145118939,      -5.815723799,      -6.523038777,      -3.648535202
          0,           0,         239,      -9.170771321,      -5.841236941,      -6.548043745,      -3.673963731
          0,           0,         240,      -9.196452226,      -5.866781355,      -6.573086847,      -3.699422701
          0,           0,         241,      -9.222161181,      -5.892356533,      -6.598167588,       -3.72491163
          0,           0,         242,      -9.247897735,      -5.917961972,      -6.623285535,      -3.750430113
          0,           0,         243,      -9.273661388,      -5.943597161,      -6.648440149,      -3.775977659
          0,           0,         244,      -9.299451649,      -5.969261593,      -6.673630976,      -3.801553836
          0,           0,         245,      -9.325268033,      -5.994954759,      -6.698857532,      -3.827158218
          0,           0,         246,      -9.351110019,      -6.020676138,      -6.724119281,      -3.852790232
          0,           0,         247,      -9.376977185,      -6.046425226,      -6.749415775,      -3.878449525
          0,           0,         248,      -9.402868948,      -6.072201501,      -6.774746533,      -3.904135565
          0,           0,         249,      -9.428784916,      -6.098004451,      -6.800111023,      -3.929847927
          0,           0,         250,      -9.454724533,      -6.123833557,      -6.825508774,      -3.955586138
          0,           0,         251,      -9.480687283,      -6.149688299,      -6.850939252,      -3.981349683
          0,           0,         252,       -9.50667277,      -6.175568162,      -6.876402083,      -4.007138214
          0,           0,         253,      -9.532680331,       -6.20147262,      -6.901896637,      -4.032951159
          0,           0,         254,      -9.558709547,      -6.227401146,      -6.927422394,      -4.058787958
          0,           0,         255,       -9.58475995,      -6.253353229,      -6.952978965,       -4.08464831
          0,           0,         256,      -9.610830949,      -6.279328329,      -6.978565771,      -4.110531569
          0,           0,         257,      -9.636922169,       -6.30532593,       -7.00418237,      -4.136437365
          0,           0,         258,      -9.663032932,      -6.331345507,      -7.029828143,      -4.162365227
          0,           0,         259,      -9.689162824,      -6.357386523,       -7.05550273,      -4.188314579
          0,           0,         260,       -9.71531132,      -6.383448456,      -7.081205505,      -4.214284983
          0,           0,         261,      -9.741477845,      -6.409530781,       -7.10693595,      -4.240275969
          0,           0,         262,      -9.767662027,      -6.435632958,      -7.132693608,      -4.266287036
          0,           0,         263,      -9.793863207,      -6.461754455,      -7.158477973,      -4.292317564
          0,           0,         264,      -9.820080904,      -6.487894753,      -7.184288503,      -4.318367293
          0,           0,         265,      -9.846314729,      -6.514053323,      -7.210124781,      -4.344435706
          0,           0,         266,      -9.872563883,      -6.540229598,      -7.235986025,       -4.37052192
          0,           0,         267,      -9.898828194,      -6.566423085,      -7.261872027,      -4.396625995
          0,           0,         268,      -9.925106821,      -6.592633238,      -7.287781965,      -4.422747076
          0,           0,         269,      -9.951399432,      -6.618859513,      -7.313715591,      -4.448884658
          0,           0,         270,      -9.977705698,      -6.645101401,      -7.339672292,      -4.475038659
          0,           0,         271,       -10.0040246,      -6.671358336,      -7.365651423,      -4.501207957
          0,           0,         272,      -10.03035586,      -6.697629817,      -7.391652587,      -4.527392599
          0,           0,         273,      -10.05669913,      -6.723915283,      -7.417675348,      -4.553591696
          0,           0,         274,      -10.08305375,      -6.750214214,      -7.443718979,      -4.579804936
          0,           0,         275,      -10.10941903,       -6.77652608,      -7.469782816,      -4.606031773
          0,           0,         276,      -10.13579493,      -6.802850373,      -7.495866845,       -4.63227213
          0,           0,         277,      -10.16218026,      -6.829186488,      -7.521970053,      -4.658524365
          0,           0,         278,      -10.18857509,      -6.855533974,      -7.548092267,      -4.684789217
          0,           0,         279,      -10.21497872,       -6.88189227,      -7.574232712,      -4.711065682
          0,           0,         280,      -10.24139029,      -6.908260802,      -7.600390789,      -4.737352631
          0,           0,         281,      -10.26780971,      -6.934639116,       -7.62656622,      -4.763650777
          0,           0,         282,      -10.29423656,      -6.961026674,      -7.652758283,      -4.789959072
          0,           0,         283,      -10.32066981,      -6.987422905,      -7.678966678,      -4.816276545
          0,           0,         284,      -10.34710977,      -7.013827345,      -7.705190645,       -4.84260376
          0,           0,         285,      -10.37355465,      -7.040239394,      -7.731429563,      -4.868938899
          0,           0,         286,      -10.40000519,      -7.066658638,      -7.757683348,      -4.895283003
          0,           0,         287,      -10.42646046,       -7.09308448,      -7.783951121,      -4.921634319
          0,           0,         288,      -10.45291964,      -7.119516385,      -7.810232336,      -4.947992268
          0,           0,         289,      -10.47938237,      -7.145953932,      -7.836526338,      -4.974357332
          0,           0,         290,      -10.50584895,      -7.172396522,      -7.862833115,      -5.000728876
          0,           0,         291,      -10.53231756,      -7.198843736,      -7.889151448,      -5.027105736
          0,           0,         292,      -10.55878904,      -7.225294973,       -7.91548141,      -5.053487949
          0,           0,         293,      -10.58526126,      -7.251749825,      -7.941822246,      -5.079874781
          0,           0,         294,      -10.61173499,      -7.278207662,       -7.96817325,      -5.106265262
          0,           0,         295,      -10.63821009,       -7.30466814,      -7.994534229,      -5.132660296
          0,           0,         296,      -10.66468496,      -7.331130639,      -8.020904817,      -5.159058241
          0,           0,         297,      -10.69116007,      -7.357594824,      -8.047283915,      -5.185459647
          0,           0,         298,      -10.71763421,       -7.38406001,      -8.073670853,      -5.211862368
          0,           0,         299,      -10.74410829,      -7.410525912,      -8.100066342,      -5.238268057
          0,           0,         300,      -10.77057867,      -7.436991948,      -8.126467622,      -5.264674534
          0,           0,         301,      -10.79704843,      -7.463457641,      -8.152876825,      -5.291081951
          0,           0,         302,       -10.8235156,       -7.48992258,      -8.179292383,      -5.317490302
          0,           0,         303,       -10.8499796,      -7.516386246,      -8.205712759,       -5.34389895
          0,           0,         304,      -10.87644041,      -7.542848129,      -8.232138446,      -5.370305773
          0,           0,         305,      -10.90289775,      -7.569307996,      -8.258568613,      -5.396712805
          0,           0,         306,      -10.92934975,      -7.595765293,      -8.285003142,      -5.423118641
          0,           0,         307,      -10.95579978,      -7.622219388,      -8.311441708,       -5.44952281
          0,           0,         308,      -10.98224247,       -7.64867024,      -8.337884213,      -5.475927394
          0,           0,         309,      -11.00867949,      -7.675117015,      -8.364327278,      -5.502325377
          0,           0,         310,      -11.03511171,      -7.701559508,      -8.390773805,      -5.528721648
          0,           0,         311,      -11.06153656,       -7.72799713,      -8.417221621,      -5.555114002
          0,           0,         312,      -11.08795745,      -7.754429825,      -8.443670409,      -5.581503256
          0,           0,         313,      -11.11436926,      -7.780856925,      -8.470120129,      -5.607890444
          0,           0,         314,      -11.14077432,      -7.807277928,      -8.496571328,      -5.634269722
          0,           0,         315,      -11.16717062,      -7.833692651,       -8.52301933,      -5.660644025
          0,           0,         316,      -11.19356125,      -7.860100931,      -8.549470711,      -5.687018435
          0,           0,         317,      -11.21994248,      -7.886501991,      -8.575918573,      -5.713383909
          0,           0,         318,      -11.24631288,      -7.912895281,      -8.602363376,      -5.739739412
          0,           0,         319,      -11.27267717,      -7.939281129,      -8.628809465,       -5.76609464
          0,           0,         320,      -11.29903015,      -7.965658699,       -8.65524948,      -5.792438905
          0,           0,         321,      -11.32537441,      -7.992027533,      -8.681690223,      -5.818774896
          0,           0,         322,      -11.35170669,      -8.018388227,      -8.708124847,      -5.845110611
          0,           0,         323,      -11.37803125,      -8.044739113,      -8.734555475,       -5.87143092
          0,           0,         324,      -11.40434767,      -8.071080888,      -8.760986176,      -5.897748925
          0,           0,         325,      -11.43064837,      -8.097412657,      -8.787407239,      -5.924054561
          0,           0,         326,      -11.45693973,      -8.123734466,       -8.81382674,      -5.950351611
          0,           0,         327,       -11.4832187,      -8.150046186,        -8.8402363,      -5.976643295
          0,           0,         328,      -11.50948727,      -8.176347017,      -8.866644958,      -6.002923863
          0,           0,         329,      -11.53574116,      -8.202636931,      -8.893043309,      -6.029193327
          0,           0,         330,      -11.56198575,      -8.228915569,      -8.919438824,      -6.055456416
          0,           0,         331,      -11.58822045,      -8.255182729,      -8.945827948,      -6.081708141
          0,           0,         332,      -11.61443623,      -8.281438413,      -8.972201082,      -6.107943618
          0,           0,         333,      -11.64064341,      -8.307681931,      -8.998576862,       -6.13417296
          0,           0,         334,      -11.66683875,      -8.333913784,      -9.024942952,      -6.160395548
          0,           0,         335,      -11.69301843,      -8.360132809,      -9.051300054,      -6.186601901
          0,           0,         336,      -11.71919319,      -8.386340216,      -9.077643865,      -6.212805355
          0,           0,         337,      -11.74534804,      -8.412534058,      -9.103986133,      -6.238990862
          0,           0,         338,      -11.77148515,      -8.438715299,      -9.130314193,      -6.265163576
          0,           0,         339,      -11.79761323,      -8.464882951,       -9.15663222,      -6.291323466
          0,           0,         340,      -11.82372257,      -8.491037595,      -9.182941178,      -6.317471091
          0,           0,         341,      -11.84982632,      -8.517179355,      -9.209241805,      -6.343612563
          0,           0,         342,      -11.87590938,      -8.543307268,      -9.235528984,      -6.369731751
          0,           0,         343,      -11.90197507,      -8.569421849,      -9.261805409,      -6.395848194
          0,           0,         344,      -11.92804174,      -8.595522374,      -9.288072626,      -6.421959688
          0,           0,         345,       -11.9540757,      -8.621609454,      -9.314335251,      -6.448050352
          0,           0,         346,      -11.98010482,      -8.647681201,      -9.340576166,      -6.474114315
          0,           0,         347,      -12.00610973,      -8.673739779,      -9.366800296,      -6.500166401
          0,           0,         348,      -12.03212383,      -8.699782816,      -9.393024741,      -6.526212119
          0,           0,         349,      -12.05811154,      -8.725813606,      -9.419240988,      -6.552275256
          0,           0,         350,      -12.08409267,      -8.751829075,       -9.44543427,      -6.578289687
          0,           0,         351,      -12.11003383,      -8.777828822,      -9.471616082,      -6.604275329
          0,           0,         352,      -12.13596935,       -8.80381668,      -9.497779877,      -6.630289196
          0,           0,         353,      -12.16191977,      -8.829790435,      -9.523944793,      -6.656296354
          0,           0,         354,      -12.18782192,      -8.855748228,      -9.550087895,      -6.682252454
          0,           0,         355,      -12.21371822,      -8.881688158,      -9.576206557,      -6.708157527
          0,           0,         356,      -12.23961865,      -8.907620219,       -9.60233869,      -6.734163817
          0,           0,         357,      -12.26547409,      -8.933531636,      -9.628440978,      -6.760050455
          0,           0,         358,      -12.29132255,      -8.959434062,       -9.65452773,      -6.785987239
          0,           0,         359,      -12.31717302,      -8.985317663,      -9.680630097,      -6.811865125
          0,           0,         360,      -12.34299718,      -9.011187651,      -9.706676831,      -6.837757096
          0,           0,         361,      -12.36878576,       -9.03704481,      -9.732724344,      -6.863645541
          0,           0,         362,      -12.39459393,      -9.062887346,      -9.758772244,      -6.889508894
          0,           0,         363,       -12.4203529,      -9.088714251,      -9.784795517,      -6.915348172
          0,           0,         364,      -12.44615362,      -9.114526597,      -9.810805035,      -6.941166706
          0,           0,         365,      -12.47189175,      -9.140326687,      -9.836756555,      -6.966977809
          0,           0,         366,      -12.49760983,      -9.166112272,      -9.862735909,      -6.992793352
          0,           0,         367,      -12.52337904,      -9.191882602,      -9.888726612,      -7.018607321
          0,           0,         368,      -12.54905278,      -9.217635668,      -9.914678505,      -7.044324964
          0,           0,         369,      -12.57474065,      -9.243381622,      -9.940592303,      -7.070107645
          0,           0,         370,      -12.60048962,      -9.269114077,      -9.966557741,      -7.095892706
          0,           0,         371,      -12.62616162,      -9.294827231,      -9.992478665,      -7.121640838
          0,           0,         372,      -12.65180558,      -9.320529776,      -10.01834744,       -7.14731426
          0,           0,         373,      -12.67748107,      -9.346229445,      -10.04422252,      -7.173187921
          0,           0,         374,      -12.70309756,      -9.371898745,      -10.07009683,      -7.198793534
          0,           0,         375,       -12.7287123,      -9.397560388,      -10.09597196,      -7.224498844
          0,           0,         376,      -12.75434689,      -9.423210489,      -10.12177111,      -7.250158361
          0,           0,         377,      -12.77990202,      -9.448847783,      -10.14758398,      -7.275800263
          0,           0,         378,      -12.80550875,      -9.474472624,      -10.17344522,      -7.301436807
          0,           0,         379,      -12.83104827,      -9.500080348,      -10.19916839,       -7.32703362
          0,           0,         380,      -12.85658429,      -9.525677248,      -10.22496753,      -7.352559989
          0,           0,         381,      -12.88218962,      -9.551272365,      -10.25073946,        -7.3782952
          0,           0,         382,      -12.90764715,      -9.576845997,       -10.2764423,      -7.403834966
          0,           0,         383,       -12.9332113,      -9.602411507,      -10.30226352,      -7.429502141
          0,           0,         384,      -12.95883299,      -9.627963384,       -10.3279922,      -7.455120866
          0,           0,         385,      -12.98423138,      -9.653495172,      -10.35359149,      -7.480542639
          0,           0,         386,      -13.00981337,      -9.679033198,      -10.37936084,      -7.506205709
          0,           0,         387,      -13.03522006,      -9.704539415,      -10.40502476,      -7.531668241
          0,           0,         388,      -13.06076273,      -9.730054519,      -10.43070355,      -7.557225894
          0,           0,         389,      -13.08603031,      -9.755558411,      -10.45629407,      -7.582733094
          0,           0,         390,      -13.11139108,      -9.781046659,      -10.48198198,      -7.608280371
          0,           0,         391,      -13.13690446,      -9.806533951,      -10.50758714,      -7.633905002
          0,           0,         392,      -13.16223014,      -9.831964953,      -10.53307248,      -7.658876652
          0,           0,         393,      -13.18784503,      -9.857426934,      -10.55887084,      -7.684511995
          0,           0,         394,      -13.21315356,      -9.882888371,      -10.58443768,      -7.710182553
          0,           0,         395,      -13.23864979,      -9.908329088,       -10.6099487,      -7.735464468
          0,           0,         396,      -13.26379397,      -9.933739767,      -10.63557483,      -7.760796949
          0,           0,         397,      -13.28935924,      -9.959166918,        -10.661153,      -7.786396695
          0,           0,         398,      -13.31445221,      -9.984566705,      -10.68646949,      -7.811559232
          0,           0,         399,      -13.33995752,      -10.00999432,      -10.71211553,      -7.837330625
          0,           0,         400,      -13.36523606,       -10.0353726,      -10.73752619,      -7.862484421
          0,           0,         401,      -13.39049648,      -10.06073773,      -10.76308521,      -7.887706113
          0,           0,         402,      -13.41555031,      -10.08610917,      -10.78848383,      -7.912862839
          0,           0,         403,      -13.44084915,      -10.11149425,      -10.81405251,       -7.93840382
          0,           0,         404,      -13.46621963,      -10.13686229,      -10.83954665,      -7.963803353
          0,           0,         405,      -13.49153497,       -10.1622339,      -10.86500458,      -7.989273405
          0,           0,         406,      -13.51663915,      -10.18757547,      -10.89017964,      -8.014358026
          0,           0,         407,      -13.54202327,      -10.21289799,      -10.91590199,      -8.039664467
          0,           0,         408,      -13.56679472,      -10.23822995,      -10.94118279,      -8.064853398
          0,           0,         409,      -13.59202972,      -10.26351769,      -10.96637032,      -8.089437536
          0,           0,         410,      -13.61714005,      -10.28889902,      -10.99175488,      -8.115767311
          0,           0,         411,      -13.64223303,      -10.31417431,      -11.01731709,      -8.140274923
          0,           0,         412,      -13.66693878,      -10.33940473,      -11.04174763,      -8.164170011
          0,           0,         413,      -13.69224696,      -10.36476401,      -11.06782809,      -8.189922767
          0,           0,         414,      -13.71635007,      -10.39001404,      -11.09276501,      -8.214607468
          0,           0,         415,      -13.74216405,      -10.41532336,      -11.11835315,      -8.240013595
          0,           0,         416,      -13.76693105,      -10.44069166,      -11.14339807,      -8.265607478
          0,           0,         417,      -13.79132521,      -10.46592081,      -11.16856799,       -8.28998257
          0,           0,         418,      -13.81594556,       -10.4911997,      -11.19402354,      -8.314879291
          0,           0,         419,      -13.84002344,      -10.51640004,      -11.21812552,      -8.338369942
          0,           0,         420,      -13.86369347,      -10.54162957,      -11.24343232,      -8.362621677
          0,           0,         421,      -13.88946446,       -10.5669353,      -11.26903365,      -8.387970164
          0,           0,         422,      -13.91424499,      -10.59220676,      -11.29340575,      -8.412928135
          0,           0,         423,      -13.93842072,      -10.61733547,      -11.31826008,      -8.435608377
          0,           0,         424,      -13.96280907,      -10.64268501,      -11.34326364,      -8.461575145
          0,           0,         425,      -13.98585175,      -10.66783817,      -11.36837097,      -8.484746646
          0,           0,         426,      -14.00942373,      -10.69296558,      -11.39301258,      -8.508489206
          0,           0,         427,      -14.03204745,      -10.71810575,      -11.41740732,      -8.530943931
          0,           0,         428,      -14.05788051,      -10.74334447,      -11.44314274,      -8.555433509
          0,           0,         429,      -14.07910257,      -10.76847175,      -11.46639269,      -8.578034805
          0,           0,         430,      -14.09971247,      -10.79363709,      -11.49147522,      -8.600675103
          0,           0,         431,      -14.12678725,      -10.81912322,      -11.51573479,      -8.627752099
          0,           0,         432,      -14.14748657,      -10.84414934,      -11.54020354,      -8.647877823
          0,           0,         433,      -14.17156944,      -10.86920413,      -11.56339861,      -8.671276779
          0,           0,         434,      -14.19290996,      -10.89454743,      -11.58853733,      -8.695093767
          0,           0,         435,      -14.21417052,      -10.91933894,      -11.61030336,      -8.712227732
          0,           0,         436,      -14.23228542,      -10.94444802,      -11.63411182,      -8.734174612
          0,           0,         437,      -14.25492726,      -10.96949484,      -11.65693507,       -8.75337194
          0,           0,         438,      -14.27530998,       -10.9949884,      -11.68014967,      -8.778294914
          0,           0,         439,      -14.29574111,      -11.01990734,      -11.70439477,      -8.798166747
          0,           0,         440,       -14.3139075,      -11.04469281,       -11.7235208,       -8.81501437
          0,           0,         441,      -14.33741591,      -11.06997905,      -11.74819199,      -8.841158234
          0,           0,         442,      -14.35059031,      -11.09491177,      -11.76952979,      -8.853775593
          0,           0,         443,      -14.36922825,      -11.11970691,      -11.78871327,      -8.870268838
          0,           0,         444,       -14.3887532,      -11.14439089,      -11.81413432,      -8.890621608
          0,           0,         445,      -14.40289468,      -11.16944519,      -11.83407581,      -8.903674891
          0,           0,         446,      -14.42560539,      -11.19464465,      -11.85677147,      -8.931149164
          0,           0,         447,      -14.42935373,      -11.21854667,      -11.87323178,      -8.936332111
          0,           0,         448,      -14.45425597,      -11.24398267,      -11.89434475,      -8.958473569
          0,           0,         449,      -14.46387124,      -11.26859086,       -11.9114653,      -8.968003072
          0,           0,         450,      -14.47695383,      -11.29359598,      -11.92691212,      -8.983256831
          0,           0,         451,      -14.49362314,      -11.31803711,      -11.94943783,      -8.998935372
          0,           0,         452,      -14.51007346,      -11.34224972,      -11.96996022,       -9.01098006
          0,           0,         453,      -14.51885534,      -11.36632199,      -11.98139542,      -9.021188645
          0,           0,         454,      -14.52867485,       -11.3916439,      -12.00132527,       -9.03290395
          0,           0,         455,      -14.52575811,      -11.41448777,      -12.01350827,      -9.036023747
          0,           0,         456,      -14.54169547,      -11.43864462,      -12.02816531,      -9.046886896
          0,           0,         457,      -14.55461369,      -11.46281953,      -12.04380485,      -9.061781287
          0,           0,         458,      -14.55971535,      -11.48580022,      -12.04830197,      -9.061381183
          0,           0,         459,      -14.56497832,       -11.5113942,      -12.06229104,      -9.077304673
          0,           0,         460,      -14.56719195,      -11.53331923,      -12.07420051,      -9.074295047
          0,           0,         461,      -14.58868895,      -11.55715766,      -12.09458045,      -9.091536118
          0,           0,         462,      -14.56051178,      -11.57698682,      -12.08722877,      -9.070449225
          0,           0,         463,      -14.58406831,      -11.59982691,      -12.10698642,      -9.083068891
          0,           0,         464,      -14.58822843,      -11.62310288,      -12.11778667,       -9.08985416
          0,           0,         465,      -14.56560312,      -11.64019599,      -12.12156809,      -9.074592142
          0,           0,         466,      -14.59794076,      -11.66722325,      -12.12368175,      -9.099833541
          0,           0,         467,      -14.58900311,      -11.68655798,       -12.1515381,      -9.101220889
          0,           0,         468,      -14.60298863,      -11.71066918,      -12.14228358,      -9.114472518
          0,           0,         469,      -14.60943342,      -11.73175372,      -12.13718165,      -9.116820447
          0,           0,         470,      -14.59514107,       -11.7476503,      -12.14147793,      -9.108316043
          0,           0,         471,      -14.60939501,      -11.76467163,      -12.16674327,      -9.107340911
          0,           0,         472,      -14.60195865,      -11.78169462,      -12.16308651,      -9.105380957
          0,           0,         473,      -14.62399475,      -11.80518586,      -12.17380214,      -9.124104279
          0,           0,         474,      -14.63652848,      -11.83096449,      -12.17440527,      -9.136271495
          0,           0,         475,      -14.60023104,      -11.83374456,      -12.16930339,      -9.107961505
          0,           0,         476,      -14.61126633,      -11.84796746,      -12.17134675,      -9.110809465
          0,           0,         477,      -14.60539404,      -11.86413202,      -12.17381052,      -9.110675677
          0,           0,         478,       -14.6210756,      -11.88973332,       -12.1855427,      -9.135324149
          0,           0,         479,      -14.62995497,       -11.9039293,      -12.18595718,      -9.139416655
          0,           0,         480,      -14.64122516,      -11.92832365,      -12.18339716,      -9.145312483
          0,           0,         481,      -14.63115991,      -11.93699613,      -12.20073425,      -9.147431095
          0,           0,         482,        -14.628022,      -11.93697031,      -12.19059177,      -9.119960052
          0,           0,         483,       -14.6333336,      -11.95311614,      -12.18782229,      -9.132777977
          0,           0,         484,      -14.63852954,       -11.9730492,      -12.19961348,      -9.144270504
          0,           0,         485,      -14.63485979,      -11.97251184,      -12.17734744,      -9.139042204
          0,           0,         486,      -14.61053823,      -11.97940229,        -12.177024,      -9.120813999
          0,           0,         487,      -14.61793668,      -11.99364866,      -12.18825298,      -9.131887125
          0,           0,         488,      -14.63120538,      -12.00214409,      -12.18792198,      -9.142889282
          0,           0,         489,      -14.62507579,      -11.99831435,      -12.19443216,      -9.123447888
          0,           0,         490,      -14.64517216,       -12.0152934,      -12.20665728,      -9.146200642
          0,           0,         491,      -14.62421101,      -12.01194114,      -12.20455061,      -9.135683095
          0,           0,         492,      -14.62588341,      -12.02400456,      -12.19812373,      -9.132126941
          0,           0,         493,      -14.60507971,      -12.01954539,      -12.18148877,      -9.121814318
          0,           0,         494,      -14.62298867,      -12.03850293,      -12.19402114,      -9.132273546
          0,           0,         495,      -14.61419254,      -12.03597634,      -12.20664568,      -9.126986787
          0,           0,         496,      -14.62702072,      -12.03328847,       -12.2079103,      -9.138681691
          0,           0,         497,      -14.61964033,      -12.04324377,      -12.19529194,      -9.137154255
          0,           0,         498,      -14.63115111,      -12.06256098,      -12.20333211,      -9.140505994
          0,           0,         499,      -14.63050856,      -12.06534086,      -12.20321241,       -9.14667326
          0,           0,         500,      -14.64285964,      -12.06497844,      -12.20030939,      -9.154810245
          0,           0,         501,       -14.6314075,      -12.06286216,      -12.19337141,      -9.142249945
          0,           0,         502,      -14.62189305,      -12.04813753,      -12.19938871,      -9.121671386
          0,           0,         503,      -14.62719735,      -12.06355318,      -12.20072337,       -9.13497977
          0,           0,         504,      -14.63470006,      -12.06153529,      -12.20297645,       -9.13621245
          0,           0,         505,      -14.62483998,      -12.06912499,      -12.20379424,      -9.136209969
          0,           0,         506,      -14.62803231,      -12.07745203,      -12.18295724,      -9.134857094
          0,           0,         507,      -14.60172432,      -12.03900633,       -12.1890767,      -9.110314703
          0,           0,         508,      -14.60605994,      -12.06347031,      -12.17565066,      -9.115568697
          0,           0,         509,      -14.63432575,      -12.07044272,      -12.19415003,       -9.13809124
          0,           0,         510,      -14.62644703,      -12.06977573,      -12.19496081,      -9.137192679
          0,           0,         511,      -14.63128754,      -12.06951968,      -12.20513707,      -9.138510296
          0,           0,         512,      -14.63061143,       -12.0735134,       -12.1924685,      -9.133605494
          0,           0,         513,      -14.61397868,      -12.07081072,      -12.19327844,      -9.125078707
          0,           0,         514,       -14.6283135,      -12.07350633,       -12.1892684,      -9.134662138
          0,           0,         515,      -14.60972891,      -12.04297869,      -12.20546276,      -9.116637226
          0,           0,         516,       -14.6123156,      -12.04008748,      -12.19803931,       -9.12486866
          0,           0,         517,      -14.62548604,      -12.07117495,      -12.20679537,      -9.130493803
          0,           0,         518,      -14.62565565,      -12.07508889,      -12.18936089,      -9.133167218
          0,           0,         519,      -14.61665375,       -12.0808332,      -12.19404358,      -9.135353325
          0,           0,         520,      -14.62564738,      -12.06887434,      -12.18496068,      -9.133324293
          0,           0,         521,      -14.61318273,      -12.05988657,      -12.20904365,      -9.129108545
          0,           0,         522,      -14.62328532,      -12.08264102,      -12.19060567,      -9.138764964
          0,           0,         523,      -14.62450627,      -12.07370325,       -12.1980169,      -9.130705202
          0,           0,         524,      -14.61376704,      -12.06819126,      -12.18347697,      -9.123889355
          0,           0,         525,      -14.61361287,      -12.06747915,      -12.18991246,      -9.120193488
          0,           0,         526,      -14.61829504,      -12.08244674,      -12.19293784,      -9.136351049
          0,           0,         527,      -14.62927307,      -12.08742601,      -12.19460603,      -9.141711442
          0,           0,         528,      -14.63253796,       -12.0908213,      -12.19330289,      -9.144176103
          0,           0,         529,      -14.61802896,      -12.06226341,      -12.19653336,      -9.125464642
          0,           0,         530,      -14.64870701,      -12.09061382,       -12.2070887,       -9.15204559
          0,           0,         531,       -14.6270941,      -12.07025938,      -12.20014537,      -9.129424099
          0,           0,         532,      -14.61471775,      -12.06383907,      -12.19424601,      -9.124870359
          0,           0,         533,      -14.63091447,      -12.07417199,       -12.1943185,      -9.136154257
          0,           0,         534,      -14.61981403,      -12.06425618,      -12.20130951,      -9.120141203
          0,           0,         535,      -14.64157648,      -12.09346179,      -12.20386185,      -9.146144316
          0,           0,         536,      -14.63483068,      -12.09882996,      -12.20356425,      -9.150271134
          0,           0,         537,       -14.6130509,      -12.06161368,      -12.18205822,      -9.127826326
          0,           0,         538,      -14.61558483,      -12.06782256,      -12.19578485,      -9.127057587
          0,           0,         539,      -14.61516137,      -12.05651367,      -12.20216009,      -9.124157541
          0,           0,         540,       -14.6234279,      -12.07696798,      -12.18866225,       -9.13231063
          0,           0,         541,      -14.62814833,      -12.07275504,      -12.20471239,      -9.136707815
          0,           0,         542,       -14.6371983,      -12.08803085,      -12.21439028,      -9.147363061
          0,           0,         543,      -14.62248083,      -12.06939521,      -12.20053053,      -9.125131226
          0,           0,         544,      -14.62267296,        -12.077024,      -12.20082007,      -9.135890686
          0,           0,         545,       -14.6127589,      -12.07104047,      -12.18754194,      -9.122931155
          0,           0,         546,      -14.64102655,       -12.0688651,      -12.19258854,      -9.138105609
          0,           0,         547,      -14.60834343,      -12.06374454,      -12.18194646,      -9.115646523
          0,           0,         548,      -14.62818725,      -12.07591182,      -12.18900223,      -9.140569816
          0,           0,         549,      -14.62048322,      -12.06756955,      -12.21659048,      -9.135834959
          0,           0,         550,      -14.64181665,      -12.08512404,      -12.19254684,      -9.150818521
          0,           0,         551,      -14.61846437,      -12.07421289,      -12.20642765,      -9.129850569
          0,           0,         552,      -14.62391925,      -12.07582571,      -12.19661507,      -9.136891804
          0,           0,         553,      -14.62044748,      -12.06839511,        -12.194715,      -9.128326521
          0,           0,         554,      -14.62733633,      -12.07831051,      -12.20241885,      -9.138980025
          0,           0,         555,      -14.63191506,      -12.08679972,      -12.19724239,      -9.136404751
          0,           0,         556,      -14.63306276,      -12.07835786,      -12.22125909,      -9.145162062
          0,           0,         557,      -14.61993824,       -12.0772058,      -12.19267257,      -9.129031249
          0,           0,         558,      -14.61623086,      -12.06782224,      -12.17931273,      -9.126395015
          0,           0,         559,      -14.61931919,       -12.0728727,      -12.19697346,       -9.13081166
          0,           0,         560,      -14.61597415,      -12.07871924,       -12.1769182,      -9.127573763
          0,           0,         561,      -14.61732849,      -12.06423534,      -12.19394585,      -9.123288133
          0,           0,         562,      -14.63078236,      -12.07297517,      -12.19795806,      -9.139530021
          0,           0,         563,      -14.62617713,      -12.07646294,      -12.19718953,      -9.134000216
          0,           0,         564,       -14.6445828,      -12.10650627,      -12.18840254,      -9.152651937
          0,           0,         565,      -14.63320285,      -12.08037387,       -12.2083628,      -9.138642034
          0,           0,         566,       -14.6246269,      -12.07974475,      -12.19641695,      -9.133937762
          0,           0,         567,      -14.64055884,      -12.09223333,      -12.21028894,      -9.146053342
          0,           0,         568,      -14.62355588,      -12.06933267,      -12.19816426,      -9.136969143
          0,           0,         569,      -14.63893041,      -12.08629177,      -12.20485767,      -9.145947788
          0,           0,         570,      -14.62376905,      -12.07923395,      -12.19740019,      -9.134428467
          0,           0,         571,      -14.64231449,      -12.10343744,      -12.19343784,      -9.153505468
          0,           0,         572,      -14.62029283,      -12.06054161,      -12.17695266,      -9.126170895
          0,           0,         573,      -14.61819159,      -12.07858242,      -12.19072925,      -9.132945213
          0,           0,         574,      -14.61018038,      -12.05707188,      -12.19291154,      -9.119601654
          0,           0,         575,      -14.59311034,      -12.05469196,      -12.16224691,      -9.105727091
          0,           0,         576,      -14.62846256,      -12.07341876,      -12.18632952,      -9.139935159
          0,           0,         577,      -14.60393574,      -12.05915091,      -12.17938638,      -9.112195154
          0,           0,         578,      -14.63312085,      -12.07488165,      -12.21265509,      -9.137255782
          0,           0,         579,      -14.62643021,      -12.08263752,      -12.18644084,      -9.134763411
          0,           0,         580,      -14.63883541,      -12.08585436,      -12.19662026,      -9.146418338
          0,           0,         581,      -14.63063774,      -12.08199313,      -12.20237364,      -9.141307239
          0,           0,         582,      -14.62538365,      -12.07671329,      -12.19702006,      -9.138073733
          0,           0,         583,      -14.63139244,       -12.0874946,      -12.19619368,      -9.147894832
          0,           0,         584,      -14.63389125,      -12.07250402,      -12.18899597,       -9.12869161
          0,           0,         585,      -14.64037177,      -12.09006595,      -12.20261815,      -9.152308238
          0,           0,         586,       -14.6328313,      -12.08708851,      -12.21019465,      -9.152949681
          0,           0,         587,      -14.62939949,      -12.07867189,      -12.19833648,      -9.140649677
          0,           0,         588,      -14.61871076,      -12.06212528,      -12.18270502,       -9.12652996
          0,           0,         589,      -14.62590365,      -12.06475712,      -12.18302706,      -9.127318156
          0,           0,         590,      -14.62245759,      -12.08175318,      -12.18955499,      -9.130950154
          0,           0,         591,      -14.62392711,       -12.0696325,      -12.18645994,      -9.122922604
          0,           0,         592,      -14.63143809,      -12.07351066,      -12.18483194,      -9.129690091
          0,           0,         593,      -14.62593409,      -12.08064601,      -12.19681697,      -9.136871864
          0,           0,         594,       -14.6046641,      -12.06802192,      -12.18482372,      -9.119819016
          0,           0,         595,      -14.62127954,      -12.07368423,      -12.19677515,       -9.13175055
          0,           0,         596,      -14.62807086,      -12.07091838,      -12.20369355,      -9.132904068
          0,           0,         597,      -14.60649631,      -12.04118085,      -12.20140337,      -9.113991907
          0,           0,         598,       -14.6264999,      -12.06448624,      -12.19398764,      -9.124545849
          0,           0,         599,      -14.62696781,      -12.07701337,      -12.18319352,      -9.130869285
          0,           0,         600,      -14.63212584,      -12.07766277,      -12.19438214,      -9.140317258
