VARIABLES = \
"Time_Iter","Outer_Iter","Inner_Iter",    "rms[Rho]"    ,    "rms[RhoU]"   ,    "rms[RhoV]"   ,    "rms[RhoE]"   
          0,           0,           0,      -1.674259998,      0.5253897255,      0.8454376478,       3.785368205
          0,           0,           1,      -2.135468222,      0.2198028836,      0.4186099369,       3.338969991
          0,           0,           2,       -2.38810701,   -0.005507372296,      0.1693091429,       3.091267499
          0,           0,           3,      -2.559670607,     -0.1626407402,    -0.02699824999,       2.920526252
          0,           0,           4,      -2.720850748,     -0.3031014909,     -0.2027769652,       2.758899389
          0,           0,           5,      -2.879203777,     -0.4341501924,     -0.3709994434,       2.599246009
          0,           0,           6,      -3.032332304,     -0.5561059708,     -0.5342986117,       2.444708558
          0,           0,           7,      -3.183490815,     -0.6719252289,      -0.693768499,       2.292311164
          0,           0,           8,       -3.33382948,      -0.778524305,     -0.8491735977,       2.140944544
          0,           0,           9,      -3.483275282,     -0.8738550113,      -1.000373372,       1.990709845
          0,           0,          10,      -3.629434639,     -0.9597587356,       -1.14833441,       1.843666571
          0,           0,          11,      -3.770057153,      -1.037715776,      -1.292863878,       1.701839372
          0,           0,          12,      -3.902769095,      -1.106915708,        -1.4322909,       1.567804206
          0,           0,          13,      -4.026022313,      -1.167132174,      -1.564288633,       1.443397003
          0,           0,          14,      -4.139336451,       -1.22029962,      -1.687235256,       1.328895089
          0,           0,          15,      -4.240992367,      -1.268768336,      -1.801142625,       1.225829601
          0,           0,          16,       -4.32933603,      -1.313696492,      -1.906259802,       1.136430701
          0,           0,          17,      -4.405352483,      -1.355410364,       -2.00188751,       1.060444359
          0,           0,          18,      -4.471694769,      -1.394320686,      -2.086699262,      0.9951451205
          0,           0,          19,      -4.530572096,      -1.431185814,      -2.160390388,      0.9375711669
          0,           0,          20,      -4.583239594,      -1.466862058,       -2.22512503,      0.8856926446
          0,           0,          21,      -4.630677644,      -1.502011114,      -2.284353427,      0.8381951074
          0,           0,          22,      -4.674105085,      -1.536951544,      -2.340238441,      0.7940566046
          0,           0,          23,      -4.714810187,      -1.571677886,      -2.392930304,      0.7524660915
          0,           0,          24,       -4.75375864,      -1.606006463,      -2.441951111,      0.7128564853
          0,           0,          25,      -4.791451446,      -1.639747872,      -2.487542854,      0.6748592586
          0,           0,          26,      -4.828066715,      -1.672806207,      -2.530762584,       0.638215343
          0,           0,          27,      -4.863687291,      -1.705176576,      -2.572811459,      0.6027154408
          0,           0,          28,       -4.89843069,       -1.73688392,      -2.614483124,      0.5681896322
          0,           0,          29,      -4.932426969,      -1.767921309,      -2.656061204,      0.5345393053
          0,           0,          30,      -4.965742356,      -1.798226365,      -2.697460612,      0.5017537831
          0,           0,          31,      -4.998336598,       -1.82769829,      -2.738408519,      0.4698954726
          0,           0,          32,      -5.030075922,      -1.856236647,      -2.778585281,      0.4390648824
          0,           0,          33,      -5.060783808,      -1.883780211,      -2.817699578,      0.4093661576
          0,           0,          34,       -5.09030359,      -1.910326539,       -2.85549486,      0.3808815758
          0,           0,          35,      -5.118553759,      -1.935935419,      -2.891706099,      0.3536489952
          0,           0,          36,       -5.14555854,      -1.960712075,      -2.926033652,      0.3276482986
          0,           0,          37,      -5.171449421,      -1.984784306,      -2.958169871,      0.3027931695
          0,           0,          38,      -5.196436393,      -2.008281105,      -2.987888949,      0.2789377345
          0,           0,          39,      -5.220762052,      -2.031318076,      -3.015153181,      0.2558984024
          0,           0,          40,      -5.244658109,      -2.053990191,      -3.040156281,      0.2334822705
          0,           0,          41,      -5.268315711,      -2.076371142,      -3.063283256,      0.2115123925
          0,           0,          42,      -5.291871052,      -2.098516587,      -3.085015916,      0.1898450579
          0,           0,          43,      -5.315406745,      -2.120468904,       -3.10583109,      0.1683750614
          0,           0,          44,      -5.338962762,      -2.142261722,      -3.126125134,      0.1470324619
          0,           0,          45,      -5.362551613,       -2.16392331,      -3.146183025,      0.1257740575
          0,           0,          46,      -5.386169996,      -2.185479564,      -3.166184322,      0.1045751339
          0,           0,          47,      -5.409808866,      -2.206954828,      -3.186228309,     0.08342130866
          0,           0,          48,      -5.433460225,      -2.228372674,      -3.206363583,     0.06230217618
          0,           0,          49,      -5.457122965,       -2.24975615,      -3.226606049,      0.0412053184
          0,           0,          50,       -5.48080113,      -2.271127291,      -3.246961269,     0.02011653693
          0,           0,          51,      -5.504503759,      -2.292507066,      -3.267431266,  -0.0009805659236
          0,           0,          52,      -5.528244104,      -2.313914975,       -3.28802063,    -0.02210476047
          0,           0,          53,      -5.552035778,      -2.335369206,      -3.308731778,    -0.04327419693
          0,           0,          54,      -5.575893023,      -2.356886171,      -3.329572039,    -0.06450696792
          0,           0,          55,      -5.599829332,      -2.378480579,      -3.350548524,    -0.08582042349
          0,           0,          56,       -5.62385539,      -2.400164448,      -3.371669158,     -0.1072283434
          0,           0,          57,      -5.647980064,      -2.421948126,      -3.392937891,     -0.1287423612
          0,           0,          58,      -5.672210327,      -2.443840387,      -3.414357169,       -0.15037199
          0,           0,          59,      -5.696550746,       -2.46584828,      -3.435929874,     -0.1721240677
          0,           0,          60,      -5.721004542,      -2.487977393,      -3.457657455,     -0.1940035412
          0,           0,          61,        -5.7455736,      -2.510232043,      -3.479537769,     -0.2160137339
          0,           0,          62,      -5.770258474,      -2.532615469,      -3.501567746,     -0.2381563376
          0,           0,          63,      -5.795059043,       -2.55513011,       -3.52374346,     -0.2604320502
          0,           0,          64,      -5.819977003,      -2.577777784,      -3.546060049,     -0.2828425844
          0,           0,          65,      -5.845012614,      -2.600559961,      -3.568508412,     -0.3053885704
          0,           0,          66,      -5.870167074,      -2.623477748,      -3.591083242,     -0.3280709522
          0,           0,          67,      -5.895440135,       -2.64653201,      -3.613779914,     -0.3508895067
          0,           0,          68,      -5.920832644,      -2.669723496,      -3.636596292,     -0.3738447737
          0,           0,          69,      -5.946345374,      -2.693052995,      -3.659529715,     -0.3969373354
          0,           0,          70,      -5.971980365,       -2.71652135,      -3.682578954,     -0.4201685017
          0,           0,          71,       -5.99773919,      -2.740129398,      -3.705745922,     -0.4435393267
          0,           0,          72,      -6.023623397,      -2.763878048,      -3.729031975,     -0.4670508913
          0,           0,          73,      -6.049635667,      -2.787768217,       -3.75243926,     -0.4907050427
          0,           0,          74,      -6.075778353,      -2.811800791,      -3.775971145,     -0.5145032491
          0,           0,          75,        -6.1020532,      -2.835976558,      -3.799632758,      -0.538446644
          0,           0,          76,      -6.128461924,      -2.860296175,      -3.823429569,     -0.5625362066
          0,           0,          77,      -6.155006286,      -2.884760216,      -3.847366743,     -0.5867729794
          0,           0,          78,      -6.181687751,      -2.909369058,      -3.871448612,     -0.6111577161
          0,           0,          79,      -6.208507895,      -2.934122945,      -3.895679487,     -0.6356911625
          0,           0,          80,      -6.235467386,      -2.959021851,      -3.920065283,     -0.6603733609
          0,           0,          81,      -6.262566593,      -2.984065545,      -3.944608322,     -0.6852041923
          0,           0,          82,      -6.289805644,      -3.009253524,      -3.969310361,     -0.7101832273
          0,           0,          83,      -6.317185173,      -3.034585123,      -3.994173942,     -0.7353104022
          0,           0,          84,      -6.344704494,      -3.060059358,      -4.019201372,     -0.7605846967
          0,           0,          85,      -6.372363361,       -3.08567513,      -4.044392974,     -0.7860052086
          0,           0,          86,      -6.400159659,      -3.111431114,      -4.069748169,     -0.8115700924
          0,           0,          87,      -6.428089965,      -3.137325675,      -4.095267203,      -0.837276773
          0,           0,          88,      -6.456152138,      -3.163357037,      -4.120947309,     -0.8631233071
          0,           0,          89,      -6.484345273,      -3.189523414,      -4.146785326,     -0.8891085135
          0,           0,          90,      -6.512667596,      -3.215822871,      -4.172778614,     -0.9152306645
          0,           0,          91,      -6.541116369,      -3.242253345,      -4.198924342,     -0.9414874715
          0,           0,          92,      -6.569688468,      -3.268812668,      -4.225219493,     -0.9678764049
          0,           0,          93,      -6.598380898,      -3.295498647,      -4.251659984,     -0.9943951528
          0,           0,          94,      -6.627190317,      -3.322309047,      -4.278240656,      -1.021041197
          0,           0,          95,      -6.656113618,      -3.349241591,      -4.304959852,      -1.047812202
          0,           0,          96,      -6.685147512,      -3.376294007,      -4.331813534,      -1.074705739
          0,           0,          97,      -6.714288835,      -3.403464123,      -4.358797156,      -1.101719687
          0,           0,          98,      -6.743532863,      -3.430749459,      -4.385909967,      -1.128850922
          0,           0,          99,      -6.772876516,       -3.45814766,      -4.413146022,      -1.156096956
          0,           0,         100,      -6.802317946,      -3.485656604,      -4.440498606,      -1.183456548
          0,           0,         101,      -6.831854304,      -3.513274124,      -4.467966181,      -1.210927802
          0,           0,         102,      -6.861481663,      -3.540997984,      -4.495546765,       -1.23850818
          0,           0,         103,       -6.89119603,      -3.568825957,      -4.523237275,      -1.266195183
          0,           0,         104,      -6.920995379,      -3.596755968,      -4.551033914,       -1.29398744
          0,           0,         105,      -6.950874939,      -3.624785806,      -4.578933802,      -1.321882102
          0,           0,         106,      -6.980830216,      -3.652913301,       -4.60693474,      -1.349876554
          0,           0,         107,      -7.010857861,      -3.681136323,      -4.635033084,      -1.377968824
          0,           0,         108,      -7.040954937,      -3.709452834,      -4.663225875,      -1.406157186
          0,           0,         109,      -7.071118013,      -3.737860806,      -4.691510802,      -1.434439647
          0,           0,         110,      -7.101343452,      -3.766358232,      -4.719885715,      -1.462814163
          0,           0,         111,      -7.131627681,      -3.794943122,      -4.748348205,      -1.491278774
          0,           0,         112,      -7.161967202,      -3.823613503,      -4.776895916,      -1.519831572
          0,           0,         113,      -7.192358583,      -3.852367429,      -4.805526603,      -1.548470698
          0,           0,         114,      -7.222798387,      -3.881202976,      -4.834238139,      -1.577194316
          0,           0,         115,      -7.253283157,      -3.910118237,      -4.863028334,      -1.606000597
          0,           0,         116,      -7.283809422,      -3.939111321,      -4.891895153,      -1.634887691
          0,           0,         117,      -7.314373735,      -3.968180359,       -4.92083657,      -1.663853786
          0,           0,         118,      -7.344972666,      -3.997323498,      -4.949850605,      -1.692897088
          0,           0,         119,      -7.375602809,        -4.0265389,      -4.978935317,      -1.722015818
          0,           0,         120,      -7.406260799,      -4.055824745,      -5.008088803,      -1.751208222
          0,           0,         121,      -7.436943316,      -4.085179225,      -5.037309201,      -1.780472562
          0,           0,         122,      -7.467647087,      -4.114600546,      -5.066594685,       -1.80980712
          0,           0,         123,       -7.49836889,      -4.144086926,      -5.095943484,       -1.83921019
          0,           0,         124,       -7.52910556,      -4.173636595,      -5.125353804,      -1.868680075
          0,           0,         125,      -7.559854019,      -4.203247794,      -5.154823921,      -1.898215106
          0,           0,         126,      -7.590611242,      -4.232918778,      -5.184352177,      -1.927813627
          0,           0,         127,       -7.62137427,      -4.262647808,      -5.213936905,      -1.957473981
          0,           0,         128,       -7.65214024,      -4.292433158,      -5.243576443,      -1.987194524
          0,           0,         129,      -7.682906393,      -4.322273113,      -5.273269157,      -2.016973632
          0,           0,         130,      -7.713670059,      -4.352165969,      -5.303013464,      -2.046809697
          0,           0,         131,       -7.74442868,      -4.382110031,      -5.332807814,      -2.076701122
          0,           0,         132,      -7.775179799,      -4.412103616,      -5.362650676,      -2.106646318
          0,           0,         133,      -7.805921089,      -4.442145052,      -5.392540534,      -2.136643711
          0,           0,         134,      -7.836650351,      -4.472232679,      -5.422475898,      -2.166691742
          0,           0,         135,      -7.867365512,      -4.502364848,      -5.452455304,      -2.196788863
          0,           0,         136,      -7.898064642,      -4.532539924,      -5.482477309,      -2.226933541
          0,           0,         137,      -7.928745951,      -4.562756284,      -5.512540494,      -2.257124256
          0,           0,         138,      -7.959407801,      -4.593012318,      -5.542643463,      -2.287359499
          0,           0,         139,      -7.990048696,      -4.623306433,      -5.572784843,      -2.317637784
          0,           0,         140,      -8.020667302,      -4.653637049,      -5.602963278,      -2.347957628
          0,           0,         141,      -8.051262441,      -4.684002606,      -5.633177438,      -2.378317573
          0,           0,         142,      -8.081833084,      -4.714401557,      -5.663426016,      -2.408716172
          0,           0,         143,      -8.112378382,      -4.744832379,      -5.693707724,      -2.439151997
          0,           0,         144,      -8.142897636,      -4.775293564,      -5.724021295,      -2.469623638
          0,           0,         145,      -8.173390305,      -4.805783629,      -5.754365489,        -2.5001297
          0,           0,         146,      -8.203856029,      -4.836301113,      -5.784739082,      -2.530668813
          0,           0,         147,      -8.234294573,      -4.866844578,      -5.815140874,       -2.56123962
          0,           0,         148,      -8.264705896,      -4.897412614,      -5.845569694,      -2.591840795
          0,           0,         149,      -8.295090091,      -4.928003835,      -5.876024386,      -2.622471026
          0,           0,         150,      -8.325447411,      -4.958616888,      -5.906503811,      -2.653129028
          0,           0,         151,       -8.35577826,      -4.989250446,      -5.937006875,      -2.683813541
          0,           0,         152,      -8.386083162,      -5.019903219,      -5.967532481,      -2.714523329
          0,           0,         153,      -8.416362823,      -5.050573948,      -5.998079585,      -2.745257189
          0,           0,         154,      -8.446618026,      -5.081261409,      -6.028647144,      -2.776013939
          0,           0,         155,      -8.476849732,      -5.111964416,       -6.05923415,      -2.806792426
          0,           0,         156,      -8.507058974,      -5.142681825,      -6.089839629,      -2.837591537
          0,           0,         157,      -8.537246954,      -5.173412528,      -6.120462618,      -2.868410186
          0,           0,         158,      -8.567414914,       -5.20415546,      -6.151102184,      -2.899247316
          0,           0,         159,      -8.597564229,      -5.234909603,      -6.181757437,      -2.930101907
          0,           0,         160,      -8.627696381,      -5.265673979,      -6.212427506,      -2.960972978
          0,           0,         161,      -8.657812905,      -5.296447662,      -6.243111543,      -2.991859585
          0,           0,         162,      -8.687915392,      -5.327229769,      -6.273808753,      -3.022760815
          0,           0,         163,      -8.718005553,      -5.358019471,      -6.304518334,      -3.053675799
          0,           0,         164,      -8.748085079,      -5.388815983,      -6.335239555,      -3.084603699
          0,           0,         165,      -8.778155829,      -5.419618581,      -6.365971677,      -3.115543748
          0,           0,         166,      -8.808219579,      -5.450426582,      -6.396714038,       -3.14649518
          0,           0,         167,      -8.838278218,      -5.481239364,      -6.427466009,      -3.177457287
          0,           0,         168,       -8.86833366,      -5.512056359,      -6.458226923,      -3.208429421
          0,           0,         169,      -8.898387783,      -5.542877049,      -6.488996216,      -3.239410955
          0,           0,         170,      -8.928442523,      -5.573700973,      -6.519773356,      -3.270401306
          0,           0,         171,      -8.958499838,      -5.604527728,      -6.550557825,      -3.301399972
          0,           0,         172,      -8.988561593,      -5.635356963,      -6.581349149,      -3.332406451
          0,           0,         173,      -9.018629826,      -5.666188384,      -6.612146891,      -3.363420307
          0,           0,         174,      -9.048706375,      -5.697021752,      -6.642950672,      -3.394441149
          0,           0,         175,      -9.078793199,      -5.727856882,      -6.673760086,      -3.425468633
          0,           0,         176,      -9.108892154,      -5.758693648,      -6.704574854,      -3.456502464
          0,           0,         177,      -9.139005101,       -5.78953197,      -6.735394639,      -3.487542363
          0,           0,         178,       -9.16913388,      -5.820371832,       -6.76621925,      -3.518588158
          0,           0,         179,      -9.199280313,      -5.851213263,      -6.797048433,      -3.549639665
          0,           0,         180,      -9.229446218,      -5.882056346,      -6.827882007,      -3.580696786
          0,           0,         181,      -9.259633129,      -5.912901211,      -6.858719882,      -3.611759412
          0,           0,         182,      -9.289842916,      -5.943748043,      -6.889561954,      -3.642827537
          0,           0,         183,      -9.320077194,      -5.974597071,      -6.920408089,      -3.673901172
          0,           0,         184,      -9.350337548,      -6.005448576,      -6.951258374,      -3.704980384
          0,           0,         185,      -9.380625442,      -6.036302876,      -6.982112698,      -3.736065257
          0,           0,         186,      -9.410942618,      -6.067160331,      -7.012971296,      -3.767155926
          0,           0,         187,       -9.44129026,      -6.098021355,      -7.043834054,      -3.798252592
          0,           0,         188,      -9.471669933,      -6.128886385,      -7.074701155,      -3.829355398
          0,           0,         189,      -9.502082899,      -6.159755909,      -7.105572788,      -3.860464683
          0,           0,         190,      -9.532530617,      -6.190630448,      -7.136449122,      -3.891580715
          0,           0,         191,      -9.563014181,      -6.221510542,      -7.167330462,      -3.922703743
          0,           0,         192,      -9.593534747,      -6.252396783,      -7.198216842,      -3.953834193
          0,           0,         193,       -9.62409369,       -6.28328978,      -7.229108781,      -3.984972428
          0,           0,         194,      -9.654691839,      -6.314190175,      -7.260006369,      -4.016118841
          0,           0,         195,      -9.685330351,      -6.345098627,      -7.290910217,      -4.047273856
          0,           0,         196,      -9.716010472,       -6.37601584,      -7.321820398,      -4.078438081
          0,           0,         197,      -9.746732624,      -6.406942496,      -7.352737574,      -4.109611782
          0,           0,         198,      -9.777498034,      -6.437879332,      -7.383661904,      -4.140795543
          0,           0,         199,      -9.808307441,      -6.468827099,       -7.41459397,      -4.171989938
          0,           0,         200,      -9.839161694,      -6.499786552,       -7.44553434,      -4.203195556
          0,           0,         201,      -9.870061353,      -6.530758451,      -7.476483231,      -4.234412886
          0,           0,         202,       -9.90100746,      -6.561743584,      -7.507441387,      -4.265642527
          0,           0,         203,       -9.93200049,      -6.592742758,      -7.538409194,      -4.296885197
          0,           0,         204,      -9.963040816,      -6.623756727,      -7.569387289,      -4.328141215
          0,           0,         205,      -9.994129474,       -6.65478631,      -7.600376093,      -4.359411457
          0,           0,         206,      -10.02526632,      -6.685832331,      -7.631376265,      -4.390696472
          0,           0,         207,       -10.0564526,      -6.716895556,      -7.662388299,      -4.421996876
          0,           0,         208,      -10.08768844,      -6.747976808,      -7.693413022,      -4.453313409
          0,           0,         209,      -10.11897389,      -6.779076861,      -7.724450709,      -4.484646372
          0,           0,         210,      -10.15030953,      -6.810196583,      -7.755502468,      -4.515996946
          0,           0,         211,      -10.18169593,      -6.841336661,      -7.786568092,      -4.547365404
          0,           0,         212,      -10.21313338,       -6.87249798,      -7.817648904,      -4.578752514
          0,           0,         213,      -10.24462168,      -6.903681274,      -7.848745821,      -4.610159078
          0,           0,         214,      -10.27616192,      -6.934887268,      -7.879858454,      -4.641585357
          0,           0,         215,      -10.30775288,      -6.966116778,       -7.91098822,      -4.673032184
          0,           0,         216,      -10.33939576,      -6.997370534,      -7.942135411,       -4.70450033
          0,           0,         217,      -10.37109068,      -7.028649281,      -7.973301121,      -4.735990409
          0,           0,         218,      -10.40283753,      -7.059953685,      -8.004485197,      -4.767502817
          0,           0,         219,      -10.43463601,      -7.091284522,      -8.035689055,      -4.799038255
          0,           0,         220,      -10.46648684,       -7.12264243,      -8.066912367,      -4.830597303
          0,           0,         221,      -10.49838996,       -7.15402813,      -8.098157041,      -4.862181061
          0,           0,         222,      -10.53034519,      -7.185442272,      -8.129422664,      -4.893789539
          0,           0,         223,      -10.56235122,      -7.216885413,      -8.160711061,      -4.925423276
          0,           0,         224,      -10.59441111,       -7.24835832,      -8.192020749,      -4.957083234
          0,           0,         225,      -10.62652177,      -7.279861449,       -8.22335521,      -4.988769211
          0,           0,         226,      -10.65868467,      -7.311395587,      -8.254711994,      -5.020483117
          0,           0,         227,      -10.69089936,      -7.342961177,      -8.286094355,      -5.052224801
          0,           0,         228,      -10.72316534,      -7.374558703,      -8.317500618,      -5.083994076
          0,           0,         229,      -10.75548306,      -7.406188802,      -8.348933139,      -5.115792032
          0,           0,         230,      -10.78785203,      -7.437851997,      -8.380391267,      -5.147619283
          0,           0,         231,      -10.82027314,      -7.469548798,      -8.411877055,      -5.179476555
          0,           0,         232,      -10.85274391,      -7.501279472,      -8.443388821,      -5.211362924
          0,           0,         233,      -10.88526488,      -7.533044695,      -8.474928525,      -5.243280101
          0,           0,         234,      -10.91783766,      -7.564844709,      -8.506496937,      -5.275227747
          0,           0,         235,      -10.95045879,      -7.596680124,      -8.538092929,      -5.307206962
          0,           0,         236,      -10.98313112,      -7.628551433,      -8.569718586,      -5.339218601
          0,           0,         237,      -11.01585468,      -7.660458762,      -8.601377127,      -5.371262691
          0,           0,         238,      -11.04862486,      -7.692402381,      -8.633061682,      -5.403336864
          0,           0,         239,      -11.08144518,      -7.724383194,      -8.664776313,      -5.435446671
          0,           0,         240,      -11.11431434,      -7.756400692,      -8.696522834,      -5.467587097
          0,           0,         241,        -11.147234,      -7.788455922,      -8.728303298,      -5.499762725
          0,           0,         242,      -11.18019705,      -7.820548669,      -8.760117722,      -5.531970314
          0,           0,         243,      -11.21321425,      -7.852679666,      -8.791954697,      -5.564213024
          0,           0,         244,      -11.24627608,       -7.88484879,      -8.823835932,      -5.596491138
          0,           0,         245,      -11.27938328,      -7.917056354,      -8.855742772,      -5.628802021
          0,           0,         246,      -11.31254247,      -7.949302585,      -8.887684131,      -5.661147868
          0,           0,         247,      -11.34574598,      -7.981587844,      -8.919658458,      -5.693530424
          0,           0,         248,      -11.37899323,      -8.013911755,      -8.951670309,       -5.72594421
          0,           0,         249,       -11.4122864,      -8.046275283,      -8.983709156,      -5.758395205
          0,           0,         250,      -11.44562488,      -8.078678071,      -9.015788487,      -5.790881916
          0,           0,         251,      -11.47901384,      -8.111120146,      -9.047906141,      -5.823404937
          0,           0,         252,      -11.51244765,      -8.143602249,      -9.080051147,      -5.855965891
          0,           0,         253,      -11.54591886,       -8.17612299,       -9.11223175,      -5.888553078
          0,           0,         254,      -11.57944021,      -8.208685467,      -9.144456936,      -5.921190015
          0,           0,         255,      -11.61299476,      -8.241285915,      -9.176713261,      -5.953850938
          0,           0,         256,      -11.64660218,      -8.273926996,      -9.209007897,       -5.98655427
          0,           0,         257,      -11.68024865,      -8.306607845,      -9.241318407,      -6.019291347
          0,           0,         258,      -11.71394083,      -8.339330115,      -9.273695684,      -6.052069952
          0,           0,         259,      -11.74767318,      -8.372089786,      -9.306091049,       -6.08487142
          0,           0,         260,      -11.78144988,      -8.404892001,      -9.338525017,      -6.117727074
          0,           0,         261,      -11.81525229,      -8.437732503,      -9.370993766,      -6.150601702
          0,           0,         262,      -11.84911994,      -8.470614907,      -9.403502983,      -6.183529063
          0,           0,         263,      -11.88300469,      -8.503535723,      -9.436050517,      -6.216479667
          0,           0,         264,      -11.91695095,      -8.536496204,      -9.468629711,       -6.24947353
          0,           0,         265,      -11.95092357,      -8.569497349,      -9.501254868,      -6.282498292
          0,           0,         266,      -11.98493945,      -8.602539531,      -9.533924656,      -6.315574544
          0,           0,         267,      -12.01897611,       -8.63561786,      -9.566596859,      -6.348652812
          0,           0,         268,      -12.05308766,      -8.668740663,      -9.599356618,      -6.381806537
          0,           0,         269,      -12.08720833,      -8.701900315,      -9.632121828,      -6.414975939
          0,           0,         270,      -12.12138492,       -8.73509962,       -9.66491641,      -6.448187407
          0,           0,         271,      -12.15556207,      -8.768336121,      -9.697771606,      -6.481413071
          0,           0,         272,      -12.18981311,       -8.80161569,      -9.730674677,      -6.514697643
          0,           0,         273,      -12.22409913,      -8.834934646,      -9.763546572,      -6.548033332
          0,           0,         274,      -12.25840885,       -8.86829235,      -9.796521495,       -6.58138059
          0,           0,         275,       -12.2927439,       -8.90168531,      -9.829557803,      -6.614760047
          0,           0,         276,      -12.32709993,      -8.935117819,      -9.862556382,      -6.648170204
          0,           0,         277,      -12.36153948,      -8.968590083,      -9.895614393,      -6.681627082
          0,           0,         278,      -12.39600766,      -9.002102796,      -9.928753941,      -6.715131635
          0,           0,         279,      -12.43048001,      -9.035655872,      -9.961868261,      -6.748676704
          0,           0,         280,      -12.46501114,      -9.069243391,       -9.99502675,      -6.782234009
          0,           0,         281,      -12.49950233,      -9.102867055,      -10.02826884,      -6.815779923
          0,           0,         282,      -12.53416835,      -9.136530979,      -10.06152403,      -6.849461615
          0,           0,         283,      -12.56875131,      -9.170233806,      -10.09484041,      -6.883119631
          0,           0,         284,      -12.60330348,      -9.203964767,      -10.12817041,      -6.916756663
          0,           0,         285,      -12.63801137,       -9.23773545,      -10.16151025,       -6.95047504
          0,           0,         286,      -12.67280306,      -9.271558257,      -10.19493726,      -6.984308763
          0,           0,         287,      -12.70754224,      -9.305411948,       -10.2283918,      -7.018139889
          0,           0,         288,       -12.7422356,      -9.339298514,      -10.26192365,      -7.051926069
          0,           0,         289,       -12.7770649,      -9.373211492,      -10.29532502,      -7.085799072
          0,           0,         290,      -12.81190848,      -9.407175482,      -10.32888068,      -7.119707675
          0,           0,         291,      -12.84668179,      -9.441163713,      -10.36247814,       -7.15356747
          0,           0,         292,      -12.88162825,      -9.475206887,      -10.39599461,      -7.187617814
          0,           0,         293,      -12.91639288,      -9.509244891,      -10.42974111,      -7.221431908
          0,           0,         294,      -12.95150192,      -9.543371834,      -10.46342647,      -7.255649029
          0,           0,         295,      -12.98634708,      -9.577497333,      -10.49711563,      -7.289589013
          0,           0,         296,      -13.02128639,      -9.611667144,      -10.53078026,      -7.323671881
          0,           0,         297,      -13.05638494,      -9.645883106,      -10.56461599,      -7.357880557
          0,           0,         298,      -13.09117456,      -9.680130405,      -10.59841119,      -7.391964535
          0,           0,         299,      -13.12645147,      -9.714379944,      -10.63206252,      -7.425965956
          0,           0,         300,      -13.16141361,       -9.74869796,      -10.66632953,      -7.460197393
          0,           0,         301,      -13.19672261,      -9.783047221,      -10.70020902,      -7.494625754
          0,           0,         302,       -13.2318594,      -9.817475859,      -10.73400026,      -7.529251508
          0,           0,         303,      -13.26669196,      -9.851806448,      -10.76768893,      -7.562805188
          0,           0,         304,      -13.30192334,      -9.886303759,      -10.80212789,      -7.597612933
          0,           0,         305,      -13.33675287,      -9.920666884,      -10.83542877,      -7.631193787
          0,           0,         306,      -13.37221846,       -9.95527798,      -10.87041373,      -7.666141253
          0,           0,         307,       -13.4072864,      -9.989836508,      -10.90425715,      -7.700748992
          0,           0,         308,      -13.44174034,       -10.0242764,       -10.9380533,      -7.734290521
          0,           0,         309,      -13.47751627,      -10.05887118,      -10.97237048,      -7.768910755
          0,           0,         310,      -13.51263756,      -10.09351888,      -11.00553718,      -7.803366025
          0,           0,         311,      -13.54759378,      -10.12822583,      -11.03996792,      -7.837951439
          0,           0,         312,       -13.5823568,      -10.16290716,      -11.07419175,      -7.872243475
          0,           0,         313,      -13.61819206,      -10.19770132,      -11.10908735,      -7.907075869
          0,           0,         314,      -13.65213409,      -10.23243128,       -11.1430393,      -7.941117628
          0,           0,         315,      -13.68825304,      -10.26719615,        -11.175576,      -7.976232479
          0,           0,         316,      -13.72195456,      -10.30194725,      -11.21093278,      -8.010388549
          0,           0,         317,      -13.75711175,      -10.33673333,      -11.24432706,      -8.044261972
          0,           0,         318,      -13.79185806,      -10.37164023,      -11.27845185,      -8.079109729
          0,           0,         319,        -13.826687,      -10.40656769,       -11.3121756,      -8.113800354
          0,           0,         320,      -13.86133181,      -10.44161279,      -11.34722977,      -8.148709155
          0,           0,         321,      -13.89470056,      -10.47621686,      -11.37919805,      -8.181581851
          0,           0,         322,      -13.92985421,      -10.51132694,      -11.41380337,      -8.217214898
          0,           0,         323,      -13.96224206,      -10.54616368,      -11.44902033,       -8.25031158
          0,           0,         324,      -13.99464411,      -10.58089439,       -11.4796002,      -8.282500618
          0,           0,         325,      -14.03082587,      -10.61630094,      -11.51376494,      -8.318897028
          0,           0,         326,      -14.06339895,       -10.6512384,      -11.54515327,      -8.351710462
          0,           0,         327,      -14.09276136,      -10.68649677,      -11.57896824,      -8.385011036
          0,           0,         328,      -14.12773265,      -10.72128808,      -11.61141047,      -8.419299929
          0,           0,         329,      -14.16117733,      -10.75715764,      -11.64631871,      -8.457860015
          0,           0,         330,      -14.18992116,      -10.79224327,      -11.67757062,      -8.488039125
          0,           0,         331,      -14.21751565,      -10.82723542,      -11.70639784,       -8.52210376
          0,           0,         332,      -14.25054205,      -10.86243107,      -11.73645749,       -8.55417772
          0,           0,         333,      -14.27366845,       -10.8966411,      -11.76493596,      -8.580950577
          0,           0,         334,      -14.29996072,      -10.93190556,      -11.79534488,      -8.613859719
          0,           0,         335,      -14.32495992,      -10.96810234,      -11.82501413,      -8.650858118
          0,           0,         336,      -14.35556864,      -11.00196737,      -11.84931346,      -8.674949948
          0,           0,         337,      -14.37675795,      -11.03685009,      -11.87481541,      -8.704113355
          0,           0,         338,      -14.39749266,      -11.07210499,      -11.89922079,      -8.736835369
          0,           0,         339,      -14.42571147,      -11.10638046,       -11.9251289,      -8.761793115
          0,           0,         340,      -14.44473115,      -11.14277398,      -11.95970052,      -8.797183562
          0,           0,         341,      -14.45679473,      -11.17637597,      -11.97271265,      -8.815411393
          0,           0,         342,      -14.48451492,      -11.21247564,      -11.99856248,      -8.848033724
          0,           0,         343,      -14.49062091,      -11.24599744,      -12.00731407,      -8.865415981
          0,           0,         344,      -14.48846149,      -11.28099903,      -12.02919433,      -8.882816054
          0,           0,         345,        -14.529257,      -11.31847164,        -12.049263,      -8.928290264
          0,           0,         346,      -14.52622627,      -11.34930848,      -12.06412387,      -8.934714616
          0,           0,         347,       -14.5368933,      -11.38167581,       -12.0730919,      -8.949911095
          0,           0,         348,       -14.5463275,      -11.41786215,      -12.08713343,       -8.97172565
          0,           0,         349,      -14.54559401,      -11.45086629,      -12.09920823,      -8.981880015
          0,           0,         350,      -14.56642071,      -11.48694448,      -12.11566447,      -9.014993185
          0,           0,         351,      -14.56186674,      -11.51615096,      -12.11920434,       -9.00404405
          0,           0,         352,      -14.57627847,      -11.54694575,      -12.12283457,      -9.016819524
          0,           0,         353,      -14.58214859,      -11.58273728,      -12.14323793,      -9.044285178
          0,           0,         354,      -14.58877507,      -11.61263255,      -12.14475991,      -9.045192458
          0,           0,         355,      -14.58577666,      -11.64559569,      -12.15159229,      -9.071880929
          0,           0,         356,      -14.58066998,      -11.67181897,      -12.15131718,      -9.059829602
          0,           0,         357,      -14.59814394,      -11.70145506,      -12.14733802,      -9.076349049
          0,           0,         358,      -14.60400829,      -11.72538813,      -12.16086564,      -9.074881428
          0,           0,         359,      -14.60127384,       -11.7554783,       -12.1670002,      -9.083649604
          0,           0,         360,      -14.58706549,      -11.77740221,      -12.15872618,      -9.079692019
          0,           0,         361,        -14.607197,      -11.81080607,      -12.16910464,      -9.100942286
          0,           0,         362,      -14.60440705,      -11.83731376,      -12.16571386,      -9.102051736
          0,           0,         363,      -14.59514895,      -11.84802253,      -12.14834321,      -9.088482488
          0,           0,         364,      -14.61296438,      -11.87263537,      -12.18879272,      -9.106031046
          0,           0,         365,       -14.6041732,      -11.88258828,      -12.17034852,       -9.09869109
          0,           0,         366,      -14.61160538,      -11.91900572,      -12.17578786,      -9.112946268
          0,           0,         367,       -14.6064026,      -11.91015978,      -12.18028775,      -9.094248958
          0,           0,         368,      -14.60959504,      -11.93929363,      -12.17359651,      -9.117485624
          0,           0,         369,      -14.61537978,      -11.96400596,      -12.18620737,       -9.12029931
          0,           0,         370,      -14.60953548,      -11.95352009,      -12.18721162,      -9.102634492
          0,           0,         371,      -14.60539646,      -11.96706145,      -12.18503629,      -9.097248179
          0,           0,         372,      -14.61286688,      -12.00228641,      -12.18560014,       -9.12250504
          0,           0,         373,      -14.60340779,      -11.99321665,      -12.16053972,      -9.105071018
          0,           0,         374,      -14.58858519,      -11.98152882,      -12.15112989,      -9.079288235
          0,           0,         375,      -14.60538945,      -12.00445395,      -12.17337021,        -9.1119948
          0,           0,         376,      -14.61973597,      -12.03753552,      -12.18054334,      -9.126619345
          0,           0,         377,      -14.59898715,      -12.02185691,      -12.18361952,      -9.109046154
          0,           0,         378,      -14.60641275,      -12.03898675,      -12.17103002,      -9.127492263
          0,           0,         379,      -14.62206291,      -12.03603637,       -12.1965951,      -9.125089245
          0,           0,         380,      -14.60950952,       -12.0494061,      -12.17774756,      -9.122606903
          0,           0,         381,       -14.6296453,      -12.04854619,      -12.17364526,      -9.132027256
          0,           0,         382,      -14.59247201,      -12.02365459,      -12.18167858,       -9.09783807
          0,           0,         383,      -14.60200758,      -12.05098069,      -12.16331672,      -9.123309824
          0,           0,         384,      -14.60384545,      -12.04702462,      -12.17388501,      -9.112554395
          0,           0,         385,      -14.59351693,      -12.05035523,      -12.15254947,      -9.104780189
          0,           0,         386,       -14.6084137,      -12.04699043,      -12.17997231,      -9.108082927
          0,           0,         387,       -14.6126606,       -12.0445791,      -12.18685526,       -9.11625735
          0,           0,         388,      -14.61923134,      -12.05449436,      -12.19172231,      -9.129719278
          0,           0,         389,       -14.6149995,       -12.0479272,      -12.18152806,      -9.116568451
          0,           0,         390,      -14.61156307,       -12.0552077,      -12.19005237,      -9.118112446
          0,           0,         391,      -14.61942568,       -12.0734749,      -12.18360792,      -9.130644677
          0,           0,         392,      -14.61252632,      -12.06560286,      -12.17833294,       -9.13420583
          0,           0,         393,      -14.61370949,      -12.04682851,      -12.19109601,      -9.121727936
          0,           0,         394,       -14.6192954,      -12.05861206,      -12.18558778,      -9.124571357
          0,           0,         395,      -14.61851769,      -12.06897718,      -12.18046985,       -9.12373899
          0,           0,         396,      -14.62448408,       -12.0650169,      -12.18308961,      -9.133744737
          0,           0,         397,      -14.59428212,      -12.04312364,      -12.17904779,      -9.097516935
          0,           0,         398,      -14.59676986,      -12.02460215,      -12.18374318,      -9.094741015
          0,           0,         399,      -14.60643315,       -12.0499456,      -12.18014243,      -9.106550558
          0,           0,         400,      -14.60566998,      -12.05499056,      -12.17061286,      -9.118667691
          0,           0,         401,       -14.5995396,      -12.04106065,      -12.18235638,      -9.108238897
          0,           0,         402,      -14.60789325,      -12.04871698,      -12.17961806,      -9.118832943
          0,           0,         403,      -14.59699521,      -12.04764684,      -12.16857714,      -9.106584162
          0,           0,         404,      -14.61993766,      -12.08072657,      -12.18369906,      -9.133863035
          0,           0,         405,      -14.62018212,      -12.06680111,      -12.18500508,      -9.129103287
          0,           0,         406,      -14.62677404,      -12.07422501,      -12.17949935,      -9.131206226
          0,           0,         407,      -14.61590108,      -12.06886232,       -12.1793622,      -9.122403818
          0,           0,         408,      -14.59545653,       -12.0283201,      -12.18273471,      -9.097305996
          0,           0,         409,      -14.62360096,      -12.06615099,      -12.17566288,      -9.125680302
          0,           0,         410,      -14.60964691,       -12.0516335,      -12.19136929,      -9.120757705
          0,           0,         411,      -14.61056434,      -12.04625642,      -12.17409279,      -9.103545068
          0,           0,         412,      -14.62001223,      -12.07647228,       -12.1819165,      -9.134798907
          0,           0,         413,       -14.6089022,       -12.0698126,      -12.16787709,      -9.124420867
          0,           0,         414,       -14.6118057,      -12.06548267,      -12.17399324,      -9.119205714
          0,           0,         415,       -14.6161257,      -12.06280472,      -12.18254142,      -9.118299658
          0,           0,         416,      -14.59479453,      -12.05397697,      -12.17633625,       -9.11079932
          0,           0,         417,      -14.60385251,      -12.06697415,      -12.15498483,      -9.112493008
          0,           0,         418,      -14.61194605,       -12.0612206,      -12.18505936,      -9.124686164
          0,           0,         419,      -14.60836819,      -12.05079657,      -12.18270324,      -9.125207266
          0,           0,         420,      -14.61616062,      -12.05946745,      -12.17851423,      -9.117954935
          0,           0,         421,       -14.6056354,      -12.06727064,       -12.1826058,      -9.119749676
          0,           0,         422,      -14.58868596,      -12.03291811,      -12.17578288,      -9.097352189
          0,           0,         423,      -14.61655219,      -12.07459744,      -12.19112929,      -9.133148071
          0,           0,         424,      -14.61168551,      -12.04668251,      -12.19446027,      -9.120155764
          0,           0,         425,      -14.59871128,      -12.04579368,      -12.18935292,      -9.120585429
          0,           0,         426,      -14.62422364,      -12.07729976,      -12.18964318,      -9.136473986
          0,           0,         427,      -14.60685602,      -12.06029266,      -12.18192155,      -9.116962729
          0,           0,         428,       -14.6132842,      -12.05174304,      -12.18854307,      -9.117380165
          0,           0,         429,      -14.60153355,      -12.04531533,      -12.16354997,      -9.108637944
          0,           0,         430,      -14.59334751,      -12.05167558,      -12.16417455,      -9.102725088
          0,           0,         431,      -14.60651993,      -12.05568856,      -12.17750966,      -9.114228364
          0,           0,         432,      -14.60936489,      -12.04532605,      -12.18668696,      -9.116841542
          0,           0,         433,      -14.60460554,      -12.05019156,       -12.1852853,      -9.108177767
          0,           0,         434,       -14.6078987,      -12.05778141,      -12.17114227,      -9.118971267
          0,           0,         435,      -14.58535705,      -12.02994487,      -12.18090591,      -9.102918231
          0,           0,         436,      -14.60169073,       -12.0364781,      -12.17681612,      -9.102819615
          0,           0,         437,      -14.60498496,      -12.05109448,      -12.17120364,      -9.108306435
          0,           0,         438,      -14.61996501,      -12.06308171,      -12.18233369,      -9.122099034
          0,           0,         439,      -14.61158341,      -12.06709348,      -12.18071193,      -9.127804075
          0,           0,         440,      -14.61452905,      -12.06472282,      -12.17952626,      -9.125162072
          0,           0,         441,      -14.60877608,       -12.0769447,      -12.16281963,      -9.119691232
          0,           0,         442,       -14.5895197,       -12.0535178,      -12.16908442,      -9.105010202
          0,           0,         443,      -14.61053875,      -12.06378889,      -12.17937668,      -9.119896794
          0,           0,         444,      -14.60901178,      -12.04800822,      -12.19653972,      -9.118518835
          0,           0,         445,      -14.62612089,      -12.06935802,      -12.19540598,      -9.129914683
          0,           0,         446,      -14.60713602,      -12.05841366,      -12.17607964,      -9.115245315
          0,           0,         447,      -14.60065455,      -12.04807216,       -12.1838773,      -9.111653475
          0,           0,         448,      -14.62772709,      -12.06860124,      -12.18921614,      -9.127938477
          0,           0,         449,      -14.63303355,       -12.0794529,      -12.19761566,       -9.13901814
          0,           0,         450,      -14.60391686,       -12.0436156,      -12.16834784,      -9.110526408
          0,           0,         451,      -14.61531705,      -12.06536136,      -12.17746222,      -9.118318726
          0,           0,         452,      -14.58587562,      -12.03716088,      -12.16408203,      -9.100329941
          0,           0,         453,      -14.62085001,       -12.0670494,      -12.18937932,      -9.131971249
          0,           0,         454,      -14.59896736,      -12.06129176,      -12.16631022,      -9.116435881
          0,           0,         455,      -14.60353237,      -12.06041858,      -12.18973071,      -9.116878004
          0,           0,         456,      -14.59453365,      -12.05626424,      -12.16665927,      -9.108480963
          0,           0,         457,      -14.60473943,       -12.0705644,      -12.19417961,      -9.122803245
          0,           0,         458,      -14.60379721,      -12.06354195,      -12.18217771,       -9.12408012
          0,           0,         459,      -14.61253973,      -12.06065769,      -12.17004027,      -9.125514829
          0,           0,         460,      -14.62407079,      -12.07031751,      -12.19015362,      -9.128056723
          0,           0,         461,      -14.62087513,      -12.07021651,      -12.17087946,      -9.129809462
          0,           0,         462,      -14.63014293,      -12.06784036,      -12.19997159,       -9.13662447
          0,           0,         463,      -14.58691579,      -12.03548233,      -12.15919172,      -9.102415142
          0,           0,         464,      -14.61838793,      -12.05859964,      -12.19077181,      -9.123982481
          0,           0,         465,      -14.61451273,      -12.05466225,      -12.18917695,      -9.125447017
          0,           0,         466,      -14.61888147,      -12.06781461,       -12.1900256,      -9.123317101
          0,           0,         467,      -14.61090409,      -12.06009533,      -12.17363692,      -9.120684051
          0,           0,         468,      -14.61294725,      -12.06356235,      -12.17842675,      -9.121930625
          0,           0,         469,      -14.59128558,      -12.02474898,      -12.17570493,      -9.103227044
          0,           0,         470,      -14.60990351,      -12.05001308,      -12.18012119,       -9.11156082
          0,           0,         471,      -14.59487391,      -12.04967211,      -12.16429419,      -9.109817771
          0,           0,         472,      -14.61296488,      -12.05812896,      -12.19913027,       -9.12075371
          0,           0,         473,      -14.60910091,      -12.05165285,      -12.17803018,      -9.113943432
          0,           0,         474,      -14.61301805,       -12.0696098,      -12.17538102,      -9.128717598
          0,           0,         475,      -14.60394165,      -12.05752239,      -12.18171401,      -9.121777774
          0,           0,         476,      -14.60485108,       -12.0610037,      -12.18228848,      -9.112646844
          0,           0,         477,      -14.60307762,      -12.05527708,      -12.17990906,       -9.11385306
          0,           0,         478,      -14.60234091,      -12.05762715,      -12.18952679,      -9.115374772
          0,           0,         479,      -14.60493164,       -12.0406502,      -12.18304387,      -9.107049778
          0,           0,         480,      -14.62737677,      -12.05833981,      -12.19300234,      -9.135010306
          0,           0,         481,        -14.606154,      -12.05984431,      -12.17772248,        -9.1156717
          0,           0,         482,      -14.61743597,      -12.05575907,      -12.18676209,      -9.118723534
          0,           0,         483,      -14.62896111,      -12.07011359,      -12.18165259,      -9.131715772
          0,           0,         484,      -14.60495232,      -12.05950045,      -12.17785723,      -9.116065586
          0,           0,         485,      -14.61236475,      -12.05094327,      -12.17039971,      -9.119280834
          0,           0,         486,      -14.59838761,      -12.05101676,      -12.18236906,      -9.114413821
          0,           0,         487,      -14.60091613,      -12.04598145,      -12.17290401,      -9.113564056
          0,           0,         488,       -14.6338657,      -12.05842035,      -12.18642582,      -9.124839768
          0,           0,         489,      -14.60560115,      -12.05667071,      -12.17836522,      -9.121073443
          0,           0,         490,       -14.6186291,      -12.07215281,      -12.18421178,      -9.126331019
          0,           0,         491,      -14.61668098,      -12.06673411,      -12.18062903,      -9.123679841
          0,           0,         492,      -14.62124282,      -12.08005222,      -12.19506105,      -9.127877791
          0,           0,         493,      -14.60148306,       -12.0510758,      -12.16039532,      -9.106932846
          0,           0,         494,      -14.60458674,      -12.06399947,      -12.16537224,      -9.112307253
          0,           0,         495,      -14.61319494,      -12.06512333,       -12.1706678,      -9.131966485
          0,           0,         496,      -14.62670819,      -12.07880871,      -12.19618897,      -9.133786853
          0,           0,         497,      -14.60980533,      -12.05291633,       -12.1832785,       -9.12333113
          0,           0,         498,      -14.61105379,      -12.07324875,      -12.17838353,      -9.123422895
          0,           0,         499,      -14.61737875,      -12.05672103,      -12.17786011,      -9.124682387
          0,           0,         500,      -14.60426248,      -12.04347944,      -12.16888164,      -9.106709214
          0,           0,         501,      -14.60512091,      -12.04515244,      -12.17756136,       -9.11780147
          0,           0,         502,      -14.61659005,      -12.05805582,      -12.18593536,      -9.125429964
          0,           0,         503,      -14.60922635,       -12.0726379,      -12.16891722,      -9.124222511
          0,           0,         504,      -14.61447365,      -12.05856588,      -12.18385065,      -9.126776451
          0,           0,         505,      -14.61927815,      -12.07397738,      -12.19280941,      -9.127971608
          0,           0,         506,      -14.61766034,       -12.0619911,      -12.17759643,       -9.12591732
          0,           0,         507,      -14.61796362,       -12.0725249,      -12.17911674,       -9.12545979
          0,           0,         508,      -14.61196799,      -12.06930205,      -12.18232222,      -9.120671123
          0,           0,         509,      -14.61820929,        -12.060634,      -12.18041564,      -9.121673792
          0,           0,         510,      -14.60555159,      -12.05740948,       -12.1710066,      -9.110479387
          0,           0,         511,      -14.61905314,      -12.07146916,      -12.17446494,      -9.121217717
          0,           0,         512,       -14.6079355,      -12.06216191,      -12.16372029,      -9.112198086
          0,           0,         513,      -14.61568027,      -12.06469736,      -12.17970447,      -9.123325477
          0,           0,         514,      -14.61651991,       -12.0680089,      -12.18525852,      -9.118049735
          0,           0,         515,      -14.60512597,      -12.05940792,      -12.18326395,      -9.119178321
          0,           0,         516,      -14.59453479,      -12.03559108,      -12.16893461,      -9.099937608
          0,           0,         517,       -14.6049598,      -12.06562346,       -12.1921159,      -9.118640765
          0,           0,         518,      -14.61847089,      -12.06257369,      -12.19051621,      -9.124976417
          0,           0,         519,      -14.59548982,      -12.05638412,       -12.1746776,       -9.11137872
          0,           0,         520,      -14.60537702,      -12.05831855,      -12.17538955,      -9.114858739
          0,           0,         521,      -14.61993342,      -12.07113516,       -12.1850723,      -9.125399907
          0,           0,         522,      -14.62036294,      -12.07630017,      -12.17803003,      -9.122849008
          0,           0,         523,      -14.60586277,      -12.06255785,      -12.17788792,      -9.114060624
          0,           0,         524,      -14.60526708,      -12.04868831,       -12.1910471,      -9.105728095
          0,           0,         525,      -14.61026141,      -12.05665703,       -12.1842806,      -9.122746922
          0,           0,         526,      -14.61093782,      -12.06415478,      -12.17488391,      -9.126091976
          0,           0,         527,      -14.60230989,      -12.05471106,      -12.16650662,      -9.105063794
          0,           0,         528,      -14.60389238,      -12.05462223,      -12.17202072,      -9.110056825
          0,           0,         529,      -14.61874367,      -12.07119003,      -12.16970987,      -9.133918008
          0,           0,         530,      -14.62025696,      -12.06804345,      -12.18938867,      -9.134043097
          0,           0,         531,        -14.619619,      -12.06206624,      -12.17256365,      -9.119042013
          0,           0,         532,      -14.61295691,      -12.06446813,      -12.17754857,      -9.116132713
          0,           0,         533,      -14.61165851,      -12.05811538,      -12.18677311,      -9.116810006
          0,           0,         534,       -14.6137663,      -12.06746679,      -12.18126307,      -9.123875929
          0,           0,         535,      -14.61899362,      -12.06641801,       -12.1846757,      -9.126340599
          0,           0,         536,      -14.59183426,      -12.05112623,      -12.16866434,      -9.109925736
          0,           0,         537,      -14.60583206,      -12.05359941,      -12.18154744,      -9.110285635
          0,           0,         538,      -14.59197464,      -12.02096631,      -12.17065555,      -9.091997761
          0,           0,         539,      -14.60483194,      -12.05487877,      -12.17719638,       -9.11514767
          0,           0,         540,      -14.61046623,      -12.07336333,      -12.18309647,      -9.120502218
          0,           0,         541,      -14.60636496,      -12.05011485,      -12.17846449,      -9.127154521
          0,           0,         542,      -14.61133357,      -12.06136971,      -12.18950869,      -9.122066916
          0,           0,         543,      -14.58694004,      -12.04141082,      -12.17588808,      -9.117299889
          0,           0,         544,      -14.61039402,      -12.04860345,      -12.18864603,      -9.114556889
          0,           0,         545,       -14.6111624,      -12.05964013,      -12.19004679,      -9.122126535
          0,           0,         546,      -14.61709893,      -12.06281057,      -12.18327167,      -9.127550123
          0,           0,         547,      -14.61556154,      -12.07591174,      -12.18229538,      -9.125771583
          0,           0,         548,      -14.59279346,      -12.04916188,      -12.16835227,      -9.106385309
          0,           0,         549,      -14.58033908,      -12.05016064,      -12.15735616,       -9.11286697
          0,           0,         550,      -14.60272063,      -12.05162586,      -12.17470749,      -9.115418184
          0,           0,         551,      -14.61279686,      -12.08904735,       -12.1597847,      -9.125940542
          0,           0,         552,      -14.60841737,      -12.04502851,      -12.17593488,       -9.11937756
          0,           0,         553,      -14.60866931,       -12.0639689,      -12.16930009,      -9.120137899
          0,           0,         554,      -14.61096397,      -12.07168205,      -12.17836471,      -9.119517583
          0,           0,         555,      -14.59127558,       -12.0332354,      -12.16722752,      -9.099543587
          0,           0,         556,      -14.58718957,      -12.01981654,      -12.16099919,       -9.09483944
          0,           0,         557,      -14.59459716,      -12.03129748,      -12.17691652,      -9.093928306
          0,           0,         558,      -14.62077363,      -12.06494194,      -12.17054138,      -9.125584853
          0,           0,         559,      -14.61150617,      -12.04894222,      -12.17017386,      -9.117771917
          0,           0,         560,      -14.59167721,      -12.03534908,      -12.17672432,      -9.101279395
          0,           0,         561,      -14.62167689,      -12.07109432,      -12.18020233,      -9.126381515
          0,           0,         562,      -14.61126897,      -12.04110442,      -12.17540728,      -9.115411442
          0,           0,         563,      -14.61501508,      -12.06599509,      -12.19549664,      -9.130199857
          0,           0,         564,      -14.60559213,      -12.03929659,      -12.19043481,      -9.111624236
          0,           0,         565,      -14.59589938,      -12.03265707,       -12.1685986,      -9.101364529
          0,           0,         566,      -14.59893629,      -12.06346471,      -12.17788547,      -9.117079949
          0,           0,         567,      -14.61323811,      -12.06566534,      -12.19434535,      -9.128894906
          0,           0,         568,      -14.61718104,       -12.0710587,      -12.17763107,      -9.127992999
          0,           0,         569,      -14.60168451,      -12.02757748,      -12.16902105,      -9.095060881
          0,           0,         570,       -14.5971959,      -12.05271879,      -12.16365454,      -9.108006618
          0,           0,         571,      -14.60524056,      -12.04856488,      -12.19038502,      -9.115287095
          0,           0,         572,      -14.60915637,      -12.04916515,      -12.18085006,      -9.109216714
          0,           0,         573,      -14.59564256,      -12.05412826,      -12.17594787,      -9.115684244
          0,           0,         574,      -14.61363031,       -12.0530946,      -12.19654882,       -9.12799578
          0,           0,         575,      -14.61792386,      -12.06832962,       -12.1765737,      -9.132211449
          0,           0,         576,      -14.62130538,      -12.06657595,      -12.18536959,      -9.128624184
          0,           0,         577,      -14.61207737,      -12.07342476,      -12.18106703,        -9.1244719
          0,           0,         578,      -14.62497627,      -12.05805808,      -12.19206783,      -9.127700134
          0,           0,         579,      -14.60872689,      -12.04339201,      -12.18678448,       -9.10825404
          0,           0,         580,      -14.58874805,       -12.0392312,      -12.17393233,      -9.102702811
          0,           0,         581,      -14.60685683,      -12.04812224,       -12.1835101,      -9.114946092
          0,           0,         582,      -14.61921746,      -12.07187841,      -12.19280803,      -9.130042225
          0,           0,         583,       -14.6076142,      -12.04671744,      -12.18591721,      -9.110164544
          0,           0,         584,      -14.61246217,      -12.06356707,      -12.18052547,      -9.122649892
          0,           0,         585,      -14.60466821,      -12.06121433,      -12.18905427,      -9.115323312
          0,           0,         586,      -14.60583407,      -12.06418816,      -12.18266741,      -9.119846761
          0,           0,         587,      -14.60130965,      -12.05485313,      -12.17448369,      -9.104139684
          0,           0,         588,      -14.62104546,      -12.06852821,      -12.18570013,      -9.131095764
          0,           0,         589,      -14.60371708,      -12.03928118,      -12.17601679,      -9.103926694
          0,           0,         590,      -14.61504961,      -12.06782402,      -12.17409496,      -9.124421706
          0,           0,         591,      -14.60969918,      -12.06572874,      -12.17384407,      -9.127309462
          0,           0,         592,      -14.62936746,      -12.07016803,      -12.19446912,      -9.135428481
          0,           0,         593,      -14.60543554,      -12.05937271,      -12.17735399,      -9.111574741
          0,           0,         594,      -14.63591709,      -12.06975175,      -12.19234102,      -9.139250833
          0,           0,         595,      -14.60800364,      -12.05456334,      -12.18621555,      -9.115065853
          0,           0,         596,      -14.61090946,      -12.06501277,       -12.1823685,      -9.118951808
          0,           0,         597,      -14.59401532,      -12.04311574,      -12.18401602,      -9.105531613
          0,           0,         598,      -14.61144879,      -12.06568307,      -12.17615278,      -9.120714504
          0,           0,         599,      -14.61157888,      -12.05730163,      -12.17919494,      -9.117915409
          0,           0,         600,      -14.60743465,      -12.06386749,       -12.1808017,      -9.115013213
