VARIABLES = \
"Time_Iter","Outer_Iter","Inner_Iter",    "rms[Rho]"    ,    "rms[RhoU]"   ,    "rms[RhoV]"   ,    "rms[RhoE]"   
          0,           0,           0,      -1.453332504,       0.704708029,       1.075009109,       4.006295699
          0,           0,           1,      -1.972034137,      0.4491816502,      0.5821616179,       3.499064175
          0,           0,           2,        -2.2305979,      0.2527001007,      0.3433284283,       3.245787652
          0,           0,           3,      -2.390894455,      0.1104755456,      0.1559679288,       3.085914172
          0,           0,           4,      -2.542755252,    -0.01889539436,    -0.01618041626,       2.934437917
          0,           0,           5,      -2.691538945,     -0.1325379598,     -0.1826866702,       2.785268756
          0,           0,           6,      -2.833733719,     -0.2288182539,     -0.3411750534,       2.642923488
          0,           0,           7,      -2.973834104,     -0.3150929226,      -0.494144609,       2.503883889
          0,           0,           8,      -3.112566992,     -0.3904483292,     -0.6407036174,       2.367306171
          0,           0,           9,      -3.246150856,     -0.4574928233,      -0.779437446,       2.236629708
          0,           0,          10,      -3.373027305,     -0.5214424248,     -0.9103051561,       2.113163512
          0,           0,          11,      -3.491859364,     -0.5837453189,      -1.032819412,       1.998037068
          0,           0,          12,      -3.602019029,     -0.6433510351,      -1.144984387,       1.892164119
          0,           0,          13,      -3.702354202,     -0.6992186196,      -1.245811268,       1.796796941
          0,           0,          14,       -3.79066889,     -0.7510331276,      -1.336550627,       1.713544008
          0,           0,          15,      -3.868001309,     -0.7990738001,      -1.418836263,       1.641307636
          0,           0,          16,       -3.93796973,     -0.8437432149,      -1.493155454,       1.577005272
          0,           0,          17,      -4.002632557,     -0.8855500062,      -1.559515304,        1.51842036
          0,           0,          18,      -4.062847704,     -0.9253919737,      -1.618775088,       1.463866374
          0,           0,          19,      -4.119931745,     -0.9644190437,      -1.672740066,       1.411460273
          0,           0,          20,      -4.174920389,      -1.003595661,      -1.723491032,         1.3600434
          0,           0,          21,      -4.227820071,      -1.043403592,      -1.772603143,       1.309668348
          0,           0,          22,      -4.278244049,      -1.083864344,      -1.820506107,       1.260911056
          0,           0,          23,      -4.326250768,      -1.124730935,      -1.866708907,       1.214068761
          0,           0,          24,      -4.372397077,      -1.165681891,      -1.910734206,       1.168976838
          0,           0,          25,       -4.41722714,       -1.20640842,      -1.952834934,       1.125341474
          0,           0,          26,      -4.460946951,      -1.246630162,      -1.993884586,       1.083021967
          0,           0,          27,      -4.503532585,      -1.286089647,      -2.034736789,        1.04201074
          0,           0,          28,      -4.544971359,      -1.324562557,      -2.075753009,       1.002271175
          0,           0,          29,      -4.585303456,      -1.361876642,      -2.116800278,      0.9636820842
          0,           0,          30,      -4.624487363,      -1.397935134,      -2.157528252,      0.9261187164
          0,           0,          31,      -4.662322678,      -1.432736694,      -2.197617868,      0.8895257073
          0,           0,          32,      -4.698544371,      -1.466379125,      -2.236834456,      0.8539044814
          0,           0,          33,      -4.733013533,      -1.499033841,      -2.274989957,      0.8192457439
          0,           0,          34,      -4.765832232,      -1.530912807,      -2.311920888,      0.7854741558
          0,           0,          35,      -4.797319633,      -1.562222322,      -2.347509316,      0.7524553478
          0,           0,          36,      -4.827886773,      -1.593129358,      -2.381723426,      0.7200387355
          0,           0,          37,      -4.857911864,        -1.6237304,      -2.414634512,      0.6881049916
          0,           0,          38,      -4.887659095,      -1.654053943,      -2.446404571,        0.65658611
          0,           0,          39,      -4.917250343,      -1.684080263,      -2.477251481,      0.6254667415
          0,           0,          40,      -4.946684086,      -1.713757453,      -2.507406236,      0.5947761378
          0,           0,          41,      -4.975879786,      -1.743017217,      -2.537076611,      0.5645707404
          0,           0,          42,      -5.004727085,      -1.771795674,      -2.566422292,      0.5349110855
          0,           0,          43,      -5.033126039,      -1.800044539,      -2.595541748,      0.5058455106
          0,           0,          44,      -5.061012413,      -1.827734823,      -2.624470303,      0.4774009693
          0,           0,          45,      -5.088364844,      -1.854859182,      -2.653191862,      0.4495784342
          0,           0,          46,      -5.115196084,      -1.881429312,      -2.681656247,       0.422358115
          0,           0,          47,      -5.141542269,      -1.907472971,      -2.709800536,      0.3957034008
          0,           0,          48,       -5.16744936,      -1.933029401,      -2.737569209,      0.3695688491
          0,           0,          49,      -5.192965203,      -1.958146626,      -2.764924173,      0.3439041727
          0,           0,          50,      -5.218135968,      -1.982877425,      -2.791849434,      0.3186573742
          0,           0,          51,      -5.243004513,      -2.007276287,       -2.81835117,      0.2937771152
          0,           0,          52,      -5.267613279,       -2.03139921,      -2.844453046,        0.26921132
          0,           0,          53,      -5.292007127,      -2.055298313,       -2.87018714,      0.2449090862
          0,           0,          54,      -5.316231635,      -2.079022319,      -2.895594099,      0.2208197895
          0,           0,          55,      -5.340330701,      -2.102616228,      -2.920721566,      0.1968956729
          0,           0,          56,      -5.364346789,      -2.126120398,      -2.945614951,      0.1730922143
          0,           0,          57,      -5.388318195,      -2.149570108,      -2.970321349,      0.1493701995
          0,           0,          58,       -5.41228019,      -2.172995269,      -2.994883177,       0.125694317
          0,           0,          59,      -5.436260457,      -2.196420807,      -3.019342046,      0.1020360579
          0,           0,          60,      -5.460281042,      -2.219867274,       -3.04373577,     0.07837200505
          0,           0,          61,      -5.484362402,      -2.243351458,      -3.068093929,     0.05468062389
          0,           0,          62,      -5.508515983,      -2.266886922,      -3.092443504,      0.0309472397
          0,           0,          63,      -5.532749315,      -2.290484728,      -3.116806805,    0.007160400768
          0,           0,          64,       -5.55706743,      -2.314154048,       -3.14120191,    -0.01668926186
          0,           0,          65,      -5.581478565,      -2.337902829,      -3.165641912,     -0.0406151146
          0,           0,          66,      -5.605984848,      -2.361736718,      -3.190155185,     -0.0646233495
          0,           0,          67,      -5.630580639,      -2.385661385,      -3.214729849,    -0.08871210026
          0,           0,          68,      -5.655266055,      -2.409681319,      -3.239368502,     -0.1128858174
          0,           0,          69,       -5.68004411,       -2.43380033,       -3.26407841,     -0.1371515222
          0,           0,          70,      -5.704917172,      -2.458021646,      -3.288865822,     -0.1615156811
          0,           0,          71,      -5.729886696,      -2.482347999,      -3.313735252,     -0.1859837612
          0,           0,          72,      -5.754952568,       -2.50678077,       -3.33869035,     -0.2105598458
          0,           0,          73,       -5.78011147,      -2.531320598,      -3.363737389,     -0.2352452042
          0,           0,          74,      -5.805358724,      -2.555967466,      -3.388884616,     -0.2600397402
          0,           0,          75,      -5.830699603,      -2.580722383,      -3.414127992,     -0.2849513071
          0,           0,          76,      -5.856128807,      -2.605583392,      -3.439471833,     -0.3099786138
          0,           0,          77,      -5.881640581,      -2.630548407,      -3.464921655,     -0.3351200853
          0,           0,          78,      -5.907229334,      -2.655614707,       -3.49047835,     -0.3603741769
          0,           0,          79,      -5.932890374,      -2.680779481,      -3.516142664,     -0.3857399677
          0,           0,          80,      -5.958618823,      -2.706039441,      -3.541915887,     -0.4112162382
          0,           0,          81,      -5.984408054,      -2.731390583,      -3.567800025,     -0.4368000961
          0,           0,          82,      -6.010250203,      -2.756828968,      -3.593797236,     -0.4624874441
          0,           0,          83,      -6.036140383,      -2.782349641,      -3.619906171,      -0.488276359
          0,           0,          84,       -6.06207189,      -2.807947684,      -3.646126259,     -0.5141632428
          0,           0,          85,      -6.088035695,       -2.83361738,      -3.672456092,     -0.5401429104
          0,           0,          86,       -6.11402544,       -2.85935387,      -3.698893461,     -0.5662112224
          0,           0,          87,      -6.140033442,      -2.885151726,      -3.725436396,     -0.5923631487
          0,           0,          88,      -6.166051535,      -2.911005314,      -3.752081986,     -0.6185934138
          0,           0,          89,      -6.192072591,      -2.936908976,      -3.778826376,     -0.6448972879
          0,           0,          90,       -6.21808984,      -2.962857002,      -3.805665633,      -0.671270031
          0,           0,          91,      -6.244096517,      -2.988843614,      -3.832595877,     -0.6977066972
          0,           0,          92,       -6.27008556,      -3.014863012,      -3.859612926,     -0.7242018527
          0,           0,          93,      -6.296049953,      -3.040909419,      -3.886712251,     -0.7507498834
          0,           0,          94,      -6.321983112,      -3.066977212,      -3.913889307,     -0.7773452674
          0,           0,          95,       -6.34787875,      -3.093060659,       -3.94113923,     -0.8039824769
          0,           0,          96,      -6.373730948,      -3.119154185,      -3.968456815,     -0.8306559639
          0,           0,          97,      -6.399534593,      -3.145252332,      -3.995837386,     -0.8573605538
          0,           0,          98,      -6.425284061,       -3.17134968,      -4.023275621,     -0.8840904094
          0,           0,          99,      -6.450974491,      -3.197440896,      -4.050766256,     -0.9108399343
          0,           0,         100,      -6.476601709,      -3.223521061,      -4.078303226,     -0.9376038351
          0,           0,         101,      -6.502160362,      -3.249585069,      -4.105882208,      -0.964375641
          0,           0,         102,      -6.527647747,      -3.275628253,      -4.133495221,     -0.9911503238
          0,           0,         103,       -6.55306252,      -3.301646175,      -4.161137093,      -1.017923913
          0,           0,         104,      -6.578402206,      -3.327634419,      -4.188801987,       -1.04469141
          0,           0,         105,      -6.603664316,      -3.353588776,      -4.216485073,      -1.071447315
          0,           0,         106,       -6.62884681,      -3.379505292,      -4.244180805,      -1.098186185
          0,           0,         107,      -6.653948355,      -3.405380286,      -4.271882687,      -1.124902987
          0,           0,         108,      -6.678968289,      -3.431210328,       -4.29958388,      -1.151593055
          0,           0,         109,      -6.703906332,       -3.45699232,       -4.32727981,      -1.178251607
          0,           0,         110,      -6.728762925,      -3.482723485,      -4.354964332,      -1.204874386
          0,           0,         111,      -6.753538911,      -3.508401353,      -4.382631365,      -1.231457366
          0,           0,         112,      -6.778235481,      -3.534023696,      -4.410274795,      -1.257996626
          0,           0,         113,       -6.80285435,      -3.559588571,      -4.437888464,      -1.284488641
          0,           0,         114,      -6.827397404,      -3.585094433,      -4.465466859,      -1.310929835
          0,           0,         115,      -6.851866938,      -3.610540035,      -4.493004465,         -1.337317
          0,           0,         116,       -6.87626573,      -3.635924416,       -4.52049475,      -1.363647562
          0,           0,         117,      -6.900596658,      -3.661246971,      -4.547933154,      -1.389918802
          0,           0,         118,      -6.924862866,      -3.686507428,      -4.575315437,      -1.416128267
          0,           0,         119,       -6.94906786,      -3.711705813,      -4.602636588,      -1.442274064
          0,           0,         120,      -6.973215345,      -3.736842453,      -4.629891924,      -1.468354599
          0,           0,         121,      -6.997309185,      -3.761917964,      -4.657077085,      -1.494368566
          0,           0,         122,       -7.02135338,      -3.786933241,      -4.684188039,      -1.520314969
          0,           0,         123,      -7.045352078,      -3.811889454,      -4.711221089,       -1.54619316
          0,           0,         124,      -7.069309581,      -3.836788072,      -4.738172885,      -1.572002864
          0,           0,         125,      -7.093230222,      -3.861630761,      -4.765040425,      -1.597744102
          0,           0,         126,      -7.117118348,      -3.886419399,      -4.791821074,       -1.62341718
          0,           0,         127,      -7.140978326,      -3.911156092,      -4.818512583,      -1.649022701
          0,           0,         128,      -7.164814535,      -3.935843141,      -4.845113096,      -1.674561572
          0,           0,         129,      -7.188631331,       -3.96048302,      -4.871621163,      -1.700034982
          0,           0,         130,      -7.212433032,       -3.98507836,      -4.898035741,      -1.725444391
          0,           0,         131,      -7.236223888,      -4.009631934,      -4.924356188,      -1.750791509
          0,           0,         132,      -7.260008104,      -4.034146631,      -4.950582283,       -1.77607831
          0,           0,         133,      -7.283789761,      -4.058625464,      -4.976714135,      -1.801306963
          0,           0,         134,      -7.307572806,       -4.08307151,      -5.002752278,      -1.826479808
          0,           0,         135,      -7.331361119,      -4.107487917,      -5.028697648,      -1.851599404
          0,           0,         136,       -7.35515847,      -4.131877885,      -5.054551539,      -1.876668489
          0,           0,         137,      -7.378968475,      -4.156244647,      -5.080315634,      -1.901689947
          0,           0,         138,      -7.402794613,      -4.180591447,        -5.1059919,      -1.926666744
          0,           0,         139,      -7.426640288,      -4.204921564,      -5.131582541,      -1.951601978
          0,           0,         140,       -7.45050877,      -4.229238265,      -5.157090079,      -1.976498915
          0,           0,         141,      -7.474403171,      -4.253544794,      -5.182517371,      -2.001360866
          0,           0,         142,      -7.498326413,      -4.277844359,      -5.207867508,      -2.026191148
          0,           0,         143,      -7.522281279,       -4.30214013,      -5.233143788,      -2.050993111
          0,           0,         144,      -7.546270416,      -4.326435226,      -5.258349695,       -2.07577014
          0,           0,         145,      -7.570296416,      -4.350732719,      -5.283488961,      -2.100525705
          0,           0,         146,        -7.5943616,      -4.375035629,      -5.308565282,      -2.125263146
          0,           0,         147,      -7.618468174,      -4.399346887,      -5.333582555,      -2.149985805
          0,           0,         148,      -7.642618272,      -4.423669351,      -5.358544806,      -2.174697046
          0,           0,         149,      -7.666813915,      -4.448005796,      -5.383456143,      -2.199400209
          0,           0,         150,         -7.691057,      -4.472358912,      -5.408320725,      -2.224098589
          0,           0,         151,      -7.715349306,      -4.496731303,      -5.433142741,      -2.248795421
          0,           0,         152,      -7.739692462,      -4.521125479,      -5.457926379,      -2.273493844
          0,           0,         153,      -7.764087978,      -4.545543857,      -5.482675826,      -2.298196912
          0,           0,         154,      -7.788537251,      -4.569988762,      -5.507395242,      -2.322907603
          0,           0,         155,      -7.813041583,      -4.594462424,      -5.532088753,      -2.347628811
          0,           0,         156,      -7.837602174,      -4.618966979,       -5.55676042,      -2.372363343
          0,           0,         157,       -7.86222013,      -4.643504467,       -5.58141423,      -2.397113912
          0,           0,         158,       -7.88689647,      -4.668076837,      -5.606054101,      -2.421883141
          0,           0,         159,      -7.911632125,      -4.692685945,      -5.630683853,      -2.446673555
          0,           0,         160,      -7.936427949,      -4.717333557,      -5.655307222,      -2.471487587
          0,           0,         161,       -7.96128472,      -4.742021347,      -5.679927833,      -2.496327567
          0,           0,         162,      -7.986203144,      -4.766750906,      -5.704549206,      -2.521195736
          0,           0,         163,      -8.011183856,      -4.791523737,      -5.729174748,      -2.546094226
          0,           0,         164,      -8.036227424,      -4.816341261,      -5.753807738,      -2.571025079
          0,           0,         165,      -8.061334359,      -4.841204816,      -5.778451338,      -2.595990236
          0,           0,         166,      -8.086505111,      -4.866115665,      -5.803108592,      -2.620991549
          0,           0,         167,      -8.111740071,      -4.891074993,      -5.827782411,      -2.646030765
          0,           0,         168,       -8.13703959,      -4.916083913,      -5.852475588,      -2.671109554
          0,           0,         169,       -8.16240396,      -4.941143466,      -5.877190794,      -2.696229488
          0,           0,         170,      -8.187833439,      -4.966254627,      -5.901930565,      -2.721392058
          0,           0,         171,      -8.213328233,      -4.991418303,      -5.926697333,      -2.746598663
          0,           0,         172,      -8.238888512,      -5.016635339,       -5.95149339,      -2.771850622
          0,           0,         173,      -8.264514414,      -5.041906523,       -5.97632093,      -2.797149182
          0,           0,         174,      -8.290206035,      -5.067232581,      -6.001182013,      -2.822495505
          0,           0,         175,      -8.315963442,      -5.092614187,      -6.026078596,      -2.847890679
          0,           0,         176,      -8.341786682,      -5.118051961,      -6.051012536,      -2.873335735
          0,           0,         177,      -8.367675756,      -5.143546474,      -6.075985571,      -2.898831616
          0,           0,         178,      -8.393630656,      -5.169098249,      -6.100999327,      -2.924379209
          0,           0,         179,      -8.419651346,      -5.194707765,      -6.126055364,      -2.949979341
          0,           0,         180,      -8.445737776,      -5.220375457,      -6.151155117,      -2.975632788
          0,           0,         181,      -8.471889856,      -5.246101719,      -6.176299941,       -3.00134024
          0,           0,         182,      -8.498107502,      -5.271886909,      -6.201491111,      -3.027102368
          0,           0,         183,      -8.524390587,      -5.297731345,      -6.226729787,      -3.052919754
          0,           0,         184,      -8.550739005,      -5.323635314,      -6.252017083,      -3.078792971
          0,           0,         185,        -8.5771526,      -5.349599069,      -6.277354019,      -3.104722511
          0,           0,         186,      -8.603631227,      -5.375622832,      -6.302741561,      -3.130708844
          0,           0,         187,      -8.630174721,      -5.401706798,      -6.328180564,      -3.156752388
          0,           0,         188,      -8.656782905,      -5.427851133,      -6.353671874,      -3.182853517
          0,           0,         189,        -8.6834556,       -5.45405598,      -6.379216213,       -3.20901258
          0,           0,         190,      -8.710192624,      -5.480321458,      -6.404814268,      -3.235229886
          0,           0,         191,       -8.73699377,      -5.506647662,      -6.430466711,      -3.261505708
          0,           0,         192,      -8.763858829,      -5.533034667,       -6.45617412,      -3.287840278
          0,           0,         193,      -8.790787611,       -5.55948253,      -6.481936976,      -3.314233822
          0,           0,         194,      -8.817779902,      -5.585991291,      -6.507755833,      -3.340686528
          0,           0,         195,      -8.844835469,      -5.612560969,      -6.533631073,      -3.367198537
          0,           0,         196,      -8.871954115,      -5.639191574,       -6.55956311,      -3.393770013
          0,           0,         197,      -8.899135612,      -5.665883096,      -6.585552321,      -3.420401052
          0,           0,         198,       -8.92637973,      -5.692635515,      -6.611598986,      -3.447091736
          0,           0,         199,      -8.953686267,      -5.719448799,      -6.637703417,      -3.473842163
          0,           0,         200,      -8.981054969,      -5.746322904,      -6.663865896,      -3.500652367
          0,           0,         201,      -9.008485659,      -5.773257777,      -6.690086572,      -3.527522405
          0,           0,         202,      -9.035978068,      -5.800253356,      -6.716365714,      -3.554452278
          0,           0,         203,      -9.063532004,      -5.827309571,      -6.742703456,      -3.581442013
          0,           0,         204,      -9.091147247,      -5.854426344,      -6.769099864,        -3.6084916
          0,           0,         205,      -9.118823604,      -5.881603595,      -6.795555244,      -3.635601053
          0,           0,         206,      -9.146560779,      -5.908841222,       -6.82206947,      -3.662770261
          0,           0,         207,       -9.17435866,      -5.936139145,      -6.848642813,      -3.689999284
          0,           0,         208,      -9.202216969,      -5.963497254,      -6.875275195,      -3.717288004
          0,           0,         209,      -9.230135485,      -5.990915449,      -6.901966721,      -3.744636364
          0,           0,         210,      -9.258114128,      -6.018393634,      -6.928717478,      -3.772044401
          0,           0,         211,      -9.286152575,      -6.045931687,      -6.955527339,      -3.799511943
          0,           0,         212,      -9.314250696,       -6.07352951,      -6.982396404,      -3.827038977
          0,           0,         213,      -9.342408285,      -6.101186987,       -7.00932465,      -3.854625415
          0,           0,         214,      -9.370625148,      -6.128904004,      -7.036312063,      -3.882271133
          0,           0,         215,      -9.398901117,      -6.156680453,      -7.063358604,      -3.909976084
          0,           0,         216,      -9.427236024,      -6.184516224,      -7.090464198,      -3.937740197
          0,           0,         217,      -9.455629724,      -6.212411206,       -7.11762883,      -3.965563362
          0,           0,         218,      -9.484082049,      -6.240365287,      -7.144852416,      -3.993445505
          0,           0,         219,      -9.512592739,      -6.268378357,      -7.172134956,      -4.021386479
          0,           0,         220,      -9.541161755,      -6.296450316,      -7.199476371,      -4.049386254
          0,           0,         221,      -9.569789016,      -6.324581061,      -7.226876564,      -4.077444775
          0,           0,         222,      -9.598474255,       -6.35277049,      -7.254335538,      -4.105561875
          0,           0,         223,      -9.627217434,      -6.381018505,      -7.281853085,      -4.133737518
          0,           0,         224,       -9.65601827,      -6.409325005,      -7.309429127,      -4.161971474
          0,           0,         225,      -9.684876861,      -6.437689914,      -7.337063909,      -4.190263878
          0,           0,         226,      -9.713792932,      -6.466113133,      -7.364756985,      -4.218614516
          0,           0,         227,      -9.742766447,      -6.494594586,      -7.392508254,      -4.247023346
          0,           0,         228,      -9.771797339,      -6.523134199,      -7.420317989,      -4.275490273
          0,           0,         229,      -9.800885355,      -6.551731875,      -7.448185601,      -4.304015092
          0,           0,         230,      -9.830030769,      -6.580387599,       -7.47611171,      -4.332598158
          0,           0,         231,      -9.859233226,       -6.60910126,      -7.504095445,      -4.361238934
          0,           0,         232,      -9.888492709,       -6.63787283,      -7.532137507,      -4.389937674
          0,           0,         233,      -9.917809098,       -6.66670224,      -7.560237082,      -4.418694068
          0,           0,         234,      -9.947182681,       -6.69558947,      -7.588394702,      -4.447508429
          0,           0,         235,      -9.976612929,      -6.724534452,      -7.616609911,      -4.476380208
          0,           0,         236,      -10.00610002,      -6.753537174,       -7.64488287,      -4.505309683
          0,           0,         237,      -10.03564398,      -6.782597597,      -7.673213322,      -4.534296817
          0,           0,         238,      -10.06524529,      -6.811715778,      -7.701601632,      -4.563341988
          0,           0,         239,      -10.09490259,      -6.840891581,       -7.73004681,      -4.592444121
          0,           0,         240,      -10.12461722,      -6.870125084,      -7.758549958,      -4.621603993
          0,           0,         241,      -10.15438852,      -6.899416301,      -7.787110753,      -4.650821649
          0,           0,         242,      -10.18421666,      -6.928765185,      -7.815728181,      -4.680096516
          0,           0,         243,      -10.21410198,      -6.958171835,      -7.844403353,      -4.709429266
          0,           0,         244,      -10.24404404,      -6.987636255,      -7.873136089,      -4.738819515
          0,           0,         245,      -10.27404296,      -7.017158431,      -7.901925455,      -4.768267155
          0,           0,         246,      -10.30409962,      -7.046738515,       -7.93077287,      -4.797773232
          0,           0,         247,      -10.33421267,      -7.076376454,      -7.959677189,      -4.827336273
          0,           0,         248,      -10.36438319,      -7.106072362,      -7.988638766,      -4.856957248
          0,           0,         249,      -10.39461093,       -7.13582631,      -8.017657153,       -4.88663593
          0,           0,         250,      -10.42489594,      -7.165638413,       -8.04673344,      -4.916372592
          0,           0,         251,      -10.45523874,       -7.19550873,       -8.07586685,      -4.946167205
          0,           0,         252,      -10.48563909,      -7.225437384,      -8.105058019,      -4.976019944
          0,           0,         253,      -10.51609763,       -7.25542448,      -8.134305864,      -5.005931115
          0,           0,         254,      -10.54661363,      -7.285470151,      -8.163610583,      -5.035900184
          0,           0,         255,      -10.57718806,      -7.315574545,      -8.192974173,      -5.065928012
          0,           0,         256,      -10.60782079,      -7.345737779,      -8.222395144,      -5.096014374
          0,           0,         257,      -10.63851123,      -7.375959929,      -8.251872536,      -5.126158569
          0,           0,         258,      -10.66926013,      -7.406241333,      -8.281408076,      -5.156361696
          0,           0,         259,      -10.70006885,      -7.436582038,      -8.311002508,      -5.186624221
          0,           0,         260,      -10.73093687,      -7.466982426,      -8.340653655,      -5.216946302
          0,           0,         261,      -10.76186268,      -7.497442421,      -8.370362383,      -5.247326523
          0,           0,         262,      -10.79284865,      -7.527962353,      -8.400128764,      -5.277766813
          0,           0,         263,      -10.82389534,      -7.558542694,      -8.429955356,      -5.308267725
          0,           0,         264,      -10.85500002,      -7.589183243,      -8.459839596,      -5.338826606
          0,           0,         265,      -10.88616677,      -7.619884585,      -8.489781267,      -5.369447222
          0,           0,         266,      -10.91739417,      -7.650646966,       -8.51978105,      -5.400128123
          0,           0,         267,      -10.94868096,      -7.681470304,      -8.549840608,      -5.430868213
          0,           0,         268,      -10.98003014,      -7.712355463,      -8.579958678,      -5.461671697
          0,           0,         269,      -11.01144144,      -7.743302207,      -8.610135552,      -5.492534848
          0,           0,         270,      -11.04291259,      -7.774311173,      -8.640375146,      -5.523458277
          0,           0,         271,      -11.07444919,      -7.805382773,      -8.670671422,      -5.554446211
          0,           0,         272,      -11.10604455,      -7.836517036,        -8.7010263,      -5.585493761
          0,           0,         273,      -11.13770499,      -7.867714488,      -8.731441173,      -5.616605304
          0,           0,         274,       -11.1694291,      -7.898975448,      -8.761916281,      -5.647779393
          0,           0,         275,      -11.20121714,      -7.930300488,      -8.792454778,      -5.679015799
          0,           0,         276,      -11.23306554,      -7.961689532,      -8.823049994,       -5.71031427
          0,           0,         277,      -11.26498481,      -7.993144037,      -8.853709004,      -5.741681129
          0,           0,         278,      -11.29696897,      -8.024663688,      -8.884431046,      -5.773112677
          0,           0,         279,      -11.32901649,      -8.056248479,      -8.915208596,      -5.804604491
          0,           0,         280,      -11.36112824,      -8.087899639,      -8.946051922,      -5.836162833
          0,           0,         281,      -11.39331158,      -8.119617615,      -8.976957632,      -5.867788672
          0,           0,         282,      -11.42555999,      -8.151403072,      -9.007930148,       -5.89948138
          0,           0,         283,      -11.45787234,      -8.183255324,      -9.038957401,      -5.931234908
          0,           0,         284,      -11.49026194,      -8.215176638,      -9.070053566,      -5.963063191
          0,           0,         285,      -11.52271117,      -8.247165665,      -9.101204939,      -5.994951973
          0,           0,         286,      -11.55523474,      -8.279224964,       -9.13243233,       -6.02691414
          0,           0,         287,      -11.58782554,      -8.311353741,      -9.163712654,      -6.058939655
          0,           0,         288,       -11.6204893,      -8.343553011,      -9.195065682,      -6.091038709
          0,           0,         289,      -11.65322788,      -8.375824043,      -9.226485248,      -6.123210792
          0,           0,         290,      -11.68603189,      -8.408165881,      -9.257966624,        -6.1554483
          0,           0,         291,      -11.71890952,      -8.440580902,      -9.289509498,      -6.187756384
          0,           0,         292,      -11.75186371,      -8.473069059,      -9.321129942,      -6.220138253
          0,           0,         293,      -11.78489769,      -8.505631082,      -9.352815756,      -6.252593725
          0,           0,         294,      -11.81799665,      -8.538266797,      -9.384568061,      -6.285120838
          0,           0,         295,       -11.8511737,      -8.570977912,      -9.416381653,      -6.317716264
          0,           0,         296,      -11.88441481,      -8.603764901,      -9.448265346,      -6.350385702
          0,           0,         297,      -11.91775863,      -8.636628691,      -9.480221051,      -6.383140682
          0,           0,         298,      -11.95117552,      -8.669572128,      -9.512266205,      -6.415970707
          0,           0,         299,      -11.98465568,      -8.702591471,      -9.544349703,      -6.448867059
          0,           0,         300,      -12.01822176,      -8.735691065,      -9.576526677,      -6.481845711
          0,           0,         301,       -12.0518568,      -8.768870484,      -9.608768282,      -6.514898803
          0,           0,         302,      -12.08560836,      -8.802131811,      -9.641103767,      -6.548049118
          0,           0,         303,      -12.11940064,      -8.835472203,      -9.673456513,      -6.581241363
          0,           0,         304,      -12.15330019,      -8.868898259,       -9.70593538,      -6.614553296
          0,           0,         305,      -12.18728936,      -8.902406076,       -9.73849889,      -6.647947168
          0,           0,         306,      -12.22132945,      -8.935997972,      -9.771080735,      -6.681385473
          0,           0,         307,      -12.25547525,      -8.969675256,       -9.80377679,      -6.714924526
          0,           0,         308,      -12.28972138,      -9.003438519,      -9.836539897,      -6.748564663
          0,           0,         309,      -12.32403353,      -9.037290612,      -9.869365745,      -6.782255061
          0,           0,         310,      -12.35844424,      -9.071228661,      -9.902315433,      -6.816075495
          0,           0,         311,      -12.39292131,      -9.105254441,      -9.935336279,      -6.849926328
          0,           0,         312,      -12.42751352,      -9.139373959,      -9.968399213,      -6.883921215
          0,           0,         313,      -12.46218884,      -9.173580948,      -10.00157406,      -6.917986732
          0,           0,         314,      -12.49690338,       -9.20787657,      -10.03476843,      -6.952086505
          0,           0,         315,       -12.5317684,      -9.242267535,      -10.06815041,      -6.986325262
          0,           0,         316,      -12.56674922,      -9.276750535,      -10.10152556,      -7.020657826
          0,           0,         317,      -12.60171363,      -9.311326368,      -10.13506185,      -7.055034616
          0,           0,         318,      -12.63682395,       -9.34600489,      -10.16867369,      -7.089565557
          0,           0,         319,      -12.67203218,       -9.38076513,       -10.2022976,      -7.124118395
          0,           0,         320,      -12.70743643,      -9.415637291,      -10.23609308,       -7.15890093
          0,           0,         321,      -12.74276828,      -9.450593919,      -10.26991522,      -7.193638846
          0,           0,         322,       -12.7782875,      -9.485659072,      -10.30391001,      -7.228523841
          0,           0,         323,      -12.81380218,      -9.520803152,      -10.33787979,      -7.263429139
          0,           0,         324,      -12.84954434,      -9.556063911,      -10.37211997,       -7.29857123
          0,           0,         325,      -12.88522087,      -9.591408665,      -10.40616885,      -7.333682922
          0,           0,         326,      -12.92108397,      -9.626858693,      -10.44056296,      -7.368912441
          0,           0,         327,      -12.95701248,      -9.662403222,      -10.47480736,      -7.404250804
          0,           0,         328,      -12.99316649,      -9.698061159,      -10.50952541,      -7.439804858
          0,           0,         329,      -13.02918325,      -9.733791717,      -10.54395061,       -7.47522282
          0,           0,         330,      -13.06535936,      -9.769634909,      -10.57857673,      -7.510845234
          0,           0,         331,      -13.10163771,      -9.805558187,      -10.61345771,      -7.546536467
          0,           0,         332,      -13.13794263,      -9.841589132,      -10.64844208,      -7.582390988
          0,           0,         333,      -13.17414229,      -9.877695121,      -10.68314553,      -7.618095652
          0,           0,         334,      -13.21054527,      -9.913908829,      -10.71835962,      -7.654129561
          0,           0,         335,      -13.24737688,      -9.950213727,      -10.75366473,      -7.690248737
          0,           0,         336,      -13.28390434,      -9.986586722,      -10.78872031,      -7.726339887
          0,           0,         337,      -13.32024412,      -10.02304633,        -10.823913,      -7.762411185
          0,           0,         338,      -13.35679841,       -10.0595674,      -10.85953164,      -7.798649581
          0,           0,         339,      -13.39353402,      -10.09616293,      -10.89518606,      -7.834937161
          0,           0,         340,      -13.42995102,      -10.13284136,      -10.93066794,      -7.871230252
          0,           0,         341,      -13.46668508,      -10.16958488,      -10.96611657,      -7.907583665
          0,           0,         342,      -13.50351583,      -10.20637407,      -11.00203778,      -7.944041486
          0,           0,         343,       -13.5402034,      -10.24322809,       -11.0379696,      -7.980615002
          0,           0,         344,      -13.57625988,      -10.28008052,      -11.07412874,      -8.016834464
          0,           0,         345,      -13.61255987,      -10.31690588,      -11.10961159,      -8.053251271
          0,           0,         346,        -13.648899,      -10.35379862,      -11.14571157,      -8.089393127
          0,           0,         347,      -13.68564231,      -10.39073313,      -11.18191979,      -8.126410506
          0,           0,         348,      -13.72110604,      -10.42758054,      -11.21829333,      -8.162282524
          0,           0,         349,       -13.7571941,      -10.46444906,      -11.25388617,      -8.198556678
          0,           0,         350,        -13.792692,      -10.50122967,      -11.29084074,      -8.234561586
          0,           0,         351,      -13.82747537,      -10.53793978,      -11.32569587,      -8.270444626
          0,           0,         352,      -13.86124906,      -10.57454311,      -11.36156758,      -8.305328632
          0,           0,         353,      -13.89662643,      -10.61101592,      -11.39843758,      -8.341433918
          0,           0,         354,      -13.93108298,      -10.64737595,      -11.43416748,      -8.377095549
          0,           0,         355,      -13.96468191,      -10.68357312,      -11.47117371,      -8.411278913
          0,           0,         356,      -13.99734996,      -10.71948167,      -11.50542436,      -8.446093274
          0,           0,         357,      -14.02966907,      -10.75520352,      -11.53863759,      -8.479972836
          0,           0,         358,      -14.06154998,      -10.79080473,      -11.57714014,      -8.514334279
          0,           0,         359,      -14.09312043,        -10.825955,      -11.61029262,      -8.547690597
          0,           0,         360,      -14.12215222,      -10.86067025,      -11.64565285,      -8.578899621
          0,           0,         361,      -14.15034799,      -10.89494508,      -11.67511021,      -8.608541856
          0,           0,         362,      -14.17980713,      -10.92906472,      -11.71100225,      -8.640772795
          0,           0,         363,      -14.20853895,      -10.96280047,      -11.74463651,      -8.672371267
          0,           0,         364,      -14.23525956,      -10.99549239,      -11.77556749,      -8.699098037
          0,           0,         365,      -14.25795055,      -11.02844357,      -11.80667222,      -8.729488718
          0,           0,         366,      -14.28079906,      -11.06013081,      -11.83543635,      -8.753575266
          0,           0,         367,      -14.30548795,      -11.09174389,      -11.86214169,      -8.781992506
          0,           0,         368,       -14.3266125,      -11.12259965,      -11.88866905,      -8.806009762
          0,           0,         369,      -14.34517338,      -11.15268215,      -11.92341497,      -8.828906006
          0,           0,         370,      -14.36730087,      -11.18233612,      -11.94190259,      -8.851233962
          0,           0,         371,      -14.38642516,      -11.21075298,      -11.96530554,       -8.87378932
          0,           0,         372,      -14.39916467,      -11.23911648,      -11.98462169,      -8.888472675
          0,           0,         373,      -14.42184495,      -11.26628418,      -12.01061621,      -8.911018443
          0,           0,         374,      -14.42609497,      -11.29315099,      -12.02585055,      -8.920920161
          0,           0,         375,       -14.4415032,      -11.32036587,      -12.03957135,      -8.940169685
          0,           0,         376,      -14.44904465,      -11.34499756,      -12.05575497,      -8.947395506
          0,           0,         377,      -14.47437823,      -11.37113451,      -12.06477844,      -8.978278972
          0,           0,         378,      -14.48114716,      -11.39497954,       -12.0820291,      -8.986765742
          0,           0,         379,      -14.49639428,       -11.4189379,      -12.09193897,      -9.003194803
          0,           0,         380,      -14.49516284,      -11.44078664,      -12.10088076,      -8.995835316
          0,           0,         381,      -14.51437408,      -11.46398522,      -12.11475237,       -9.01375582
          0,           0,         382,       -14.5235334,      -11.48801034,      -12.12628211,      -9.032892941
          0,           0,         383,      -14.51019377,      -11.50609605,      -12.11628776,      -9.022428959
          0,           0,         384,      -14.53913219,       -11.5289063,       -12.1383091,      -9.038618504
          0,           0,         385,      -14.53914262,      -11.54810287,      -12.12889999,      -9.037366985
          0,           0,         386,      -14.54360254,      -11.57149408,      -12.14125218,      -9.054999831
          0,           0,         387,      -14.54505936,      -11.58905422,      -12.15266909,      -9.056559007
          0,           0,         388,      -14.55616198,      -11.60835632,      -12.14484835,      -9.064957909
          0,           0,         389,       -14.5578234,      -11.62588845,      -12.15566814,      -9.058384879
          0,           0,         390,      -14.56450156,      -11.64541336,      -12.16344591,       -9.06900215
          0,           0,         391,      -14.57768101,      -11.66749501,      -12.15162559,      -9.082425734
          0,           0,         392,      -14.57508342,      -11.68479212,      -12.16146233,      -9.082728126
          0,           0,         393,      -14.58516087,      -11.70241337,      -12.16421272,      -9.094094551
          0,           0,         394,      -14.56816088,      -11.71306457,      -12.15267187,      -9.072418873
          0,           0,         395,      -14.57815505,      -11.72980337,      -12.16360117,      -9.082153384
          0,           0,         396,      -14.58530984,      -11.75362703,      -12.17577098,      -9.098910483
          0,           0,         397,       -14.5843529,      -11.76915238,      -12.16128498,      -9.095966121
          0,           0,         398,      -14.58857119,       -11.7806887,        -12.181209,      -9.103710836
          0,           0,         399,      -14.59110527,        -11.793998,      -12.15953043,      -9.098479768
          0,           0,         400,      -14.59380247,      -11.81344728,       -12.1618788,      -9.104438564
          0,           0,         401,      -14.58684792,      -11.82717052,      -12.17165499,      -9.098466975
          0,           0,         402,      -14.59712039,      -11.84210097,      -12.17983003,      -9.104286748
          0,           0,         403,      -14.59931384,      -11.85561854,      -12.17239644,      -9.108166419
          0,           0,         404,      -14.59798023,      -11.87067957,      -12.18107528,      -9.111387914
          0,           0,         405,       -14.5862591,       -11.8749144,      -12.16992911,      -9.083624041
          0,           0,         406,      -14.61095143,      -11.89516492,       -12.1831215,      -9.118752314
          0,           0,         407,      -14.60767048,      -11.90592541,      -12.17006127,      -9.115232472
          0,           0,         408,      -14.59944983,      -11.90864545,      -12.17466879,      -9.098625312
          0,           0,         409,      -14.61973348,        -11.928817,      -12.17699489,      -9.124168181
          0,           0,         410,      -14.60584732,      -11.94332389,       -12.1701061,      -9.117149925
          0,           0,         411,      -14.59501218,      -11.94378981,      -12.17019778,      -9.107676486
          0,           0,         412,      -14.60254631,      -11.96112462,      -12.15648964,      -9.112043858
          0,           0,         413,      -14.60146612,      -11.96136283,      -12.16509969,      -9.108313269
          0,           0,         414,      -14.58574567,       -11.9507309,      -12.17680895,      -9.094561974
          0,           0,         415,      -14.58727243,      -11.96984596,       -12.1700136,      -9.104105436
          0,           0,         416,      -14.60313347,      -11.98229418,      -12.18017789,      -9.114245894
          0,           0,         417,      -14.59318324,      -11.99123117,      -12.17420151,      -9.107013582
          0,           0,         418,      -14.61541818,      -11.98997603,       -12.1713949,      -9.113513813
          0,           0,         419,      -14.60931971,      -12.00180157,      -12.17275806,      -9.111252672
          0,           0,         420,      -14.61524201,      -12.01599886,      -12.17052351,      -9.127850267
          0,           0,         421,      -14.60755014,      -12.01215784,      -12.17726602,      -9.114429391
          0,           0,         422,      -14.60283693,       -12.0054525,       -12.1634879,      -9.110345966
          0,           0,         423,      -14.60671989,      -12.01973736,      -12.17958377,      -9.120096441
          0,           0,         424,      -14.59647883,      -12.01788552,      -12.17733561,      -9.112669386
          0,           0,         425,      -14.59335998,      -12.01623601,      -12.16756545,      -9.100244423
          0,           0,         426,      -14.60644329,      -12.03947427,      -12.17215878,      -9.120423115
          0,           0,         427,      -14.62373689,      -12.03719535,      -12.18685224,      -9.125604039
          0,           0,         428,      -14.60940683,      -12.03357344,      -12.17295372,      -9.120034612
          0,           0,         429,      -14.61377998,      -12.03716859,        -12.184127,      -9.126231352
          0,           0,         430,      -14.61595929,      -12.04524633,      -12.18971519,      -9.128209092
          0,           0,         431,      -14.60807088,      -12.05497737,      -12.17862264,      -9.123156774
          0,           0,         432,      -14.60875705,      -12.04635787,      -12.18013065,      -9.124081589
          0,           0,         433,      -14.60234236,      -12.05610606,      -12.17921305,      -9.118588421
          0,           0,         434,      -14.61657809,      -12.03579583,      -12.18476732,      -9.116839056
          0,           0,         435,      -14.60357381,      -12.04218649,      -12.16701145,       -9.11775438
          0,           0,         436,      -14.59490025,      -12.02773483,       -12.1761228,      -9.107634547
          0,           0,         437,      -14.56728597,      -11.98887203,      -12.16253064,      -9.078195476
          0,           0,         438,      -14.60051606,      -12.04976764,      -12.18931126,      -9.121052289
          0,           0,         439,      -14.60668735,      -12.03474755,      -12.17979577,      -9.113753154
          0,           0,         440,      -14.61736928,      -12.05436406,      -12.19403384,      -9.127343036
          0,           0,         441,      -14.61974421,      -12.06517044,      -12.17300381,       -9.12952356
          0,           0,         442,      -14.61400512,      -12.05312317,      -12.19044934,      -9.121673424
          0,           0,         443,      -14.60625872,      -12.04661122,      -12.18828626,       -9.11386044
          0,           0,         444,       -14.6174522,      -12.06657774,      -12.18561057,      -9.123980904
          0,           0,         445,      -14.59214084,      -12.04836456,      -12.17096843,      -9.104827046
          0,           0,         446,      -14.62432273,      -12.08020065,      -12.18999222,      -9.133794707
          0,           0,         447,      -14.60499681,      -12.06120975,      -12.17386117,      -9.117294018
          0,           0,         448,      -14.62894719,      -12.07499318,      -12.18987321,       -9.13088504
          0,           0,         449,      -14.60934158,      -12.05478738,      -12.19119955,      -9.122301525
          0,           0,         450,      -14.59411557,      -12.04111055,      -12.16868537,      -9.101162928
          0,           0,         451,      -14.60044658,       -12.0498023,      -12.18714357,      -9.112226868
          0,           0,         452,      -14.62184625,      -12.06469226,      -12.18169983,      -9.135949911
          0,           0,         453,      -14.62014942,      -12.06369661,      -12.19310147,      -9.124238501
          0,           0,         454,      -14.61726844,      -12.06953371,      -12.18732505,      -9.131550361
          0,           0,         455,      -14.61378311,      -12.04841464,      -12.18214871,      -9.117434113
          0,           0,         456,      -14.61780231,      -12.06593714,      -12.17584859,      -9.119642515
          0,           0,         457,       -14.6120419,      -12.07365965,      -12.17054271,      -9.120275557
          0,           0,         458,      -14.60099797,      -12.06137389,      -12.18187328,      -9.123180781
          0,           0,         459,      -14.62105103,      -12.07509467,      -12.19234811,      -9.135157525
          0,           0,         460,      -14.61764379,        -12.078889,      -12.17087906,      -9.120264061
          0,           0,         461,      -14.61190165,      -12.07146292,      -12.17920495,      -9.119531308
          0,           0,         462,      -14.60598145,      -12.05637242,      -12.16987377,       -9.11771297
          0,           0,         463,      -14.60560488,      -12.06085044,      -12.18602466,      -9.116045327
          0,           0,         464,       -14.6261229,      -12.06762663,      -12.17919139,      -9.135181745
          0,           0,         465,      -14.63558581,      -12.07648218,      -12.18661984,      -9.136267225
          0,           0,         466,      -14.61116422,      -12.07163852,      -12.16754215,      -9.125246291
          0,           0,         467,      -14.62327556,      -12.07182659,      -12.18599149,      -9.125051819
          0,           0,         468,       -14.6126563,      -12.07115457,      -12.18818344,       -9.12310446
          0,           0,         469,      -14.61594959,      -12.05390774,      -12.17818285,      -9.117187685
          0,           0,         470,      -14.60949356,      -12.06057906,      -12.18250473,      -9.123301159
          0,           0,         471,       -14.6008047,      -12.04985814,      -12.18371452,      -9.112317059
          0,           0,         472,      -14.61922402,      -12.06500707,       -12.1773611,      -9.124917736
          0,           0,         473,      -14.60975273,      -12.06480941,      -12.16800186,      -9.116149719
          0,           0,         474,        -14.602095,       -12.0631651,      -12.17839779,      -9.120979265
          0,           0,         475,      -14.60910108,      -12.06234569,      -12.18928953,      -9.123921146
          0,           0,         476,      -14.60777416,       -12.0579457,      -12.17217562,      -9.115700667
          0,           0,         477,      -14.60635176,       -12.0516284,      -12.16977503,      -9.118126499
          0,           0,         478,      -14.61656772,      -12.07275733,      -12.18132939,      -9.119707577
          0,           0,         479,      -14.60617543,      -12.06533207,      -12.17155747,      -9.121011898
          0,           0,         480,      -14.61363574,      -12.06566918,      -12.17330455,      -9.123345604
          0,           0,         481,      -14.61180522,      -12.05160304,      -12.18239167,      -9.117893724
          0,           0,         482,      -14.61834776,      -12.07209638,      -12.19003204,      -9.129087512
          0,           0,         483,      -14.62542853,      -12.07156759,      -12.19839524,      -9.133799469
          0,           0,         484,      -14.60714706,      -12.05984221,       -12.1702166,      -9.119819814
          0,           0,         485,      -14.60960191,      -12.05497692,      -12.18921782,      -9.118408376
          0,           0,         486,      -14.60760096,      -12.06229833,      -12.17633682,      -9.121866222
          0,           0,         487,      -14.60495961,      -12.06913942,      -12.17313023,      -9.120443206
          0,           0,         488,      -14.60138772,       -12.0548154,      -12.18403837,      -9.111302333
          0,           0,         489,      -14.62462541,      -12.08057585,      -12.18154557,      -9.131879027
          0,           0,         490,      -14.62171175,       -12.0835832,      -12.17938464,      -9.135045078
          0,           0,         491,      -14.62436664,      -12.06946816,      -12.19284503,      -9.133182943
          0,           0,         492,      -14.60543815,      -12.04728382,      -12.18632399,      -9.118300456
          0,           0,         493,      -14.61860135,      -12.06740098,      -12.17413156,      -9.126056973
          0,           0,         494,      -14.59831707,      -12.07066928,      -12.17068019,      -9.116228294
          0,           0,         495,      -14.60399203,      -12.04275314,      -12.18390293,      -9.116071741
          0,           0,         496,      -14.60088066,      -12.05961771,      -12.19353787,      -9.117674882
          0,           0,         497,      -14.62091468,      -12.07148127,      -12.17861542,       -9.13035307
          0,           0,         498,      -14.62546801,       -12.0689035,       -12.1854818,      -9.124834726
          0,           0,         499,      -14.60903104,      -12.07495274,      -12.17519211,      -9.118291965
          0,           0,         500,      -14.61285753,      -12.07547821,      -12.16410903,      -9.126331678
          0,           0,         501,      -14.61062572,      -12.06585372,      -12.16413862,      -9.118703775
          0,           0,         502,      -14.61128721,      -12.06609235,      -12.17893886,      -9.123717316
          0,           0,         503,      -14.60872512,      -12.06904512,      -12.17606524,      -9.126018015
          0,           0,         504,      -14.62007032,      -12.08092771,      -12.16884189,      -9.125070628
          0,           0,         505,      -14.62714698,      -12.05473693,      -12.18007474,      -9.122457884
          0,           0,         506,      -14.61879798,      -12.06284581,      -12.17824697,      -9.123655596
          0,           0,         507,      -14.60597872,      -12.06435724,      -12.16294646,      -9.112563587
          0,           0,         508,      -14.62621904,      -12.08148657,      -12.18277879,      -9.133676967
          0,           0,         509,      -14.61424484,      -12.06507986,      -12.19716768,      -9.123535555
          0,           0,         510,        -14.610456,      -12.05633546,      -12.18086254,      -9.117562818
          0,           0,         511,      -14.60151121,      -12.05362376,       -12.1628939,      -9.108483394
          0,           0,         512,      -14.60915296,      -12.05616815,      -12.16891381,      -9.122577014
          0,           0,         513,      -14.62817731,      -12.04896359,      -12.18736103,       -9.12247953
          0,           0,         514,      -14.60016389,      -12.05963578,       -12.1828834,      -9.113991981
          0,           0,         515,      -14.60602737,      -12.06939515,      -12.16547007,      -9.117240639
          0,           0,         516,      -14.61402291,      -12.06709501,      -12.19479858,      -9.118093222
          0,           0,         517,      -14.59987214,      -12.06190549,      -12.17882863,      -9.112027862
          0,           0,         518,      -14.61189822,       -12.0600253,      -12.17917403,      -9.124451359
          0,           0,         519,      -14.61334152,      -12.08286233,      -12.18411593,      -9.131842542
          0,           0,         520,      -14.61248485,      -12.05392725,       -12.1773814,      -9.119671794
          0,           0,         521,      -14.62028418,       -12.0642265,       -12.1903764,      -9.126616758
          0,           0,         522,      -14.60033329,      -12.05626385,      -12.18128889,      -9.110357559
          0,           0,         523,      -14.61215142,      -12.05539395,      -12.18537618,      -9.114449282
          0,           0,         524,      -14.62000476,      -12.04979933,      -12.17006378,      -9.121498753
          0,           0,         525,      -14.59376916,      -12.05020202,      -12.16659099,      -9.105995424
          0,           0,         526,      -14.60139651,      -12.05468245,      -12.17995019,      -9.111576324
          0,           0,         527,      -14.62195948,      -12.07926851,      -12.18889803,      -9.136637264
          0,           0,         528,      -14.61334869,      -12.06313326,       -12.1672935,       -9.12447272
          0,           0,         529,       -14.6244651,      -12.07181349,       -12.1752229,      -9.130410505
          0,           0,         530,      -14.62005993,      -12.07497737,       -12.1847233,      -9.128363899
          0,           0,         531,      -14.61766373,      -12.05188703,      -12.18469794,      -9.125240095
          0,           0,         532,      -14.62079733,      -12.06544829,       -12.1847116,      -9.126491534
          0,           0,         533,      -14.61686372,      -12.06566134,      -12.17772257,      -9.121930728
          0,           0,         534,      -14.62960048,      -12.06607088,      -12.19051597,      -9.136223453
          0,           0,         535,      -14.61919835,      -12.06558493,      -12.18856171,      -9.125889551
          0,           0,         536,      -14.62080627,      -12.07322523,      -12.18372193,      -9.123355103
          0,           0,         537,      -14.63174339,      -12.07058817,      -12.18744083,      -9.131758067
          0,           0,         538,      -14.62225861,      -12.06942559,      -12.18594396,      -9.125394068
          0,           0,         539,      -14.60916077,      -12.04945735,       -12.1873069,      -9.112355275
          0,           0,         540,      -14.60676209,      -12.05081252,      -12.17352985,      -9.105504377
          0,           0,         541,      -14.60721778,      -12.07059209,      -12.17365043,      -9.126959193
          0,           0,         542,      -14.61697308,      -12.07292237,      -12.18187174,      -9.121909866
          0,           0,         543,      -14.61321715,      -12.06764102,      -12.17894722,      -9.126345993
          0,           0,         544,      -14.60740339,      -12.04793204,      -12.18290006,      -9.113632828
          0,           0,         545,      -14.60735037,      -12.05391932,      -12.18651778,      -9.116024954
          0,           0,         546,      -14.60937545,      -12.05267741,      -12.17089622,      -9.115733877
          0,           0,         547,      -14.62277086,      -12.07124956,      -12.19614214,      -9.134046511
          0,           0,         548,      -14.58874291,      -12.03445072,      -12.18341919,      -9.105982283
          0,           0,         549,      -14.61089158,       -12.0529923,      -12.16956499,      -9.114226065
          0,           0,         550,      -14.61208713,      -12.06912449,      -12.16751505,      -9.121725714
          0,           0,         551,      -14.62883872,      -12.06551289,      -12.18921233,      -9.131125406
          0,           0,         552,      -14.60288781,      -12.05492374,      -12.16658847,      -9.107594668
          0,           0,         553,      -14.60237753,       -12.0605173,      -12.18082641,      -9.114283396
          0,           0,         554,      -14.61749652,      -12.05958065,      -12.18705474,       -9.12313775
          0,           0,         555,      -14.61706132,      -12.05697111,      -12.20083409,      -9.118445462
          0,           0,         556,      -14.60500215,      -12.05541314,      -12.16104215,      -9.115957552
          0,           0,         557,      -14.61077031,      -12.05805891,      -12.18039636,      -9.114526487
          0,           0,         558,      -14.60179192,      -12.05552507,      -12.16298542,      -9.118882701
          0,           0,         559,      -14.60187159,      -12.04036196,      -12.16331843,      -9.106007163
          0,           0,         560,      -14.62559463,      -12.07349735,      -12.18015929,      -9.131960666
          0,           0,         561,      -14.60952224,      -12.03502581,      -12.17715848,      -9.111053172
          0,           0,         562,      -14.59364508,      -12.04405313,      -12.18055617,      -9.106125573
          0,           0,         563,      -14.60919897,      -12.05398417,       -12.1826145,      -9.115957489
          0,           0,         564,      -14.62023145,      -12.07277473,      -12.19453351,      -9.137146603
          0,           0,         565,      -14.61041123,        -12.066232,      -12.17413982,      -9.119344582
          0,           0,         566,      -14.61432386,      -12.06097421,       -12.1724735,      -9.112452832
          0,           0,         567,      -14.61239807,      -12.06159529,      -12.18113414,      -9.118681145
          0,           0,         568,      -14.60656715,      -12.06063742,      -12.18193652,       -9.11396743
          0,           0,         569,      -14.60488409,      -12.04874328,      -12.18291908,      -9.112580284
          0,           0,         570,      -14.62546251,      -12.06962617,      -12.18716172,      -9.138907369
          0,           0,         571,      -14.60431645,      -12.05769263,      -12.18913441,      -9.116475262
          0,           0,         572,       -14.6037518,      -12.05821922,      -12.17243581,      -9.114577937
          0,           0,         573,      -14.60389342,      -12.06012621,      -12.18006871,      -9.121829841
          0,           0,         574,      -14.59636035,      -12.04183404,      -12.17986365,      -9.107896388
          0,           0,         575,      -14.61241898,      -12.07553997,      -12.17594309,      -9.126646985
          0,           0,         576,      -14.61977548,      -12.06694557,      -12.18746107,      -9.119858537
          0,           0,         577,      -14.59122603,      -12.04490666,      -12.18068556,      -9.103851153
          0,           0,         578,      -14.62002223,      -12.06700728,        -12.189462,      -9.125633619
          0,           0,         579,      -14.58998217,      -12.03248638,      -12.18796527,      -9.103550877
          0,           0,         580,      -14.59734875,      -12.05298963,      -12.17537703,      -9.110671485
          0,           0,         581,      -14.59797102,      -12.03003686,      -12.18541061,       -9.09826462
          0,           0,         582,      -14.59091209,      -12.03339746,        -12.165925,      -9.102735171
          0,           0,         583,      -14.60802571,       -12.0644066,      -12.17458931,      -9.113799654
          0,           0,         584,       -14.6128023,      -12.06598504,       -12.1759358,      -9.115419931
          0,           0,         585,      -14.61691735,      -12.06634435,      -12.19035842,       -9.12690472
          0,           0,         586,      -14.60580746,      -12.04241542,      -12.17993744,      -9.111062677
          0,           0,         587,       -14.6157314,      -12.07717861,      -12.16567099,      -9.117247438
          0,           0,         588,      -14.61176193,      -12.06503695,      -12.16585088,      -9.121050237
          0,           0,         589,      -14.63147916,       -12.0828226,      -12.20772991,      -9.150104934
          0,           0,         590,      -14.63818968,      -12.08084193,      -12.18950046,      -9.141631948
          0,           0,         591,      -14.61104046,      -12.06508247,      -12.18485294,      -9.114916849
          0,           0,         592,      -14.60194161,        -12.052491,      -12.17925494,      -9.109695904
          0,           0,         593,      -14.58908726,      -12.03046767,      -12.16915491,      -9.096266392
          0,           0,         594,      -14.61926324,      -12.06712492,       -12.1855001,      -9.125085952
          0,           0,         595,      -14.61590934,      -12.06582178,       -12.1798143,      -9.124313574
          0,           0,         596,      -14.61440679,      -12.06687883,      -12.17471798,       -9.12375575
          0,           0,         597,      -14.61379193,      -12.06902056,      -12.17798041,      -9.121352018
          0,           0,         598,      -14.62080586,      -12.07449397,      -12.17696871,      -9.131957774
          0,           0,         599,      -14.61580689,      -12.05890222,      -12.19110979,      -9.125323572
          0,           0,         600,      -14.61829295,      -12.07178583,      -12.18986912,      -9.125083129
