VARIABLES = \
"Time_Iter","Outer_Iter","Inner_Iter",    "rms[Rho]"    ,    "rms[RhoU]"   ,    "rms[RhoV]"   ,    "rms[RhoE]"   
          0,           0,           0,      -1.494725632,      0.7029930396,       1.021504973,       3.964902571
          0,           0,           1,      -1.970656558,      0.4442429648,      0.5946063752,       3.502766192
          0,           0,           2,      -2.228666524,      0.2276888568,      0.3406106398,       3.249741796
          0,           0,           3,      -2.383192519,      0.0826163131,      0.1432426992,        3.09506457
          0,           0,           4,      -2.538018005,    -0.05333948067,    -0.03323569589,       2.940292588
          0,           0,           5,      -2.691819333,     -0.1748225164,     -0.1978414235,       2.785219604
          0,           0,           6,       -2.84186492,     -0.2811164194,     -0.3534345314,       2.633998483
          0,           0,           7,      -2.988666826,     -0.3752913275,     -0.5060613702,       2.487015273
          0,           0,           8,      -3.128901994,     -0.4567884672,     -0.6523885815,       2.347279064
          0,           0,           9,       -3.26337013,     -0.5300052033,     -0.7912636538,       2.214163565
          0,           0,          10,      -3.392473043,      -0.598567622,     -0.9240371425,       2.087171093
          0,           0,          11,      -3.513522025,     -0.6628366614,      -1.051334039,       1.968226564
          0,           0,          12,      -3.625081631,     -0.7223346387,      -1.170727936,       1.858691837
          0,           0,          13,      -3.727272098,     -0.7771412658,      -1.280016053,       1.759151617
          0,           0,          14,      -3.819623877,      -0.827709587,       -1.37986262,       1.670602992
          0,           0,          15,      -3.902366861,     -0.8744816047,      -1.470768728,       1.593056951
          0,           0,          16,      -3.976108063,     -0.9177619059,      -1.551589402,       1.525723042
          0,           0,          17,      -4.041380237,     -0.9580039531,      -1.622165299,       1.467237058
          0,           0,          18,      -4.100295985,     -0.9960351787,      -1.684554105,       1.414573583
          0,           0,          19,      -4.156029349,      -1.032923457,      -1.741053148,       1.364136507
          0,           0,          20,      -4.210598561,      -1.069635208,      -1.793453356,       1.313873153
          0,           0,          21,      -4.264103787,      -1.106781037,      -1.843397739,        1.26376416
          0,           0,          22,      -4.315454677,      -1.144534854,      -1.891910996,       1.214979369
          0,           0,          23,      -4.363749667,        -1.1827368,       -1.93903563,       1.168572537
          0,           0,          24,      -4.409140668,      -1.221078761,      -1.984577689,       1.124669573
          0,           0,          25,       -4.45262231,      -1.259256186,      -2.028927344,       1.082601417
          0,           0,          26,       -4.49524926,      -1.297017026,      -2.072952783,       1.041562227
          0,           0,          27,      -4.537553729,      -1.334148905,      -2.117262799,       1.001130234
          0,           0,          28,      -4.579441896,      -1.370453113,       -2.16172279,      0.9613763975
          0,           0,          29,      -4.620434015,      -1.405743278,      -2.205595476,      0.9226644076
          0,           0,          30,      -4.659995143,      -1.439870205,       -2.24804504,      0.8853683343
          0,           0,          31,      -4.697774612,      -1.472756903,      -2.288564206,      0.8496825369
          0,           0,          32,      -4.733650863,      -1.504421748,      -2.327089539,      0.8155972394
          0,           0,          33,      -4.767657033,      -1.534973234,      -2.363812372,      0.7829802594
          0,           0,          34,      -4.799908303,      -1.564582463,      -2.398943949,      0.7516598514
          0,           0,          35,      -4.830585406,      -1.593443582,      -2.432607306,       0.721457681
          0,           0,          36,      -4.859944202,      -1.621738586,      -2.464862432,      0.6921852498
          0,           0,          37,      -4.888310386,      -1.649613598,      -2.495795006,      0.6636344616
          0,           0,          38,      -4.916035795,      -1.677169749,       -2.52557413,      0.6355889153
          0,           0,          39,       -4.94343258,      -1.704462425,      -2.554443032,      0.6078556249
          0,           0,          40,      -4.970719406,      -1.731512954,      -2.582670627,      0.5802932079
          0,           0,          41,       -4.99800148,      -1.758317099,      -2.610496389,      0.5528295876
          0,           0,          42,      -5.025280588,      -1.784857929,      -2.638088357,      0.5254587732
          0,           0,          43,      -5.052485787,      -1.811111796,      -2.665539712,      0.4982275598
          0,           0,          44,      -5.079513753,      -1.837055778,       -2.69287907,      0.4712098987
          0,           0,          45,      -5.106265156,      -1.862672847,      -2.720088202,       0.444480931
          0,           0,          46,      -5.132661662,      -1.887953544,      -2.747119688,      0.4181037196
          0,           0,          47,      -5.158652021,      -1.912896825,      -2.773912671,       0.392122675
          0,           0,          48,      -5.184213783,      -1.937510682,      -2.800402519,      0.3665600713
          0,           0,          49,      -5.209348485,      -1.961811466,      -2.826530473,      0.3414175081
          0,           0,          50,      -5.234075588,      -1.985821489,      -2.852251552,      0.3166810379
          0,           0,          51,      -5.258430054,        -2.0095699,      -2.877535761,      0.2923209726
          0,           0,          52,       -5.28245566,       -2.03309008,       -2.90237398,      0.2682982719
          0,           0,          53,      -5.306205373,      -2.056418577,      -2.926769039,      0.2445660311
          0,           0,          54,      -5.329733148,      -2.079592553,      -2.950745154,       0.221074766
          0,           0,          55,      -5.353090282,      -2.102648052,      -2.974344729,      0.1977764167
          0,           0,          56,      -5.376323961,      -2.125619593,      -2.997612301,      0.1746256403
          0,           0,          57,      -5.399476363,      -2.148538808,      -3.020599015,      0.1515809022
          0,           0,          58,       -5.42258524,      -2.171434165,      -3.043361153,      0.1286041039
          0,           0,          59,      -5.445682922,      -2.194330384,      -3.065954376,      0.1056617967
          0,           0,          60,      -5.468795422,      -2.217248418,      -3.088431271,     0.08272590771
          0,           0,          61,      -5.491945825,      -2.240206359,      -3.110839063,     0.05977171202
          0,           0,          62,      -5.515152402,      -2.263219166,      -3.133221928,     0.03677845166
          0,           0,          63,      -5.538429126,      -2.286298422,      -3.155621105,     0.01372960764
          0,           0,          64,      -5.561785764,      -2.309453587,      -3.178065614,   -0.009387554771
          0,           0,          65,      -5.585231531,      -2.332692317,      -3.200580792,    -0.03258444493
          0,           0,          66,      -5.608770305,      -2.356020369,      -3.223191896,    -0.05586815686
          0,           0,          67,      -5.632405034,      -2.379442211,      -3.245910286,    -0.07924428387
          0,           0,          68,      -5.656140348,      -2.402961479,      -3.268744771,     -0.1027190842
          0,           0,          69,      -5.679977043,      -2.426580744,      -3.291703733,     -0.1262956337
          0,           0,          70,      -5.703915996,      -2.450301871,        -3.3147929,     -0.1499767263
          0,           0,          71,      -5.727956762,      -2.474126434,       -3.33801324,     -0.1737636971
          0,           0,          72,      -5.752099808,      -2.498055993,      -3.361367474,     -0.1976586999
          0,           0,          73,      -5.776344923,      -2.522090657,      -3.384856102,     -0.2216626467
          0,           0,          74,      -5.800690752,      -2.546230929,      -3.408479453,     -0.2457757649
          0,           0,          75,      -5.825136608,      -2.570476741,      -3.432236706,     -0.2699986215
          0,           0,          76,      -5.849683655,      -2.594827898,      -3.456126009,     -0.2943328905
          0,           0,          77,      -5.874330203,        -2.6192839,      -3.480147153,     -0.3187782026
          0,           0,          78,      -5.899072399,      -2.643843992,      -3.504300359,     -0.3433326041
          0,           0,          79,      -5.923908167,      -2.668507073,       -3.52858507,     -0.3679951748
          0,           0,          80,      -5.948836188,      -2.693272044,      -3.552998659,     -0.3927654324
          0,           0,          81,      -5.973855014,      -2.718137838,       -3.57753988,     -0.4176428638
          0,           0,          82,      -5.998962601,      -2.743103267,      -3.602209936,      -0.442626364
          0,           0,          83,      -6.024158244,      -2.768166336,      -3.627002853,     -0.4677156856
          0,           0,          84,      -6.049439619,       -2.79332499,      -3.651920029,     -0.4929096617
          0,           0,          85,      -6.074803422,      -2.818576943,      -3.676962248,     -0.5182061773
          0,           0,          86,      -6.100245915,      -2.843919961,      -3.702128568,     -0.5436027044
          0,           0,          87,      -6.125763396,      -2.869351705,      -3.727417245,     -0.5690966375
          0,           0,          88,      -6.151353169,      -2.894869804,      -3.752825883,     -0.5946860621
          0,           0,          89,      -6.177012576,      -2.920471989,      -3.778352517,     -0.6203692022
          0,           0,          90,      -6.202738514,      -2.946155667,      -3.803994956,     -0.6461437201
          0,           0,          91,        -6.2285276,      -2.971918217,      -3.829752932,     -0.6720071602
          0,           0,          92,      -6.254377544,      -2.997757115,      -3.855623557,      -0.697957839
          0,           0,          93,      -6.280286181,      -3.023669934,      -3.881604126,     -0.7239940851
          0,           0,          94,       -6.30624914,      -3.049654301,      -3.907693261,     -0.7501125866
          0,           0,          95,      -6.332262316,      -3.075707298,      -3.933889537,     -0.7763103062
          0,           0,          96,      -6.358321211,      -3.101826086,      -3.960189322,     -0.8025837411
          0,           0,          97,      -6.384423524,      -3.128008068,      -3.986589578,     -0.8289309843
          0,           0,          98,       -6.41056671,      -3.154250711,      -4.013086794,     -0.8553499085
          0,           0,          99,      -6.436747734,      -3.180551383,      -4.039680184,     -0.8818380785
          0,           0,         100,      -6.462963184,      -3.206907481,      -4.066367879,     -0.9083927478
          0,           0,         101,      -6.489209666,      -3.233316396,      -4.093147863,     -0.9350110914
          0,           0,         102,      -6.515484525,      -3.259775849,      -4.120021055,     -0.9616907112
          0,           0,         103,      -6.541785096,      -3.286283802,      -4.146981894,     -0.9884292556
          0,           0,         104,      -6.568108539,      -3.312837584,      -4.174022519,      -1.015224368
          0,           0,         105,      -6.594451774,      -3.339434556,      -4.201143309,      -1.042073346
          0,           0,         106,      -6.620811289,      -3.366072179,      -4.228342936,      -1.068973113
          0,           0,         107,      -6.647184737,      -3.392748085,      -4.255619475,       -1.09592134
          0,           0,         108,      -6.673570005,      -3.419459968,       -4.28297082,      -1.122915757
          0,           0,         109,      -6.699964878,      -3.446205567,      -4.310394643,      -1.149953976
          0,           0,         110,      -6.726366989,      -3.472982669,      -4.337888466,      -1.177033481
          0,           0,         111,      -6.752773961,      -3.499789102,       -4.36544973,       -1.20415171
          0,           0,         112,      -6.779183565,      -3.526622743,      -4.393075825,      -1.231306154
          0,           0,         113,      -6.805593805,      -3.553481519,      -4.420764121,      -1.258494412
          0,           0,         114,      -6.832002918,      -3.580363413,      -4.448512013,      -1.285714183
          0,           0,         115,      -6.858409302,       -3.60726646,       -4.47631695,      -1.312963221
          0,           0,         116,      -6.884811493,      -3.634188755,      -4.504176437,      -1.340239313
          0,           0,         117,      -6.911207932,      -3.661128254,      -4.532089357,       -1.36754005
          0,           0,         118,      -6.937597504,      -3.688083326,      -4.560052434,      -1.394863286
          0,           0,         119,      -6.963979809,      -3.715052466,      -4.588061807,      -1.422207657
          0,           0,         120,      -6.990353619,      -3.742033962,      -4.616115478,      -1.449570899
          0,           0,         121,      -7.016717737,      -3.769026154,      -4.644211381,      -1.476950655
          0,           0,         122,       -7.04307132,      -3.796027477,      -4.672347035,      -1.504344816
          0,           0,         123,      -7.069413814,      -3.823036464,      -4.700519862,      -1.531751468
          0,           0,         124,      -7.095744861,      -3.850051731,      -4.728727365,      -1.559168804
          0,           0,         125,      -7.122064228,      -3.877071972,      -4.756967122,      -1.586595067
          0,           0,         126,      -7.148371793,      -3.904095958,      -4.785236736,      -1.614028547
          0,           0,         127,      -7.174667553,       -3.93112254,      -4.813533812,      -1.641467595
          0,           0,         128,      -7.200951634,      -3.958150649,      -4.841855963,      -1.668910636
          0,           0,         129,      -7.227224289,      -3.985179298,      -4.870200823,      -1.696356181
          0,           0,         130,      -7.253485891,      -4.012207582,      -4.898566042,      -1.723802818
          0,           0,         131,      -7.279736922,      -4.039234674,      -4.926949295,      -1.751249213
          0,           0,         132,      -7.305977964,      -4.066259835,      -4.955348281,      -1.778694111
          0,           0,         133,      -7.332209698,      -4.093282403,      -4.983760729,      -1.806136334
          0,           0,         134,      -7.358432901,      -4.120301799,      -5.012184399,      -1.833574791
          0,           0,         135,      -7.384648441,      -4.147317525,      -5.040617088,      -1.861008472
          0,           0,         136,      -7.410858184,      -4.174329515,      -5.069056788,      -1.888437157
          0,           0,         137,      -7.437062179,      -4.201337161,      -5.097500967,      -1.915859337
          0,           0,         138,      -7.463261053,        -4.2283401,      -5.125948102,      -1.943273833
          0,           0,         139,      -7.489456516,      -4.255338183,      -5.154396005,       -1.97068045
          0,           0,         140,          -7.51565,      -4.282331341,      -5.182842809,      -1.998078807
          0,           0,         141,      -7.541842606,      -4.309319542,      -5.211286862,      -2.025468246
          0,           0,         142,      -7.568035531,      -4.336302813,      -5.239726234,      -2.052848265
          0,           0,         143,      -7.594230128,       -4.36328127,      -5.268158999,      -2.080218578
          0,           0,         144,      -7.620427825,      -4.390255105,      -5.296583385,         -2.107579
          0,           0,         145,      -7.646630057,      -4.417224582,      -5.324997761,      -2.134929412
          0,           0,         146,      -7.672838269,      -4.444190032,      -5.353400646,      -2.162269766
          0,           0,         147,      -7.699053919,      -4.471151856,      -5.381790664,        -2.1896001
          0,           0,         148,      -7.725278479,      -4.498110517,      -5.410166515,       -2.21692054
          0,           0,         149,      -7.751513438,      -4.525066541,       -5.43852697,        -2.2442313
          0,           0,         150,      -7.777760295,      -4.552020508,      -5.466870891,      -2.271532677
          0,           0,         151,      -7.804020545,      -4.578973055,      -5.495197229,       -2.29882504
          0,           0,         152,      -7.830295675,      -4.605924866,      -5.523505056,      -2.326108828
          0,           0,         153,      -7.856587162,      -4.632876673,      -5.551793535,      -2.353384553
          0,           0,         154,       -7.88289647,      -4.659829253,      -5.580061936,       -2.38065279
          0,           0,         155,      -7.909225048,      -4.686783423,      -5.608309635,      -2.407914178
          0,           0,         156,      -7.935574324,      -4.713740036,      -5.636536102,      -2.435169417
          0,           0,         157,      -7.961945704,      -4.740699982,      -5.664740916,      -2.462419262
          0,           0,         158,       -7.98834021,      -4.767664018,      -5.692924644,      -2.489664192
          0,           0,         159,      -8.014759115,      -4.794633089,      -5.721085548,      -2.516904741
          0,           0,         160,      -8.041204674,      -4.821608381,      -5.749222764,      -2.544142962
          0,           0,         161,      -8.067678101,      -4.848590931,      -5.777337567,      -2.571379805
          0,           0,         162,      -8.094180078,      -4.875581688,      -5.805430822,      -2.598615621
          0,           0,         163,      -8.120711716,      -4.902581661,      -5.833502356,      -2.625851287
          0,           0,         164,      -8.147274339,      -4.929591904,      -5.861551791,      -2.653087998
          0,           0,         165,      -8.173869322,      -4.956613496,      -5.889579689,      -2.680327037
          0,           0,         166,      -8.200497821,      -4.983647498,      -5.917586649,      -2.707569541
          0,           0,         167,      -8.227160836,      -5.010694964,      -5.945573173,       -2.73481656
          0,           0,         168,      -8.253859365,      -5.037756949,      -5.973539858,      -2.762069183
          0,           0,         169,      -8.280594392,      -5.064834513,      -6.001487382,      -2.789328533
          0,           0,         170,      -8.307366867,      -5.091928718,      -6.029416483,      -2.816595756
          0,           0,         171,      -8.334177699,      -5.119040616,      -6.057327949,      -2.843871998
          0,           0,         172,      -8.361027764,      -5.146171259,      -6.085222664,       -2.87115842
          0,           0,         173,      -8.387917914,      -5.173321689,      -6.113101554,      -2.898456193
          0,           0,         174,       -8.41484897,      -5.200492939,      -6.140965634,      -2.925766494
          0,           0,         175,       -8.44182169,      -5.227686028,       -6.16881597,      -2.953090475
          0,           0,         176,      -8.468836816,      -5.254901966,      -6.196653676,      -2.980429292
          0,           0,         177,      -8.495895048,      -5.282141745,        -6.2244799,      -3.007784094
          0,           0,         178,      -8.522997056,      -5.309406344,      -6.252295852,      -3.035156022
          0,           0,         179,      -8.550143456,      -5.336696721,      -6.280102742,      -3.062546185
          0,           0,         180,      -8.577334854,      -5.364013821,      -6.307901853,      -3.089955704
          0,           0,         181,      -8.604571811,      -5.391358566,      -6.335694447,      -3.117385668
          0,           0,         182,      -8.631854861,      -5.418731858,       -6.36348184,      -3.144837155
          0,           0,         183,      -8.659184509,       -5.44613458,      -6.391265371,      -3.172311226
          0,           0,         184,      -8.686561221,      -5.473567593,      -6.419046386,      -3.199808921
          0,           0,         185,      -8.713985432,      -5.501031734,      -6.446826192,       -3.22733125
          0,           0,         186,      -8.741457577,      -5.528527819,      -6.474606224,       -3.25487922
          0,           0,         187,      -8.768978027,      -5.556056642,      -6.502387797,        -3.2824538
          0,           0,         188,      -8.796547135,      -5.583618971,      -6.530172254,      -3.310055929
          0,           0,         189,      -8.824165251,      -5.611215553,      -6.557961016,      -3.337686544
          0,           0,         190,      -8.851832684,      -5.638847112,      -6.585755428,       -3.36534655
          0,           0,         191,       -8.87954969,      -5.666514343,      -6.613556792,      -3.393036794
          0,           0,         192,      -8.907316571,      -5.694217924,      -6.641366489,      -3.420758161
          0,           0,         193,      -8.935133554,      -5.721958508,      -6.669185843,      -3.448511457
          0,           0,         194,      -8.963000855,       -5.74973672,      -6.697016145,      -3.476297479
          0,           0,         195,       -8.99091868,      -5.777553166,      -6.724858702,      -3.504117014
          0,           0,         196,       -9.01888719,      -5.805408429,      -6.752714776,      -3.531970779
          0,           0,         197,      -9.046906575,      -5.833303065,      -6.780585607,      -3.559859517
          0,           0,         198,      -9.074976956,      -5.861237614,      -6.808472449,      -3.587783914
          0,           0,         199,      -9.103098496,      -5.889212589,      -6.836376503,      -3.615744655
          0,           0,         200,      -9.131271269,      -5.917228482,      -6.864298969,       -3.64374236
          0,           0,         201,      -9.159495385,      -5.945285764,      -6.892240957,      -3.671777659
          0,           0,         202,      -9.187770942,      -5.973384884,      -6.920203567,      -3.699851149
          0,           0,         203,      -9.216098005,      -6.001526274,      -6.948188016,       -3.72796341
          0,           0,         204,      -9.244476606,      -6.029710341,      -6.976195275,      -3.756114945
          0,           0,         205,       -9.27290682,      -6.057937475,      -7.004226466,      -3.784306334
          0,           0,         206,       -9.30138864,      -6.086208049,      -7.032282516,      -3.812538022
          0,           0,         207,      -9.329922151,      -6.114522411,       -7.06036438,      -3.840810536
          0,           0,         208,      -9.358507341,      -6.142880902,      -7.088473176,      -3.869124315
          0,           0,         209,      -9.387144227,      -6.171283841,      -7.116609784,      -3.897479847
          0,           0,         210,      -9.415832685,       -6.19973151,      -7.144774857,       -3.92587736
          0,           0,         211,      -9.444572856,      -6.228224211,      -7.172969604,      -3.954317441
          0,           0,         212,      -9.473364665,      -6.256762206,      -7.201194711,      -3.982800407
          0,           0,         213,      -9.502208074,      -6.285345747,      -7.229450892,      -4.011326607
          0,           0,         214,      -9.531103077,       -6.31397507,      -7.257739114,      -4.039896402
          0,           0,         215,       -9.56004966,      -6.342650407,      -7.286060066,      -4.068510137
          0,           0,         216,      -9.589047625,      -6.371371956,      -7.314414375,      -4.097167976
          0,           0,         217,      -9.618097117,      -6.400139926,      -7.342802758,      -4.125870359
          0,           0,         218,       -9.64719792,        -6.4289545,      -7.371225986,       -4.15461747
          0,           0,         219,      -9.676350091,      -6.457815845,      -7.399684587,       -4.18340962
          0,           0,         220,      -9.705553417,      -6.486724115,      -7.428179291,      -4.212246919
          0,           0,         221,       -9.73480803,      -6.515679484,      -7.456710475,      -4.241129784
          0,           0,         222,      -9.764113798,      -6.544682085,      -7.485279098,      -4.270058425
          0,           0,         223,      -9.793470571,      -6.573732033,      -7.513885226,      -4.299032832
          0,           0,         224,      -9.822878376,      -6.602829477,      -7.542529806,      -4.328053418
          0,           0,         225,      -9.852337008,      -6.631974508,      -7.571213053,      -4.357120208
          0,           0,         226,      -9.881846505,      -6.661167241,        -7.5999355,      -4.386233454
          0,           0,         227,      -9.911406825,      -6.690407778,      -7.628697717,      -4.415393383
          0,           0,         228,      -9.941017704,      -6.719696198,      -7.657500136,      -4.444599908
          0,           0,         229,      -9.970679178,      -6.749032578,      -7.686342499,      -4.473853233
          0,           0,         230,      -10.00039132,      -6.778417032,      -7.715226347,      -4.503153768
          0,           0,         231,      -10.03015402,      -6.807849628,      -7.744151431,      -4.532501516
          0,           0,         232,      -10.05996688,      -6.837330376,      -7.773117959,      -4.561896281
          0,           0,         233,      -10.08982997,      -6.866859381,      -7.802126679,      -4.591338328
          0,           0,         234,      -10.11974337,      -6.896436695,      -7.831177611,      -4.620827958
          0,           0,         235,      -10.14970708,      -6.926062419,      -7.860271154,      -4.650365271
          0,           0,         236,      -10.17972093,      -6.955736547,      -7.889407739,      -4.679950279
          0,           0,         237,      -10.20978458,       -6.98545911,      -7.918586979,      -4.709582753
          0,           0,         238,      -10.23989832,      -7.015230222,      -7.947810757,      -4.739263071
          0,           0,         239,      -10.27006201,      -7.045049867,      -7.977077676,      -4.768991453
          0,           0,         240,      -10.30027546,      -7.074918113,      -8.006388459,      -4.798767573
          0,           0,         241,      -10.33053888,      -7.104835006,      -8.035743493,      -4.828591805
          0,           0,         242,      -10.36085194,      -7.134800592,      -8.065143188,      -4.858464127
          0,           0,         243,      -10.39121482,      -7.164814839,      -8.094587498,       -4.88838449
          0,           0,         244,      -10.42162663,      -7.194877847,      -8.124076262,      -4.918352775
          0,           0,         245,      -10.45208946,       -7.22498977,      -8.153610859,      -4.948370524
          0,           0,         246,      -10.48260091,      -7.255150413,      -8.183190203,      -4.978435527
          0,           0,         247,      -10.51316178,      -7.285359929,      -8.212814004,      -5.008548981
          0,           0,         248,      -10.54377297,       -7.31561846,      -8.242484856,      -5.038711776
          0,           0,         249,      -10.57443352,      -7.345925897,      -8.272200724,      -5.068922489
          0,           0,         250,      -10.60514244,       -7.37628224,      -8.301962067,      -5.099180731
          0,           0,         251,       -10.6359024,      -7.406687754,       -8.33176961,      -5.129489093
          0,           0,         252,      -10.66671147,      -7.437142419,      -8.361623815,      -5.159846128
          0,           0,         253,      -10.69757052,       -7.46764621,      -8.391524069,       -5.19025192
          0,           0,         254,      -10.72847858,      -7.498199189,      -8.421471098,      -5.220706102
          0,           0,         255,      -10.75943571,      -7.528801411,      -8.451464091,      -5.251209143
          0,           0,         256,      -10.79044232,      -7.559452901,      -8.481504021,      -5.281760401
          0,           0,         257,      -10.82150007,      -7.590154013,      -8.511591141,      -5.312362408
          0,           0,         258,      -10.85260608,      -7.620904465,      -8.541725303,      -5.343012568
          0,           0,         259,      -10.88376191,      -7.651704468,      -8.571905916,      -5.373711718
          0,           0,         260,      -10.91496921,       -7.68255434,      -8.602134317,      -5.404462313
          0,           0,         261,      -10.94622518,       -7.71345375,      -8.632408915,      -5.435260572
          0,           0,         262,      -10.97753102,      -7.744403027,      -8.662733167,      -5.466108701
          0,           0,         263,       -11.0088855,      -7.775401958,      -8.693099032,      -5.497004169
          0,           0,         264,      -11.04029247,      -7.806451412,      -8.723522822,      -5.527953177
          0,           0,         265,        -11.071749,      -7.837550778,      -8.753987279,      -5.558950281
          0,           0,         266,      -11.10325499,      -7.868700478,      -8.784502509,      -5.589996356
          0,           0,         267,      -11.13481144,      -7.899900182,      -8.815064909,      -5.621092446
          0,           0,         268,      -11.16641869,      -7.931150729,      -8.845677837,      -5.652239842
          0,           0,         269,      -11.19807773,      -7.962452063,      -8.876334195,      -5.683438411
          0,           0,         270,      -11.22978628,      -7.993804195,      -8.907040176,      -5.714685471
          0,           0,         271,      -11.26154828,      -8.025207212,      -8.937796006,      -5.745984597
          0,           0,         272,      -11.29335812,      -8.056661088,      -8.968599245,      -5.777333137
          0,           0,         273,      -11.32522189,      -8.088166662,       -8.99945304,       -5.80873481
          0,           0,         274,      -11.35713673,      -8.119723843,      -9.030358978,      -5.840187477
          0,           0,         275,      -11.38910177,      -8.151332601,      -9.061310269,      -5.871689222
          0,           0,         276,       -11.4211198,      -8.182992844,      -9.092308644,       -5.90324302
          0,           0,         277,      -11.45319164,      -8.214705892,      -9.123362404,      -5.934851746
          0,           0,         278,      -11.48531335,      -8.246471089,      -9.154458261,      -5.966508003
          0,           0,         279,      -11.51748612,      -8.278288289,      -9.185626017,       -5.99821745
          0,           0,         280,      -11.54971554,      -8.310158592,      -9.216807394,      -6.029979063
          0,           0,         281,      -11.58200006,      -8.342082478,      -9.248062831,      -6.061796843
          0,           0,         282,      -11.61433204,      -8.374058445,      -9.279360929,      -6.093660564
          0,           0,         283,      -11.64672401,      -8.406089263,      -9.310716846,      -6.125583796
          0,           0,         284,      -11.67916787,      -8.438174128,      -9.342123403,      -6.157561918
          0,           0,         285,      -11.71166507,      -8.470311901,      -9.373572327,      -6.189588763
          0,           0,         286,      -11.74421516,      -8.502504929,      -9.405074267,      -6.221670644
          0,           0,         287,      -11.77681956,      -8.534752527,       -9.43663284,       -6.25380363
          0,           0,         288,      -11.80949057,      -8.567055973,      -9.468245541,      -6.286000008
          0,           0,         289,      -11.84220244,      -8.599414757,      -9.499917543,      -6.318242699
          0,           0,         290,      -11.87497772,      -8.631828406,      -9.531612165,       -6.35054402
          0,           0,         291,      -11.90781151,      -8.664299921,      -9.563364026,      -6.382903692
          0,           0,         292,       -11.9407034,      -8.696827373,      -9.595214824,      -6.415316862
          0,           0,         293,      -11.97364074,      -8.729410139,      -9.627059426,      -6.447770605
          0,           0,         294,      -12.00665683,       -8.76205462,      -9.659001282,      -6.480317519
          0,           0,         295,      -12.03972643,      -8.794754698,      -9.690959222,       -6.51289325
          0,           0,         296,      -12.07284085,      -8.827511772,      -9.723007563,      -6.545532162
          0,           0,         297,      -12.10601626,      -8.860328755,      -9.755088103,      -6.578218485
          0,           0,         298,      -12.13926261,      -8.893207516,      -9.787271072,      -6.610999347
          0,           0,         299,      -12.17257741,      -8.926142686,      -9.819420585,       -6.64379951
          0,           0,         300,      -12.20595511,      -8.959139175,       -9.85167101,      -6.676693674
          0,           0,         301,      -12.23937422,      -8.992200269,      -9.883969706,      -6.709629235
          0,           0,         302,        -12.272856,      -9.025318792,       -9.91632389,      -6.742612085
          0,           0,         303,      -12.30639293,      -9.058501704,      -9.948803411,      -6.775686268
          0,           0,         304,      -12.34001527,      -9.091742946,      -9.981262027,      -6.808781738
          0,           0,         305,      -12.37368898,      -9.125047317,      -10.01378747,      -6.841953908
          0,           0,         306,      -12.40743479,      -9.158417202,      -10.04637144,      -6.875215344
          0,           0,         307,      -12.44126544,      -9.191854928,      -10.07897742,      -6.908526383
          0,           0,         308,      -12.47512218,       -9.22535811,      -10.11176275,      -6.941908788
          0,           0,         309,      -12.50907799,      -9.258923834,      -10.14460154,      -6.975329942
          0,           0,         310,      -12.54303365,      -9.292553274,      -10.17729611,      -7.008793061
          0,           0,         311,      -12.57713942,      -9.326255425,      -10.21023916,      -7.042384884
          0,           0,         312,      -12.61133207,      -9.360020036,      -10.24318313,      -7.076031097
          0,           0,         313,      -12.64551631,      -9.393856277,      -10.27618607,      -7.109720148
          0,           0,         314,      -12.67980706,      -9.427762605,      -10.30921524,      -7.143458408
          0,           0,         315,      -12.71415963,      -9.461737467,      -10.34240851,      -7.177302073
          0,           0,         316,      -12.74857357,      -9.495787309,      -10.37563957,        -7.2111992
          0,           0,         317,       -12.7831346,      -9.529910777,       -10.4088416,      -7.245196549
          0,           0,         318,      -12.81767407,      -9.564096044,      -10.44220027,      -7.279226233
          0,           0,         319,      -12.85234979,      -9.598359518,      -10.47549791,      -7.313360784
          0,           0,         320,      -12.88714653,        -9.6327007,      -10.50892107,      -7.347517123
          0,           0,         321,      -12.92194113,      -9.667122777,      -10.54248089,      -7.381851365
          0,           0,         322,      -12.95670388,      -9.701608557,      -10.57600503,      -7.416092428
          0,           0,         323,      -12.99169632,      -9.736170669,      -10.60957253,      -7.450465764
          0,           0,         324,      -13.02674954,      -9.770819172,      -10.64343006,       -7.48499394
          0,           0,         325,      -13.06195306,      -9.805539516,      -10.67728633,        -7.5195686
          0,           0,         326,      -13.09711956,      -9.840354015,      -10.71097325,       -7.55411959
          0,           0,         327,       -13.1322106,      -9.875207642,       -10.7448002,      -7.588632678
          0,           0,         328,      -13.16778749,      -9.910215264,      -10.77914096,      -7.623770815
          0,           0,         329,      -13.20301416,      -9.945239795,      -10.81260343,       -7.65842404
          0,           0,         330,       -13.2386174,      -9.980358631,      -10.84727972,       -7.69332454
          0,           0,         331,       -13.2742103,      -10.01558966,      -10.88169166,      -7.728526877
          0,           0,         332,      -13.30995311,      -10.05087955,      -10.91530407,      -7.763555695
          0,           0,         333,      -13.34555384,      -10.08624545,      -10.94975576,      -7.798388407
          0,           0,         334,       -13.3813221,      -10.12182919,      -10.98405239,      -7.834196716
          0,           0,         335,      -13.41731933,      -10.15731158,       -11.0185673,      -7.869220285
          0,           0,         336,      -13.45351733,      -10.19295085,      -11.05240951,      -7.904536395
          0,           0,         337,      -13.48953531,      -10.22873229,        -11.087004,      -7.939955923
          0,           0,         338,       -13.5256696,      -10.26451647,      -11.12189321,      -7.975170099
          0,           0,         339,      -13.56152195,      -10.30049403,      -11.15677859,      -8.010921795
          0,           0,         340,      -13.59782269,       -10.3365027,      -11.19132987,      -8.046396837
          0,           0,         341,      -13.63368538,      -10.37248897,      -11.22452422,      -8.081436924
          0,           0,         342,      -13.66980914,      -10.40873926,      -11.26004752,      -8.117457821
          0,           0,         343,      -13.70591969,      -10.44499529,      -11.29509299,      -8.152986673
          0,           0,         344,      -13.74305929,      -10.48138514,      -11.32893379,      -8.189318498
          0,           0,         345,      -13.77913526,      -10.51787394,      -11.36435388,      -8.224870684
          0,           0,         346,      -13.81520712,      -10.55446238,      -11.39955201,      -8.260625433
          0,           0,         347,      -13.85046147,      -10.59107943,      -11.43328652,      -8.295457089
          0,           0,         348,      -13.88796476,      -10.62781699,      -11.46798106,      -8.332342213
          0,           0,         349,       -13.9228033,       -10.6646923,      -11.50202721,      -8.367760351
          0,           0,         350,      -13.95931224,      -10.70158063,      -11.53683612,      -8.403198871
          0,           0,         351,      -13.99271809,      -10.73850515,      -11.56959686,       -8.43752105
          0,           0,         352,       -14.0304375,      -10.77580206,      -11.60336009,      -8.475643088
          0,           0,         353,      -14.06609274,       -10.8125973,      -11.63519579,      -8.508723354
          0,           0,         354,      -14.09813036,       -10.8498235,      -11.66714362,      -8.543009834
          0,           0,         355,      -14.13017303,       -10.8869237,      -11.70277388,      -8.575537271
          0,           0,         356,      -14.16446336,      -10.92442165,      -11.73279153,       -8.60977036
          0,           0,         357,      -14.20019243,      -10.96203422,      -11.76314524,      -8.646439091
          0,           0,         358,      -14.23101995,      -10.99918217,      -11.79817916,      -8.678778607
          0,           0,         359,      -14.25940439,      -11.03634641,      -11.82097734,       -8.70609609
          0,           0,         360,      -14.28996353,      -11.07431386,      -11.85680987,      -8.741813006
          0,           0,         361,      -14.31179141,      -11.11046666,      -11.88211125,      -8.762588333
          0,           0,         362,      -14.34718267,      -11.14854251,      -11.91195344,      -8.799362082
          0,           0,         363,      -14.37109427,      -11.18540092,      -11.93420732,      -8.825031368
          0,           0,         364,      -14.40035871,      -11.22379013,      -11.96085986,      -8.858808132
          0,           0,         365,       -14.4254996,      -11.26075921,      -11.98726663,      -8.883910824
          0,           0,         366,      -14.44758951,      -11.29756881,      -12.00614963,       -8.91185665
          0,           0,         367,      -14.46571099,      -11.33295621,      -12.02536745,      -8.929900545
          0,           0,         368,      -14.48612768,      -11.37073368,      -12.04079981,      -8.953342704
          0,           0,         369,      -14.49480739,       -11.4056785,      -12.05574687,      -8.963886417
          0,           0,         370,      -14.51494886,      -11.44328401,      -12.07587846,       -8.99284213
          0,           0,         371,      -14.51557382,      -11.47684197,       -12.0813602,       -8.99526364
          0,           0,         372,      -14.53530117,      -11.51190108,      -12.08505959,       -9.00532088
          0,           0,         373,      -14.52855917,      -11.54681846,      -12.11634852,      -9.018674068
          0,           0,         374,       -14.5442739,      -11.58146972,      -12.11540487,      -9.042289576
          0,           0,         375,      -14.55839619,      -11.61379879,      -12.13292258,      -9.051354369
          0,           0,         376,      -14.55161929,       -11.6474838,      -12.12211931,       -9.05431415
          0,           0,         377,       -14.5753326,       -11.6758139,      -12.14305324,      -9.075948773
          0,           0,         378,      -14.57526601,      -11.70753743,      -12.13806005,       -9.07434257
          0,           0,         379,      -14.57926201,      -11.73298244,      -12.15174015,      -9.074847512
          0,           0,         380,      -14.57287632,      -11.75464679,      -12.13133284,      -9.077520669
          0,           0,         381,       -14.5875546,       -11.7880303,      -12.16227332,      -9.092556346
          0,           0,         382,      -14.58996089,      -11.81309442,      -12.15660086,      -9.098143776
          0,           0,         383,      -14.60191153,      -11.83074332,      -12.16805855,      -9.098137814
          0,           0,         384,      -14.60159038,      -11.85513013,      -12.17432076,      -9.103103354
          0,           0,         385,      -14.60499284,      -11.87810215,      -12.18661761,      -9.108234873
          0,           0,         386,      -14.60852026,      -11.89482645,      -12.16958977,      -9.114680244
          0,           0,         387,      -14.60951582,      -11.91159362,      -12.18335225,      -9.107446265
          0,           0,         388,      -14.59406799,      -11.92627575,      -12.16118175,      -9.098059504
          0,           0,         389,       -14.5971452,      -11.93367538,      -12.17422712,      -9.097668299
          0,           0,         390,      -14.59161369,      -11.95486233,      -12.17180327,      -9.106032087
          0,           0,         391,      -14.61267823,      -11.96457736,      -12.18832256,      -9.110864002
          0,           0,         392,      -14.61038979,      -11.97356247,      -12.18014271,      -9.113792976
          0,           0,         393,      -14.61214786,      -11.98579944,      -12.18301633,      -9.118168772
          0,           0,         394,      -14.61343276,      -11.99936566,      -12.17403076,       -9.11711407
          0,           0,         395,      -14.60940374,      -11.99775899,      -12.17961127,      -9.112389372
          0,           0,         396,      -14.60953694,      -12.00648748,      -12.15858917,      -9.116492611
          0,           0,         397,        -14.618299,      -12.01591198,       -12.1737483,      -9.123644135
          0,           0,         398,      -14.59113499,      -11.99993875,      -12.16794368,      -9.102169215
          0,           0,         399,      -14.61260354,      -12.02604563,      -12.18594693,      -9.129642423
          0,           0,         400,      -14.60902161,      -12.02220275,      -12.18276586,      -9.117858375
          0,           0,         401,      -14.58450581,      -11.99688154,       -12.1817475,      -9.099416085
          0,           0,         402,      -14.59974351,      -12.01804896,      -12.17678812,       -9.11138365
          0,           0,         403,      -14.62315408,      -12.03872347,      -12.18375845,      -9.130217975
          0,           0,         404,       -14.6226496,      -12.05208452,      -12.20123893,      -9.136332977
          0,           0,         405,      -14.61792512,      -12.04074951,      -12.19171898,      -9.122822783
          0,           0,         406,      -14.60922157,      -12.04514612,      -12.16764916,       -9.11887919
          0,           0,         407,       -14.6241227,      -12.04411292,      -12.18216975,      -9.120489934
          0,           0,         408,      -14.60699084,      -12.04092473,       -12.1681647,      -9.118005332
          0,           0,         409,      -14.61144326,      -12.03662207,      -12.18884854,      -9.118377519
          0,           0,         410,      -14.59803088,      -12.04178552,      -12.17086392,      -9.109714078
          0,           0,         411,      -14.62039937,      -12.05746688,      -12.18402045,      -9.128771409
          0,           0,         412,      -14.59895989,      -12.04387406,      -12.17398846,      -9.113899099
          0,           0,         413,      -14.60357681,      -12.04384956,      -12.16100688,      -9.111343356
          0,           0,         414,      -14.61363287,      -12.05147522,      -12.17456651,      -9.119888301
          0,           0,         415,      -14.60876711,      -12.04597435,       -12.1789093,      -9.113668077
          0,           0,         416,      -14.61036828,      -12.04651739,      -12.17923381,      -9.117650803
          0,           0,         417,      -14.61441708,      -12.05056588,      -12.18368899,      -9.113722589
          0,           0,         418,       -14.6027339,      -12.04856944,      -12.16782852,       -9.10975421
          0,           0,         419,      -14.61425081,       -12.0526387,      -12.18305268,       -9.11618326
          0,           0,         420,      -14.60730282,      -12.05304781,      -12.17783755,       -9.10858932
          0,           0,         421,      -14.60528694,      -12.05820433,      -12.17494221,      -9.118711142
          0,           0,         422,      -14.59457963,       -12.0557445,      -12.18039686,      -9.109740297
          0,           0,         423,      -14.60700478,      -12.06813827,      -12.18663624,      -9.121324614
          0,           0,         424,      -14.61118956,      -12.05526029,      -12.18272172,      -9.121344459
          0,           0,         425,      -14.60291912,       -12.0559215,      -12.16452603,      -9.113537643
          0,           0,         426,      -14.58472344,      -12.03319156,       -12.1780681,       -9.09494686
          0,           0,         427,      -14.59738505,      -12.03978565,         -12.17159,      -9.110953848
          0,           0,         428,      -14.60258126,      -12.05345314,      -12.16693046,      -9.115911787
          0,           0,         429,      -14.60520812,      -12.06136931,      -12.16573134,      -9.114958449
          0,           0,         430,      -14.61034515,      -12.06052593,      -12.17631702,      -9.128101376
          0,           0,         431,      -14.61056657,      -12.06301614,      -12.19078867,      -9.127521358
          0,           0,         432,      -14.62544525,      -12.06224038,      -12.18061345,      -9.126946974
          0,           0,         433,      -14.61293213,      -12.05379599,      -12.17656283,        -9.1192097
          0,           0,         434,      -14.59725625,      -12.06950323,      -12.16840044,      -9.111537899
          0,           0,         435,      -14.62143489,      -12.06368188,      -12.17717576,      -9.121571141
          0,           0,         436,      -14.62469311,      -12.07879013,      -12.19934457,      -9.130234148
          0,           0,         437,      -14.62230351,      -12.06482868,      -12.19025974,      -9.127767678
          0,           0,         438,      -14.59771651,      -12.04360974,      -12.17367902,       -9.10314843
          0,           0,         439,      -14.60479183,      -12.06116971,      -12.18466274,      -9.112659233
          0,           0,         440,      -14.60228484,      -12.06067039,      -12.17770267,       -9.11115607
          0,           0,         441,      -14.61520217,      -12.05479587,      -12.18561283,      -9.119105328
          0,           0,         442,      -14.60264994,      -12.06743248,      -12.17488819,        -9.1143389
          0,           0,         443,      -14.62146438,      -12.06122794,      -12.17273787,      -9.117568614
          0,           0,         444,      -14.61320301,      -12.06372079,      -12.19113822,      -9.122772904
          0,           0,         445,      -14.60275587,      -12.05758155,      -12.16383104,      -9.108251356
          0,           0,         446,      -14.60606347,      -12.04992383,      -12.17423893,      -9.111331783
          0,           0,         447,      -14.61986916,      -12.05100223,       -12.1828756,      -9.116498865
          0,           0,         448,      -14.60882481,      -12.05615837,      -12.19901301,      -9.131221259
          0,           0,         449,      -14.60712724,      -12.05478986,      -12.18086009,      -9.117365409
          0,           0,         450,      -14.59899856,      -12.02707024,      -12.17146634,      -9.094962022
          0,           0,         451,      -14.61826297,      -12.05642924,      -12.17105061,      -9.126054275
          0,           0,         452,      -14.60375028,      -12.04204618,       -12.1765444,      -9.114835218
          0,           0,         453,       -14.6080169,      -12.05389511,      -12.18098659,      -9.116892548
          0,           0,         454,      -14.61390625,      -12.03773892,      -12.19282088,      -9.108051538
          0,           0,         455,      -14.60748471,      -12.03584453,      -12.18284945,       -9.10441184
          0,           0,         456,      -14.59330861,       -12.0508516,      -12.17127877,      -9.108558012
          0,           0,         457,      -14.61044628,      -12.05106187,      -12.18506059,      -9.114846305
          0,           0,         458,      -14.60732498,      -12.05546105,      -12.18158238,      -9.115409093
          0,           0,         459,      -14.60753179,      -12.05649905,      -12.18566145,      -9.116593541
          0,           0,         460,       -14.6008705,      -12.06492179,      -12.16714867,      -9.107116802
          0,           0,         461,      -14.60253545,       -12.0440588,      -12.15863699,      -9.111455325
          0,           0,         462,      -14.60624008,       -12.0646192,      -12.17320089,      -9.123100201
          0,           0,         463,      -14.59977888,      -12.04914911,      -12.16882015,      -9.113240804
          0,           0,         464,        -14.611543,      -12.04228683,      -12.18445911,      -9.102834211
          0,           0,         465,      -14.60167126,      -12.05615318,      -12.15633575,      -9.111802037
          0,           0,         466,      -14.59623237,      -12.04719102,      -12.16399072,      -9.110778633
          0,           0,         467,      -14.59684751,      -12.05556608,      -12.14628317,      -9.102803762
          0,           0,         468,       -14.6014943,      -12.05669632,      -12.17402888,      -9.116202273
          0,           0,         469,      -14.60838459,      -12.05616902,      -12.17887302,      -9.106764657
          0,           0,         470,      -14.61346025,       -12.0620976,      -12.17284333,      -9.121021809
          0,           0,         471,      -14.61176581,      -12.06426923,      -12.18210335,      -9.120514676
          0,           0,         472,      -14.60415287,      -12.05113339,      -12.15973109,      -9.105238371
          0,           0,         473,      -14.59999486,      -12.05341399,      -12.16817688,      -9.106725745
          0,           0,         474,       -14.6003495,      -12.04090201,      -12.18161187,      -9.107575208
          0,           0,         475,      -14.61571884,      -12.06249724,      -12.18175979,      -9.124093316
          0,           0,         476,       -14.6246057,      -12.05631792,      -12.19248249,      -9.123066256
          0,           0,         477,      -14.58143821,      -12.01814477,      -12.17587852,      -9.093756903
          0,           0,         478,      -14.60229777,       -12.0458368,      -12.16258599,      -9.107609641
          0,           0,         479,      -14.59811495,      -12.03865682,      -12.16777712,      -9.111411479
          0,           0,         480,      -14.59675908,      -12.04501277,      -12.17129196,       -9.11461308
          0,           0,         481,      -14.60144411,      -12.04750249,      -12.17439495,      -9.111097126
          0,           0,         482,      -14.60938318,      -12.06305189,      -12.17202349,       -9.11735194
          0,           0,         483,      -14.60857916,      -12.06530523,      -12.16356798,      -9.114078191
          0,           0,         484,      -14.61794792,      -12.07617766,      -12.19113456,      -9.133818345
          0,           0,         485,      -14.61752555,      -12.06437442,      -12.17883422,      -9.128800426
          0,           0,         486,      -14.58657072,      -12.05073157,      -12.17044616,      -9.106508199
          0,           0,         487,       -14.6034522,      -12.04314857,      -12.17656957,      -9.103842557
          0,           0,         488,       -14.5946903,      -12.04121065,      -12.17927148,      -9.109867992
          0,           0,         489,      -14.60988846,      -12.05034033,      -12.19056127,      -9.119406864
          0,           0,         490,      -14.60079177,      -12.05648014,      -12.17775641,      -9.117379509
          0,           0,         491,      -14.60703517,      -12.06576409,      -12.18720069,      -9.122536226
          0,           0,         492,      -14.57713844,      -11.99855721,      -12.18891875,      -9.078248509
          0,           0,         493,       -14.5918108,      -12.03706923,         -12.17251,      -9.105500747
          0,           0,         494,      -14.60441776,      -12.05175433,      -12.16027704,      -9.118388087
          0,           0,         495,      -14.61593097,      -12.06902636,      -12.17301361,      -9.125804253
          0,           0,         496,      -14.60012221,      -12.06875254,      -12.17430951,      -9.114164185
          0,           0,         497,      -14.61203241,      -12.07881878,      -12.17631646,      -9.121549393
          0,           0,         498,      -14.60535731,      -12.05616939,      -12.17875304,      -9.114131896
          0,           0,         499,       -14.6022371,      -12.05426714,      -12.18180265,      -9.110694367
          0,           0,         500,      -14.58724251,      -12.02887305,      -12.15263514,      -9.103425886
          0,           0,         501,      -14.57725806,      -12.02388203,      -12.16063983,      -9.087125385
          0,           0,         502,      -14.61961206,      -12.06478797,      -12.18065296,      -9.123464004
          0,           0,         503,      -14.60651411,      -12.05048949,      -12.18711149,      -9.115781661
          0,           0,         504,      -14.60713257,      -12.05321665,       -12.1806478,      -9.110216137
          0,           0,         505,      -14.61766551,        -12.058973,      -12.18884409,      -9.124489861
          0,           0,         506,       -14.5993938,      -12.04773858,      -12.15865527,      -9.112402518
          0,           0,         507,      -14.59532644,      -12.04224992,      -12.17025607,      -9.100171043
          0,           0,         508,      -14.60733806,      -12.05973499,      -12.17966365,      -9.115103029
          0,           0,         509,      -14.60234131,      -12.05472188,      -12.16277244,      -9.116130066
          0,           0,         510,      -14.61671246,      -12.05346026,      -12.18391947,       -9.11825982
          0,           0,         511,      -14.61382682,      -12.07108461,      -12.18072123,      -9.126651335
          0,           0,         512,      -14.60444507,      -12.03345765,      -12.18326561,      -9.102781964
          0,           0,         513,       -14.6074998,       -12.0467374,      -12.19194901,      -9.109943538
          0,           0,         514,      -14.58794658,      -12.03787437,      -12.16629491,      -9.104482271
          0,           0,         515,      -14.59269544,      -12.03700332,      -12.18100059,      -9.114032323
          0,           0,         516,       -14.6129311,      -12.06700861,      -12.16772833,      -9.119321286
          0,           0,         517,       -14.6049812,      -12.05246376,      -12.17486606,      -9.114738028
          0,           0,         518,      -14.59864213,      -12.04364398,      -12.18246925,      -9.108863753
          0,           0,         519,      -14.60556722,      -12.06297073,      -12.15859326,       -9.11721838
          0,           0,         520,      -14.61139532,      -12.06004439,      -12.17016175,      -9.124033213
          0,           0,         521,      -14.59779604,      -12.04964339,      -12.15864006,      -9.109458681
          0,           0,         522,      -14.59320076,      -12.04947448,      -12.17978528,      -9.101442909
          0,           0,         523,      -14.58939665,       -12.0432177,      -12.16137295,      -9.098885275
          0,           0,         524,      -14.60369582,      -12.05893285,      -12.17175164,       -9.11556075
          0,           0,         525,      -14.59578801,      -12.04552258,      -12.16808439,       -9.10902413
          0,           0,         526,      -14.60455724,      -12.04774613,      -12.15459088,      -9.102612878
          0,           0,         527,      -14.61980405,      -12.07982496,      -12.18583753,      -9.135275181
          0,           0,         528,      -14.60260423,      -12.05388487,      -12.17518598,      -9.116884949
          0,           0,         529,      -14.61455263,      -12.05065819,      -12.17035013,      -9.117618264
          0,           0,         530,      -14.61126879,      -12.05751167,      -12.19725277,      -9.123296256
          0,           0,         531,      -14.62448334,      -12.06233012,        -12.188626,      -9.128441381
          0,           0,         532,       -14.6011177,      -12.04036662,      -12.17101567,      -9.106826848
          0,           0,         533,      -14.60981393,      -12.05692337,      -12.17749912,      -9.115875586
          0,           0,         534,      -14.59885009,      -12.04127389,      -12.16952671,      -9.107693876
          0,           0,         535,      -14.61551431,      -12.06898992,      -12.17176396,       -9.12690152
          0,           0,         536,      -14.61626989,      -12.07368016,      -12.18380961,      -9.132265899
          0,           0,         537,      -14.59828759,      -12.02587863,      -12.17633879,      -9.097990043
          0,           0,         538,      -14.62504954,      -12.07160742,      -12.17395445,      -9.129206518
          0,           0,         539,      -14.60242841,      -12.05148391,      -12.17261766,      -9.107575985
          0,           0,         540,      -14.61143664,      -12.04551993,      -12.17068978,      -9.110701643
          0,           0,         541,      -14.58370607,      -12.05078875,      -12.17279644,      -9.101853696
          0,           0,         542,      -14.58742882,      -12.04036037,      -12.17020421,       -9.10794589
          0,           0,         543,      -14.61613069,      -12.06220771,      -12.15639787,      -9.123887735
          0,           0,         544,      -14.60376965,      -12.05802404,      -12.16158333,      -9.113012907
          0,           0,         545,      -14.60088273,      -12.05813715,      -12.17318234,      -9.113210282
          0,           0,         546,      -14.60437071,      -12.05134471,       -12.1652542,       -9.11061419
          0,           0,         547,      -14.60245836,      -12.04698247,      -12.18634916,      -9.109669853
          0,           0,         548,      -14.61503068,      -12.05712028,      -12.17181606,      -9.116612803
          0,           0,         549,      -14.60078332,      -12.05264023,      -12.17267944,      -9.109802557
          0,           0,         550,      -14.61925512,      -12.06558827,      -12.18462058,      -9.125133014
          0,           0,         551,      -14.59360888,      -12.03194011,      -12.17537718,      -9.101386712
          0,           0,         552,       -14.6134314,      -12.06464831,      -12.19030082,      -9.121964188
          0,           0,         553,      -14.61958332,      -12.05618435,      -12.16884225,      -9.120515076
          0,           0,         554,      -14.61944971,      -12.06529523,      -12.19283825,      -9.121412866
          0,           0,         555,      -14.60275341,      -12.04384188,         -12.16759,      -9.114642581
          0,           0,         556,      -14.61559761,      -12.05736732,      -12.17556551,      -9.124058616
          0,           0,         557,      -14.61862134,      -12.05737244,      -12.19726967,      -9.124633159
          0,           0,         558,      -14.61996673,      -12.06094896,      -12.18267896,      -9.124464202
          0,           0,         559,      -14.59837019,       -12.0526282,      -12.17041235,      -9.106360204
          0,           0,         560,      -14.59020653,      -12.04412198,      -12.17877718,      -9.103742289
          0,           0,         561,      -14.60256468,      -12.01743984,      -12.18224933,       -9.09990396
          0,           0,         562,      -14.60860061,      -12.05599922,      -12.17667482,      -9.117449495
          0,           0,         563,      -14.61285247,       -12.0480313,       -12.1773976,      -9.112267722
          0,           0,         564,      -14.61937524,      -12.07316448,      -12.18377077,      -9.132395085
          0,           0,         565,      -14.59852493,      -12.05569949,      -12.16311416,      -9.107487532
          0,           0,         566,      -14.59165662,      -12.02258718,      -12.17800882,      -9.091998523
          0,           0,         567,      -14.58871207,      -12.03727218,      -12.17120878,      -9.098472575
          0,           0,         568,      -14.61369205,      -12.05869696,      -12.17793071,      -9.125567464
          0,           0,         569,      -14.60536067,      -12.05441881,      -12.17416781,      -9.105623959
          0,           0,         570,      -14.60283258,      -12.05799496,      -12.16211588,      -9.125901125
          0,           0,         571,      -14.60283926,      -12.05298358,       -12.1773567,      -9.119579118
          0,           0,         572,        -14.609773,      -12.04876442,      -12.18806733,      -9.121110385
          0,           0,         573,      -14.59382017,      -12.03536229,      -12.16785315,      -9.096984553
          0,           0,         574,      -14.61358903,        -12.060603,      -12.18939306,      -9.121736419
          0,           0,         575,      -14.60092558,      -12.04352833,      -12.17868553,      -9.113807826
          0,           0,         576,      -14.60420657,      -12.03311759,      -12.16541036,      -9.100899264
          0,           0,         577,      -14.61089655,      -12.05049443,      -12.18527136,      -9.112407018
          0,           0,         578,      -14.59727695,      -12.04369263,      -12.18886991,      -9.107428908
          0,           0,         579,      -14.60851078,      -12.06780125,      -12.16694542,      -9.121717809
          0,           0,         580,      -14.60077231,      -12.05654073,      -12.17286449,      -9.118622148
          0,           0,         581,      -14.60428788,      -12.05977671,      -12.17204926,      -9.120342539
          0,           0,         582,      -14.60335903,      -12.05731028,      -12.18024017,      -9.111317029
          0,           0,         583,      -14.60397526,      -12.06512484,       -12.1810194,      -9.110396572
          0,           0,         584,      -14.59830944,      -12.03562329,         -12.16594,      -9.105028734
          0,           0,         585,      -14.61260217,      -12.05622154,      -12.17961314,      -9.115084171
          0,           0,         586,      -14.61095513,      -12.05857512,      -12.18464061,      -9.117046836
          0,           0,         587,      -14.60086987,      -12.07202675,      -12.17815132,      -9.122884782
          0,           0,         588,      -14.62848725,      -12.06430344,      -12.19271615,      -9.136244801
          0,           0,         589,      -14.61552113,      -12.04304722,      -12.18691637,      -9.113460824
          0,           0,         590,      -14.59916069,      -12.04449246,      -12.18212553,      -9.110645244
          0,           0,         591,      -14.60848739,      -12.05446586,      -12.17767216,      -9.121948637
          0,           0,         592,      -14.61559211,      -12.05902015,      -12.17910111,      -9.120334954
          0,           0,         593,      -14.60037884,      -12.05506308,      -12.17777969,      -9.113035894
          0,           0,         594,      -14.60542867,      -12.06045176,      -12.16754186,      -9.114088961
          0,           0,         595,      -14.61220574,      -12.07193861,      -12.17648574,      -9.127998071
          0,           0,         596,      -14.60649304,      -12.04780123,      -12.17911081,      -9.121142804
          0,           0,         597,      -14.59055081,      -12.03641548,      -12.17462822,      -9.110247795
          0,           0,         598,      -14.60268849,      -12.03258281,      -12.16625658,      -9.099793243
          0,           0,         599,      -14.60929644,      -12.04029181,      -12.18582899,      -9.111656303
          0,           0,         600,      -14.58419382,      -12.04004701,      -12.17424726,      -9.100270897
