VARIABLES = \
"Time_Iter","Outer_Iter","Inner_Iter",    "rms[Rho]"    ,    "rms[RhoU]"   ,    "rms[RhoV]"   ,    "rms[RhoE]"   
          0,           0,           0,      -1.393171029,      0.8556977652,       1.107029593,       4.066457174
          0,           0,           1,      -1.870488998,      0.5384109897,      0.6703887609,       3.602954256
          0,           0,           2,      -2.131631615,      0.3260699913,      0.4263012743,       3.347849485
          0,           0,           3,      -2.299148034,      0.1765988396,       0.237513108,       3.180965115
          0,           0,           4,      -2.452494249,     0.04551831998,     0.06390572449,       3.027176741
          0,           0,           5,      -2.601099141,    -0.07673553834,     -0.1027334514,       2.877038162
          0,           0,           6,      -2.744962875,     -0.1809147786,     -0.2603115455,       2.731859788
          0,           0,           7,      -2.889226892,     -0.2740732329,     -0.4138404995,       2.587618178
          0,           0,           8,      -3.033061332,     -0.3549766017,     -0.5633755205,       2.444887602
          0,           0,           9,      -3.172895059,     -0.4259545462,      -0.704132805,       2.307183745
          0,           0,          10,      -3.305671115,     -0.4927029595,     -0.8366940005,       2.177433529
          0,           0,          11,      -3.428589946,     -0.5568981117,     -0.9638090887,       2.057946512
          0,           0,          12,       -3.53933572,     -0.6175737545,      -1.083923482,       1.950815678
          0,           0,          13,      -3.638206953,     -0.6737679983,      -1.192951989,       1.856018974
          0,           0,          14,      -3.727183156,     -0.7251203491,      -1.289406376,       1.771951626
          0,           0,          15,      -3.808140575,     -0.7719498352,      -1.375905106,       1.696981095
          0,           0,          16,      -3.883457743,     -0.8150592975,      -1.455244939,       1.628864871
          0,           0,          17,      -3.953637457,     -0.8553583609,      -1.528303611,       1.566523512
          0,           0,          18,      -4.017205975,     -0.8937421518,      -1.594757091,       1.510068616
          0,           0,          19,      -4.074314905,     -0.9311273912,      -1.653997899,       1.458372868
          0,           0,          20,      -4.126897507,      -0.968344373,      -1.706093373,       1.409423113
          0,           0,          21,      -4.176487269,      -1.005972662,      -1.752232998,       1.361973922
          0,           0,          22,      -4.223927879,      -1.044314572,      -1.794480867,       1.315561433
          0,           0,          23,      -4.270002642,       -1.08342678,      -1.835033271,       1.269916116
          0,           0,          24,      -4.315255942,      -1.123170759,      -1.875501975,       1.224973703
          0,           0,          25,      -4.359615496,      -1.163253701,      -1.916826265,       1.181039117
          0,           0,          26,      -4.402613886,      -1.203283429,       -1.95935958,       1.138568009
          0,           0,          27,      -4.443954316,      -1.242841379,      -2.002906665,       1.097762473
          0,           0,          28,      -4.483792661,      -1.281555492,      -2.046874787,       1.058419709
          0,           0,          29,      -4.522532098,      -1.319150123,      -2.090547179,       1.020132898
          0,           0,          30,      -4.560512955,      -1.355474655,       -2.13333978,      0.9825495738
          0,           0,          31,       -4.59784597,      -1.390498437,      -2.174855083,      0.9455097962
          0,           0,          32,       -4.63440981,      -1.424286674,      -2.214811058,       0.909051847
          0,           0,          33,      -4.669920212,      -1.456962247,       -2.25297063,      0.8733619388
          0,           0,          34,      -4.704072117,      -1.488669347,      -2.289142945,      0.8386682738
          0,           0,          35,      -4.736693693,      -1.519538509,      -2.323250766,      0.8051283215
          0,           0,          36,      -4.767815704,      -1.549671287,      -2.355324905,      0.7727737833
          0,           0,          37,      -4.797621912,      -1.579129123,      -2.385534254,      0.7415199388
          0,           0,          38,      -4.826322074,      -1.607935351,      -2.414098699,      0.7112498246
          0,           0,          39,      -4.854062707,      -1.636083191,       -2.44123985,      0.6818765994
          0,           0,          40,        -4.8809107,      -1.663549361,      -2.467161549,      0.6533596091
          0,           0,          41,      -4.906891618,      -1.690308478,      -2.492048314,      0.6256834999
          0,           0,          42,      -4.932033686,      -1.716344773,      -2.516067776,       0.598830558
          0,           0,          43,      -4.956390499,      -1.741658414,      -2.539366073,      0.5727666128
          0,           0,          44,      -4.980041849,       -1.76626665,      -2.562063243,      0.5474405783
          0,           0,          45,      -5.003080725,      -1.790203179,      -2.584255369,      0.5227905871
          0,           0,          46,      -5.025599054,      -1.813514152,      -2.606018585,      0.4987530308
          0,           0,          47,      -5.047682306,      -1.836254513,      -2.627413823,      0.4752647213
          0,           0,          48,      -5.069405158,      -1.858485393,      -2.648493857,       0.452265074
          0,           0,          49,      -5.090832335,      -1.880271308,      -2.669307784,      0.4296958073
          0,           0,          50,      -5.112020212,      -1.901678233,      -2.689905323,      0.4075012257
          0,           0,          51,      -5.133021534,       -1.92277197,      -2.710335616,       0.385625634
          0,           0,          52,       -5.15388512,      -1.943616924,      -2.730649715,      0.3640154504
          0,           0,          53,      -5.174658173,      -1.964274306,       -2.75089611,      0.3426184224
          0,           0,          54,      -5.195387015,      -1.984801021,      -2.771117201,      0.3213839036
          0,           0,          55,      -5.216115256,      -2.005248541,      -2.791351309,      0.3002640472
          0,           0,          56,      -5.236882867,      -2.025661979,      -2.811632442,      0.2792150321
          0,           0,          57,       -5.25772508,      -2.046079758,      -2.831986276,      0.2581978772
          0,           0,          58,      -5.278671562,      -2.066534653,      -2.852437815,      0.2371778814
          0,           0,          59,      -5.299744001,      -2.087053184,      -2.873004663,      0.2161273838
          0,           0,          60,       -5.32096085,      -2.107656832,      -2.893702329,      0.1950217537
          0,           0,          61,      -5.342330954,       -2.12836181,      -2.914541312,      0.1738442037
          0,           0,          62,      -5.363859487,      -2.149180538,       -2.93552641,      0.1525815606
          0,           0,          63,      -5.385549314,      -2.170122399,      -2.956670064,      0.1312227697
          0,           0,          64,      -5.407399992,      -2.191194767,        -2.9779731,      0.1097604563
          0,           0,          65,      -5.429410299,      -2.212402979,      -2.999442348,      0.0881878848
          0,           0,          66,      -5.451578681,      -2.233750602,       -3.02107696,     0.06649960737
          0,           0,          67,      -5.473903209,       -2.25523991,      -3.042876864,     0.04469106133
          0,           0,          68,      -5.496378719,      -2.276871725,      -3.064842652,     0.02276076796
          0,           0,          69,      -5.518999625,      -2.298645899,      -3.086973708,   0.0007081761395
          0,           0,          70,      -5.541761894,      -2.320562078,       -3.10927009,    -0.02146794073
          0,           0,          71,      -5.564662438,      -2.342619232,      -3.131729171,     -0.0437691605
          0,           0,          72,      -5.587696542,      -2.364815651,      -3.154349598,    -0.06619514473
          0,           0,          73,      -5.610861108,      -2.387149408,      -3.177130788,    -0.08874663256
          0,           0,          74,      -5.634152432,      -2.409618231,      -3.200073374,     -0.1114235994
          0,           0,          75,      -5.657566101,      -2.432219647,      -3.223172962,     -0.1342250136
          0,           0,          76,      -5.681098437,       -2.45495096,       -3.24642939,     -0.1571501682
          0,           0,          77,      -5.704745151,      -2.477809035,      -3.269842653,      -0.180197495
          0,           0,          78,      -5.728503556,      -2.500791055,      -3.293411424,     -0.2033665091
          0,           0,          79,      -5.752370203,      -2.523893905,      -3.317134255,     -0.2266559782
          0,           0,          80,      -5.776340948,      -2.547114415,      -3.341009574,     -0.2500639139
          0,           0,          81,      -5.800410072,      -2.570449122,       -3.36503478,     -0.2735868773
          0,           0,          82,      -5.824573699,      -2.593894787,      -3.389210351,     -0.2972226698
          0,           0,          83,      -5.848828923,      -2.617448532,      -3.413532825,     -0.3209695218
          0,           0,          84,      -5.873172618,      -2.641107297,      -3.438001062,     -0.3448255735
          0,           0,          85,      -5.897600266,      -2.664867873,      -3.462613085,     -0.3687879531
          0,           0,          86,      -5.922107706,       -2.68872711,      -3.487365931,     -0.3928538519
          0,           0,          87,      -5.946691017,      -2.712682316,      -3.512256894,     -0.4170201977
          0,           0,          88,      -5.971349997,      -2.736730749,      -3.537283061,     -0.4412870657
          0,           0,          89,      -5.996079539,      -2.760869069,      -3.562440673,     -0.4656508206
          0,           0,          90,      -6.020874276,      -2.785094251,      -3.587730347,     -0.4901072807
          0,           0,          91,       -6.04573023,      -2.809403404,      -3.613148938,     -0.5146533391
          0,           0,          92,      -6.070645433,      -2.833793912,      -3.638693044,     -0.5392873857
          0,           0,          93,      -6.095617627,      -2.858263296,      -3.664360685,     -0.5640074079
          0,           0,          94,      -6.120645247,      -2.882808995,      -3.690148186,     -0.5888118975
          0,           0,          95,      -6.145725533,      -2.907428442,      -3.716053624,     -0.6136987593
          0,           0,          96,       -6.17085445,      -2.932119003,      -3.742075256,     -0.6386646446
          0,           0,          97,       -6.19602907,      -2.956878062,      -3.768208423,     -0.6637069826
          0,           0,          98,      -6.221246454,      -2.981703163,      -3.794452304,     -0.6888230033
          0,           0,          99,        -6.2465036,       -3.00659195,      -3.820805898,     -0.7140097889
          0,           0,         100,      -6.271798463,      -3.031542248,      -3.847265845,     -0.7392652263
          0,           0,         101,      -6.297130677,      -3.056551537,      -3.873828879,     -0.7645886575
          0,           0,         102,      -6.322497359,      -3.081617518,       -3.90049234,      -0.789977248
          0,           0,         103,      -6.347895715,      -3.106737955,      -3.927253418,     -0.8154281445
          0,           0,         104,      -6.373323524,       -3.13191054,      -3.954109137,     -0.8409388762
          0,           0,         105,      -6.398778913,      -3.157133161,      -3.981056753,     -0.8665072192
          0,           0,         106,      -6.424260061,       -3.18240375,      -4.008093499,     -0.8921309441
          0,           0,         107,      -6.449765226,      -3.207720289,      -4.035216602,     -0.9178078352
          0,           0,         108,       -6.47529281,      -3.233080827,      -4.062423281,      -0.943535747
          0,           0,         109,      -6.500841348,      -3.258483478,      -4.089710724,     -0.9693125924
          0,           0,         110,      -6.526409469,      -3.283926419,      -4.117076094,     -0.9951363144
          0,           0,         111,      -6.551995913,      -3.309407905,      -4.144516493,        -1.0210049
          0,           0,         112,      -6.577599533,      -3.334926247,      -4.172028892,      -1.046916396
          0,           0,         113,      -6.603219281,      -3.360479818,      -4.199610345,      -1.072868881
          0,           0,         114,      -6.628854301,      -3.386067084,      -4.227258024,      -1.098860575
          0,           0,         115,      -6.654506033,      -3.411686685,      -4.254970755,      -1.124891471
          0,           0,         116,      -6.680171237,       -3.43733719,       -4.28274186,      -1.150957546
          0,           0,         117,      -6.705848568,      -3.463017198,      -4.310569279,      -1.177056735
          0,           0,         118,       -6.73153758,      -3.488725418,      -4.338450656,       -1.20318759
          0,           0,         119,      -6.757238744,      -3.514460756,       -4.36638139,      -1.229349284
          0,           0,         120,      -6.782951963,      -3.540222204,      -4.394358533,      -1.255540468
          0,           0,         121,      -6.808676108,      -3.566008518,      -4.422381458,       -1.28175885
          0,           0,         122,      -6.834411569,      -3.591818686,      -4.450446718,      -1.308003315
          0,           0,         123,      -6.860158908,      -3.617651876,      -4.478550933,      -1.334273071
          0,           0,         124,      -6.885917974,      -3.643507231,      -4.506691035,      -1.360566745
          0,           0,         125,      -6.911688595,      -3.669383989,      -4.534863783,      -1.386882931
          0,           0,         126,      -6.937470933,      -3.695281478,      -4.563065794,      -1.413220488
          0,           0,         127,      -6.963265378,      -3.721199107,      -4.591293749,      -1.439578466
          0,           0,         128,      -6.989072386,      -3.747136357,      -4.619544511,      -1.465955975
          0,           0,         129,      -7.014892422,      -3.773092774,      -4.647815088,      -1.492352146
          0,           0,         130,      -7.040725966,       -3.79906796,      -4.676102556,      -1.518766146
          0,           0,         131,      -7.066573554,      -3.825061624,      -4.704403995,      -1.545197221
          0,           0,         132,      -7.092435872,       -3.85107352,      -4.732716522,      -1.571644778
          0,           0,         133,      -7.118313479,      -3.877103472,      -4.761037344,      -1.598108101
          0,           0,         134,      -7.144207043,       -3.90315135,      -4.789363634,      -1.624586591
          0,           0,         135,      -7.170117361,      -3.929217104,      -4.817692515,      -1.651079852
          0,           0,         136,      -7.196045316,      -3.955300747,      -4.846021265,      -1.677587595
          0,           0,         137,      -7.221991766,      -3.981402338,      -4.874347333,      -1.704109527
          0,           0,         138,      -7.247957552,       -4.00752199,      -4.902668244,      -1.730645378
          0,           0,         139,      -7.273943545,      -4.033659864,      -4.930981571,      -1.757194947
          0,           0,         140,      -7.299950656,      -4.059816176,      -4.959284967,      -1.783758118
          0,           0,         141,      -7.325979823,      -4.085991192,      -4.987576183,      -1.810334843
          0,           0,         142,      -7.352031999,      -4.112185218,      -5.015853081,      -1.836925136
          0,           0,         143,      -7.378108146,      -4.138398605,      -5.044113632,      -1.863529065
          0,           0,         144,      -7.404209228,      -4.164631744,      -5.072355926,       -1.89014675
          0,           0,         145,      -7.430336219,       -4.19088506,      -5.100578174,      -1.916778367
          0,           0,         146,      -7.456490093,      -4.217159016,      -5.128778711,      -1.943424145
          0,           0,         147,      -7.482671827,      -4.243454105,      -5.156956003,      -1.970084363
          0,           0,         148,      -7.508882394,       -4.26977085,      -5.185108655,      -1.996759346
          0,           0,         149,      -7.535122761,      -4.296109801,      -5.213235405,      -2.023449465
          0,           0,         150,      -7.561393883,      -4.322471531,      -5.241335136,      -2.050155127
          0,           0,         151,      -7.587696709,      -4.348856636,      -5.269406869,      -2.076876783
          0,           0,         152,       -7.61403217,       -4.37526573,      -5.297449772,      -2.103614914
          0,           0,         153,      -7.640401188,      -4.401699446,      -5.325463157,       -2.13037004
          0,           0,         154,      -7.666804666,       -4.42815843,      -5.353446481,       -2.15714271
          0,           0,         155,      -7.693243496,      -4.454643342,      -5.381399351,      -2.183933504
          0,           0,         156,      -7.719718544,       -4.48115485,      -5.409321517,      -2.210743025
          0,           0,         157,      -7.746230659,      -4.507693633,      -5.437212868,      -2.237571899
          0,           0,         158,      -7.772780671,      -4.534260376,       -5.46507344,      -2.264420778
          0,           0,         159,      -7.799369383,      -4.560855765,      -5.492903395,      -2.291290323
          0,           0,         160,      -7.825997583,      -4.587480494,      -5.520703043,      -2.318181223
          0,           0,         161,      -7.852666035,      -4.614135253,       -5.54847282,      -2.345094176
          0,           0,         162,      -7.879375477,      -4.640820735,      -5.576213289,      -2.372029891
          0,           0,         163,      -7.906126625,      -4.667537628,      -5.603925136,      -2.398989088
          0,           0,         164,        -7.9329203,      -4.694286596,      -5.631608951,       -2.42597262
          0,           0,         165,      -7.959758026,      -4.721068341,      -5.659265715,       -2.45298198
          0,           0,         166,      -7.986638997,      -4.747883497,      -5.686897724,      -2.480016609
          0,           0,         167,      -8.013563624,      -4.774732714,      -5.714505047,       -2.50707706
          0,           0,         168,       -8.04053284,      -4.801616694,      -5.742088341,      -2.534164364
          0,           0,         169,      -8.067547516,      -4.828536111,      -5.769648902,      -2.561279531
          0,           0,         170,      -8.094608322,      -4.855491606,       -5.79718834,      -2.588423411
          0,           0,         171,      -8.121715773,      -4.882483798,      -5.824708286,      -2.615596731
          0,           0,         172,      -8.148870319,      -4.909513294,      -5.852210303,      -2.642800173
          0,           0,         173,      -8.176072395,      -4.936580689,      -5.879695945,      -2.670034422
          0,           0,         174,       -8.20332242,      -4.963686568,      -5.907166809,      -2.697300159
          0,           0,         175,       -8.23062082,      -4.990831503,      -5.934624553,      -2.724598081
          0,           0,         176,      -8.257967987,      -5.018016049,      -5.962070874,      -2.751928867
          0,           0,         177,      -8.285364301,      -5.045240748,      -5.989507503,      -2.779293189
          0,           0,         178,      -8.312810115,      -5.072506128,      -6.016936194,      -2.806691707
          0,           0,         179,      -8.340305772,      -5.099812699,      -6.044358727,      -2.834125074
          0,           0,         180,      -8.367851585,      -5.127160958,      -6.071776877,      -2.861593925
          0,           0,         181,      -8.395447844,      -5.154551383,      -6.099192443,      -2.889098876
          0,           0,         182,      -8.423094829,      -5.181984438,      -6.126607215,      -2.916640536
          0,           0,         183,      -8.450792792,      -5.209460572,      -6.154022993,       -2.94421949
          0,           0,         184,      -8.478541978,      -5.236980215,      -6.181441567,      -2.971836323
          0,           0,         185,      -8.506342593,      -5.264543784,      -6.208864703,      -2.999491583
          0,           0,         186,       -8.53419485,      -5.292151679,      -6.236294191,       -3.02718582
          0,           0,         187,      -8.562098936,      -5.319804283,       -6.26373175,      -3.054919562
          0,           0,         188,      -8.590055021,      -5.347501965,      -6.291179112,       -3.08269332
          0,           0,         189,      -8.618063254,      -5.375245077,      -6.318637991,      -3.110507583
          0,           0,         190,      -8.646123773,      -5.403033958,       -6.34611003,       -3.13836283
          0,           0,         191,        -8.6742367,      -5.430868929,       -6.37359689,      -3.166259514
          0,           0,         192,      -8.702402154,      -5.458750299,      -6.401100167,      -3.194198093
          0,           0,         193,      -8.730620231,       -5.48667836,      -6.428621435,       -3.22217899
          0,           0,         194,      -8.758891036,      -5.514653393,      -6.456162248,       -3.25020263
          0,           0,         195,      -8.787214616,      -5.542675662,      -6.483724072,      -3.278269391
          0,           0,         196,      -8.815591031,      -5.570745417,      -6.511308401,      -3.306379647
          0,           0,         197,      -8.844020354,      -5.598862898,      -6.538916635,      -3.334533792
          0,           0,         198,      -8.872502616,      -5.627028329,      -6.566550121,      -3.362732153
          0,           0,         199,      -8.901037849,      -5.655241924,      -6.594210266,      -3.390975074
          0,           0,         200,      -8.929626067,      -5.683503884,      -6.621898288,      -3.419262865
          0,           0,         201,      -8.958267321,      -5.711814398,      -6.649615517,      -3.447595864
          0,           0,         202,      -8.986961576,      -5.740173642,      -6.677363111,      -3.475974329
          0,           0,         203,      -9.015708839,      -5.768581782,      -6.705142235,      -3.504398545
          0,           0,         204,      -9.044509113,      -5.797038979,      -6.732954043,      -3.532868794
          0,           0,         205,      -9.073362386,      -5.825545374,      -6.760799604,      -3.561385311
          0,           0,         206,      -9.102268631,      -5.854101103,      -6.788679932,      -3.589948348
          0,           0,         207,      -9.131227791,      -5.882706294,      -6.816596076,      -3.618558114
          0,           0,         208,      -9.160239896,      -5.911361069,      -6.844549006,      -3.647214872
          0,           0,         209,      -9.189304845,      -5.940065529,      -6.872539587,      -3.675918763
          0,           0,         210,      -9.218422614,      -5.968819777,      -6.900568755,      -3.704670016
          0,           0,         211,      -9.247593198,      -5.997623911,      -6.928637306,      -3.733468816
          0,           0,         212,       -9.27681653,      -6.026478016,      -6.956746107,       -3.76231537
          0,           0,         213,      -9.306092508,      -6.055382166,      -6.984895877,      -3.791209765
          0,           0,         214,      -9.335421132,      -6.084336433,       -7.01308732,      -3.820152209
          0,           0,         215,      -9.364802307,      -6.113340892,      -7.041321308,      -3.849142837
          0,           0,         216,      -9.394235961,      -6.142395587,       -7.06959834,      -3.878181752
          0,           0,         217,      -9.423722082,      -6.171500588,      -7.097919101,      -3.907269143
          0,           0,         218,      -9.453260646,      -6.200655947,      -7.126284248,       -3.93640517
          0,           0,         219,      -9.482851406,       -6.22986169,      -7.154694106,      -3.965589754
          0,           0,         220,      -9.512494459,      -6.259117873,      -7.183149641,      -3.994823219
          0,           0,         221,      -9.542189736,      -6.288424532,       -7.21165107,      -4.024105579
          0,           0,         222,      -9.571937094,       -6.31778169,      -7.240198977,      -4.053436911
          0,           0,         223,      -9.601736519,      -6.347189397,       -7.26879392,      -4.082817365
          0,           0,         224,      -9.631587947,      -6.376647657,      -7.297436071,      -4.112247009
          0,           0,         225,      -9.661491257,      -6.406156513,      -7.326126101,      -4.141725882
          0,           0,         226,      -9.691446442,      -6.435715981,      -7.354864418,      -4.171254075
          0,           0,         227,      -9.721453327,      -6.465326071,      -7.383651184,      -4.200831664
          0,           0,         228,      -9.751511928,       -6.49498681,      -7.412486845,       -4.23045865
          0,           0,         229,      -9.781622405,       -6.52469823,      -7.441371648,      -4.260135357
          0,           0,         230,      -9.811784377,      -6.554460335,      -7.470306015,      -4.289861607
          0,           0,         231,       -9.84199806,      -6.584273155,      -7.499290628,      -4.319637668
          0,           0,         232,      -9.872263146,      -6.614136679,      -7.528324983,       -4.34946329
          0,           0,         233,      -9.902579453,      -6.644050925,      -7.557409671,      -4.379338575
          0,           0,         234,      -9.932947539,      -6.674015955,      -7.586545122,      -4.409264008
          0,           0,         235,      -9.963366852,      -6.704031729,      -7.615731477,      -4.439239207
          0,           0,         236,      -9.993837596,      -6.734098314,      -7.644968935,      -4.469264394
          0,           0,         237,      -10.02435939,      -6.764215696,      -7.674257363,      -4.499339386
          0,           0,         238,      -10.05493297,      -6.794383931,      -7.703597756,       -4.52946495
          0,           0,         239,      -10.08555741,      -6.824603002,      -7.732989437,      -4.559640239
          0,           0,         240,      -10.11623318,      -6.854872958,      -7.762433013,       -4.58986582
          0,           0,         241,      -10.14695992,      -6.885193807,      -7.791928157,      -4.620141518
          0,           0,         242,      -10.17773803,      -6.915565604,      -7.821476101,      -4.650467568
          0,           0,         243,       -10.2085676,      -6.945988405,      -7.851076842,      -4.680844308
          0,           0,         244,      -10.23944785,      -6.976462155,      -7.880728586,      -4.711270793
          0,           0,         245,      -10.27037951,      -7.006986998,      -7.910433728,       -4.74174821
          0,           0,         246,      -10.30136268,      -7.037562924,      -7.940190936,      -4.772276105
          0,           0,         247,      -10.33239702,      -7.068190011,      -7.970001482,      -4.802854749
          0,           0,         248,      -10.36348275,      -7.098868336,      -7.999865437,      -4.833484344
          0,           0,         249,      -10.39461956,      -7.129597871,      -8.029781521,      -4.864164478
          0,           0,         250,      -10.42580748,       -7.16037866,      -8.059750481,      -4.894895028
          0,           0,         251,      -10.45704678,      -7.191210915,      -8.089773777,      -4.925676939
          0,           0,         252,      -10.48833834,      -7.222094622,      -8.119849064,      -4.956510014
          0,           0,         253,      -10.51968058,      -7.253029847,      -8.149978955,      -4.987393929
          0,           0,         254,      -10.55107397,      -7.284016621,      -8.180161634,      -5.018328548
          0,           0,         255,      -10.58251982,      -7.315055182,      -8.210397899,      -5.049315226
          0,           0,         256,      -10.61401749,      -7.346145618,       -8.24068764,       -5.08035337
          0,           0,         257,      -10.64556662,      -7.377287877,      -8.271032708,      -5.111442775
          0,           0,         258,       -10.6771678,      -7.408482137,      -8.301428864,      -5.142584008
          0,           0,         259,      -10.70882176,      -7.439728723,      -8.331883177,      -5.173777957
          0,           0,         260,      -10.74052638,      -7.471027362,      -8.362388401,      -5.205022123
          0,           0,         261,      -10.77228336,      -7.502378523,       -8.39294776,      -5.236318943
          0,           0,         262,      -10.80409438,       -7.53378215,      -8.423561929,       -5.26766852
          0,           0,         263,      -10.83595818,      -7.565238634,      -8.454230514,      -5.299070759
          0,           0,         264,      -10.86787276,      -7.596747818,      -8.484953361,      -5.330524087
          0,           0,         265,       -10.8998411,       -7.62831012,      -8.515732166,       -5.36203134
          0,           0,         266,       -10.9318621,      -7.659925475,      -8.546564833,      -5.393590663
          0,           0,         267,       -10.9639385,      -7.691594311,      -8.577451675,      -5.425204165
          0,           0,         268,      -10.99606685,      -7.723316796,      -8.608394641,      -5.456871614
          0,           0,         269,      -11.02824773,       -7.75509277,      -8.639389403,      -5.488589324
          0,           0,         270,        -11.060485,      -7.786923065,      -8.670445516,      -5.520363967
          0,           0,         271,      -11.09277381,      -7.818807304,      -8.701549131,      -5.552190005
          0,           0,         272,      -11.12512054,      -7.850746369,      -8.732714694,      -5.584073819
          0,           0,         273,      -11.15752002,      -7.882740004,      -8.763933085,      -5.616009942
          0,           0,         274,      -11.18997541,      -7.914788413,       -8.79520857,      -5.648000871
          0,           0,         275,      -11.22248436,      -7.946892025,      -8.826540479,      -5.680044939
          0,           0,         276,       -11.2550519,      -7.979051533,      -8.857925844,      -5.712148734
          0,           0,         277,      -11.28766983,        -8.0112662,      -8.889368274,      -5.744301935
          0,           0,         278,       -11.3203494,       -8.04353728,      -8.920866731,      -5.776514473
          0,           0,         279,      -11.35308576,      -8.075865363,      -8.952423817,      -5.808786612
          0,           0,         280,      -11.38587481,      -8.108249477,      -8.984036446,      -5.841109527
          0,           0,         281,      -11.41872253,      -8.140690734,      -9.015710268,      -5.873489862
          0,           0,         282,      -11.45163267,      -8.173189574,      -9.047437177,      -5.905928184
          0,           0,         283,      -11.48459213,      -8.205746047,      -9.079222472,      -5.938421225
          0,           0,         284,      -11.51761663,      -8.238360852,      -9.111059949,      -5.970975384
          0,           0,         285,      -11.55070318,      -8.271034844,      -9.142967707,      -6.003591697
          0,           0,         286,      -11.58384459,       -8.30376713,      -9.174926108,      -6.036263447
          0,           0,         287,      -11.61704475,      -8.336559146,      -9.206933582,      -6.068989421
          0,           0,         288,      -11.65030656,      -8.369412133,      -9.239019893,      -6.101787104
          0,           0,         289,      -11.68362966,      -8.402323082,      -9.271148679,      -6.134629152
          0,           0,         290,       -11.7170179,      -8.435296693,      -9.303357119,       -6.16754282
          0,           0,         291,       -11.7504641,      -8.468331134,      -9.335615129,      -6.200513345
          0,           0,         292,      -11.78396807,      -8.501426982,      -9.367910659,      -6.233544065
          0,           0,         293,      -11.81754489,      -8.534585684,      -9.400305988,      -6.266645795
          0,           0,         294,      -11.85116608,      -8.567806772,      -9.432725692,      -6.299791608
          0,           0,         295,      -11.88488473,      -8.601092734,      -9.465235755,      -6.333020615
          0,           0,         296,      -11.91863183,      -8.634440466,      -9.497796638,      -6.366298607
          0,           0,         297,      -11.95247658,      -8.667855041,      -9.530422977,      -6.399654302
          0,           0,         298,      -11.98638069,      -8.701334435,      -9.563108572,      -6.433075078
          0,           0,         299,      -12.02033831,       -8.73487766,      -9.595850839,      -6.466546584
          0,           0,         300,      -12.05437022,       -8.76848921,      -9.628663519,      -6.500089825
          0,           0,         301,      -12.08845758,      -8.802167554,      -9.661564975,       -6.53369991
          0,           0,         302,      -12.12261624,      -8.835910857,      -9.694470403,      -6.567360275
          0,           0,         303,      -12.15687229,      -8.869726888,       -9.72748354,       -6.60111662
          0,           0,         304,      -12.19118308,      -8.903611493,      -9.760582181,      -6.634933732
          0,           0,         305,      -12.22558208,      -8.937564399,      -9.793696112,      -6.668816269
          0,           0,         306,      -12.26002667,      -8.971589085,      -9.826923225,      -6.702781316
          0,           0,         307,      -12.29454331,      -9.005684647,      -9.860157255,      -6.736801597
          0,           0,         308,      -12.32914759,      -9.039852793,      -9.893509882,      -6.770890965
          0,           0,         309,      -12.36380461,      -9.074093017,      -9.926909708,      -6.805050742
          0,           0,         310,      -12.39855354,       -9.10840654,      -9.960409423,      -6.839281864
          0,           0,         311,      -12.43335867,       -9.14279512,      -9.993883937,       -6.87358768
          0,           0,         312,       -12.4683103,       -9.17726447,      -10.02755832,      -6.908026019
          0,           0,         313,      -12.50323023,      -9.211807828,      -10.06128489,      -6.942470127
          0,           0,         314,      -12.53832772,      -9.246422663,      -10.09505811,      -6.977018058
          0,           0,         315,      -12.57349887,      -9.281119107,      -10.12879195,      -7.011637187
          0,           0,         316,      -12.60868528,      -9.315891107,      -10.16266716,       -7.04632028
          0,           0,         317,      -12.64399955,       -9.35074406,       -10.1966772,      -7.081084645
          0,           0,         318,      -12.67938361,      -9.385679708,      -10.23078527,      -7.115924658
          0,           0,         319,      -12.71487955,      -9.420706267,       -10.2648624,       -7.15092858
          0,           0,         320,       -12.7504569,      -9.455807221,      -10.29905149,      -7.185968057
          0,           0,         321,      -12.78605319,      -9.490990097,      -10.33348399,      -7.221052062
          0,           0,         322,      -12.82176463,      -9.526253068,      -10.36764502,      -7.256204293
          0,           0,         323,      -12.85752407,      -9.561606546,      -10.40228101,      -7.291448873
          0,           0,         324,      -12.89333726,      -9.597052456,      -10.43664342,      -7.326808835
          0,           0,         325,      -12.92937109,      -9.632566868,      -10.47113325,      -7.362115072
          0,           0,         326,      -12.96546559,      -9.668197844,      -10.50601261,      -7.397770644
          0,           0,         327,      -13.00153438,      -9.703892431,      -10.54069204,      -7.433323486
          0,           0,         328,      -13.03773906,      -9.739679783,      -10.57553598,      -7.469001763
          0,           0,         329,      -13.07412998,      -9.775573457,      -10.61052422,      -7.504862019
          0,           0,         330,      -13.11070935,      -9.811548744,      -10.64576997,      -7.540819902
          0,           0,         331,      -13.14691442,      -9.847611742,      -10.68068246,      -7.576715585
          0,           0,         332,      -13.18363125,      -9.883752813,      -10.71564504,      -7.612556877
          0,           0,         333,      -13.22050082,      -9.920025586,      -10.75093618,      -7.648865213
          0,           0,         334,      -13.25728376,      -9.956380773,      -10.78658342,         -7.685203
          0,           0,         335,      -13.29361964,      -9.992795932,      -10.82166862,      -7.721327563
          0,           0,         336,      -13.33084463,      -10.02935177,      -10.85729351,      -7.757855056
          0,           0,         337,      -13.36787143,      -10.06595955,      -10.89306679,      -7.794283459
          0,           0,         338,      -13.40460593,      -10.10265226,      -10.92862848,      -7.830534406
          0,           0,         339,      -13.44167987,      -10.13949466,      -10.96452833,      -7.867359644
          0,           0,         340,      -13.47896963,      -10.17634672,      -10.99994394,      -7.903743544
          0,           0,         341,      -13.51632996,      -10.21333226,      -11.03582934,       -7.94065945
          0,           0,         342,      -13.55310009,      -10.25045777,      -11.07215469,       -7.97791577
          0,           0,         343,      -13.59008046,      -10.28759994,      -11.10746632,      -8.014175771
          0,           0,         344,       -13.6272521,      -10.32486804,      -11.14350222,      -8.050989951
          0,           0,         345,      -13.66529091,      -10.36214808,      -11.18097192,       -8.08833065
          0,           0,         346,      -13.70252759,      -10.39968484,      -11.21672945,      -8.125983277
          0,           0,         347,      -13.73994866,      -10.43712988,      -11.25272858,      -8.162567044
          0,           0,         348,      -13.77632728,       -10.4746772,      -11.28853713,      -8.198834335
          0,           0,         349,      -13.81302525,      -10.51224871,      -11.32449411,      -8.236258781
          0,           0,         350,      -13.85074104,      -10.54999843,      -11.36119569,      -8.272904522
          0,           0,         351,      -13.88745288,      -10.58780251,       -11.3983263,      -8.310393059
          0,           0,         352,      -13.92343729,      -10.62558736,      -11.43383239,      -8.346887004
          0,           0,         353,      -13.96034855,      -10.66342099,      -11.46901036,       -8.38332575
          0,           0,         354,       -13.9961296,      -10.70137281,      -11.50692335,      -8.420832815
          0,           0,         355,      -14.03250931,      -10.73922385,      -11.53979565,      -8.456556539
          0,           0,         356,      -14.06518348,       -10.7771004,      -11.57460038,      -8.491919785
          0,           0,         357,      -14.10257129,      -10.81493578,      -11.61056588,      -8.527291114
          0,           0,         358,      -14.13121756,      -10.85309917,       -11.6444872,      -8.562235313
          0,           0,         359,      -14.16837552,      -10.89073353,      -11.68219865,      -8.599462698
          0,           0,         360,      -14.19751409,      -10.92821911,      -11.71450417,      -8.629206793
          0,           0,         361,       -14.2334988,      -10.96607975,      -11.74649559,       -8.66597661
          0,           0,         362,      -14.26313286,       -11.0035974,      -11.77984276,      -8.698884211
          0,           0,         363,      -14.29605672,      -11.04101857,      -11.80766963,      -8.733140269
          0,           0,         364,       -14.3157016,      -11.07807391,      -11.84880539,      -8.759182123
          0,           0,         365,      -14.34734921,      -11.11546154,       -11.8741877,      -8.793187913
          0,           0,         366,      -14.37504831,      -11.15225226,      -11.90272898,      -8.824443071
          0,           0,         367,      -14.39219685,      -11.18829233,      -11.93365787,      -8.844244717
          0,           0,         368,      -14.40539444,      -11.22401234,      -11.95102721,      -8.868367921
          0,           0,         369,      -14.43593779,      -11.26063578,      -11.97851292,      -8.899977629
          0,           0,         370,      -14.45923012,      -11.29617132,      -12.00558474,      -8.925933909
          0,           0,         371,       -14.4755159,      -11.33098679,      -12.02004506,      -8.944793607
          0,           0,         372,      -14.48628902,      -11.36530989,      -12.05318711,      -8.958411228
          0,           0,         373,      -14.50171531,      -11.39876998,       -12.0605192,      -8.980136193
          0,           0,         374,      -14.51447991,      -11.43246463,      -12.08066655,       -8.99387058
          0,           0,         375,      -14.53182813,      -11.46520852,      -12.09493458,      -9.019702766
          0,           0,         376,      -14.54452684,      -11.49688421,      -12.10203118,      -9.028170494
          0,           0,         377,      -14.54041843,       -11.5234222,      -12.11195631,      -9.020120318
          0,           0,         378,      -14.54587124,      -11.55515666,      -12.11728584,      -9.042524527
          0,           0,         379,      -14.55889623,      -11.58557935,      -12.13680006,      -9.058440846
          0,           0,         380,      -14.57483718,      -11.61564475,      -12.13818819,      -9.072558365
          0,           0,         381,      -14.57585311,       -11.6424483,      -12.14950577,      -9.076736164
          0,           0,         382,      -14.57314751,      -11.66470815,      -12.14435109,      -9.076369874
          0,           0,         383,      -14.57527077,       -11.6893885,      -12.15251279,      -9.078215116
          0,           0,         384,      -14.59379857,      -11.71460977,      -12.16732994,      -9.093727986
          0,           0,         385,      -14.59499219,      -11.74048194,      -12.16662275,       -9.09472638
          0,           0,         386,      -14.59976856,       -11.7608489,      -12.17225691,      -9.095836518
          0,           0,         387,      -14.60200531,      -11.78055124,      -12.17948864,      -9.105927876
          0,           0,         388,      -14.60323295,       -11.7975227,      -12.17219805,      -9.104797808
          0,           0,         389,      -14.60297765,      -11.81860534,      -12.18300608,      -9.108286119
          0,           0,         390,      -14.60528314,      -11.83605175,      -12.18544551,      -9.107802585
          0,           0,         391,      -14.61755456,      -11.85702487,      -12.19121524,      -9.120840019
          0,           0,         392,      -14.60483197,      -11.87089421,      -12.16415084,      -9.109677646
          0,           0,         393,      -14.59931225,      -11.87533493,      -12.19017838,      -9.106110388
          0,           0,         394,      -14.60233145,      -11.88955754,      -12.18928222,      -9.110159531
          0,           0,         395,      -14.60566518,      -11.90259384,      -12.18225186,      -9.104375259
          0,           0,         396,      -14.60361658,      -11.91407644,      -12.18081513,      -9.115011054
          0,           0,         397,      -14.61187713,      -11.92984411,      -12.17546219,      -9.118376151
          0,           0,         398,      -14.61759607,      -11.94492743,      -12.19027989,      -9.124864813
          0,           0,         399,      -14.61951305,      -11.95670052,      -12.17965704,      -9.129993295
          0,           0,         400,      -14.60222862,      -11.95994818,      -12.17789659,      -9.114035303
          0,           0,         401,      -14.60933457,      -11.96502055,      -12.18276734,      -9.118058408
          0,           0,         402,      -14.61129157,      -11.97407597,      -12.17034725,      -9.110462317
          0,           0,         403,      -14.62527498,      -11.99568263,      -12.19271936,      -9.133834206
          0,           0,         404,      -14.61622867,      -11.99027721,      -12.17617056,      -9.117101749
          0,           0,         405,      -14.60080402,      -11.98560556,      -12.18517004,      -9.107753167
          0,           0,         406,      -14.61266014,      -12.00006757,      -12.18308564,      -9.119031517
          0,           0,         407,       -14.6187836,      -12.01138526,      -12.18396353,      -9.131148686
          0,           0,         408,      -14.61583052,      -12.01858481,      -12.19655489,      -9.127664371
          0,           0,         409,      -14.62679262,      -12.01888656,      -12.19824854,      -9.127396808
          0,           0,         410,      -14.60938649,      -12.01461799,      -12.18631657,      -9.120530194
          0,           0,         411,      -14.62102071,      -12.03156204,      -12.18971616,       -9.12675422
          0,           0,         412,      -14.62249388,       -12.0240031,      -12.17890287,      -9.120465444
          0,           0,         413,      -14.61207346,      -12.02307313,      -12.19915871,      -9.115100259
          0,           0,         414,      -14.63054631,      -12.05048969,      -12.19427605,      -9.140069174
          0,           0,         415,      -14.62026078,      -12.04471759,      -12.19026937,      -9.129514266
          0,           0,         416,       -14.6034865,      -12.02850379,      -12.18311901,      -9.108179422
          0,           0,         417,      -14.60920344,      -12.04084823,      -12.17067279,      -9.122970216
          0,           0,         418,      -14.61734948,       -12.0548396,      -12.18946425,      -9.128178988
          0,           0,         419,      -14.58333691,      -12.01259718,      -12.17917843,      -9.101989676
          0,           0,         420,      -14.61948514,      -12.04278744,      -12.19881876,      -9.127007514
          0,           0,         421,      -14.61526718,      -12.03039866,       -12.1839458,      -9.111717194
          0,           0,         422,      -14.61395381,      -12.04221643,      -12.19405621,      -9.120507909
          0,           0,         423,      -14.61165153,      -12.04138893,      -12.19475144,       -9.11901166
          0,           0,         424,      -14.60828392,      -12.05966221,      -12.19160188,      -9.122771273
          0,           0,         425,      -14.62000823,      -12.04875727,      -12.20310668,      -9.129726164
          0,           0,         426,      -14.61454352,      -12.07461088,      -12.17632381,      -9.131327792
          0,           0,         427,      -14.62045573,      -12.04915023,      -12.18975989,      -9.125103749
          0,           0,         428,      -14.61831985,      -12.05945433,      -12.19019122,      -9.125774723
          0,           0,         429,      -14.62192377,      -12.05913243,      -12.16799405,      -9.127325806
          0,           0,         430,      -14.63012837,      -12.05334268,       -12.1945039,        -9.1219468
          0,           0,         431,      -14.62889874,      -12.06749235,        -12.196221,      -9.128884617
          0,           0,         432,      -14.61639645,       -12.0686755,      -12.19181093,      -9.132566834
          0,           0,         433,      -14.62929395,      -12.06205386,      -12.19566625,      -9.125470817
          0,           0,         434,      -14.59845343,      -12.03102793,       -12.1759145,       -9.09856189
          0,           0,         435,      -14.61685353,      -12.06316767,      -12.18359441,      -9.124811438
          0,           0,         436,      -14.63181042,       -12.0687561,      -12.20038575,      -9.138574701
          0,           0,         437,      -14.61046474,      -12.05626723,      -12.19162194,      -9.125990247
          0,           0,         438,      -14.61178852,      -12.05272938,      -12.18322632,      -9.112917677
          0,           0,         439,      -14.62046608,      -12.06543533,      -12.19315592,      -9.121754717
          0,           0,         440,      -14.61550009,      -12.04905854,      -12.18067666,      -9.116576404
          0,           0,         441,      -14.61775691,      -12.07078512,      -12.18220935,       -9.13330685
          0,           0,         442,      -14.62822486,      -12.07786662,      -12.19349455,      -9.134799497
          0,           0,         443,      -14.63025087,      -12.06485933,      -12.18727007,      -9.131235752
          0,           0,         444,      -14.60718823,      -12.05514552,       -12.1967829,      -9.114768097
          0,           0,         445,      -14.61401831,      -12.03733762,      -12.20700062,      -9.110321102
          0,           0,         446,      -14.61119414,      -12.05758466,      -12.18023765,      -9.127144541
          0,           0,         447,      -14.59204385,      -12.04441206,      -12.17151855,      -9.104815648
          0,           0,         448,      -14.61137961,       -12.0784554,      -12.18252839,      -9.127404985
          0,           0,         449,      -14.61306176,       -12.0613802,      -12.19379121,      -9.128319877
          0,           0,         450,      -14.61205445,      -12.07267802,      -12.16671029,      -9.120738412
          0,           0,         451,      -14.62965721,      -12.06347062,      -12.19117901,      -9.131248769
          0,           0,         452,      -14.60460291,      -12.05529955,      -12.18555316,      -9.118682517
          0,           0,         453,      -14.62824632,      -12.06209694,      -12.20000129,      -9.142612336
          0,           0,         454,      -14.61072723,      -12.05543052,      -12.19169975,      -9.117017755
          0,           0,         455,      -14.62743895,      -12.06871752,      -12.17871503,      -9.136702536
          0,           0,         456,      -14.61538376,      -12.06950595,      -12.17635082,      -9.120437076
          0,           0,         457,      -14.61531385,      -12.06267322,      -12.18717594,      -9.128070003
          0,           0,         458,      -14.61887674,      -12.06587177,        -12.192758,      -9.128981566
          0,           0,         459,      -14.61789768,      -12.06362044,       -12.1803763,      -9.126424599
          0,           0,         460,      -14.62105201,      -12.05979272,      -12.20441007,      -9.123229502
          0,           0,         461,      -14.60859795,      -12.04679082,      -12.19110731,      -9.116835261
          0,           0,         462,      -14.61047369,      -12.07047717,      -12.18441982,      -9.122753343
          0,           0,         463,      -14.61981875,      -12.05080824,      -12.19307565,      -9.119096116
          0,           0,         464,       -14.6049644,      -12.04986908,      -12.19260667,      -9.111765638
          0,           0,         465,      -14.62789236,      -12.08417348,      -12.18972758,      -9.140927066
          0,           0,         466,      -14.63187087,      -12.06791213,      -12.21053782,      -9.142985948
          0,           0,         467,       -14.6207067,      -12.06106414,      -12.19249612,      -9.134356789
          0,           0,         468,      -14.63791337,      -12.07782533,      -12.19474515,      -9.133206847
          0,           0,         469,      -14.62005476,      -12.07165476,       -12.1939305,      -9.134304387
          0,           0,         470,      -14.60950198,      -12.05133811,      -12.17907406,      -9.115882352
          0,           0,         471,      -14.62055171,      -12.06497123,      -12.17784444,      -9.120663567
          0,           0,         472,      -14.59102982,      -12.04407047,      -12.18021879,      -9.103535841
          0,           0,         473,      -14.61262105,       -12.0649128,       -12.1835573,      -9.125792085
          0,           0,         474,      -14.61739632,      -12.06105584,      -12.19031383,      -9.122912689
          0,           0,         475,        -14.631074,      -12.06472127,      -12.19360325,      -9.131678311
          0,           0,         476,      -14.59602989,      -12.03670215,      -12.20142247,      -9.106149649
          0,           0,         477,      -14.59746466,      -12.04007183,       -12.1824365,      -9.111800278
          0,           0,         478,       -14.6238235,      -12.07301804,       -12.1881842,      -9.130782245
          0,           0,         479,      -14.62971579,      -12.05439198,      -12.19025557,      -9.121030329
          0,           0,         480,      -14.61122693,      -12.05529084,      -12.19130461,      -9.122402546
          0,           0,         481,      -14.61405103,      -12.06440335,      -12.18437327,      -9.126993655
          0,           0,         482,      -14.60257494,      -12.06000947,      -12.18415751,      -9.110136195
          0,           0,         483,      -14.61495822,      -12.05531301,         -12.19173,      -9.121881969
          0,           0,         484,      -14.61451611,      -12.06355829,      -12.17289189,      -9.119960844
          0,           0,         485,      -14.62928293,      -12.07784935,       -12.1885924,      -9.135172749
          0,           0,         486,      -14.62657365,      -12.08578331,      -12.18485762,      -9.132922143
          0,           0,         487,      -14.63327457,      -12.07194644,      -12.19546053,      -9.127407088
          0,           0,         488,      -14.61620284,      -12.06526995,      -12.17995908,      -9.126465963
          0,           0,         489,      -14.61736729,      -12.05910955,      -12.18078653,      -9.124158567
          0,           0,         490,      -14.59640912,      -12.04427903,      -12.18589463,      -9.112170301
          0,           0,         491,      -14.62188576,      -12.07733191,      -12.17841018,      -9.135923968
          0,           0,         492,      -14.59998319,      -12.05954287,       -12.1843865,      -9.111712004
          0,           0,         493,      -14.61565576,       -12.0584503,      -12.18976866,      -9.121190132
          0,           0,         494,      -14.62043576,      -12.05146002,      -12.18362395,      -9.120329846
          0,           0,         495,      -14.62327252,      -12.06452448,      -12.19404907,      -9.126898503
          0,           0,         496,      -14.61113659,      -12.05986984,      -12.17600494,      -9.113803128
          0,           0,         497,      -14.62752851,      -12.06735586,      -12.18804605,      -9.133279108
          0,           0,         498,      -14.60858676,      -12.05052067,      -12.17914873,      -9.116856047
          0,           0,         499,      -14.61947637,      -12.05433579,      -12.19177881,      -9.121833295
          0,           0,         500,      -14.60737217,      -12.06302332,      -12.19379677,      -9.121893941
          0,           0,         501,      -14.61584608,      -12.06815962,      -12.17838622,       -9.12569235
          0,           0,         502,      -14.61407892,      -12.06054175,      -12.19645469,      -9.127639472
          0,           0,         503,      -14.62291646,      -12.07886682,      -12.20114345,      -9.134047066
          0,           0,         504,      -14.62466792,      -12.05380251,      -12.19740502,      -9.126782869
          0,           0,         505,      -14.62018671,      -12.07136949,      -12.19277684,      -9.129558542
          0,           0,         506,      -14.61647794,      -12.06004267,      -12.19312946,      -9.125413606
          0,           0,         507,      -14.61815855,      -12.06216083,      -12.20248123,      -9.128202891
          0,           0,         508,      -14.62635627,      -12.06290728,      -12.19564372,      -9.128452329
          0,           0,         509,      -14.61653447,        -12.068468,      -12.17264437,      -9.124816853
          0,           0,         510,      -14.59677015,      -12.04566764,      -12.19047285,      -9.107387085
          0,           0,         511,      -14.60675647,      -12.06901626,      -12.18599435,      -9.116778522
          0,           0,         512,      -14.60032228,      -12.05340181,      -12.17346234,      -9.115560445
          0,           0,         513,      -14.62844406,      -12.07072212,       -12.1812159,      -9.131796442
          0,           0,         514,      -14.62527594,      -12.07893995,      -12.18417641,      -9.132495496
          0,           0,         515,      -14.60744098,       -12.0706822,      -12.17280826,      -9.122022724
          0,           0,         516,      -14.61221412,      -12.06761837,      -12.18297175,      -9.129180258
          0,           0,         517,      -14.61992695,      -12.07196405,      -12.18488483,      -9.130513998
          0,           0,         518,       -14.6251483,       -12.0773835,      -12.17677818,      -9.132975743
          0,           0,         519,      -14.63127786,      -12.08534114,      -12.18382267,      -9.139303496
          0,           0,         520,      -14.63170789,      -12.07664681,      -12.19325286,      -9.139825917
          0,           0,         521,      -14.62981466,      -12.07799912,      -12.18312552,      -9.136014257
          0,           0,         522,      -14.61923066,      -12.06905117,      -12.18127296,      -9.127936864
          0,           0,         523,       -14.6185293,       -12.0661899,      -12.19368437,      -9.121643275
          0,           0,         524,      -14.61329279,      -12.06619581,      -12.18820453,      -9.128609367
          0,           0,         525,       -14.6204612,      -12.05962831,      -12.18317408,      -9.120399652
          0,           0,         526,      -14.62883944,        -12.078044,      -12.19400015,      -9.142691372
          0,           0,         527,      -14.59803913,      -12.05702589,      -12.18738503,      -9.109385571
          0,           0,         528,      -14.60381385,      -12.04591955,      -12.17694766,      -9.113127086
          0,           0,         529,      -14.62692905,      -12.08939498,      -12.18800144,       -9.14307342
          0,           0,         530,      -14.62598984,      -12.07493117,       -12.2016158,      -9.130645806
          0,           0,         531,      -14.61272241,      -12.06536313,      -12.19527044,       -9.12820091
          0,           0,         532,      -14.61843023,      -12.05692258,      -12.19063353,      -9.128693945
          0,           0,         533,        -14.625867,      -12.07484321,       -12.1912705,      -9.130166272
          0,           0,         534,      -14.63893629,       -12.0890159,      -12.18572482,      -9.140812509
          0,           0,         535,      -14.62747103,      -12.07327554,      -12.19910232,       -9.13231879
          0,           0,         536,       -14.6282687,      -12.06140687,      -12.19861292,      -9.132487196
          0,           0,         537,      -14.61150404,      -12.06927291,      -12.18431597,      -9.122953741
          0,           0,         538,      -14.60019327,      -12.04546194,       -12.1792462,      -9.105092951
          0,           0,         539,      -14.59422788,      -12.03548797,      -12.17853559,      -9.104187179
          0,           0,         540,      -14.60580834,      -12.04457104,      -12.19308474,      -9.122133482
          0,           0,         541,      -14.62026951,      -12.06179045,       -12.1852111,      -9.124160806
          0,           0,         542,      -14.62281576,      -12.06745171,      -12.19548677,      -9.129406331
          0,           0,         543,      -14.62485578,        -12.069362,      -12.18649074,      -9.124070905
          0,           0,         544,       -14.6239671,      -12.07349516,      -12.19272315,      -9.127804833
          0,           0,         545,      -14.61771835,       -12.0630426,      -12.17465654,      -9.125005413
          0,           0,         546,      -14.62204022,      -12.06515343,      -12.18633469,      -9.124087534
          0,           0,         547,      -14.61809661,      -12.05709428,      -12.19837892,      -9.124992227
          0,           0,         548,       -14.6127519,      -12.05335072,      -12.18807963,      -9.112202718
          0,           0,         549,       -14.6280794,      -12.07262136,      -12.18855793,      -9.125853631
          0,           0,         550,      -14.60560033,      -12.04790038,       -12.1805806,      -9.104771884
          0,           0,         551,      -14.62283086,      -12.06222714,      -12.19144726,      -9.131592799
          0,           0,         552,      -14.61853335,      -12.07285608,      -12.17542578,      -9.128246799
          0,           0,         553,      -14.61405245,      -12.07534929,      -12.18847199,      -9.125349503
          0,           0,         554,      -14.61367231,      -12.06454242,      -12.20029276,      -9.125158034
          0,           0,         555,      -14.62856854,      -12.07705608,      -12.18390866,       -9.13533804
          0,           0,         556,      -14.62684606,      -12.07909025,      -12.19562007,      -9.136271884
          0,           0,         557,      -14.62923042,      -12.07115185,      -12.19987765,      -9.131043722
          0,           0,         558,      -14.60223308,       -12.0473484,      -12.18146144,      -9.111455871
          0,           0,         559,       -14.6040828,      -12.06397076,      -12.18257757,      -9.116636341
          0,           0,         560,      -14.61875474,      -12.08500846,      -12.18979405,      -9.131212474
          0,           0,         561,      -14.61779256,      -12.06688118,      -12.18267623,       -9.12223394
          0,           0,         562,      -14.62807968,      -12.08223324,       -12.1849197,      -9.131691879
          0,           0,         563,      -14.62797693,      -12.07250837,      -12.19171312,      -9.133914312
          0,           0,         564,      -14.61777537,       -12.0749027,      -12.19498106,      -9.137289005
          0,           0,         565,      -14.61753847,      -12.06418658,      -12.19546771,      -9.127488417
          0,           0,         566,      -14.60634744,      -12.06486612,      -12.18139602,      -9.119131116
          0,           0,         567,      -14.61373715,      -12.05948619,      -12.19845832,      -9.128246569
          0,           0,         568,      -14.62915561,      -12.08835552,      -12.19033679,      -9.143418039
          0,           0,         569,        -14.632043,      -12.08527358,      -12.19497143,       -9.13621755
          0,           0,         570,      -14.62919535,       -12.0764553,      -12.19721679,      -9.135536445
          0,           0,         571,      -14.61466884,      -12.05836248,      -12.17941207,      -9.110917581
          0,           0,         572,      -14.62195663,      -12.07293848,      -12.19704104,      -9.127187838
          0,           0,         573,      -14.61567409,      -12.05595241,      -12.18701454,      -9.119105215
          0,           0,         574,      -14.62208426,      -12.06726859,      -12.19143399,      -9.127658686
          0,           0,         575,      -14.62246602,       -12.0701052,      -12.18914395,        -9.1350027
          0,           0,         576,       -14.6261012,      -12.07294004,      -12.20608242,      -9.129276413
          0,           0,         577,      -14.62485372,      -12.08285019,       -12.1829006,      -9.132400781
          0,           0,         578,      -14.61233002,       -12.0518568,      -12.18853484,      -9.115442707
          0,           0,         579,      -14.60835935,       -12.0723054,      -12.18700778,      -9.118055018
          0,           0,         580,      -14.61868295,      -12.06780685,      -12.17682383,      -9.126172573
          0,           0,         581,      -14.61322882,       -12.0592262,      -12.18376107,      -9.125787882
          0,           0,         582,      -14.59263494,      -12.04353516,      -12.18593507,      -9.103989088
          0,           0,         583,      -14.61348938,      -12.06932121,      -12.17986961,      -9.122762344
          0,           0,         584,       -14.6092047,       -12.0620471,      -12.18987767,      -9.125186184
          0,           0,         585,      -14.61998482,      -12.06884419,      -12.19302618,       -9.13638477
          0,           0,         586,      -14.61880822,      -12.07565456,      -12.19695477,      -9.131277796
          0,           0,         587,      -14.62208441,      -12.05910887,        -12.196237,      -9.128448337
          0,           0,         588,      -14.61068621,      -12.06099415,      -12.18983637,      -9.121703949
          0,           0,         589,      -14.62492829,      -12.07702279,      -12.19720982,      -9.133518109
          0,           0,         590,      -14.61090673,      -12.04516229,      -12.19112013,       -9.11946552
          0,           0,         591,      -14.62489422,      -12.07774704,      -12.19887965,      -9.137319935
          0,           0,         592,      -14.60005323,      -12.05139598,      -12.18630388,      -9.112449647
          0,           0,         593,      -14.62048587,      -12.07706828,      -12.19242507,      -9.127141958
          0,           0,         594,      -14.60340576,      -12.05994533,       -12.1662734,      -9.110023362
          0,           0,         595,      -14.62975247,      -12.06760008,      -12.19746784,      -9.131346431
          0,           0,         596,      -14.60993173,      -12.06380432,      -12.17940803,      -9.120444585
          0,           0,         597,      -14.61770754,      -12.05621431,      -12.18490726,       -9.11754261
          0,           0,         598,      -14.62215804,      -12.06230273,      -12.18465985,      -9.124807066
          0,           0,         599,      -14.62454145,      -12.06617513,      -12.17425778,      -9.126899617
          0,           0,         600,      -14.62008964,      -12.07601921,      -12.18024976,      -9.131676981
