VARIABLES = \
"Time_Iter","Outer_Iter","Inner_Iter",    "rms[Rho]"    ,    "rms[RhoU]"   ,    "rms[RhoV]"   ,    "rms[RhoE]"   
          0,           0,           0,      -1.012161494,       1.369123885,        1.40533221,       4.447466709
          0,           0,           1,       -1.53728132,      0.9482870498,      0.9655768371,       3.946452381
          0,           0,           2,       -1.74986823,      0.7948313798,      0.7722200206,       3.743148896
          0,           0,           3,      -1.902564023,       0.671876668,      0.6036986327,       3.590253622
          0,           0,           4,      -2.039601276,      0.5522856442,      0.4493956752,       3.452308867
          0,           0,           5,      -2.163736158,      0.4401642487,       0.300090648,       3.325979124
          0,           0,           6,      -2.261986089,      0.3501534148,      0.1587732359,       3.229144881
          0,           0,           7,       -2.35936662,      0.2733190883,     0.02378713717,       3.132240209
          0,           0,           8,      -2.450443307,      0.2047648779,     -0.1052165362,       3.042676983
          0,           0,           9,      -2.573283102,      0.1235451085,     -0.2318846126,       2.923851811
          0,           0,          10,      -2.685108981,     0.05778637232,     -0.3571715348,        2.80884685
          0,           0,          11,      -2.772019324,    0.002681785944,     -0.4727164015,       2.721606173
          0,           0,          12,      -2.847255369,    -0.04942727046,     -0.5594832596,       2.649063532
          0,           0,          13,      -2.919029609,      -0.097714832,     -0.6227847092,       2.579543514
          0,           0,          14,      -2.984240584,      -0.144518102,      -0.683496748,       2.514352536
          0,           0,          15,      -3.044913813,     -0.1879500821,     -0.7518751117,       2.452251784
          0,           0,          16,      -3.114493067,     -0.2285192339,     -0.8233877604,       2.383727334
          0,           0,          17,      -3.185540101,     -0.2678823284,     -0.8832111517,       2.316268923
          0,           0,          18,      -3.222295203,      -0.304145702,     -0.9170109035,       2.279849226
          0,           0,          19,      -3.218654955,     -0.3358027974,     -0.9326977244,       2.280423195
          0,           0,          20,      -3.208322458,     -0.3641003488,     -0.9491021076,       2.289034414
          0,           0,          21,      -3.210378883,      -0.391446031,     -0.9790861642,       2.287470438
          0,           0,          22,      -3.223323012,     -0.4188173696,      -1.020398538,       2.275807542
          0,           0,          23,      -3.244957482,     -0.4460290115,       -1.06870692,       2.255749866
          0,           0,          24,      -3.275684085,      -0.473234625,      -1.122006178,       2.226930597
          0,           0,          25,      -3.311220965,     -0.5009884837,      -1.175045792,       2.193360276
          0,           0,          26,      -3.350827329,     -0.5295642549,      -1.224546503,       2.155628697
          0,           0,          27,      -3.392130605,     -0.5587221005,       -1.27086783,       2.115872314
          0,           0,          28,      -3.432866263,     -0.5881126647,      -1.311992817,       2.076296407
          0,           0,          29,      -3.477077687,     -0.6177012334,      -1.352277419,       2.033245163
          0,           0,          30,      -3.526538804,     -0.6474450273,      -1.389708721,       1.985381749
          0,           0,          31,      -3.582366777,     -0.6773467253,      -1.427567104,       1.932046106
          0,           0,          32,      -3.643117308,     -0.7073026562,      -1.466681676,       1.874765694
          0,           0,          33,      -3.708982597,     -0.7372731835,       -1.50571846,       1.813572893
          0,           0,          34,      -3.782479023,     -0.7672732598,      -1.543350078,       1.746673524
          0,           0,          35,      -3.865354966,     -0.7973105592,      -1.578796304,        1.67331463
          0,           0,          36,      -3.955191917,     -0.8273545141,       -1.61128436,       1.596422702
          0,           0,          37,      -4.041251769,     -0.8573876724,      -1.639209176,       1.524697302
          0,           0,          38,      -4.099921992,      -0.887380022,      -1.661027996,       1.473580026
          0,           0,          39,      -4.107868751,     -0.9172861526,      -1.675785224,       1.457411643
          0,           0,          40,       -4.07207001,     -0.9470478663,        -1.6840865,       1.474647202
          0,           0,          41,      -4.017390319,     -0.9766056672,      -1.686976743,        1.51145441
          0,           0,          42,      -3.961543766,      -1.005851571,      -1.686006752,       1.554436562
          0,           0,          43,      -3.911281918,      -1.034701137,      -1.682623366,       1.596242845
          0,           0,          44,       -3.86838452,       -1.06306875,      -1.678039193,       1.633667335
          0,           0,          45,      -3.835860015,      -1.090912295,      -1.670401848,       1.663008425
          0,           0,          46,      -3.811302198,      -1.118376393,      -1.662482602,       1.685588707
          0,           0,          47,      -3.790727364,      -1.145171455,      -1.656646941,       1.704639334
          0,           0,          48,      -3.780737156,      -1.170339835,       -1.65786624,       1.714025466
          0,           0,          49,      -3.770982914,      -1.197342376,      -1.660819127,       1.723064663
          0,           0,          50,      -3.761078929,      -1.222743796,      -1.664681279,       1.732449822
          0,           0,          51,      -3.755406279,      -1.246694848,      -1.670381477,       1.737986976
          0,           0,          52,      -3.751146206,       -1.26997348,      -1.681465996,       1.741907196
          0,           0,          53,      -3.748896822,      -1.292473173,      -1.693225885,       1.743753413
          0,           0,          54,      -3.749231356,      -1.314242723,       -1.70474373,       1.743126233
          0,           0,          55,      -3.752183708,      -1.335120584,       -1.71562633,       1.740041778
          0,           0,          56,      -3.758005807,      -1.354774661,      -1.727138099,       1.734279157
          0,           0,          57,      -3.765930423,      -1.373364862,      -1.739475348,       1.726497638
          0,           0,          58,      -3.775462639,      -1.391201412,      -1.752489814,       1.717143352
          0,           0,          59,      -3.786090682,      -1.408078724,      -1.765605206,       1.706691938
          0,           0,          60,      -3.797714558,      -1.424252928,      -1.778696235,       1.695225393
          0,           0,          61,      -3.810228241,      -1.439909358,      -1.791849422,       1.682853992
          0,           0,          62,      -3.822077202,      -1.455303592,      -1.805295795,       1.671041991
          0,           0,          63,      -3.832514795,      -1.470314969,      -1.818005063,       1.660476772
          0,           0,          64,        -3.8438237,      -1.484568292,      -1.829927611,       1.649090496
          0,           0,          65,      -3.855841658,      -1.498444756,      -1.842456253,       1.637068302
          0,           0,          66,      -3.868710455,      -1.512447587,      -1.855303683,       1.624250274
          0,           0,          67,       -3.88334822,      -1.527043325,      -1.867794913,       1.609762819
          0,           0,          68,      -3.899398949,      -1.542253303,      -1.881095429,       1.593895516
          0,           0,          69,       -3.91671368,      -1.557974465,       -1.89562247,       1.576769763
          0,           0,          70,      -3.935538776,      -1.575778982,        -1.9134593,       1.558016847
          0,           0,          71,      -3.953166393,      -1.593826667,      -1.927947183,       1.540270434
          0,           0,          72,      -3.970122857,      -1.611445868,      -1.942872357,       1.523283021
          0,           0,          73,      -3.987362323,      -1.628479872,      -1.959613226,       1.506110628
          0,           0,          74,      -4.005765462,        -1.6452853,         -1.978233,       1.487845808
          0,           0,          75,      -4.025618939,      -1.662417558,      -1.998486363,        1.46816347
          0,           0,          76,      -4.046898302,      -1.680298247,      -2.020147229,       1.447069801
          0,           0,          77,      -4.068550652,      -1.699215441,      -2.042585578,       1.425548812
          0,           0,          78,      -4.090363395,       -1.71882489,      -2.065394387,       1.403803108
          0,           0,          79,      -4.112943202,      -1.738775696,      -2.089171362,       1.381316368
          0,           0,          80,      -4.137183537,      -1.759117395,      -2.114412681,       1.357272247
          0,           0,          81,      -4.166720292,      -1.780881964,      -2.143906077,       1.328086295
          0,           0,          82,      -4.194403257,      -1.804258449,      -2.176376688,       1.300416495
          0,           0,          83,      -4.221131703,      -1.827097631,      -2.212093312,        1.27386943
          0,           0,          84,      -4.249008786,      -1.850435914,      -2.248537039,       1.246359735
          0,           0,          85,      -4.279454938,      -1.874833499,      -2.285040885,        1.21638957
          0,           0,          86,      -4.312847872,      -1.900395847,      -2.321700586,       1.183503464
          0,           0,          87,      -4.348939757,      -1.927123134,      -2.359053345,       1.147911169
          0,           0,          88,      -4.387458232,      -1.955080031,      -2.397690248,       1.109895757
          0,           0,          89,      -4.428321564,      -1.984300335,      -2.437995215,       1.069563633
          0,           0,          90,      -4.471601006,      -2.014719859,      -2.480188454,       1.026860234
          0,           0,          91,      -4.517479144,      -2.046229097,      -2.524375155,      0.9816156932
          0,           0,          92,      -4.566191313,      -2.078723985,      -2.570575996,      0.9336072596
          0,           0,          93,      -4.618000414,       -2.11212308,      -2.618754594,      0.8825875111
          0,           0,          94,      -4.673202724,      -2.146362751,       -2.66890677,      0.8282822753
          0,           0,          95,      -4.731845615,      -2.181349309,      -2.721535491,       0.770648329
          0,           0,          96,      -4.794662932,      -2.216998072,      -2.774913137,       0.709025301
          0,           0,          97,      -4.862884732,      -2.253312721,      -2.829136249,      0.6423172517
          0,           0,          98,      -4.937985392,      -2.290259827,      -2.884005846,      0.5692183169
          0,           0,          99,      -5.021576763,      -2.327714117,      -2.938659538,      0.4883459983
          0,           0,         100,      -5.115383141,      -2.365442817,      -2.991485202,      0.3983203979
          0,           0,         101,      -5.220882024,      -2.403125853,      -3.040154011,      0.2981592005
          0,           0,         102,      -5.337372184,      -2.440374794,      -3.081838736,       0.188968095
          0,           0,         103,      -5.454666619,      -2.476736685,      -3.113802095,     0.07954803548
          0,           0,         104,      -5.537866279,      -2.511713261,      -3.134416567,    -0.00285630004
          0,           0,         105,      -5.542230496,      -2.544798355,      -3.143965666,    -0.02083928468
          0,           0,         106,      -5.483233334,      -2.575526376,      -3.144544199,     0.02215372355
          0,           0,         107,      -5.408734042,      -2.603529676,      -3.139141078,     0.08756496605
          0,           0,         108,      -5.341556465,      -2.628587878,      -3.130641691,      0.1507485183
          0,           0,         109,      -5.286408636,      -2.650662772,      -3.121286147,      0.2043285977
          0,           0,         110,        -5.2425619,      -2.669903472,      -3.112580294,      0.2476795458
          0,           0,         111,      -5.208283599,      -2.686620413,      -3.105433035,      0.2819393922
          0,           0,         112,      -5.181949742,      -2.701237883,      -3.100338543,      0.3084698133
          0,           0,         113,      -5.162243676,      -2.714239153,      -3.097528945,      0.3284674431
          0,           0,         114,      -5.148136532,      -2.726116368,      -3.097082901,      0.3429043393
          0,           0,         115,        -5.1388294,      -2.737332923,      -3.098993817,      0.3525520297
          0,           0,         116,      -5.134206052,      -2.748576919,      -3.101981595,      0.3575424568
          0,           0,         117,      -5.133794014,      -2.760425052,      -3.108347492,      0.3583276184
          0,           0,         118,      -5.136732343,      -2.772825975,      -3.117507077,      0.3557398551
          0,           0,         119,      -5.142420778,      -2.785752253,      -3.128876511,      0.3503759877
          0,           0,         120,      -5.150568361,      -2.799287323,      -3.142205536,      0.3425341545
          0,           0,         121,       -5.16105539,      -2.813571477,      -3.157447095,      0.3323424424
          0,           0,         122,      -5.173824527,      -2.828748134,      -3.174602149,      0.3198632918
          0,           0,         123,      -5.188826001,      -2.844939204,       -3.19366046,      0.3051486508
          0,           0,         124,      -5.206005711,      -2.862241282,      -3.214595831,      0.2882539634
          0,           0,         125,      -5.225309874,      -2.880726673,      -3.237374715,      0.2692344664
          0,           0,         126,      -5.246691746,      -2.900445487,      -3.261965861,      0.2481384884
          0,           0,         127,      -5.270116136,      -2.921429157,      -3.288347365,      0.2250028337
          0,           0,         128,      -5.295561397,      -2.943695784,      -3.316509741,      0.1998508364
          0,           0,         129,      -5.323020078,      -2.967254666,      -3.346456255,      0.1726918302
          0,           0,         130,      -5.352499628,      -2.992108951,       -3.37820226,      0.1435206091
          0,           0,         131,      -5.384023652,      -3.018258108,      -3.411774018,      0.1123162962
          0,           0,         132,       -5.41763349,      -3.045699346,      -3.447207856,     0.07904086413
          0,           0,         133,      -5.453389724,      -3.074428009,      -3.484549413,     0.04363768779
          0,           0,         134,      -5.491373689,      -3.104437149,      -3.523852389,    0.006030117989
          0,           0,         135,      -5.531689439,      -3.135716517,      -3.565176885,    -0.03388032349
          0,           0,         136,      -5.574466841,      -3.168251128,      -3.608587139,    -0.07621673111
          0,           0,         137,      -5.619866382,      -3.202019641,      -3.654148402,     -0.1211311425
          0,           0,         138,      -5.668086165,       -3.23699248,      -3.701922186,     -0.1688108414
          0,           0,         139,      -5.719371399,      -3.273129534,      -3.751958351,     -0.2194868622
          0,           0,         140,      -5.774026793,      -3.310377176,      -3.804281555,     -0.2734449794
          0,           0,         141,      -5.832432683,        -3.3486644,      -3.858868509,     -0.3310397364
          0,           0,         142,      -5.895066181,      -3.387897966,      -3.915611057,     -0.3927123827
          0,           0,         143,      -5.962528947,      -3.427956687,      -3.974258361,     -0.4590135613
          0,           0,         144,      -6.035582426,      -3.468685133,      -4.034330548,     -0.5306304169
          0,           0,         145,      -6.115187371,      -3.509887251,       -4.09499946,     -0.6084131602
          0,           0,         146,      -6.202530447,       -3.55132104,      -4.154947486,     -0.6933818583
          0,           0,         147,      -6.298971694,       -3.59269671,      -4.212253313,     -0.7866489464
          0,           0,         148,      -6.405664539,      -3.633679306,      -4.264416899,     -0.8890402414
          0,           0,         149,      -6.521963812,      -3.673887693,      -4.308684488,     -0.9997044859
          0,           0,         150,      -6.640068864,      -3.712906846,      -4.342782995,      -1.111857565
          0,           0,         151,      -6.733817778,      -3.750306693,      -4.365847354,      -1.204372991
          0,           0,         152,        -6.7636366,      -3.785682353,      -4.378864197,      -1.243867151
          0,           0,         153,      -6.729063016,      -3.818702835,      -4.384241495,      -1.223081029
          0,           0,         154,       -6.66962057,      -3.849160374,       -4.38487673,      -1.172488486
          0,           0,         155,      -6.611972027,      -3.877003131,      -4.383371305,      -1.118921584
          0,           0,         156,      -6.564222775,      -3.902345205,      -4.381678174,      -1.072773266
          0,           0,         157,       -6.52712916,      -3.925450325,      -4.381089454,      -1.036155099
          0,           0,         158,      -6.499530252,      -3.946692493,      -4.382373397,      -1.008530027
          0,           0,         159,      -6.480012839,      -3.966506174,      -4.385935964,     -0.9887632539
          0,           0,         160,      -6.467333557,      -3.985339656,      -4.391956089,     -0.9757381162
          0,           0,         161,      -6.460488785,      -4.003620281,      -4.400483683,     -0.9685098392
          0,           0,         162,      -6.458693579,       -4.02173389,      -4.411504482,     -0.9663207433
          0,           0,         163,      -6.461342642,      -4.040016226,      -4.424979463,     -0.9685775153
          0,           0,         164,      -6.467972778,      -4.058752252,       -4.44086639,     -0.9748213362
          0,           0,         165,      -6.478231448,      -4.078179676,      -4.459129897,     -0.9847002007
          0,           0,         166,      -6.491852058,      -4.098494203,      -4.479745094,     -0.9979460951
          0,           0,         167,      -6.508635471,      -4.119855247,      -4.502698206,      -1.014357453
          0,           0,         168,      -6.528436825,      -4.142391521,      -4.527986352,      -1.033786424
          0,           0,         169,        -6.5511566,      -4.166206291,      -4.555617488,      -1.056130117
          0,           0,         170,      -6.576734946,      -4.191382122,      -4.585610784,      -1.081324951
          0,           0,         171,      -6.605148494,       -4.21798499,      -4.617997372,        -1.1093434
          0,           0,         172,      -6.636409172,      -4.246067626,      -4.652821235,      -1.140192649
          0,           0,         173,      -6.670564782,      -4.275672016,      -4.690139986,      -1.173914944
          0,           0,         174,      -6.707701344,      -4.306830977,      -4.730025214,      -1.210589616
          0,           0,         175,      -6.747947369,      -4.339568747,      -4.772561913,      -1.250336914
          0,           0,         176,      -6.791480456,       -4.37390049,      -4.817846164,      -1.293323987
          0,           0,         177,      -6.838536828,      -4.409830557,      -4.865979666,       -1.33977352
          0,           0,         178,      -6.889424727,      -4.447349235,      -4.917058595,      -1.389975823
          0,           0,         179,      -6.944543002,      -4.486427627,      -4.971152455,      -1.444305433
          0,           0,         180,      -7.004406632,      -4.527010152,      -5.028265425,      -1.503243571
          0,           0,         181,      -7.069681125,      -4.569004027,      -5.088267739,      -1.567407722
          0,           0,         182,      -7.141226904,      -4.612265027,      -5.150778182,      -1.637588386
          0,           0,         183,      -7.220150964,       -4.65657924,      -5.214975118,      -1.714788624
          0,           0,         184,      -7.307851046,      -4.701642785,       -5.27932794,       -1.80024988
          0,           0,         185,      -7.405973335,      -4.747042378,      -5.341293971,      -1.895389012
          0,           0,         186,      -7.515922965,      -4.792235849,      -5.397158315,      -2.001332363
          0,           0,         187,      -7.636579379,       -4.83653785,      -5.442456807,      -2.116956662
          0,           0,         188,      -7.756086264,      -4.879119708,      -5.473377655,       -2.23229667
          0,           0,         189,      -7.836595224,      -4.919057317,      -5.488779364,      -2.316144659
          0,           0,         190,      -7.836080047,       -4.95542403,      -5.490927797,      -2.328922108
          0,           0,         191,       -7.77681173,      -4.987437707,       -5.48418871,      -2.281060806
          0,           0,         192,      -7.705687041,      -5.014630384,      -5.473038295,      -2.215039219
          0,           0,         193,      -7.643045426,      -5.036964054,      -5.460896036,      -2.154003232
          0,           0,         194,      -7.592689579,      -5.054842164,      -5.449934754,      -2.103848262
          0,           0,         195,      -7.553694999,      -5.069013376,      -5.441352316,      -2.064535176
          0,           0,         196,      -7.524317182,      -5.080410996,      -5.435710801,      -2.034661943
          0,           0,         197,       -7.50295172,      -5.089993066,      -5.433200559,      -2.012756725
          0,           0,         198,      -7.488302521,      -5.098628787,      -5.433814673,      -1.997574383
          0,           0,         199,      -7.479361393,      -5.107042751,      -5.437454979,      -1.988124771
          0,           0,         200,      -7.475353291,      -5.115804412,       -5.44399232,      -1.983637214
          0,           0,         201,      -7.475684024,      -5.125343311,      -5.453297859,      -1.983516195
          0,           0,         202,      -7.479897488,      -5.135974075,      -5.465257064,      -1.987302033
          0,           0,         203,      -7.487642557,      -5.147921912,      -5.479774162,      -1.994639304
          0,           0,         204,      -7.498648404,      -5.161344655,      -5.496772165,      -2.005252801
          0,           0,         205,      -7.512706737,      -5.176350487,      -5.516191556,      -2.018930007
          0,           0,         206,      -7.529659477,      -5.193011815,      -5.537989075,      -2.035508807
          0,           0,         207,      -7.549390447,      -5.211375973,      -5.562137151,      -2.054869131
          0,           0,         208,       -7.57181993,      -5.231473408,      -5.588623868,        -2.0769274
          0,           0,         209,      -7.596901241,      -5.253323814,        -5.6174533,      -2.101632983
          0,           0,         210,      -7.624618824,      -5.276940589,      -5.648645992,      -2.128966146
          0,           0,         211,      -7.654987612,      -5.302333891,      -5.682239477,       -2.15893723
          0,           0,         212,      -7.688053637,      -5.329512577,      -5.718288815,      -2.191587051
          0,           0,         213,      -7.723895979,      -5.358485206,      -5.756867042,      -2.226988563
          0,           0,         214,        -7.7626303,      -5.389260228,      -5.798065293,      -2.265250034
          0,           0,         215,      -7.804414298,      -5.421845388,       -5.84199219,      -2.306519982
          0,           0,         216,       -7.84945563,      -5.456246267,      -5.888771565,       -2.35099438
          0,           0,         217,      -7.898023068,      -5.492463764,      -5.938536873,      -2.398926753
          0,           0,         218,      -7.950462034,      -5.530490114,      -5.991419298,      -2.450642132
          0,           0,         219,      -8.007216143,       -5.57030304,       -6.04752414,       -2.50655618
          0,           0,         220,       -8.06885705,      -5.611857153,      -6.106885744,      -2.567201221
          0,           0,         221,      -8.136125478,      -5.655071821,      -6.169384227,       -2.63326113
          0,           0,         222,      -8.209985758,      -5.699814326,      -6.234596824,      -2.705615844
          0,           0,         223,      -8.291691022,      -5.745877323,      -6.301547452,      -2.785390251
          0,           0,         224,      -8.382835557,      -5.792951035,      -6.368333169,      -2.873981311
          0,           0,         225,       -8.48527929,      -5.840594589,      -6.431697364,      -2.972954935
          0,           0,         226,      -8.600421884,      -5.888196443,      -6.486875078,      -3.083365661
          0,           0,         227,      -8.725743119,      -5.934944256,      -6.528418282,      -3.202853263
          0,           0,         228,      -8.842959555,      -5.979804279,      -6.552521555,      -3.316367937
          0,           0,         229,      -8.903135868,      -6.021563943,      -6.559446866,      -3.383610529
          0,           0,         230,      -8.875717297,      -6.058965889,      -6.553413746,      -3.371676828
          0,           0,         231,      -8.804193111,       -6.09094784,      -6.540096993,      -3.310356819
          0,           0,         232,      -8.731438924,      -6.116917769,      -6.524324176,      -3.241578015
          0,           0,         233,       -8.67068415,      -6.136937833,      -6.509279964,      -3.181913564
          0,           0,         234,      -8.622983004,      -6.151709809,      -6.496712034,      -3.134206853
          0,           0,         235,      -8.586595961,      -6.162365084,      -6.487401656,       -3.09742188
          0,           0,         236,      -8.559549061,      -6.170181711,      -6.481568658,      -3.069852549
          0,           0,         237,      -8.540179094,      -6.176355941,      -6.479147777,      -3.049938748
          0,           0,         238,      -8.527187968,      -6.181882625,      -6.479957541,      -3.036421118
          0,           0,         239,      -8.519590472,      -6.187528838,       -6.48379387,      -3.028326963
          0,           0,         240,      -8.516647622,       -6.19385904,      -6.490474316,      -3.024918865
          0,           0,         241,      -8.517806544,      -6.201276897,      -6.499852313,      -3.025641104
          0,           0,         242,      -8.522651532,      -6.210065196,      -6.511815793,      -3.030073555
          0,           0,         243,      -8.530866874,      -6.220417672,      -6.526279758,      -3.037895749
          0,           0,         244,      -8.542210076,      -6.232462908,      -6.543178709,      -3.048860663
          0,           0,         245,      -8.556493797,      -6.246282174,      -6.562461446,      -3.062776767
          0,           0,         246,      -8.573574272,      -6.261923208,      -6.584088709,      -3.079496449
          0,           0,         247,      -8.593344267,      -6.279411113,      -6.608033076,      -3.098908885
          0,           0,         248,      -8.615728787,      -6.298756675,      -6.634279707,      -3.120935596
          0,           0,         249,      -8.640682628,      -6.319962913,      -6.662827759,      -3.145527859
          0,           0,         250,      -8.668189079,      -6.343029546,      -6.693691564,      -3.172665243
          0,           0,         251,      -8.698259412,      -6.367956115,      -6.726901738,      -3.202354966
          0,           0,         252,       -8.73093331,      -6.394743502,      -6.762505796,      -3.234632116
          0,           0,         253,       -8.76628035,       -6.42339493,       -6.80056885,      -3.269560913
          0,           0,         254,      -8.804402899,      -6.453915796,      -6.841173969,      -3.307237323
          0,           0,         255,      -8.845440856,      -6.486313139,      -6.884422484,      -3.347793375
          0,           0,         256,      -8.889578605,       -6.52059436,      -6.930432584,      -3.391403523
          0,           0,         257,      -8.937054665,       -6.55676506,      -6.979336186,      -3.438293478
          0,           0,         258,      -8.988175223,       -6.59482571,      -7.031271097,      -3.488752481
          0,           0,         259,      -9.043332341,      -6.634766323,       -7.08636439,      -3.543149699
          0,           0,         260,      -9.103029209,      -6.676558705,      -7.144700254,      -3.601956552
          0,           0,         261,      -9.167914782,      -6.720145204,      -7.206258995,      -3.665776869
          0,           0,         262,      -9.238830335,      -6.765421818,      -7.270806352,      -3.735386095
          0,           0,         263,      -9.316868699,      -6.812215613,      -7.337699221,      -3.811778712
          0,           0,         264,      -9.403439107,      -6.860254696,       -7.40557612,       -3.89621404
          0,           0,         265,      -9.500289878,      -6.909135015,      -7.471939216,      -3.990212251
          0,           0,         266,      -9.609248305,      -6.958282784,       -7.53277932,      -4.095285923
          0,           0,         267,      -9.730666866,      -7.006905354,      -7.582762547,      -4.211572675
          0,           0,         268,      -9.856864194,      -7.053956613,       -7.61674049,      -4.332520097
          0,           0,         269,      -9.955070631,      -7.098136954,      -7.632576983,      -4.431449784
          0,           0,         270,      -9.972477637,      -7.138012652,      -7.632722264,       -4.46174634
          0,           0,         271,      -9.916763295,       -7.17226812,      -7.622647113,      -4.419606918
          0,           0,         272,      -9.841896941,      -7.200054103,      -7.607966585,      -4.351120563
          0,           0,         273,      -9.774985582,      -7.221254617,      -7.592761512,      -4.286218702
          0,           0,         274,      -9.721390262,      -7.236525098,      -7.579409187,      -4.232905905
          0,           0,         275,       -9.68013178,      -7.247073176,      -7.569042631,      -4.191316042
          0,           0,         276,      -9.649156588,      -7.254320297,      -7.562056627,      -4.159811318
          0,           0,         277,      -9.626593366,      -7.259616943,      -7.558467471,      -4.136675267
          0,           0,         278,       -9.61096577,       -7.26409239,      -7.558137177,      -4.120488285
          0,           0,         279,      -9.601158504,         -7.268615,      -7.560886206,      -4.110153487
          0,           0,         280,       -9.59634126,      -7.273821713,      -7.566548679,      -4.104843901
          0,           0,         281,      -9.595895116,      -7.280162717,      -7.574987226,      -4.103937838
          0,           0,         282,       -9.59935373,      -7.287948574,      -7.586092046,      -4.106964277
          0,           0,         283,      -9.606361112,      -7.297386014,      -7.599774535,      -4.113562039
          0,           0,         284,      -9.616641827,      -7.308607779,         -7.615963,      -4.123450731
          0,           0,         285,      -9.629981004,       -7.32169266,      -7.634596893,      -4.136410917
          0,           0,         286,       -9.64621238,      -7.336683443,      -7.655628137,      -4.152272351
          0,           0,         287,      -9.665211067,      -7.353599414,       -7.67902277,      -4.170906105
          0,           0,         288,      -9.686887512,      -7.372445517,      -7.704759662,      -4.192219084
          0,           0,         289,       -9.71118563,      -7.393220989,      -7.732833627,       -4.21615157
          0,           0,         290,      -9.738079269,      -7.415922214,      -7.763255916,      -4.242673432
          0,           0,         291,      -9.767571671,       -7.44054702,      -7.796054275,      -4.271783901
          0,           0,         292,      -9.799695565,        -7.4670962,      -7.831275498,      -4.303511073
          0,           0,         293,      -9.834513793,      -7.495574716,      -7.868983796,      -4.337912661
          0,           0,         294,      -9.872122457,      -7.525990293,      -7.909262583,      -4.375078332
          0,           0,         295,      -9.912654854,      -7.558354587,      -7.952214735,      -4.415133803
          0,           0,         296,      -9.956289233,      -7.592682772,      -7.997964124,      -4.458247815
          0,           0,         297,      -10.00325666,      -7.628989031,      -8.046649094,      -4.504639102
          0,           0,         298,      -10.05385456,      -7.667286794,      -8.098417294,       -4.55458908
          0,           0,         299,      -10.10846615,      -7.707581355,      -8.153415338,      -4.608459008
          0,           0,         300,      -10.16758414,      -7.749867649,       -8.21175734,      -4.666711621
          0,           0,         301,      -10.23184318,      -7.794112627,       -8.27346689,       -4.72993902
          0,           0,         302,      -10.30206712,      -7.840243708,       -8.33837198,      -4.798903479
          0,           0,         303,      -10.37933074,      -7.888122632,      -8.405923182,      -4.874587575
          0,           0,         304,      -10.46502668,      -7.937518656,      -8.474879048,      -4.958244341
          0,           0,         305,      -10.56089781,      -7.988058431,      -8.542843533,      -5.051404996
          0,           0,         306,       -10.6688398,      -8.039190891,      -8.605826638,      -5.155668884
          0,           0,         307,      -10.78957114,      -8.090108009,      -8.658237475,      -5.271527635
          0,           0,         308,      -10.91680944,      -8.139701219,      -8.694377404,      -5.393608871
          0,           0,         309,       -11.0206871,      -8.186510973,       -8.71144151,       -5.49754895
          0,           0,         310,       -11.0465387,      -8.228837758,      -8.711643597,      -5.535605472
          0,           0,         311,      -10.99417721,      -8.265022084,      -8.700741876,      -5.497150798
          0,           0,         312,      -10.91856891,      -8.293900829,      -8.684840382,      -5.428165457
          0,           0,         313,       -10.8500525,      -8.315213256,      -8.668369447,       -5.36166863
          0,           0,         314,      -10.79503158,      -8.329677149,      -8.653888729,       -5.30687057
          0,           0,         315,      -10.75266642,      -8.338744877,      -8.642584284,      -5.264112142
          0,           0,         316,       -10.7208433,      -8.344117491,      -8.634821915,      -5.231709446
          0,           0,         317,      -10.69760372,      -8.347389332,      -8.630575755,      -5.207859019
          0,           0,         318,       -10.6814082,      -8.349851055,      -8.629665278,      -5.191076016
          0,           0,         319,       -10.6710973,      -8.352464783,      -8.631879095,       -5.18021665
          0,           0,         320,      -10.66581859,      -8.355912106,      -8.637034299,      -5.174430147
          0,           0,         321,      -10.66494066,      -8.360653792,      -8.644995145,      -5.173080567
          0,           0,         322,      -10.66799237,      -8.367002102,      -8.655648476,      -5.175691325
          0,           0,         323,      -10.67461888,      -8.375157783,      -8.668908559,      -5.181901089
          0,           0,         324,      -10.68454186,      -8.385241451,      -8.684702977,      -5.191426403
          0,           0,         325,      -10.69754687,      -8.397317252,      -8.702980749,      -5.204048114
          0,           0,         326,      -10.71346559,      -8.411413218,       -8.72368457,      -5.219592499
          0,           0,         327,      -10.73216827,      -8.427532597,      -8.746781912,      -5.237927083
          0,           0,         328,      -10.75356146,      -8.445669434,      -8.772240373,      -5.258954359
          0,           0,         329,      -10.77758685,        -8.4658096,      -8.800056921,      -5.282611934
          0,           0,         330,      -10.80421403,      -8.487935693,      -8.830239277,      -5.308866045
          0,           0,         331,      -10.83344599,      -8.512044443,      -8.862811071,      -5.337715535
          0,           0,         332,      -10.86530718,      -8.538120141,      -8.897808712,      -5.369179671
          0,           0,         333,      -10.89985554,      -8.566164296,       -8.93529765,      -5.403312198
          0,           0,         334,      -10.93718392,      -8.596180068,      -8.975361632,      -5.440199525
          0,           0,         335,      -10.97742463,        -8.6281724,      -9.018105486,      -5.479966182
          0,           0,         336,      -11.02075482,      -8.662150049,      -9.063649775,      -5.522778077
          0,           0,         337,       -11.0673922,      -8.698125867,      -9.112143274,      -5.568845216
          0,           0,         338,      -11.11763363,      -8.736109468,      -9.163719663,      -5.618444554
          0,           0,         339,      -11.17185368,      -8.776113975,      -9.218553516,      -5.671932122
          0,           0,         340,      -11.23053546,      -8.818125252,      -9.276761951,      -5.729760035
          0,           0,         341,      -11.29429139,       -8.86210089,      -9.338376317,      -5.792502467
          0,           0,         342,      -11.36394539,       -8.90796874,      -9.403278454,      -5.860914791
          0,           0,         343,      -11.44054261,      -8.955616219,      -9.470955359,        -5.9359652
          0,           0,         344,      -11.52542693,      -9.004786755,      -9.540232786,      -6.018857309
          0,           0,         345,      -11.62033619,       -9.05510513,       -9.60884167,      -6.111121735
          0,           0,         346,      -11.72717007,      -9.106024475,      -9.672772256,      -6.214365754
          0,           0,         347,      -11.84692578,      -9.156766418,      -9.726470398,      -6.329330601
          0,           0,         348,      -11.97439611,      -9.206246051,      -9.763874153,      -6.451521434
          0,           0,         349,      -12.08237013,      -9.252959014,       -9.78194729,      -6.558721773
          0,           0,         350,      -12.11590668,      -9.295197661,      -9.782508951,      -6.603593444
          0,           0,         351,      -12.06772608,      -9.331361017,      -9.771502568,      -6.569789981
          0,           0,         352,      -11.99223286,      -9.360264134,      -9.755102544,      -6.501491053
          0,           0,         353,      -11.92265299,       -9.38158419,      -9.738156548,      -6.434176073
          0,           0,         354,       -11.8665253,      -9.395992393,      -9.723161901,      -6.378359131
          0,           0,         355,      -11.82323792,       -9.40508297,      -9.711385821,       -6.33471592
          0,           0,         356,      -11.79065653,      -9.410400269,      -9.703197277,       -6.30155901
          0,           0,         357,      -11.76678412,      -9.413609514,      -9.698534659,      -6.277074752
          0,           0,         358,      -11.75003782,       -9.41601645,      -9.697253918,      -6.259748617
          0,           0,         359,      -11.73924146,      -9.418508352,      -9.699112664,      -6.248397777
          0,           0,         360,      -11.73355141,       -9.42183451,      -9.703986926,      -6.242196843
          0,           0,         361,      -11.73228688,      -9.426451147,      -9.711587354,      -6.240461656
          0,           0,         362,      -11.73498509,      -9.432684575,      -9.721978368,      -6.242718532
          0,           0,         363,      -11.74128977,      -9.440675334,      -9.734899676,      -6.248605159
          0,           0,         364,      -11.75089956,      -9.450587925,      -9.750429524,      -6.257817179
          0,           0,         365,      -11.76363751,       -9.46251835,      -9.768478801,      -6.270169234
          0,           0,         366,      -11.77929247,      -9.476474756,      -9.788950092,      -6.285450035
          0,           0,         367,      -11.79773992,      -9.492437037,      -9.811815197,       -6.30352875
          0,           0,         368,      -11.81887993,      -9.510418305,      -9.837004576,      -6.324304551
          0,           0,         369,      -11.84261656,      -9.530407044,      -9.864535795,      -6.347679877
          0,           0,         370,      -11.86894061,      -9.552345969,      -9.894404498,       -6.37362845
          0,           0,         371,       -11.8979095,      -9.576261178,      -9.926762711,      -6.402215728
          0,           0,         372,      -11.92954442,      -9.602185141,      -9.961551437,      -6.433451032
          0,           0,         373,      -11.96390336,      -9.630074934,      -9.998846931,      -6.467398832
          0,           0,         374,      -12.00099576,      -9.659952784,      -10.03867744,      -6.504052216
          0,           0,         375,      -12.04092013,      -9.691765984,      -10.08108284,      -6.543506933
          0,           0,         376,       -12.0838948,       -9.72553404,      -10.12626147,       -6.58596886
          0,           0,         377,      -12.13008161,      -9.761325016,      -10.17428813,      -6.631601648
          0,           0,         378,      -12.17980233,       -9.79904884,       -10.2254593,      -6.680698218
          0,           0,         379,      -12.23350825,       -9.83875487,      -10.27967511,      -6.733667543
          0,           0,         380,      -12.29177004,      -9.880578606,      -10.33760619,      -6.791091113
          0,           0,         381,      -12.35513323,      -9.924422367,      -10.39913071,      -6.853453904
          0,           0,         382,      -12.42430702,      -9.970097594,      -10.46354741,      -6.921379434
          0,           0,         383,      -12.50023657,      -10.01762353,       -10.5309327,      -6.995829288
          0,           0,         384,      -12.58423928,       -10.0666519,      -10.59979207,      -7.077848521
          0,           0,         385,      -12.67788719,      -10.11686791,      -10.66846544,      -7.168934563
          0,           0,         386,      -12.78322647,      -10.16791429,      -10.73308177,      -7.270911489
          0,           0,         387,      -12.90141106,      -10.21860565,      -10.78806711,      -7.384455735
          0,           0,         388,      -13.02840805,      -10.26791165,      -10.82706844,      -7.505839884
          0,           0,         389,       -13.1410299,      -10.31530335,      -10.84776521,      -7.616950238
          0,           0,         390,      -13.18491716,      -10.35834621,      -10.85058303,      -7.670930165
          0,           0,         391,      -13.14291354,      -10.39513627,      -10.83995089,      -7.643498968
          0,           0,         392,      -13.06825234,      -10.42508611,      -10.82386487,      -7.577006397
          0,           0,         393,      -12.99794344,      -10.44735731,      -10.80719468,      -7.509343024
          0,           0,         394,      -12.94124967,       -10.4624145,       -10.7933667,      -7.453015292
          0,           0,         395,      -12.89695274,      -10.47247454,      -10.78158906,      -7.408492329
          0,           0,         396,      -12.86270782,       -10.4781693,      -10.77243206,       -7.37370531
          0,           0,         397,      -12.83701015,      -10.48119144,      -10.76623232,      -7.347450303
          0,           0,         398,      -12.81920451,      -10.48375946,       -10.7647469,      -7.329044088
          0,           0,         399,      -12.80808356,      -10.48589084,      -10.76619196,      -7.317277288
          0,           0,         400,      -12.80242024,      -10.48971609,      -10.77160626,       -7.31108871
          0,           0,         401,      -12.80106654,      -10.49403911,      -10.77913761,      -7.309249568
          0,           0,         402,      -12.80336722,      -10.50029988,       -10.7888405,      -7.311170605
          0,           0,         403,      -12.80890414,      -10.50789129,      -10.80128844,       -7.31632081
          0,           0,         404,       -12.8178603,      -10.51763195,      -10.81631697,      -7.324825474
          0,           0,         405,      -12.83023294,      -10.52940193,      -10.83401127,      -7.336779724
          0,           0,         406,      -12.84556866,      -10.54309365,      -10.85422229,      -7.351784104
          0,           0,         407,      -12.86380065,       -10.5588967,      -10.87677046,       -7.36958526
          0,           0,         408,      -12.88487988,       -10.5764832,      -10.90193506,      -7.390307191
          0,           0,         409,      -12.90833745,      -10.59646652,      -10.92939516,      -7.413458595
          0,           0,         410,      -12.93461344,      -10.61799596,      -10.95924024,      -7.439274956
          0,           0,         411,      -12.96331479,      -10.64173338,        -10.991206,      -7.467614884
          0,           0,         412,      -12.99432503,      -10.66751547,      -11.02470609,      -7.498250299
          0,           0,         413,      -13.02786052,      -10.69481805,      -11.06097458,      -7.531474773
          0,           0,         414,      -13.06414471,      -10.72419993,      -11.09949685,      -7.567323655
          0,           0,         415,      -13.10396777,      -10.75570752,      -11.14177299,      -7.606567839
          0,           0,         416,      -13.14687783,      -10.78963248,      -11.18686512,      -7.649069926
          0,           0,         417,      -13.19298776,      -10.82511375,       -11.2341781,      -7.694509897
          0,           0,         418,      -13.24202841,      -10.86231022,      -11.28447051,      -7.743042588
          0,           0,         419,      -13.29517884,       -10.9016442,      -11.33778014,      -7.795583871
          0,           0,         420,      -13.35202113,      -10.94242486,       -11.3921307,      -7.851389551
          0,           0,         421,      -13.41305353,      -10.98534633,      -11.44996358,      -7.911618977
          0,           0,         422,      -13.47950555,      -11.02984194,      -11.50761914,      -7.977069371
          0,           0,         423,      -13.55248772,      -11.07656396,      -11.57423095,      -8.048866893
          0,           0,         424,      -13.63475348,      -11.12529057,      -11.63694838,      -8.129155781
          0,           0,         425,      -13.72793565,         -11.17435,      -11.69906106,      -8.219520461
          0,           0,         426,       -13.8311433,      -11.22477484,      -11.75347936,      -8.320067314
          0,           0,         427,      -13.94529054,      -11.27472759,      -11.80205758,        -8.4291747
          0,           0,         428,      -14.06194377,      -11.32126028,      -11.83596439,      -8.542920675
          0,           0,         429,      -14.16176391,      -11.36906842,      -11.85659853,      -8.645148275
          0,           0,         430,      -14.20268464,      -11.40775058,      -11.85367853,      -8.695524075
          0,           0,         431,      -14.18129127,      -11.44527641,      -11.85254212,      -8.681165675
          0,           0,         432,      -14.11909664,       -11.4751382,      -11.83710487,      -8.628743171
          0,           0,         433,      -14.05948449,      -11.49552082,      -11.83297354,      -8.570566408
          0,           0,         434,      -14.00820424,       -11.5087292,      -11.81808491,      -8.519081958
          0,           0,         435,      -13.96599122,      -11.52061582,      -11.81066171,      -8.477450368
          0,           0,         436,       -13.9279998,      -11.52299702,      -11.79462299,      -8.438438295
          0,           0,         437,       -13.8962832,      -11.52736081,      -11.78534018,      -8.407149959
          0,           0,         438,      -13.87466347,      -11.52665917,      -11.78285847,      -8.384622923
          0,           0,         439,      -13.86208126,      -11.52905393,      -11.78333387,      -8.371502216
          0,           0,         440,      -13.85460438,      -11.52995839,      -11.78470534,      -8.363963871
          0,           0,         441,      -13.85393856,      -11.53354375,      -11.79450633,      -8.362258827
          0,           0,         442,      -13.85642702,      -11.53308221,      -11.80025136,      -8.364319236
          0,           0,         443,      -13.86654166,      -11.54676129,      -11.81306911,      -8.373639143
          0,           0,         444,      -13.87371011,      -11.55871187,      -11.82751279,      -8.380476379
          0,           0,         445,      -13.88274523,      -11.56450213,      -11.83610981,      -8.389443462
          0,           0,         446,      -13.89675831,      -11.57697753,      -11.84724316,      -8.403146996
          0,           0,         447,      -13.91266018,      -11.59317243,      -11.86358376,      -8.418878671
          0,           0,         448,      -13.93214441,      -11.60435993,      -11.88718595,      -8.438113891
          0,           0,         449,      -13.95460794,      -11.62107599,      -11.90194212,       -8.46099012
          0,           0,         450,      -13.98501278,      -11.64211784,      -11.93646926,      -8.489963073
          0,           0,         451,       -14.0189791,      -11.66488679,      -11.95771674,      -8.523362289
          0,           0,         452,      -14.05208097,      -11.68863798,      -11.97677367,      -8.555992092
          0,           0,         453,       -14.0794889,      -11.71093381,      -11.99935925,      -8.583131456
          0,           0,         454,      -14.10650271,      -11.72988768,      -12.00632742,      -8.610276688
          0,           0,         455,       -14.1350973,      -11.75098819,      -12.02510267,       -8.63942122
          0,           0,         456,      -14.17274518,       -11.7683068,      -12.04817805,      -8.674451112
          0,           0,         457,      -14.21304384,      -11.80169321,      -12.07100571,      -8.717031573
          0,           0,         458,      -14.26043892,      -11.82885158,       -12.0889429,      -8.760463486
          0,           0,         459,        -14.292946,      -11.85076621,      -12.08906644,      -8.797943066
          0,           0,         460,      -14.32401614,      -11.86346738,      -12.10782729,      -8.826510473
          0,           0,         461,      -14.36038593,      -11.89267898,      -12.12605788,      -8.864200874
          0,           0,         462,      -14.40672256,      -11.90812304,      -12.12420238,      -8.908374498
          0,           0,         463,      -14.45193858,      -11.93598485,      -12.13687854,      -8.952151463
          0,           0,         464,       -14.4955199,       -11.9607041,       -12.1472121,      -9.003952047
          0,           0,         465,       -14.5352727,      -11.97378126,       -12.1579712,      -9.036991891
          0,           0,         466,      -14.55158242,      -11.98334743,      -12.15085551,      -9.051668487
          0,           0,         467,      -14.57330429,      -11.99357896,      -12.16206782,      -9.072675382
          0,           0,         468,      -14.57085594,      -11.99954606,      -12.13854132,      -9.078734032
          0,           0,         469,      -14.57214426,      -12.00252586,      -12.14899448,      -9.083213944
          0,           0,         470,       -14.5961434,      -12.01562777,      -12.16453693,       -9.10129157
          0,           0,         471,      -14.59212924,      -12.01672221,      -12.14790894,      -9.096830648
          0,           0,         472,      -14.58045409,      -12.01926088,      -12.15634143,      -9.087954344
          0,           0,         473,      -14.57146186,      -12.02596263,      -12.14459467,      -9.080095662
          0,           0,         474,      -14.56854915,      -12.02247864,       -12.1658772,      -9.072217689
          0,           0,         475,      -14.54393434,      -12.01381085,       -12.1520944,      -9.063553358
          0,           0,         476,      -14.55565937,      -12.03318637,      -12.15258026,      -9.069773515
          0,           0,         477,      -14.55235184,      -12.01788161,      -12.13976039,      -9.066132534
          0,           0,         478,      -14.57220147,      -12.02567548,      -12.14714472,      -9.073684723
          0,           0,         479,      -14.56595191,      -12.01644132,      -12.16567068,      -9.075084889
          0,           0,         480,      -14.55379058,      -12.01375536,      -12.13848166,      -9.059568174
          0,           0,         481,      -14.54670896,      -12.02233613,      -12.16217817,       -9.06156348
          0,           0,         482,      -14.55014329,      -12.02767414,      -12.15041418,      -9.057713437
          0,           0,         483,      -14.56092158,      -12.03795508,      -12.17145517,      -9.071422324
          0,           0,         484,      -14.55893567,      -12.02650417,      -12.15315067,      -9.064149223
          0,           0,         485,      -14.57038864,      -12.02239218,       -12.1532626,       -9.06787119
          0,           0,         486,      -14.56927829,      -12.03340796,      -12.15156175,      -9.078057794
          0,           0,         487,      -14.56590974,      -12.02829325,      -12.14869633,      -9.073256057
          0,           0,         488,      -14.57755188,      -12.04290013,      -12.14592582,      -9.081323027
          0,           0,         489,       -14.5838202,      -12.04243206,      -12.16120109,      -9.084204049
          0,           0,         490,      -14.56204385,      -12.04353591,      -12.15781655,      -9.082509089
          0,           0,         491,       -14.5784164,      -12.03733066,      -12.15943827,      -9.089590716
          0,           0,         492,       -14.5780557,      -12.04085901,      -12.16050431,      -9.089959786
          0,           0,         493,      -14.58963354,      -12.05121217,      -12.16185866,      -9.095686096
          0,           0,         494,      -14.58686409,      -12.04047225,      -12.16224547,      -9.090985907
          0,           0,         495,      -14.58758102,      -12.04297573,      -12.16644888,      -9.093046583
          0,           0,         496,      -14.56846986,      -12.01900826,      -12.15362611,      -9.079833418
          0,           0,         497,      -14.58982831,      -12.03741046,      -12.15459853,      -9.091484444
          0,           0,         498,      -14.58848313,      -12.04198698,      -12.15407871,      -9.101284023
          0,           0,         499,      -14.60322182,      -12.04486311,      -12.15627429,      -9.108380334
          0,           0,         500,      -14.59249716,      -12.05705427,      -12.16929192,      -9.107258823
          0,           0,         501,      -14.58999328,         -12.03941,      -12.15817627,      -9.093194864
          0,           0,         502,      -14.59831371,      -12.05473779,      -12.15789498,      -9.105728093
          0,           0,         503,      -14.58211289,      -12.03769988,      -12.15859678,      -9.089037029
          0,           0,         504,       -14.5745722,      -12.02038931,      -12.16540167,      -9.080636984
          0,           0,         505,      -14.56861495,      -11.98985265,      -12.15293931,      -9.075911268
          0,           0,         506,      -14.58899601,      -12.03327722,      -12.15307097,      -9.096613029
          0,           0,         507,       -14.5995702,      -12.03819435,       -12.1586064,      -9.098887107
          0,           0,         508,      -14.60316151,       -12.0476444,      -12.17217407,      -9.114717713
          0,           0,         509,      -14.60685311,      -12.05599274,      -12.16204753,      -9.110496623
          0,           0,         510,      -14.58865619,       -12.0498957,      -12.17040805,      -9.101870679
          0,           0,         511,      -14.57413177,      -12.02437123,      -12.14790431,      -9.083938802
          0,           0,         512,      -14.59405507,         -12.02627,      -12.17161996,      -9.094936259
          0,           0,         513,      -14.59871622,       -12.0341044,      -12.16448637,      -9.095045038
          0,           0,         514,      -14.59379118,      -12.04405284,      -12.15824111,      -9.099146777
          0,           0,         515,      -14.58358034,      -12.03350088,      -12.16148338,       -9.09847855
          0,           0,         516,      -14.59268474,      -12.04464852,       -12.1688107,      -9.103767568
          0,           0,         517,       -14.5721506,      -12.01085869,      -12.17441194,      -9.094476587
          0,           0,         518,        -14.582139,      -12.01637009,      -12.16310426,      -9.084775717
          0,           0,         519,      -14.59479072,      -12.03563026,      -12.16515193,      -9.099013816
          0,           0,         520,       -14.6051082,      -12.04131275,      -12.16898992,      -9.107291691
          0,           0,         521,      -14.59256706,      -12.03789215,      -12.15907446,      -9.091734343
          0,           0,         522,      -14.60420308,      -12.04620509,      -12.16212193,      -9.110909355
          0,           0,         523,      -14.60626226,      -12.04835899,       -12.1609611,      -9.106386298
          0,           0,         524,      -14.60519013,      -12.04954124,      -12.15311689,      -9.115755447
          0,           0,         525,       -14.5995083,      -12.03219687,      -12.16305045,      -9.101135593
          0,           0,         526,      -14.60574044,      -12.03242903,       -12.1659578,      -9.093694661
          0,           0,         527,      -14.61098003,       -12.0546492,      -12.16375759,      -9.121972448
          0,           0,         528,      -14.59120026,      -12.03174356,       -12.1738996,      -9.096260439
          0,           0,         529,      -14.59609223,      -12.03350349,       -12.1612353,      -9.099801978
          0,           0,         530,      -14.60069237,      -12.05016921,      -12.15627989,        -9.0990662
          0,           0,         531,      -14.59319723,      -12.04493736,      -12.16760498,       -9.10111518
          0,           0,         532,      -14.58381186,      -12.02753157,      -12.15777605,      -9.093548043
          0,           0,         533,      -14.59565934,      -12.04004315,      -12.17578922,      -9.107709175
          0,           0,         534,      -14.60653228,      -12.04763982,      -12.15962922,      -9.112034136
          0,           0,         535,      -14.58771217,      -12.03506917,       -12.1383878,       -9.09434604
          0,           0,         536,      -14.58976708,      -12.04391845,      -12.16705283,       -9.10145516
          0,           0,         537,      -14.59816414,      -12.03424236,      -12.15726533,       -9.10538989
          0,           0,         538,      -14.61047005,      -12.05263494,      -12.16614804,      -9.116576045
          0,           0,         539,      -14.60555916,      -12.05839328,      -12.17826452,      -9.114695957
          0,           0,         540,      -14.58690136,      -12.03388099,      -12.14373851,      -9.092275022
          0,           0,         541,       -14.5904183,      -12.04887025,      -12.15632454,       -9.10224726
          0,           0,         542,      -14.58498338,      -12.04898709,      -12.16598365,      -9.098301781
          0,           0,         543,      -14.56626989,      -12.02511736,      -12.12819493,       -9.08092928
          0,           0,         544,      -14.59706063,      -12.05181459,       -12.1588791,       -9.10433702
          0,           0,         545,      -14.59540521,      -12.03827373,      -12.16561125,       -9.10126427
          0,           0,         546,      -14.59671479,      -12.05553603,      -12.16190449,      -9.106186073
          0,           0,         547,      -14.58986797,      -12.03368332,       -12.1637777,      -9.101927613
          0,           0,         548,       -14.5989286,      -12.04714288,      -12.16468259,      -9.103588642
          0,           0,         549,      -14.59104999,      -12.05131118,      -12.17267493,      -9.107194298
          0,           0,         550,      -14.58172537,      -12.03384938,      -12.16320879,      -9.097729007
          0,           0,         551,      -14.58084453,      -12.03645465,      -12.15581134,       -9.09161497
          0,           0,         552,      -14.57942232,       -12.0173567,      -12.15531965,      -9.084601939
          0,           0,         553,      -14.57569984,      -12.04943955,      -12.13369903,      -9.091165075
          0,           0,         554,      -14.58876931,      -12.04723857,      -12.16171727,      -9.091866439
          0,           0,         555,      -14.59517395,      -12.04896911,      -12.15840523,      -9.103342426
          0,           0,         556,      -14.59408451,      -12.03763303,      -12.15585268,      -9.096867631
          0,           0,         557,       -14.6095466,      -12.05924181,      -12.17327046,      -9.119133337
          0,           0,         558,      -14.60027294,      -12.04925123,      -12.16535875,      -9.107932492
          0,           0,         559,      -14.59119548,      -12.03701531,      -12.16633571,      -9.102474472
          0,           0,         560,      -14.57913996,      -12.02644505,      -12.16108954,      -9.094075018
          0,           0,         561,      -14.61106244,      -12.05626378,      -12.18517509,      -9.112765736
          0,           0,         562,      -14.60018322,      -12.05746684,       -12.1728579,      -9.112733816
          0,           0,         563,      -14.60048454,      -12.04794685,      -12.16133358,      -9.109865141
          0,           0,         564,      -14.59845335,      -12.03419436,      -12.17165654,      -9.103225844
          0,           0,         565,      -14.57120667,      -12.00379383,      -12.17078655,      -9.081651191
          0,           0,         566,      -14.59025436,      -12.03220583,      -12.15896409,      -9.096074754
          0,           0,         567,      -14.60578357,      -12.04894269,      -12.17300652,      -9.111050026
          0,           0,         568,      -14.59850419,      -12.03519779,       -12.1781162,      -9.100737135
          0,           0,         569,      -14.60535504,      -12.04362913,      -12.16740164,      -9.110273085
          0,           0,         570,      -14.59696143,      -12.04348534,      -12.15599157,       -9.10414429
          0,           0,         571,      -14.60014139,       -12.0505838,      -12.15807549,      -9.107543844
          0,           0,         572,      -14.57839467,       -12.0183826,      -12.16515087,      -9.096239068
          0,           0,         573,      -14.59507125,      -12.03028616,      -12.14272258,      -9.093549922
          0,           0,         574,      -14.58947493,      -12.04567605,      -12.16065685,      -9.104714244
          0,           0,         575,      -14.57874876,      -12.02619288,      -12.15581912,       -9.08500269
          0,           0,         576,      -14.58261455,       -12.0438798,      -12.15594788,      -9.094830394
          0,           0,         577,      -14.60199251,      -12.04455578,      -12.16811701,      -9.105781352
          0,           0,         578,      -14.60012082,      -12.04889345,      -12.16846543,      -9.107173344
          0,           0,         579,      -14.60159381,      -12.04838645,      -12.16217805,      -9.110879571
          0,           0,         580,      -14.59390513,      -12.03787331,      -12.15760115,      -9.106278377
          0,           0,         581,       -14.5920447,      -12.03637101,       -12.1630464,      -9.098748842
          0,           0,         582,      -14.58883975,      -12.04215485,      -12.14637191,      -9.096437586
          0,           0,         583,      -14.58850007,      -12.03220574,       -12.1672139,      -9.101809528
          0,           0,         584,      -14.59425761,      -12.05583039,      -12.15748874,      -9.109075482
          0,           0,         585,      -14.57748719,      -12.02733952,      -12.14681769,         -9.086865
          0,           0,         586,      -14.60193305,       -12.0368182,      -12.16025264,      -9.108683391
          0,           0,         587,      -14.60237665,      -12.04909373,       -12.1583773,      -9.105443957
          0,           0,         588,      -14.60538115,       -12.0502335,      -12.16911972,      -9.111287797
          0,           0,         589,      -14.59433293,      -12.03960263,      -12.15817765,      -9.098700706
          0,           0,         590,      -14.59524924,      -12.05310029,      -12.16190704,      -9.102133124
          0,           0,         591,      -14.59318544,      -12.04386214,      -12.16259081,      -9.105193291
          0,           0,         592,      -14.59615689,      -12.03856526,      -12.16059108,      -9.104880349
          0,           0,         593,      -14.59726887,      -12.04510607,      -12.16824344,      -9.101376616
          0,           0,         594,      -14.60036181,      -12.03792204,      -12.16612045,       -9.10031445
          0,           0,         595,      -14.59865539,      -12.04664184,      -12.15416187,      -9.110985444
          0,           0,         596,      -14.58722886,      -12.03710013,      -12.16745671,      -9.098615658
          0,           0,         597,      -14.60205598,      -12.04010973,      -12.17319911,       -9.10576159
          0,           0,         598,      -14.59563936,      -12.04526895,      -12.17610203,      -9.109035542
          0,           0,         599,      -14.58385663,      -12.02146953,      -12.15591511,      -9.088473312
          0,           0,         600,      -14.59075937,      -12.04875307,      -12.15666374,      -9.099988167
