VARIABLES = \
"Time_Iter","Outer_Iter","Inner_Iter",    "rms[Rho]"    ,    "rms[RhoU]"   ,    "rms[RhoV]"   ,    "rms[RhoE]"   
          0,           0,           0,      -1.556968229,      0.6584079871,      0.9556498501,       3.902659974
          0,           0,           1,      -2.033767763,      0.3599167544,      0.5343232836,       3.438420836
          0,           0,           2,       -2.29078722,      0.1405623667,      0.2863195407,       3.185834509
          0,           0,           3,      -2.451945699,    -0.01387281419,     0.09583578457,       3.025036214
          0,           0,           4,      -2.607860981,     -0.1489629414,    -0.08125895073,       2.869170812
          0,           0,           5,      -2.761112266,     -0.2703183393,     -0.2496563917,       2.715069755
          0,           0,           6,      -2.908617872,     -0.3807049457,     -0.4091457028,       2.566706827
          0,           0,           7,      -3.055877874,      -0.487693396,     -0.5663992565,       2.419235498
          0,           0,           8,       -3.20223875,     -0.5836771539,     -0.7206822586,       2.273114596
          0,           0,           9,      -3.345328332,     -0.6669340707,      -0.868073517,       2.130822284
          0,           0,          10,        -3.4839065,     -0.7427458581,      -1.008722473,       1.993608892
          0,           0,          11,      -3.616859258,     -0.8133098659,      -1.144453572,       1.862253409
          0,           0,          12,      -3.741157591,     -0.8777432681,      -1.274238195,       1.739490355
          0,           0,          13,      -3.853902884,      -0.935997722,      -1.395428129,       1.628348668
          0,           0,          14,      -3.955840555,     -0.9892733377,      -1.506817292,       1.528687213
          0,           0,          15,       -4.04880595,      -1.038324743,      -1.609952043,       1.439413885
          0,           0,          16,      -4.133251704,      -1.083125756,      -1.706657293,       1.360571205
          0,           0,          17,       -4.20944592,      -1.123792598,      -1.795947967,       1.291764843
          0,           0,          18,      -4.278257753,      -1.161212247,       -1.87469434,       1.231149123
          0,           0,          19,      -4.340770171,      -1.196797964,      -1.941077437,       1.176200878
          0,           0,          20,      -4.397820013,      -1.231879092,      -1.996710203,       1.124931386
          0,           0,          21,       -4.45006624,       -1.26730006,       -2.04541202,       1.076326657
          0,           0,          22,      -4.498384956,      -1.303349023,      -2.090765592,       1.029980347
          0,           0,          23,      -4.543861229,      -1.339895046,      -2.134935579,      0.9856738952
          0,           0,          24,      -4.587438223,      -1.376583687,      -2.178842263,      0.9432083031
          0,           0,          25,      -4.629718699,      -1.413007002,      -2.222748715,       0.902370657
          0,           0,          26,      -4.671020459,      -1.448817077,      -2.266680811,      0.8629498719
          0,           0,          27,      -4.711469807,      -1.483767245,      -2.310577171,      0.8248063351
          0,           0,          28,      -4.751069198,      -1.517705053,      -2.354296078,      0.7879023035
          0,           0,          29,      -4.789762848,      -1.550541209,      -2.397618463,      0.7522551994
          0,           0,          30,      -4.827487987,      -1.582222446,      -2.440256238,      0.7178614192
          0,           0,          31,      -4.864163658,      -1.612732881,      -2.481843734,      0.6846645386
          0,           0,          32,      -4.899641186,      -1.642099699,      -2.521917663,       0.652596817
          0,           0,          33,      -4.933691187,       -1.67040316,      -2.559934166,      0.6216221215
          0,           0,          34,      -4.966066478,      -1.697772406,       -2.59537503,      0.5917431463
          0,           0,          35,      -4.996618838,      -1.724366137,      -2.627883484,      0.5629631059
          0,           0,          36,      -5.025391878,      -1.750347427,      -2.657401361,      0.5352368279
          0,           0,          37,      -5.052623993,      -1.775862691,      -2.684208073,      0.5084529954
          0,           0,          38,      -5.078671202,      -1.801027075,      -2.708840343,      0.4824507558
          0,           0,          39,      -5.103904322,      -1.825919821,      -2.731949206,      0.4570552635
          0,           0,          40,      -5.128631049,      -1.850586773,      -2.754163317,      0.4321107527
          0,           0,          41,      -5.153060147,      -1.875046831,      -2.776000707,      0.4075006291
          0,           0,          42,       -5.17730328,      -1.899300525,      -2.797837061,      0.3831522371
          0,           0,          43,      -5.201396923,      -1.923338522,      -2.819909994,      0.3590311675
          0,           0,          44,      -5.225332338,       -1.94714842,      -2.842341054,      0.3351292338
          0,           0,          45,      -5.249081021,      -1.970720281,      -2.865164842,      0.3114515393
          0,           0,          46,      -5.272612849,      -1.994050125,      -2.888353694,      0.2880069964
          0,           0,          47,      -5.295906227,      -2.017141721,      -2.911843494,      0.2648014289
          0,           0,          48,      -5.318950745,      -2.040006911,      -2.935554026,      0.2418346003
          0,           0,          49,      -5.341748589,      -2.062665346,      -2.959402753,      0.2190986538
          0,           0,          50,      -5.364313094,      -2.085142593,      -2.983315732,      0.1965785036
          0,           0,          51,      -5.386667401,      -2.107468919,      -3.007233344,      0.1742523058
          0,           0,          52,       -5.40884177,      -2.129677451,      -3.031110573,      0.1520931783
          0,           0,          53,      -5.430871234,      -2.151802634,      -3.054918384,      0.1300709702
          0,           0,          54,      -5.452794494,      -2.173878305,      -3.078640387,      0.1081530472
          0,           0,          55,      -5.474650889,      -2.195936842,       -3.10227297,     0.08630624877
          0,           0,          56,      -5.496478613,      -2.218007874,      -3.125821139,     0.06449818551
          0,           0,          57,      -5.518313802,      -2.240117708,      -3.149297719,       0.042697793
          0,           0,          58,      -5.540188612,      -2.262289451,      -3.172720696,      0.0208768542
          0,           0,          59,      -5.562131219,      -2.284542484,      -3.196112277,  -0.0009900609454
          0,           0,          60,      -5.584165431,      -2.306892746,      -3.219492619,    -0.02292534605
          0,           0,          61,      -5.606311014,       -2.32935304,      -3.242883906,     -0.0449484592
          0,           0,          62,      -5.628581807,      -2.351933191,      -3.266307824,    -0.06707443446
          0,           0,          63,      -5.650987407,      -2.374640343,      -3.289780083,    -0.08931523281
          0,           0,          64,      -5.673533692,      -2.397479154,      -3.313313199,     -0.1116796482
          0,           0,          65,      -5.696223086,      -2.420453511,      -3.336926154,     -0.1341737174
          0,           0,          66,      -5.719056562,      -2.443564669,      -3.360627539,     -0.1568015018
          0,           0,          67,      -5.742033934,      -2.466812928,      -3.384424738,     -0.1795661102
          0,           0,          68,      -5.765152498,      -2.490197427,      -3.408323064,     -0.2024682763
          0,           0,          69,      -5.788408816,      -2.513716287,       -3.43232674,     -0.2255077434
          0,           0,          70,      -5.811798307,      -2.537367084,      -3.456438057,     -0.2486830808
          0,           0,          71,      -5.835315265,      -2.561146994,      -3.480661929,     -0.2719917787
          0,           0,          72,      -5.858955016,      -2.585052832,      -3.504997202,     -0.2954317337
          0,           0,          73,      -5.882712086,      -2.609081164,      -3.529445128,     -0.3189999504
          0,           0,          74,       -5.90658197,      -2.633228362,      -3.554005589,      -0.342693702
          0,           0,          75,      -5.930559471,       -2.65749065,      -3.578677769,     -0.3665096342
          0,           0,          76,      -5.954639439,      -2.681864094,      -3.603460727,     -0.3904442215
          0,           0,          77,      -5.978816999,      -2.706344786,      -3.628353343,     -0.4144939817
          0,           0,          78,       -6.00308752,      -2.730928855,      -3.653353966,     -0.4386554201
          0,           0,          79,      -6.027446767,      -2.755612509,      -3.678460258,     -0.4629252622
          0,           0,          80,      -6.051890901,      -2.780392055,      -3.703669499,     -0.4873004113
          0,           0,          81,      -6.076416421,      -2.805263921,       -3.72897822,     -0.5117778809
          0,           0,          82,      -6.101019493,       -2.83022468,      -3.754387295,     -0.5363545402
          0,           0,          83,      -6.125696763,      -2.855271031,      -3.779890171,     -0.5610276964
          0,           0,          84,      -6.150443709,      -2.880399256,      -3.805482906,     -0.5857933666
          0,           0,          85,      -6.175256726,      -2.905606009,      -3.831162923,     -0.6106483303
          0,           0,          86,      -6.200132846,      -2.930888081,      -3.856928446,     -0.6355899073
          0,           0,          87,      -6.225069223,      -2.956242417,      -3.882775931,     -0.6606154962
          0,           0,          88,      -6.250063154,      -2.981666051,      -3.908702378,     -0.6857225903
          0,           0,          89,      -6.275111335,      -3.007156075,      -3.934703678,     -0.7109083867
          0,           0,          90,      -6.300210083,      -3.032709502,      -3.960778373,     -0.7361695097
          0,           0,          91,      -6.325356875,      -3.058323586,      -3.986923126,     -0.7615034152
          0,           0,          92,      -6.350551645,      -3.083995944,      -4.013132645,      -0.786909748
          0,           0,          93,      -6.375790705,      -3.109723986,      -4.039404915,     -0.8123852618
          0,           0,          94,      -6.401070726,      -3.135505244,      -4.065738599,     -0.8379268051
          0,           0,          95,      -6.426388605,        -3.1613371,      -4.092126762,     -0.8635315276
          0,           0,          96,      -6.451741265,      -3.187217109,      -4.118572788,     -0.8891959578
          0,           0,          97,      -6.477129604,       -3.21314356,      -4.145072321,     -0.9149206172
          0,           0,          98,      -6.502551894,      -3.239114381,      -4.171620458,     -0.9407039937
          0,           0,          99,      -6.528005991,      -3.265127502,      -4.198215706,      -0.966543765
          0,           0,         100,      -6.553489865,       -3.29118105,      -4.224857209,     -0.9924375118
          0,           0,         101,      -6.579001574,      -3.317273194,      -4.251542755,      -1.018383074
          0,           0,         102,      -6.604539513,      -3.343402197,        -4.2782698,      -1.044378613
          0,           0,         103,      -6.630102565,       -3.36956643,      -4.305035922,      -1.070422576
          0,           0,         104,      -6.655689753,      -3.395764354,      -4.331838753,      -1.096513452
          0,           0,         105,      -6.681300049,       -3.42199451,      -4.358676059,      -1.122649666
          0,           0,         106,      -6.706932445,      -3.448255519,      -4.385545814,      -1.148829624
          0,           0,         107,      -6.732586041,      -3.474546086,       -4.41244616,      -1.175051782
          0,           0,         108,      -6.758260056,      -3.500864988,      -4.439375321,      -1.201314656
          0,           0,         109,      -6.783953844,      -3.527211096,      -4.466331574,      -1.227616853
          0,           0,         110,      -6.809666916,      -3.553583363,      -4.493313177,      -1.253957048
          0,           0,         111,      -6.835398909,       -3.57998083,      -4.520318448,      -1.280334004
          0,           0,         112,      -6.861149562,       -3.60640262,      -4.547345772,      -1.306746542
          0,           0,         113,      -6.886918721,      -3.632847932,      -4.574393587,      -1.333193544
          0,           0,         114,      -6.912706352,      -3.659316043,      -4.601460378,       -1.35967397
          0,           0,         115,      -6.938512656,      -3.685806301,      -4.628544658,      -1.386187046
          0,           0,         116,       -6.96433738,      -3.712318112,      -4.655645481,       -1.41273135
          0,           0,         117,      -6.990180855,      -3.738850992,       -4.68276132,      -1.439306106
          0,           0,         118,       -7.01604348,      -3.765404516,      -4.709890794,      -1.465910587
          0,           0,         119,      -7.041925687,      -3.791978319,      -4.737032833,      -1.492544062
          0,           0,         120,       -7.06782805,      -3.818572116,      -4.764186498,      -1.519205898
          0,           0,         121,      -7.093751101,      -3.845185666,      -4.791350865,      -1.545895443
          0,           0,         122,      -7.119695421,      -3.871818797,      -4.818525071,      -1.572612084
          0,           0,         123,       -7.14566166,      -3.898471383,      -4.845708301,      -1.599355266
          0,           0,         124,      -7.171650545,      -3.925143364,      -4.872899809,      -1.626124505
          0,           0,         125,      -7.197662864,      -3.951834735,      -4.900098914,      -1.652919376
          0,           0,         126,      -7.223699451,      -3.978545544,      -4.927305011,       -1.67973951
          0,           0,         127,      -7.249761189,      -4.005275889,      -4.954517569,      -1.706584592
          0,           0,         128,      -7.275848994,      -4.032025918,      -4.981736127,      -1.733454355
          0,           0,         129,      -7.301963816,      -4.058795818,      -5.008960298,      -1.760348584
          0,           0,         130,      -7.328106632,      -4.085585825,      -5.036189763,      -1.787267107
          0,           0,         131,      -7.354278447,      -4.112396212,      -5.063424267,      -1.814209803
          0,           0,         132,      -7.380480292,      -4.139227297,      -5.090663623,      -1.841176606
          0,           0,         133,      -7.406713196,      -4.166079421,       -5.11790771,      -1.868167474
          0,           0,         134,      -7.432978209,      -4.192952964,      -5.145156468,      -1.895182417
          0,           0,         135,      -7.459276386,      -4.219848335,      -5.172409897,      -1.922221485
          0,           0,         136,      -7.485608786,      -4.246765979,      -5.199668059,      -1.949284766
          0,           0,         137,      -7.511976468,      -4.273706362,      -5.226931063,      -1.976372383
          0,           0,         138,      -7.538380502,      -4.300669967,      -5.254199071,      -2.003484507
          0,           0,         139,       -7.56482194,      -4.327657304,      -5.281472305,      -2.030621333
          0,           0,         140,      -7.591301826,      -4.354668903,      -5.308751034,      -2.057783088
          0,           0,         141,      -7.617821192,      -4.381705313,      -5.336035577,       -2.08497003
          0,           0,         142,      -7.644381058,      -4.408767097,      -5.363326297,      -2.112182445
          0,           0,         143,      -7.670982426,      -4.435854834,      -5.390623603,      -2.139420647
          0,           0,         144,      -7.697626282,      -4.462969113,      -5.417927943,      -2.166684974
          0,           0,         145,      -7.724313589,      -4.490110536,      -5.445239805,       -2.19397579
          0,           0,         146,      -7.751045293,      -4.517279712,      -5.472559711,      -2.221293477
          0,           0,         147,      -7.777822314,      -4.544477258,      -5.499888225,       -2.24863844
          0,           0,         148,       -7.80464555,      -4.571703796,      -5.527225942,      -2.276011104
          0,           0,         149,       -7.83151587,      -4.598959954,      -5.554573482,      -2.303411909
          0,           0,         150,      -7.858434119,      -4.626246362,      -5.581931501,      -2.330841308
          0,           0,         151,      -7.885401118,      -4.653563652,      -5.609300674,      -2.358299777
          0,           0,         152,      -7.912417655,      -4.680912455,      -5.636681708,      -2.385787795
          0,           0,         153,       -7.93948449,      -4.708293404,      -5.664075325,      -2.413305856
          0,           0,         154,       -7.96660236,      -4.735707128,      -5.691482271,      -2.440854466
          0,           0,         155,      -7.993771965,      -4.763154254,      -5.718903312,      -2.468434135
          0,           0,         156,      -8.020993983,      -4.790635405,       -5.74633923,      -2.496045385
          0,           0,         157,      -8.048269055,      -4.818151199,       -5.77379081,      -2.523688736
          0,           0,         158,      -8.075597803,       -4.84570225,      -5.801258863,      -2.551364727
          0,           0,         159,      -8.102980808,      -4.873289163,       -5.82874421,      -2.579073882
          0,           0,         160,      -8.130418629,      -4.900912537,       -5.85624767,      -2.606816742
          0,           0,         161,      -8.157911793,      -4.928572963,      -5.883770078,      -2.634593839
          0,           0,         162,      -8.185460807,      -4.956271024,      -5.911312274,      -2.662405714
          0,           0,         163,      -8.213066141,      -4.984007294,      -5.938875086,      -2.690252904
          0,           0,         164,      -8.240728227,      -5.011782334,       -5.96645937,      -2.718135938
          0,           0,         165,      -8.268447492,        -5.0395967,      -5.994065959,      -2.746055346
          0,           0,         166,      -8.296224327,      -5.067450934,      -6.021695706,      -2.774011665
          0,           0,         167,      -8.324059087,      -5.095345567,      -6.049349435,      -2.802005407
          0,           0,         168,      -8.351952118,      -5.123281119,      -6.077027988,      -2.830037097
          0,           0,         169,      -8.379903723,      -5.151258097,      -6.104732189,      -2.858107241
          0,           0,         170,      -8.407914201,      -5.179276999,      -6.132462877,      -2.886216354
          0,           0,         171,      -8.435983806,      -5.207338308,      -6.160220848,      -2.914364927
          0,           0,         172,      -8.464112773,      -5.235442494,      -6.188006914,      -2.942553445
          0,           0,         173,      -8.492301339,      -5.263590015,      -6.215821876,      -2.970782406
          0,           0,         174,      -8.520549683,      -5.291781316,      -6.243666513,      -2.999052265
          0,           0,         175,      -8.548857993,      -5.320016829,       -6.27154161,      -3.027363506
          0,           0,         176,       -8.57722641,      -5.348296972,      -6.299447916,      -3.055716564
          0,           0,         177,      -8.605655064,      -5.376622149,      -6.327386192,      -3.084111892
          0,           0,         178,      -8.634144086,      -5.404992753,      -6.355357162,      -3.112549928
          0,           0,         179,      -8.662693561,       -5.43340916,      -6.383361547,       -3.14103108
          0,           0,         180,      -8.691303565,      -5.461871737,      -6.411400071,      -3.169555773
          0,           0,         181,      -8.719974163,      -5.490380832,      -6.439473395,      -3.198124401
          0,           0,         182,      -8.748705393,      -5.518936783,      -6.467582226,      -3.226737352
          0,           0,         183,       -8.77749728,      -5.547539914,      -6.495727195,      -3.255395003
          0,           0,         184,      -8.806349847,      -5.576190537,      -6.523908972,      -3.284097724
          0,           0,         185,      -8.835263077,      -5.604888946,      -6.552128124,      -3.312845856
          0,           0,         186,      -8.864236964,      -5.633635428,      -6.580385312,      -3.341639754
          0,           0,         187,      -8.893271468,       -5.66243025,      -6.608681099,      -3.370479732
          0,           0,         188,      -8.922366542,      -5.691273673,      -6.637016063,       -3.39936611
          0,           0,         189,      -8.951522166,      -5.720165942,      -6.665390784,      -3.428299219
          0,           0,         190,      -8.980738205,      -5.749107287,      -6.693805754,      -3.457279298
          0,           0,         191,      -9.010014623,      -5.778097928,      -6.722261499,      -3.486306656
          0,           0,         192,      -9.039351336,      -5.807138073,      -6.750758536,      -3.515381571
          0,           0,         193,      -9.068748218,      -5.836227916,       -6.77929733,      -3.544504277
          0,           0,         194,      -9.098205172,       -5.86536764,      -6.807878336,      -3.573675021
          0,           0,         195,       -9.12772206,      -5.894557418,      -6.836502039,      -3.602894025
          0,           0,         196,      -9.157298804,      -5.923797407,      -6.865168854,      -3.632161537
          0,           0,         197,      -9.186935211,      -5.953087758,      -6.893879165,      -3.661477738
          0,           0,         198,      -9.216631159,      -5.982428603,      -6.922633374,      -3.690842835
          0,           0,         199,      -9.246386479,      -6.011820069,      -6.951431868,      -3.720256978
          0,           0,         200,      -9.276201046,      -6.041262281,      -6.980275036,      -3.749720418
          0,           0,         201,      -9.306074665,      -6.070755328,      -7.009163125,      -3.779233223
          0,           0,         202,      -9.336007151,       -6.10029931,      -7.038096516,      -3.808795569
          0,           0,         203,      -9.365998379,      -6.129894315,      -7.067075629,      -3.838407651
          0,           0,         204,       -9.39604816,      -6.159540415,      -7.096100571,      -3.868069556
          0,           0,         205,      -9.426156279,      -6.189237676,      -7.125171673,      -3.897781406
          0,           0,         206,      -9.456322542,      -6.218986153,      -7.154289244,      -3.927543295
          0,           0,         207,       -9.48654669,      -6.248785882,      -7.183453585,      -3.957355302
          0,           0,         208,      -9.516828676,      -6.278636907,      -7.212664821,      -3.987217563
          0,           0,         209,      -9.547168184,      -6.308539264,      -7.241923177,      -4.017130155
          0,           0,         210,      -9.577565097,      -6.338492968,      -7.271228944,      -4.047093168
          0,           0,         211,       -9.60801906,      -6.368498026,      -7.300582274,      -4.077106556
          0,           0,         212,      -9.638530064,      -6.398554447,      -7.329983135,      -4.107170517
          0,           0,         213,       -9.66909767,      -6.428662217,      -7.359432026,      -4.137284941
          0,           0,         214,       -9.69972174,      -6.458821331,      -7.388929055,      -4.167449904
          0,           0,         215,      -9.730402242,      -6.489031779,      -7.418474091,      -4.197665573
          0,           0,         216,      -9.761138688,      -6.519293518,      -7.448067562,      -4.227931782
          0,           0,         217,      -9.791931015,      -6.549606533,        -7.4777093,      -4.258248651
          0,           0,         218,      -9.822779021,      -6.579970769,      -7.507399634,      -4.288616182
          0,           0,         219,      -9.853682238,      -6.610386166,      -7.537138516,      -4.319034179
          0,           0,         220,      -9.884640816,      -6.640852713,      -7.566926111,      -4.349502973
          0,           0,         221,      -9.915654199,      -6.671370311,      -7.596762599,      -4.380022192
          0,           0,         222,       -9.94672233,      -6.701938925,      -7.626647733,      -4.410592029
          0,           0,         223,       -9.97784504,       -6.73255848,      -7.656582093,      -4.441212519
          0,           0,         224,      -10.00902185,      -6.763228873,      -7.686564779,      -4.471883258
          0,           0,         225,       -10.0402529,      -6.793950057,      -7.716596932,      -4.502604654
          0,           0,         226,      -10.07153803,      -6.824721951,       -7.74667796,      -4.533376569
          0,           0,         227,      -10.10287641,      -6.855544427,      -7.776807742,      -4.564198649
          0,           0,         228,      -10.13426823,       -6.88641741,      -7.806986715,      -4.595070983
          0,           0,         229,      -10.16571322,      -6.917340797,       -7.83721476,      -4.625993546
          0,           0,         230,      -10.19721116,      -6.948314477,      -7.867491417,      -4.656966232
          0,           0,         231,      -10.22876204,      -6.979338387,       -7.89781739,      -4.687989139
          0,           0,         232,      -10.26036492,      -7.010412333,        -7.9281922,      -4.719061582
          0,           0,         233,      -10.29202064,      -7.041536317,      -7.958616268,      -4.750184517
          0,           0,         234,      -10.32372834,      -7.072710066,      -7.989088464,      -4.781356814
          0,           0,         235,      -10.35548793,      -7.103933607,      -8.019610015,      -4.812579251
          0,           0,         236,      -10.38729916,      -7.135206727,      -8.050180046,      -4.843851043
          0,           0,         237,      -10.41916214,      -7.166529305,      -8.080799428,      -4.875172473
          0,           0,         238,      -10.45107588,      -7.197901292,      -8.111467448,      -4.906543367
          0,           0,         239,      -10.48304131,       -7.22932245,      -8.142183509,      -4.937963625
          0,           0,         240,       -10.5150576,      -7.260792618,       -8.17294815,      -4.969433088
          0,           0,         241,      -10.54712441,      -7.292311831,      -8.203761719,      -5.000951606
          0,           0,         242,      -10.57924083,      -7.323879664,       -8.23462342,      -5.032518192
          0,           0,         243,      -10.61140876,      -7.355496293,      -8.265533131,      -5.064134809
          0,           0,         244,      -10.64362623,      -7.387161355,      -8.296491616,      -5.095799412
          0,           0,         245,      -10.67589442,      -7.418874867,      -8.327497978,      -5.127513872
          0,           0,         246,      -10.70821103,      -7.450636441,      -8.358553692,       -5.15927557
          0,           0,         247,      -10.74057837,      -7.482446182,      -8.389656249,      -5.191086097
          0,           0,         248,      -10.77299434,      -7.514303663,      -8.420805498,      -5.222944269
          0,           0,         249,      -10.80545949,      -7.546209127,      -8.452004625,      -5.254851858
          0,           0,         250,      -10.83797404,      -7.578161794,      -8.483250414,      -5.286805577
          0,           0,         251,      -10.87053762,      -7.610162278,      -8.514542801,      -5.318808124
          0,           0,         252,      -10.90315081,      -7.642210023,      -8.545884166,      -5.350858874
          0,           0,         253,      -10.93581208,      -7.674304792,      -8.577272269,      -5.382956918
          0,           0,         254,      -10.96852038,        -7.7064465,      -8.608706795,      -5.415101655
          0,           0,         255,      -11.00127816,      -7.738635066,      -8.640190819,      -5.447294674
          0,           0,         256,       -11.0340837,      -7.770869879,      -8.671719765,       -5.47953298
          0,           0,         257,      -11.06693817,      -7.803151643,      -8.703294505,      -5.511819754
          0,           0,         258,      -11.09984047,      -7.835479676,      -8.734916154,      -5.544153516
          0,           0,         259,      -11.13278957,      -7.867853807,      -8.766588843,      -5.576534102
          0,           0,         260,       -11.1657848,      -7.900273986,       -8.79830432,      -5.608960304
          0,           0,         261,      -11.19883133,      -7.932739528,      -8.830063732,      -5.641432102
          0,           0,         262,      -11.23192209,      -7.965251216,       -8.86187551,      -5.673952316
          0,           0,         263,       -11.2650621,      -7.997808434,      -8.893733981,       -5.70652034
          0,           0,         264,      -11.29824775,      -8.030410924,      -8.925630397,      -5.739130733
          0,           0,         265,      -11.33148237,      -8.063058989,      -8.957579104,      -5.771789646
          0,           0,         266,      -11.36476477,      -8.095751022,      -8.989566691,       -5.80449086
          0,           0,         267,      -11.39809071,      -8.128488855,      -9.021609508,      -5.837239926
          0,           0,         268,      -11.43146756,      -8.161271131,      -9.053692901,      -5.870035019
          0,           0,         269,      -11.46488735,      -8.194097823,      -9.085824936,      -5.902872301
          0,           0,         270,      -11.49835569,      -8.226968703,      -9.117990956,      -5.935756179
          0,           0,         271,      -11.53186263,       -8.25988471,      -9.150220347,      -5.968690887
          0,           0,         272,      -11.56543069,      -8.292844561,      -9.182485706,      -6.001666135
          0,           0,         273,       -11.5990366,      -8.325847344,      -9.214787644,      -6.034679813
          0,           0,         274,      -11.63269105,      -8.358894789,      -9.247147043,      -6.067751679
          0,           0,         275,      -11.66638094,      -8.391984485,      -9.279541656,      -6.100850671
          0,           0,         276,       -11.7001303,      -8.425118945,      -9.311989921,      -6.134004772
          0,           0,         277,      -11.73392169,      -8.458296994,      -9.344479764,      -6.167202796
          0,           0,         278,      -11.76776081,      -8.491517726,      -9.376996456,      -6.200447486
          0,           0,         279,      -11.80165431,      -8.524783183,       -9.40957498,      -6.233743008
          0,           0,         280,       -11.8355737,      -8.558088171,      -9.442197759,      -6.267058399
          0,           0,         281,      -11.86954708,      -8.591437617,      -9.474860185,      -6.300427584
          0,           0,         282,      -11.90357609,      -8.624828799,      -9.507568021,       -6.33384121
          0,           0,         283,      -11.93764551,      -8.658264558,      -9.540344487,      -6.367311085
          0,           0,         284,      -11.97175784,      -8.691739558,       -9.57312856,      -6.400812556
          0,           0,         285,      -12.00592119,      -8.725258768,      -9.605954096,      -6.434354927
          0,           0,         286,      -12.04012277,      -8.758819006,      -9.638833924,      -6.467947984
          0,           0,         287,      -12.07437205,      -8.792419464,      -9.671749487,      -6.501567765
          0,           0,         288,      -12.10866163,      -8.826064608,      -9.704752994,      -6.535253722
          0,           0,         289,      -12.14301264,      -8.859749945,      -9.737765197,      -6.568979597
          0,           0,         290,      -12.17739855,      -8.893475361,      -9.770807769,      -6.602722305
          0,           0,         291,      -12.21183661,      -8.927241493,      -9.803918499,      -6.636518014
          0,           0,         292,      -12.24631558,      -8.961052226,      -9.837035005,      -6.670359446
          0,           0,         293,      -12.28085977,      -8.994906839,      -9.870217116,      -6.704271078
          0,           0,         294,      -12.31540339,      -9.028791458,      -9.903411823,      -6.738170845
          0,           0,         295,      -12.35005971,      -9.062728312,      -9.936771062,      -6.772167764
          0,           0,         296,      -12.38473897,      -9.096706122,      -9.970065584,       -6.80622504
          0,           0,         297,      -12.41942361,      -9.130710723,      -10.00339152,      -6.840219432
          0,           0,         298,      -12.45417152,      -9.164754379,      -10.03671824,      -6.874276043
          0,           0,         299,      -12.48899496,      -9.198855526,      -10.07022281,      -6.908474923
          0,           0,         300,      -12.52378979,      -9.232980806,       -10.1036849,      -6.942574914
          0,           0,         301,      -12.55874744,      -9.267157096,      -10.13727951,      -6.976861095
          0,           0,         302,      -12.59365701,      -9.301367952,      -10.17076285,      -7.011102901
          0,           0,         303,      -12.62860056,       -9.33562333,      -10.20439891,      -7.045423824
          0,           0,         304,      -12.66370316,      -9.369914978,      -10.23803557,      -7.079755941
          0,           0,         305,      -12.69871174,      -9.404242043,      -10.27167721,       -7.11406638
          0,           0,         306,      -12.73392961,      -9.438634969,      -10.30549362,      -7.148714951
          0,           0,         307,      -12.76908533,      -9.473014463,      -10.33908829,      -7.182976856
          0,           0,         308,      -12.80432083,      -9.507460691,      -10.37307006,      -7.217499085
          0,           0,         309,      -12.83951589,      -9.541960269,      -10.40695383,        -7.2520766
          0,           0,         310,      -12.87489975,      -9.576485147,       -10.4407895,      -7.286637811
          0,           0,         311,      -12.91012405,      -9.611041798,      -10.47461666,      -7.321225322
          0,           0,         312,      -12.94567596,      -9.645625435,       -10.5085782,      -7.355910859
          0,           0,         313,      -12.98096381,      -9.680277092,       -10.5429328,      -7.390583358
          0,           0,         314,      -13.01644355,      -9.714948055,      -10.57662918,      -7.425264015
          0,           0,         315,      -13.05201292,      -9.749674038,      -10.61073255,      -7.460198775
          0,           0,         316,       -13.0875125,      -9.784386137,      -10.64480455,      -7.494603809
          0,           0,         317,       -13.1233295,      -9.819183575,      -10.67912029,      -7.529640368
          0,           0,         318,      -13.15870993,      -9.854021636,      -10.71335471,      -7.564522561
          0,           0,         319,      -13.19438956,      -9.888862303,      -10.74745798,      -7.599306176
          0,           0,         320,      -13.23017142,      -9.923783946,      -10.78183588,      -7.634279126
          0,           0,         321,      -13.26595645,      -9.958670482,      -10.81626666,      -7.669207078
          0,           0,         322,      -13.30157143,      -9.993645032,      -10.84988657,       -7.70428007
          0,           0,         323,      -13.33771539,      -10.02867289,       -10.8845211,      -7.739488238
          0,           0,         324,      -13.37357419,        -10.063702,      -10.91904992,       -7.77452274
          0,           0,         325,      -13.40911308,       -10.0988065,      -10.95330906,      -7.809729165
          0,           0,         326,      -13.44531552,      -10.13390854,      -10.98783467,       -7.84450746
          0,           0,         327,      -13.48117479,      -10.16908078,      -11.02243627,      -7.880070112
          0,           0,         328,      -13.51684657,      -10.20421428,      -11.05689643,      -7.914764484
          0,           0,         329,      -13.55290931,      -10.23935805,      -11.09146248,      -7.949737521
          0,           0,         330,      -13.58910693,      -10.27479463,      -11.12557783,      -7.986025412
          0,           0,         331,      -13.62474731,      -10.31004896,      -11.15989941,      -8.020769379
          0,           0,         332,      -13.66052324,      -10.34524823,      -11.19520185,      -8.055253559
          0,           0,         333,      -13.69577587,      -10.38049073,      -11.22804796,      -8.089182437
          0,           0,         334,      -13.73224127,      -10.41593823,      -11.26390885,      -8.125655259
          0,           0,         335,      -13.76773476,      -10.45121132,      -11.29746298,      -8.159582077
          0,           0,         336,      -13.80308033,      -10.48666473,      -11.33275191,      -8.194768129
          0,           0,         337,      -13.83903619,      -10.52218126,      -11.36757004,      -8.230381411
          0,           0,         338,      -13.87544666,      -10.55751432,      -11.39939973,      -8.264375604
          0,           0,         339,      -13.90980043,      -10.59325035,        -11.434842,      -8.301186026
          0,           0,         340,      -13.94469168,      -10.62880169,      -11.46672031,      -8.336539291
          0,           0,         341,      -13.98061262,       -10.6642992,      -11.50262659,      -8.370977027
          0,           0,         342,      -14.01372278,      -10.69976378,      -11.53567826,      -8.404084005
          0,           0,         343,      -14.04720689,      -10.73515015,      -11.56892106,      -8.436724008
          0,           0,         344,      -14.08129835,      -10.77084193,      -11.60088293,      -8.472027391
          0,           0,         345,      -14.11497854,      -10.80669562,      -11.63466364,      -8.508059222
          0,           0,         346,      -14.15008029,      -10.84269407,      -11.66730697,      -8.544064358
          0,           0,         347,      -14.17955204,      -10.87767036,      -11.70145256,      -8.570990197
          0,           0,         348,      -14.21303345,      -10.91318377,       -11.7283062,      -8.603273395
          0,           0,         349,      -14.24333111,      -10.94964839,      -11.76151237,      -8.642141403
          0,           0,         350,      -14.27400105,      -10.98539714,       -11.7916573,       -8.67236856
          0,           0,         351,      -14.29769426,      -11.01906034,      -11.81146238,      -8.693676343
          0,           0,         352,      -14.33000039,      -11.05555509,      -11.84813558,      -8.729161016
          0,           0,         353,      -14.35024141,      -11.09146387,      -11.87817293,      -8.762598975
          0,           0,         354,      -14.37393179,      -11.12466725,      -11.89958397,      -8.779370977
          0,           0,         355,      -14.40171198,      -11.16214025,      -11.92153807,      -8.816124636
          0,           0,         356,      -14.42291351,      -11.19713127,      -11.94617147,      -8.841552916
          0,           0,         357,      -14.43513667,      -11.23080833,      -11.96848188,      -8.860703668
          0,           0,         358,      -14.45659986,      -11.26906162,       -11.9884194,      -8.899904471
          0,           0,         359,      -14.47332708,      -11.30074288,      -12.00716776,      -8.908237651
          0,           0,         360,      -14.49470715,      -11.33596957,      -12.02728247,       -8.93296548
          0,           0,         361,      -14.50620595,      -11.37054523,      -12.04827922,      -8.953841145
          0,           0,         362,      -14.51423133,      -11.40486513,      -12.05928344,      -8.968199398
          0,           0,         363,      -14.53011899,       -11.4413475,      -12.07896352,      -8.999412312
          0,           0,         364,      -14.53609309,      -11.46858502,      -12.08928718,      -8.988971976
          0,           0,         365,      -14.54659245,      -11.50529665,      -12.11030602,      -9.018066288
          0,           0,         366,      -14.55393907,      -11.53865197,      -12.11761458,      -9.037644082
          0,           0,         367,       -14.5582852,      -11.56492382,      -12.09461081,      -9.021789531
          0,           0,         368,      -14.55989483,      -11.60250029,      -12.11611735,      -9.040734891
          0,           0,         369,      -14.58162913,      -11.63500715,      -12.14538695,      -9.058238607
          0,           0,         370,      -14.58475511,      -11.66639458,      -12.13859258,      -9.070648607
          0,           0,         371,      -14.58682078,      -11.69486423,      -12.14750989,      -9.082563766
          0,           0,         372,       -14.5908117,      -11.72315548,      -12.15715227,      -9.084008302
          0,           0,         373,      -14.59937145,      -11.75138254,      -12.16974503,      -9.083868107
          0,           0,         374,      -14.59139079,      -11.77525417,       -12.1531611,      -9.090835609
          0,           0,         375,      -14.59350926,      -11.80925873,      -12.16476137,      -9.105889893
          0,           0,         376,      -14.58828895,      -11.82608317,      -12.16056899,      -9.097256723
          0,           0,         377,      -14.60075283,       -11.8522845,       -12.1617595,        -9.0999385
          0,           0,         378,      -14.60246306,      -11.86964668,      -12.17785894,      -9.105151237
          0,           0,         379,      -14.59248674,       -11.8900859,      -12.15493342,       -9.09476096
          0,           0,         380,      -14.59923393,      -11.90225587,      -12.17417155,      -9.095935067
          0,           0,         381,      -14.61020989,      -11.93535809,      -12.16161654,      -9.121873689
          0,           0,         382,      -14.59583204,      -11.94294865,      -12.17458663,      -9.112116727
          0,           0,         383,      -14.58116608,      -11.92722312,      -12.16927838,      -9.085346839
          0,           0,         384,      -14.61991414,      -11.96974475,      -12.17026209,      -9.129389107
          0,           0,         385,      -14.60022737,      -11.98333933,      -12.16196297,       -9.11271038
          0,           0,         386,      -14.60737869,      -11.98303291,      -12.17482578,      -9.112190804
          0,           0,         387,      -14.59920994,      -11.99426689,      -12.15972843,      -9.108077552
          0,           0,         388,      -14.62302144,      -12.02635458,      -12.16264904,      -9.123134131
          0,           0,         389,      -14.59759426,       -12.0046359,       -12.1773028,      -9.103969628
          0,           0,         390,      -14.61739228,      -12.01870361,      -12.18428884,      -9.124385692
          0,           0,         391,      -14.60186974,       -12.0271812,      -12.17514885,      -9.119097905
          0,           0,         392,      -14.61282601,       -12.0266462,      -12.17714965,       -9.12264239
          0,           0,         393,      -14.60081546,      -12.02351622,      -12.17714576,      -9.108982391
          0,           0,         394,      -14.58735686,      -12.00633211,      -12.16190542,      -9.093159867
          0,           0,         395,       -14.6111391,      -12.04527875,      -12.17677078,       -9.11328362
          0,           0,         396,      -14.59548391,      -12.03358455,      -12.16186515,      -9.109167267
          0,           0,         397,        -14.611382,      -12.04369489,      -12.18422437,      -9.115248897
          0,           0,         398,      -14.59702099,      -12.02352473,      -12.17328716,      -9.096440944
          0,           0,         399,      -14.61385609,      -12.05291399,      -12.17913525,       -9.12534879
          0,           0,         400,      -14.62356441,      -12.05406468,      -12.18749015,      -9.122575576
          0,           0,         401,      -14.60267427,      -12.04085699,      -12.16169944,      -9.099014943
          0,           0,         402,      -14.59309775,      -12.04552637,      -12.16465423,      -9.112280763
          0,           0,         403,      -14.60395673,      -12.04963298,       -12.1839919,      -9.116075415
          0,           0,         404,      -14.60590484,      -12.05106032,      -12.17560078,      -9.116019886
          0,           0,         405,       -14.6064686,      -12.05078629,      -12.18797571,      -9.112604613
          0,           0,         406,      -14.60668716,       -12.0527994,      -12.17844169,      -9.115669251
          0,           0,         407,      -14.61776607,      -12.06338564,      -12.19346904,      -9.127070212
          0,           0,         408,      -14.60864678,      -12.05427698,      -12.18381096,      -9.114591125
          0,           0,         409,      -14.59022623,      -12.05260363,      -12.16265269,      -9.104630423
          0,           0,         410,       -14.6057844,      -12.04948234,      -12.17925143,      -9.116461906
          0,           0,         411,      -14.59526361,      -12.04543944,      -12.16208976,      -9.099222847
          0,           0,         412,       -14.6074802,       -12.0497197,      -12.17420338,      -9.109868828
          0,           0,         413,      -14.60793665,      -12.05761815,      -12.15382083,      -9.113751449
          0,           0,         414,      -14.60589423,      -12.05565865,      -12.17938909,      -9.113105528
          0,           0,         415,      -14.60967018,      -12.06337192,      -12.17351986,      -9.118821546
          0,           0,         416,      -14.60477542,      -12.05039094,      -12.18427282,      -9.120932516
          0,           0,         417,      -14.60165943,      -12.04440274,      -12.17827238,      -9.113051094
          0,           0,         418,        -14.616308,      -12.05906931,      -12.18469078,      -9.123410608
          0,           0,         419,      -14.61187148,        -12.061962,      -12.17120082,      -9.115670788
          0,           0,         420,      -14.61007246,      -12.06889677,      -12.17588437,      -9.119892919
          0,           0,         421,       -14.6189355,      -12.05758149,      -12.17793327,      -9.114215062
          0,           0,         422,      -14.57127335,      -12.02928615,       -12.1520868,      -9.104363163
          0,           0,         423,      -14.59628047,       -12.0444691,       -12.1840776,      -9.108503973
          0,           0,         424,      -14.60112324,      -12.04403772,      -12.16512139,      -9.103801978
          0,           0,         425,      -14.59413407,      -12.05110166,      -12.15958153,      -9.105857017
          0,           0,         426,      -14.60888363,      -12.06735284,      -12.17059973,      -9.118636791
          0,           0,         427,      -14.60877815,      -12.05408394,      -12.17913395,      -9.115819476
          0,           0,         428,      -14.61812212,      -12.06224945,      -12.18931629,      -9.126147132
          0,           0,         429,       -14.6108871,      -12.06870032,      -12.17762734,      -9.124441798
          0,           0,         430,      -14.61881131,      -12.07600366,      -12.18076416,      -9.132790973
          0,           0,         431,       -14.6125318,      -12.06820714,      -12.18049147,      -9.128972174
          0,           0,         432,      -14.61763439,      -12.06510205,      -12.17084423,      -9.120772883
          0,           0,         433,      -14.60316721,      -12.04739338,      -12.17807488,      -9.114003499
          0,           0,         434,      -14.60653585,      -12.06314469,      -12.17050432,      -9.119494216
          0,           0,         435,      -14.61956361,      -12.06858985,      -12.18715864,      -9.120363902
          0,           0,         436,      -14.61403188,      -12.06668687,      -12.17768173,      -9.126624551
          0,           0,         437,      -14.60542135,      -12.05893144,      -12.17840085,       -9.11691115
          0,           0,         438,      -14.60944847,      -12.07187869,      -12.17780329,      -9.122406049
          0,           0,         439,      -14.59870581,      -12.04816556,      -12.17070779,      -9.098678717
          0,           0,         440,      -14.61761765,      -12.06880158,      -12.16893479,      -9.132112362
          0,           0,         441,      -14.58859075,      -12.04510268,      -12.16523881,      -9.102917214
          0,           0,         442,       -14.5956416,      -12.05249748,      -12.16755801,      -9.107187044
          0,           0,         443,      -14.59178682,      -12.04106059,       -12.1742007,      -9.107546017
          0,           0,         444,       -14.6048397,      -12.04313952,      -12.16759117,      -9.108034223
          0,           0,         445,      -14.61487769,      -12.06264983,      -12.18085453,      -9.118683328
          0,           0,         446,      -14.61522674,      -12.05066776,      -12.18828925,      -9.120556916
          0,           0,         447,      -14.58793818,      -12.04294549,       -12.1885415,      -9.108339461
          0,           0,         448,       -14.6094607,      -12.05478356,      -12.18188724,      -9.109305191
          0,           0,         449,      -14.60302288,      -12.05063026,      -12.18904938,      -9.114316036
          0,           0,         450,      -14.60629869,       -12.0558453,      -12.16272032,      -9.115442776
          0,           0,         451,      -14.58226163,      -12.02678299,      -12.17697402,      -9.098402888
          0,           0,         452,       -14.6018342,       -12.0415791,      -12.17408389,      -9.109691195
          0,           0,         453,      -14.61628112,      -12.05929236,      -12.17947037,      -9.113167364
          0,           0,         454,      -14.62265346,      -12.07541402,      -12.18458131,      -9.128499672
          0,           0,         455,      -14.60013706,      -12.05944662,      -12.18101701,       -9.11587318
          0,           0,         456,      -14.61771097,      -12.07093782,      -12.18253504,      -9.128689946
          0,           0,         457,      -14.60541437,      -12.06205706,      -12.18160107,        -9.1226771
          0,           0,         458,      -14.59887458,      -12.04413044,      -12.18919756,      -9.104587508
          0,           0,         459,      -14.60612802,      -12.04935153,      -12.18510853,      -9.116746484
          0,           0,         460,      -14.61207126,      -12.05846067,      -12.18842314,      -9.119759701
          0,           0,         461,      -14.61182909,      -12.05847505,      -12.17571307,      -9.123923048
          0,           0,         462,      -14.60615107,      -12.06436896,      -12.17331024,       -9.11312488
          0,           0,         463,      -14.61719339,      -12.06231851,      -12.17874672,      -9.120063603
          0,           0,         464,      -14.61791538,      -12.06061158,       -12.1921293,      -9.122106704
          0,           0,         465,      -14.59823218,      -12.04584339,      -12.18812372,      -9.105570095
          0,           0,         466,      -14.61975168,      -12.07187444,      -12.16928189,      -9.135020909
          0,           0,         467,      -14.59276627,      -12.04556787,       -12.1744212,      -9.101952244
          0,           0,         468,      -14.61507017,      -12.05586644,      -12.16805238,      -9.112101844
          0,           0,         469,      -14.59963629,      -12.05882776,      -12.18268099,      -9.111029992
          0,           0,         470,      -14.57067026,      -11.99724076,      -12.17726653,      -9.068852284
          0,           0,         471,      -14.60808617,      -12.04679154,      -12.18057091,      -9.112679003
          0,           0,         472,      -14.60362328,      -12.05234935,      -12.17704774,      -9.107593021
          0,           0,         473,      -14.61754247,       -12.0649566,      -12.18596529,      -9.126785665
          0,           0,         474,      -14.61807534,      -12.07137292,        -12.178183,      -9.128434512
          0,           0,         475,       -14.6002624,      -12.05265154,      -12.16961039,      -9.118949028
          0,           0,         476,      -14.60544673,      -12.04408401,      -12.17118325,      -9.104650893
          0,           0,         477,      -14.61527293,      -12.06292749,      -12.18106893,      -9.126599627
          0,           0,         478,      -14.60384915,      -12.04475005,      -12.17484435,        -9.1032303
          0,           0,         479,      -14.61560175,      -12.06081371,       -12.1755007,      -9.118041017
          0,           0,         480,      -14.61511238,      -12.06627743,      -12.17958024,      -9.123552768
          0,           0,         481,      -14.59971372,      -12.05013299,      -12.18359951,      -9.111810629
          0,           0,         482,      -14.61074216,      -12.05053737,      -12.17215687,      -9.107016875
          0,           0,         483,      -14.61626032,      -12.06186128,      -12.17879719,      -9.121439018
          0,           0,         484,       -14.6266683,      -12.06962006,      -12.18017774,      -9.127552138
          0,           0,         485,      -14.60829912,      -12.05556488,      -12.17269384,      -9.117354165
          0,           0,         486,      -14.58962618,      -12.02871393,      -12.18040807,      -9.096929817
          0,           0,         487,      -14.60538808,      -12.04577046,      -12.17459683,       -9.11474827
          0,           0,         488,      -14.60746887,      -12.05819273,      -12.17754566,      -9.110288442
          0,           0,         489,      -14.59042815,      -12.04379782,      -12.17759234,      -9.100500106
          0,           0,         490,      -14.58413934,      -12.02516857,      -12.18224402,      -9.089447674
          0,           0,         491,      -14.60724612,      -12.05952059,      -12.17679645,      -9.113001914
          0,           0,         492,      -14.61644463,      -12.06789617,       -12.1697717,      -9.124829312
          0,           0,         493,      -14.59831504,      -12.04508558,      -12.17876513,      -9.104040964
          0,           0,         494,      -14.59648953,      -12.04972727,      -12.17008784,      -9.105676375
          0,           0,         495,      -14.60658773,      -12.05028993,      -12.17649776,        -9.1159934
          0,           0,         496,      -14.60086552,      -12.05483849,      -12.16918751,      -9.114520307
          0,           0,         497,      -14.59540741,      -12.04705255,      -12.18531736,      -9.102459211
          0,           0,         498,      -14.58609984,      -12.02969793,      -12.17747474,      -9.105985536
          0,           0,         499,      -14.60282493,      -12.03351756,       -12.1727247,      -9.114577453
          0,           0,         500,      -14.60268708,       -12.0691037,      -12.16284194,      -9.108244847
          0,           0,         501,      -14.60150758,      -12.03497007,      -12.17173858,      -9.110958032
          0,           0,         502,      -14.61836266,      -12.06691847,      -12.17105247,      -9.127069097
          0,           0,         503,      -14.59520492,      -12.03713535,      -12.17407767,      -9.107076085
          0,           0,         504,      -14.61381409,      -12.06199417,      -12.18469308,      -9.119348432
          0,           0,         505,      -14.61288279,      -12.05824471,      -12.18161037,      -9.115174844
          0,           0,         506,      -14.61496954,      -12.06168683,      -12.18633229,      -9.117854421
          0,           0,         507,      -14.60338604,      -12.04700634,      -12.15796245,      -9.106095206
          0,           0,         508,      -14.58260307,      -12.02679048,      -12.16943228,       -9.08324643
          0,           0,         509,      -14.59362197,      -12.02226476,      -12.16742813,      -9.096386863
          0,           0,         510,       -14.5957923,      -12.04279256,      -12.18520959,      -9.104626654
          0,           0,         511,      -14.60726278,       -12.0692285,      -12.18306642,      -9.126621265
          0,           0,         512,      -14.60338172,      -12.03825544,      -12.18100648,        -9.1134905
          0,           0,         513,      -14.62134436,      -12.06942979,      -12.18149666,      -9.127181718
          0,           0,         514,      -14.61440562,       -12.0503603,      -12.18762963,      -9.122423516
          0,           0,         515,      -14.60512618,      -12.03798946,      -12.17761899,      -9.113498243
          0,           0,         516,      -14.59263549,      -12.03896131,      -12.16998654,      -9.107902507
          0,           0,         517,      -14.59800537,      -12.04722709,      -12.18879717,      -9.109719319
          0,           0,         518,       -14.5872589,      -12.05997708,      -12.16840861,      -9.100679963
          0,           0,         519,      -14.61208244,      -12.04498282,      -12.18190231,      -9.107748608
          0,           0,         520,      -14.59707632,      -12.05129983,      -12.16959305,      -9.112098792
          0,           0,         521,      -14.61778384,      -12.06423203,      -12.17825962,      -9.130302803
          0,           0,         522,      -14.60362418,      -12.04541133,      -12.17212253,      -9.115120154
          0,           0,         523,      -14.61129253,      -12.04549712,      -12.17839363,      -9.117384654
          0,           0,         524,      -14.61229381,       -12.0509002,      -12.18833542,      -9.119332941
          0,           0,         525,      -14.61225882,      -12.06629375,      -12.18733515,      -9.119091983
          0,           0,         526,      -14.60418864,      -12.05754005,      -12.17953942,      -9.115531623
          0,           0,         527,      -14.61706768,       -12.0624382,      -12.19202416,       -9.12177141
          0,           0,         528,      -14.60673556,      -12.05048785,      -12.17906626,       -9.11256706
          0,           0,         529,      -14.60624571,      -12.06631399,      -12.16547825,      -9.122803959
          0,           0,         530,       -14.6087626,       -12.0621052,      -12.18452748,      -9.120572427
          0,           0,         531,      -14.61593517,      -12.06701473,      -12.17700518,      -9.126733191
          0,           0,         532,      -14.59190849,      -12.03471332,      -12.16969513,      -9.101718833
          0,           0,         533,      -14.62358514,      -12.05178748,      -12.18743304,       -9.11837822
          0,           0,         534,      -14.61924599,      -12.05021623,      -12.19950729,      -9.118107978
          0,           0,         535,      -14.60952148,      -12.06279124,      -12.17459432,      -9.116809695
          0,           0,         536,      -14.60531514,      -12.05448886,      -12.17876163,      -9.112005989
          0,           0,         537,       -14.6073231,      -12.06357627,      -12.16780255,      -9.114657624
          0,           0,         538,      -14.62070159,      -12.06673298,      -12.17565743,      -9.129680214
          0,           0,         539,      -14.61226588,      -12.05836631,      -12.18147198,      -9.122642125
          0,           0,         540,      -14.59326237,      -12.04421967,      -12.17322645,      -9.103479947
          0,           0,         541,      -14.59899601,      -12.04801482,      -12.17526478,      -9.106517847
          0,           0,         542,      -14.60330645,      -12.04680638,      -12.17683539,      -9.110731658
          0,           0,         543,      -14.58610652,      -12.04532628,      -12.16590184,      -9.098246114
          0,           0,         544,      -14.60049746,      -12.05440959,      -12.18079147,      -9.113666169
          0,           0,         545,        -14.610063,      -12.05483065,      -12.17108548,      -9.115647862
          0,           0,         546,      -14.59813483,      -12.04864009,      -12.18047902,      -9.109621088
          0,           0,         547,      -14.60846913,      -12.06269955,      -12.17519415,      -9.120935655
          0,           0,         548,      -14.60387091,        -12.034081,      -12.18299061,      -9.107190798
          0,           0,         549,      -14.60882762,      -12.04403586,      -12.18736967,       -9.10739988
          0,           0,         550,      -14.60320551,      -12.04327158,      -12.17208922,      -9.106691346
          0,           0,         551,      -14.61150138,      -12.05290732,      -12.17433921,      -9.116722501
          0,           0,         552,      -14.59925749,       -12.0602808,      -12.16693269,      -9.109175844
          0,           0,         553,      -14.61693866,      -12.06652908,      -12.17752498,      -9.131003817
          0,           0,         554,      -14.60499871,       -12.0460706,      -12.17049178,       -9.10984058
          0,           0,         555,      -14.59223581,      -12.04056104,      -12.15166462,      -9.099615334
          0,           0,         556,      -14.61018222,      -12.04325923,       -12.1765867,      -9.114444786
          0,           0,         557,      -14.58894768,       -12.0418842,      -12.16898142,      -9.100851153
          0,           0,         558,      -14.61146241,      -12.06530379,      -12.17273849,      -9.115583928
          0,           0,         559,      -14.61561947,      -12.06200744,      -12.18644009,      -9.118369357
          0,           0,         560,      -14.61074383,      -12.06108276,       -12.1916912,      -9.116326195
          0,           0,         561,      -14.58814604,      -12.03075645,      -12.18255779,      -9.099640425
          0,           0,         562,      -14.61327266,      -12.05281902,      -12.18432032,      -9.126219299
          0,           0,         563,      -14.61251361,      -12.05194607,      -12.18107506,      -9.118099378
          0,           0,         564,      -14.59884675,      -12.05297409,      -12.18068113,      -9.115773923
          0,           0,         565,      -14.62063283,      -12.06817212,      -12.17928076,      -9.128851759
          0,           0,         566,      -14.62270217,       -12.0685881,      -12.17576664,      -9.131323342
          0,           0,         567,       -14.5969861,      -12.05533396,       -12.1745626,      -9.113119258
          0,           0,         568,      -14.60654613,      -12.06374487,      -12.18528856,      -9.116478547
          0,           0,         569,      -14.60812308,      -12.04557074,      -12.16179238,      -9.108527922
          0,           0,         570,      -14.59653285,      -12.05511001,      -12.18126027,      -9.106059344
          0,           0,         571,      -14.59415407,       -12.0598929,      -12.17034032,      -9.119752988
          0,           0,         572,      -14.59560418,      -12.05363447,      -12.15505224,      -9.107224464
          0,           0,         573,       -14.6107929,      -12.06167485,      -12.16957699,      -9.115003459
          0,           0,         574,      -14.61204232,       -12.0497858,      -12.18227728,      -9.117129553
          0,           0,         575,      -14.60014979,      -12.06259611,      -12.16064411,      -9.113868705
          0,           0,         576,      -14.61084763,      -12.05358649,      -12.17427185,      -9.111211427
          0,           0,         577,      -14.59130802,      -12.04678417,      -12.16096133,      -9.096845031
          0,           0,         578,      -14.59742514,      -12.02298301,      -12.17379632,      -9.097551195
          0,           0,         579,      -14.59879674,      -12.06462928,      -12.15932716,      -9.116560615
          0,           0,         580,      -14.61164698,       -12.0599237,      -12.18249786,      -9.122004871
          0,           0,         581,      -14.60097138,      -12.06927848,      -12.18304626,      -9.118836564
          0,           0,         582,      -14.61160183,      -12.06429517,      -12.17774368,       -9.12411873
          0,           0,         583,      -14.60882302,      -12.06184478,      -12.17933614,      -9.117106841
          0,           0,         584,      -14.61938323,      -12.05690641,      -12.19001957,      -9.120621529
          0,           0,         585,      -14.61219338,      -12.04670811,        -12.169498,      -9.112143335
          0,           0,         586,      -14.60239384,      -12.04290569,      -12.17834626,      -9.100703961
          0,           0,         587,      -14.60289566,      -12.05227067,      -12.18383223,      -9.105101146
          0,           0,         588,      -14.60063835,      -12.03772809,      -12.17206558,       -9.11022627
          0,           0,         589,      -14.61090766,        -12.063592,      -12.18013441,      -9.115660322
          0,           0,         590,      -14.61094888,      -12.05603447,      -12.17695699,       -9.12034889
          0,           0,         591,      -14.62225821,      -12.05508131,       -12.1815976,      -9.124768191
          0,           0,         592,      -14.60885027,      -12.05994553,       -12.1861609,      -9.119233724
          0,           0,         593,       -14.5994774,      -12.03702014,      -12.17535307,      -9.104954982
          0,           0,         594,      -14.60028533,      -12.02801065,       -12.1704111,      -9.102573807
          0,           0,         595,      -14.60819852,      -12.04610632,      -12.16874146,      -9.107613055
          0,           0,         596,      -14.61131233,      -12.06386737,      -12.17958768,      -9.118750299
          0,           0,         597,      -14.60452408,      -12.05838303,      -12.15980383,       -9.11247287
          0,           0,         598,      -14.59337909,      -12.04106293,      -12.16213015,       -9.10583692
          0,           0,         599,      -14.61368856,      -12.06240746,      -12.18097237,      -9.125319197
          0,           0,         600,      -14.61346673,      -12.06203995,      -12.18069239,      -9.119900001
