VARIABLES = \
"Time_Iter","Outer_Iter","Inner_Iter",    "rms[Rho]"    ,    "rms[RhoU]"   ,    "rms[RhoV]"   ,    "rms[RhoE]"   
          0,           0,           0,      -1.466257653,      0.7412620473,       1.047040986,        3.99337055
          0,           0,           1,      -1.922377975,      0.5083941233,      0.6102737729,       3.552565282
          0,           0,           2,       -2.16993146,       0.290660068,      0.3701563199,       3.310394435
          0,           0,           3,      -2.335053823,      0.1379895624,      0.1870450898,       3.145896602
          0,           0,           4,      -2.486510802,    0.004436356896,     0.01563630559,       2.993363771
          0,           0,           5,       -2.63302486,     -0.1173630538,     -0.1492327451,       2.844941587
          0,           0,           6,      -2.775183692,     -0.2264671663,      -0.306636502,       2.701600193
          0,           0,           7,      -2.916550857,     -0.3215493543,     -0.4606637132,       2.560164598
          0,           0,           8,      -3.060001729,     -0.4038846871,     -0.6071725518,       2.417452804
          0,           0,           9,       -3.20377331,     -0.4787178376,     -0.7442040553,        2.27508768
          0,           0,          10,      -3.341570758,     -0.5493221438,     -0.8769478432,       2.139176991
          0,           0,          11,      -3.469323915,     -0.6154684309,      -1.005309726,        2.01390498
          0,           0,          12,      -3.586242791,     -0.6759476523,      -1.126682592,       1.900428204
          0,           0,          13,      -3.691669571,     -0.7307072337,      -1.240375405,       1.799362688
          0,           0,          14,      -3.785180563,     -0.7805989326,      -1.345465253,       1.710749906
          0,           0,          15,      -3.868448385,     -0.8265189621,       -1.44127445,       1.632822063
          0,           0,          16,      -3.944570067,     -0.8690357219,      -1.527568449,       1.562670738
          0,           0,          17,       -4.01491574,     -0.9086400048,      -1.603825245,       1.498694132
          0,           0,          18,      -4.078457191,     -0.9461111594,      -1.669837933,       1.440989881
          0,           0,          19,      -4.134405095,     -0.9825266245,      -1.726313549,       1.389354696
          0,           0,          20,      -4.184106683,      -1.018907892,       -1.77503129,       1.342164416
          0,           0,          21,      -4.230136351,       -1.05587447,      -1.818669255,       1.297298302
          0,           0,          22,      -4.274701055,      -1.093552809,      -1.859970801,       1.253253216
          0,           0,          23,      -4.318936834,      -1.131695478,      -1.900810906,       1.209443985
          0,           0,          24,      -4.362878075,      -1.169864078,      -1.942084952,       1.166050397
          0,           0,          25,       -4.40583114,      -1.207604945,      -1.984203536,       1.123673695
          0,           0,          26,      -4.447037256,      -1.244545929,      -2.027373405,       1.082889983
          0,           0,          27,      -4.486157359,      -1.280424463,      -2.071561695,       1.043958315
          0,           0,          28,      -4.523304912,      -1.315069071,      -2.116447413,       1.006825749
          0,           0,          29,      -4.558788829,      -1.348369606,      -2.161495552,      0.9712968187
          0,           0,          30,      -4.592847013,      -1.380264152,      -2.206061875,      0.9371941268
          0,           0,          31,      -4.625546421,      -1.410746814,      -2.249420324,      0.9044118467
          0,           0,          32,       -4.65683629,      -1.439880598,      -2.290743899,      0.8728853976
          0,           0,          33,      -4.686651068,      -1.467791752,      -2.329192646,      0.8425520298
          0,           0,          34,      -4.714986215,      -1.494654271,       -2.36411951,      0.8133283315
          0,           0,          35,      -4.741916905,      -1.520658401,      -2.395247044,      0.7851209246
          0,           0,          36,      -4.767585841,      -1.545982936,      -2.422746582,       0.757836775
          0,           0,          37,      -4.792180789,      -1.570776993,      -2.447166431,      0.7313842399
          0,           0,          38,      -4.815905908,      -1.595152008,       -2.46925979,      0.7056723787
          0,           0,          39,      -4.838957331,      -1.619183873,      -2.489810985,      0.6806107259
          0,           0,          40,      -4.861503642,      -1.642919084,      -2.509505927,      0.6561139589
          0,           0,          41,      -4.883674838,      -1.666382732,       -2.52887228,      0.6321077351
          0,           0,          42,      -4.905561774,      -1.689587055,      -2.548266148,      0.6085318854
          0,           0,          43,      -4.927221254,      -1.712537821,      -2.567896039,      0.5853406395
          0,           0,          44,      -4.948686207,      -1.735239563,      -2.587855463,      0.5624987031
          0,           0,          45,      -4.969976552,      -1.757698422,      -2.608158165,      0.5399768491
          0,           0,          46,       -4.99110848,      -1.779924209,      -2.628766178,      0.5177462942
          0,           0,          47,      -5.012096489,      -1.801931118,      -2.649614182,      0.4957784197
          0,           0,          48,      -5.032957414,       -1.82373797,      -2.670622242,      0.4740420393
          0,           0,          49,      -5.053708544,      -1.845366184,      -2.691712394,      0.4525075259
          0,           0,          50,      -5.074368347,       -1.86683965,      -2.712811589,      0.4311457838
          0,           0,          51,      -5.094957355,      -1.888183495,      -2.733858771,      0.4099279432
          0,           0,          52,      -5.115494547,      -1.909422868,      -2.754809475,      0.3888278633
          0,           0,          53,      -5.136002061,      -1.930582101,      -2.775635562,      0.3678182032
          0,           0,          54,      -5.156498911,      -1.951683935,      -2.796324409,      0.3468750985
          0,           0,          55,      -5.177002557,        -1.9727492,      -2.816874133,      0.3259769994
          0,           0,          56,        -5.1975316,      -1.993797133,      -2.837297259,      0.3051015583
          0,           0,          57,      -5.218100656,      -2.014844145,      -2.857613554,      0.2842301459
          0,           0,          58,      -5.238721626,      -2.035905252,      -2.877846411,      0.2633462325
          0,           0,          59,      -5.259404236,      -2.056992256,      -2.898021509,      0.2424361981
          0,           0,          60,       -5.28015689,      -2.078114835,       -2.91815995,      0.2214885852
          0,           0,          61,       -5.30098675,      -2.099281458,      -2.938289749,      0.2004931775
          0,           0,          62,      -5.321898597,      -2.120499203,      -2.958441919,      0.1794423215
          0,           0,          63,       -5.34289615,      -2.141774017,      -2.978637579,      0.1583300119
          0,           0,          64,      -5.363983998,      -2.163110797,      -2.998895272,      0.1371501735
          0,           0,          65,      -5.385164678,      -2.184513102,      -3.019231668,      0.1158987502
          0,           0,          66,      -5.406443299,      -2.205984855,      -3.039677552,     0.09456955212
          0,           0,          67,      -5.427825615,      -2.227529292,      -3.060239128,     0.07315654422
          0,           0,          68,      -5.449310321,       -2.24914928,      -3.080911914,     0.05166150149
          0,           0,          69,      -5.470895994,      -2.270846811,      -3.101701841,     0.03008381349
          0,           0,          70,      -5.492586232,      -2.292623632,      -3.122625768,    0.008419627662
          0,           0,          71,       -5.51438429,      -2.314481496,      -3.143687082,    -0.01333423669
          0,           0,          72,       -5.53629457,      -2.336421906,      -3.164889961,    -0.03518189571
          0,           0,          73,      -5.558318523,      -2.358446157,      -3.186237329,     -0.0571250688
          0,           0,          74,      -5.580456309,      -2.380555425,      -3.207729799,    -0.07916439798
          0,           0,          75,      -5.602707876,      -2.402750585,      -3.229369114,     -0.1013002631
          0,           0,          76,      -5.625073447,      -2.425032576,      -3.251155611,     -0.1235332064
          0,           0,          77,      -5.647554085,      -2.447402422,      -3.273088225,     -0.1458645529
          0,           0,          78,      -5.670150232,      -2.469860968,      -3.295166292,     -0.1682951337
          0,           0,          79,      -5.692861868,      -2.492409089,      -3.317389586,     -0.1908253994
          0,           0,          80,      -5.715689475,      -2.515047238,      -3.339755947,     -0.2134562184
          0,           0,          81,      -5.738631399,      -2.537775907,      -3.362267389,     -0.2361866787
          0,           0,          82,      -5.761688409,      -2.560595551,       -3.38492076,     -0.2590179189
          0,           0,          83,      -5.784861334,      -2.583506833,       -3.40771435,     -0.2819511113
          0,           0,          84,      -5.808148855,      -2.606509834,      -3.430646397,     -0.3049855399
          0,           0,          85,      -5.831549346,      -2.629604864,      -3.453713926,     -0.3281204214
          0,           0,          86,      -5.855063558,      -2.652791861,      -3.476920512,     -0.3513568855
          0,           0,          87,      -5.878691475,      -2.676070955,      -3.500263372,     -0.3746954414
          0,           0,          88,      -5.902431236,      -2.699442051,      -3.523741997,     -0.3981350449
          0,           0,          89,      -5.926281126,      -2.722904962,      -3.547354681,     -0.4216748066
          0,           0,          90,      -5.950240171,      -2.746459568,      -3.571100164,     -0.4453145044
          0,           0,          91,      -5.974307611,      -2.770105636,      -3.594977376,     -0.4690540659
          0,           0,          92,      -5.998482693,      -2.793843211,      -3.618988016,     -0.4928935565
          0,           0,          93,      -6.022765208,      -2.817671796,      -3.643126305,     -0.5168331372
          0,           0,          94,      -6.047154282,      -2.841591032,      -3.667390987,      -0.540872649
          0,           0,          95,      -6.071646245,      -2.865600125,      -3.691784582,     -0.5650095551
          0,           0,          96,      -6.096238983,        -2.8896985,      -3.716304996,     -0.5892425691
          0,           0,          97,      -6.120932873,      -2.913885764,      -3.740950367,       -0.61357239
          0,           0,          98,      -6.145725821,       -2.93816122,      -3.765717952,     -0.6379977294
          0,           0,          99,      -6.170616303,      -2.962524091,      -3.790607312,     -0.6625178783
          0,           0,         100,      -6.195604199,       -2.98697388,       -3.81561708,     -0.6871331239
          0,           0,         101,      -6.220685859,      -3.011509435,      -3.840747243,     -0.7118408417
          0,           0,         102,      -6.245859146,      -3.036129793,      -3.865993972,     -0.7366397457
          0,           0,         103,      -6.271120604,      -3.060833963,      -3.891358586,     -0.7615272053
          0,           0,         104,       -6.29647022,      -3.085621333,      -3.916838087,     -0.7865035133
          0,           0,         105,      -6.321908423,      -3.110491313,      -3.942429945,     -0.8115694195
          0,           0,         106,      -6.347433976,      -3.135442995,      -3.968133255,     -0.8367242669
          0,           0,         107,      -6.373044657,      -3.160475408,      -3.993947051,     -0.8619664826
          0,           0,         108,       -6.39873814,      -3.185587564,      -4.019869665,     -0.8872944494
          0,           0,         109,      -6.424513089,      -3.210778539,       -4.04589977,     -0.9127074009
          0,           0,         110,      -6.450368589,      -3.236047626,      -4.072034533,      -0.938204744
          0,           0,         111,      -6.476302592,      -3.261393837,      -4.098272567,     -0.9637849398
          0,           0,         112,      -6.502313057,      -3.286816114,      -4.124612943,     -0.9894464705
          0,           0,         113,      -6.528398329,      -3.312313433,      -4.151054041,      -1.015188174
          0,           0,         114,       -6.55455677,      -3.337884831,      -4.177594265,      -1.041008901
          0,           0,         115,      -6.580785628,      -3.363529083,      -4.204229824,      -1.066906461
          0,           0,         116,       -6.60708478,      -3.389245394,        -4.2309581,      -1.092880983
          0,           0,         117,      -6.633452818,      -3.415032828,      -4.257780958,      -1.118931436
          0,           0,         118,      -6.659887573,      -3.440890265,      -4.284696723,      -1.145056083
          0,           0,         119,      -6.686387676,      -3.466816675,       -4.31170313,      -1.171253863
          0,           0,         120,      -6.712951755,      -3.492811063,       -4.33879819,      -1.197523703
          0,           0,         121,      -6.739578283,      -3.518872399,      -4.365980031,      -1.223864384
          0,           0,         122,      -6.766265779,      -3.544999659,      -4.393246862,      -1.250274704
          0,           0,         123,      -6.793012812,      -3.571191817,      -4.420596898,      -1.276753481
          0,           0,         124,      -6.819817967,      -3.597447842,      -4.448028334,      -1.303299526
          0,           0,         125,      -6.846677119,      -3.623766986,      -4.475541656,      -1.329909196
          0,           0,         126,      -6.873592867,      -3.650148148,      -4.503130533,      -1.356584697
          0,           0,         127,      -6.900563846,      -3.676590323,      -4.530795366,      -1.383325025
          0,           0,         128,      -6.927587617,      -3.703092342,      -4.558535022,      -1.410128041
          0,           0,         129,      -6.954662979,      -3.729653114,      -4.586347039,      -1.436992592
          0,           0,         130,      -6.981788927,      -3.756271608,      -4.614229303,      -1.463917693
          0,           0,         131,      -7.008964117,      -3.782946807,      -4.642180072,      -1.490902074
          0,           0,         132,      -7.036187076,      -3.809677704,      -4.670197587,      -1.517944352
          0,           0,         133,      -7.063456461,      -3.836463307,      -4.698279972,       -1.54504323
          0,           0,         134,      -7.090771095,      -3.863302646,      -4.726425311,      -1.572197537
          0,           0,         135,      -7.118129941,      -3.890194764,      -4.754631742,       -1.59940619
          0,           0,         136,      -7.145531955,      -3.917138706,      -4.782897399,       -1.62666809
          0,           0,         137,      -7.172976096,      -3.944133531,      -4.811220412,      -1.653982125
          0,           0,         138,      -7.200461337,      -3.971178309,      -4.839598911,      -1.681347179
          0,           0,         139,      -7.227986674,      -3.998272123,      -4.868031017,      -1.708762138
          0,           0,         140,      -7.255551141,      -4.025414071,       -4.89651485,      -1.736225908
          0,           0,         141,      -7.283153815,      -4.052603265,      -4.925048528,      -1.763737411
          0,           0,         142,      -7.310793812,      -4.079838832,      -4.953630173,      -1.791295591
          0,           0,         143,      -7.338470285,      -4.107119915,      -4.982257907,      -1.818899406
          0,           0,         144,      -7.366182419,      -4.134445673,      -5.010929861,      -1.846547831
          0,           0,         145,      -7.393929433,       -4.16181528,      -5.039644165,      -1.874239855
          0,           0,         146,      -7.421710577,       -4.18922793,      -5.068398958,      -1.901974484
          0,           0,         147,      -7.449525137,      -4.216682833,      -5.097192383,      -1.929750741
          0,           0,         148,       -7.47737243,       -4.24417922,      -5.126022599,      -1.957567666
          0,           0,         149,      -7.505251807,       -4.27171634,      -5.154887772,      -1.985424319
          0,           0,         150,      -7.533162654,      -4.299293462,      -5.183786085,      -2.013319781
          0,           0,         151,      -7.561104387,      -4.326909875,      -5.212715734,      -2.041253149
          0,           0,         152,      -7.589076462,      -4.354564891,      -5.241674938,      -2.069223547
          0,           0,         153,      -7.617078366,      -4.382257843,      -5.270661935,      -2.097230122
          0,           0,         154,      -7.645109609,      -4.409988082,      -5.299674992,      -2.125272034
          0,           0,         155,      -7.673169778,      -4.437754997,      -5.328712397,      -2.153348501
          0,           0,         156,       -7.70125848,      -4.465557999,      -5.357772463,      -2.181458757
          0,           0,         157,      -7.729375306,      -4.493396511,      -5.386853528,      -2.209602024
          0,           0,         158,      -7.757519898,       -4.52126998,      -5.415953977,       -2.23777756
          0,           0,         159,      -7.785691943,      -4.549177876,      -5.445072228,      -2.265984667
          0,           0,         160,      -7.813891159,      -4.577119691,      -5.474206744,      -2.294222667
          0,           0,         161,      -7.842117284,       -4.60509494,      -5.503356019,      -2.322490904
          0,           0,         162,      -7.870370077,      -4.633103161,      -5.532518592,      -2.350788744
          0,           0,         163,      -7.898649325,      -4.661143913,      -5.561693044,      -2.379115577
          0,           0,         164,      -7.926954843,       -4.68921678,      -5.590877998,      -2.407470822
          0,           0,         165,       -7.95528647,      -4.717321369,      -5.620072136,      -2.435853924
          0,           0,         166,      -7.983644076,      -4.745457311,      -5.649274174,      -2.464264357
          0,           0,         167,      -8.012027549,      -4.773624258,      -5.678482898,       -2.49270162
          0,           0,         168,      -8.040436808,      -4.801821887,      -5.707697141,      -2.521165243
          0,           0,         169,      -8.068872178,      -4.830050695,      -5.736915526,      -2.549655131
          0,           0,         170,      -8.097333703,      -4.858309754,      -5.766137538,      -2.578170905
          0,           0,         171,      -8.125821389,      -4.886598676,      -5.795362097,      -2.606712191
          0,           0,         172,      -8.154335044,      -4.914917223,      -5.824588152,      -2.635278474
          0,           0,         173,      -8.182874529,      -4.943265263,      -5.853814832,      -2.663869297
          0,           0,         174,      -8.211439794,      -4.971642556,       -5.88304127,      -2.692484276
          0,           0,         175,      -8.240030868,      -5.000048894,      -5.912266716,      -2.721123098
          0,           0,         176,      -8.268647812,       -5.02848413,      -5.941490525,      -2.749785497
          0,           0,         177,      -8.297290736,       -5.05694814,      -5.970712102,      -2.778471262
          0,           0,         178,      -8.325959761,      -5.085440819,      -5.999930906,      -2.807180202
          0,           0,         179,      -8.354655025,      -5.113962079,      -6.029146469,      -2.835912153
          0,           0,         180,      -8.383376678,      -5.142511846,      -6.058358361,      -2.864666972
          0,           0,         181,      -8.412124894,      -5.171090068,      -6.087566243,      -2.893444559
          0,           0,         182,      -8.440899867,      -5.199696705,      -6.116769822,       -2.92224484
          0,           0,         183,      -8.469701784,      -5.228331735,      -6.145968875,      -2.951067747
          0,           0,         184,      -8.498530855,      -5.256995148,      -6.175163241,      -2.979913246
          0,           0,         185,      -8.527387293,      -5.285686951,      -6.204352834,      -3.008781329
          0,           0,         186,      -8.556271316,      -5.314407161,      -6.233537601,      -3.037671992
          0,           0,         187,      -8.585183146,       -5.34315581,       -6.26271757,      -3.066585261
          0,           0,         188,      -8.614123001,      -5.371932941,      -6.291892821,      -3.095521168
          0,           0,         189,       -8.64309112,      -5.400738609,      -6.321063474,       -3.12447978
          0,           0,         190,      -8.672087721,      -5.429572876,       -6.35022971,      -3.153461151
          0,           0,         191,      -8.701113048,      -5.458435822,      -6.379391793,      -3.182465385
          0,           0,         192,      -8.730167314,      -5.487327528,      -6.408549997,      -3.211492562
          0,           0,         193,      -8.759250779,      -5.516248091,      -6.437704669,      -3.240542815
          0,           0,         194,      -8.788363654,       -5.54519761,      -6.466856193,      -3.269616252
          0,           0,         195,      -8.817506195,      -5.574176199,      -6.496004999,      -3.298713037
          0,           0,         196,      -8.846678625,      -5.603183973,      -6.525151557,      -3.327833314
          0,           0,         197,      -8.875881183,       -5.63222106,        -6.5542964,      -3.356977244
          0,           0,         198,      -8.905114095,      -5.661287588,      -6.583440089,      -3.386145008
          0,           0,         199,      -8.934377611,      -5.690383697,       -6.61258315,      -3.415336797
          0,           0,         200,      -8.963671941,      -5.719509525,      -6.641726281,      -3.444552788
          0,           0,         201,      -8.992997343,      -5.748665221,      -6.670870057,      -3.473793215
          0,           0,         202,      -9.022353998,      -5.777850934,      -6.700015224,      -3.503058256
          0,           0,         203,      -9.051742192,      -5.807066821,      -6.729162422,      -3.532348184
          0,           0,         204,      -9.081162121,      -5.836313037,      -6.758312456,      -3.561663199
          0,           0,         205,      -9.110613982,      -5.865589741,       -6.78746601,      -3.591003513
          0,           0,         206,      -9.140098017,      -5.894897095,      -6.816623848,      -3.620369403
          0,           0,         207,       -9.16961443,      -5.924235267,      -6.845786785,      -3.649761096
          0,           0,         208,      -9.199163408,       -5.95360441,      -6.874955603,      -3.679178826
          0,           0,         209,      -9.228745145,      -5.983004694,      -6.904131116,      -3.708622845
          0,           0,         210,      -9.258359883,      -6.012436288,      -6.933314082,      -3.738093419
          0,           0,         211,      -9.288007822,      -6.041899358,      -6.962505439,       -3.76759085
          0,           0,         212,      -9.317689068,      -6.071394055,      -6.991705859,      -3.797115299
          0,           0,         213,      -9.347403801,      -6.100920551,      -7.020916322,      -3.826667029
          0,           0,         214,      -9.377152319,      -6.130479015,      -7.050137603,      -3.856246406
          0,           0,         215,      -9.406934673,      -6.160069593,      -7.079370492,      -3.885853565
          0,           0,         216,      -9.436751056,      -6.189692452,      -7.108615848,      -3.915488825
          0,           0,         217,      -9.466601661,      -6.219347745,      -7.137874525,      -3.945152423
          0,           0,         218,      -9.496486613,       -6.24903563,      -7.167147301,      -3.974844648
          0,           0,         219,      -9.526406102,      -6.278756261,      -7.196435084,      -4.004565768
          0,           0,         220,      -9.556360124,      -6.308509763,      -7.225738536,      -4.034315859
          0,           0,         221,       -9.58634902,      -6.338296318,      -7.255058472,      -4.064095436
          0,           0,         222,      -9.616372733,       -6.36811604,      -7.284395844,       -4.09390452
          0,           0,         223,      -9.646431525,       -6.39796909,      -7.313751393,      -4.123743492
          0,           0,         224,      -9.676525392,      -6.427855573,      -7.343125609,      -4.153612461
          0,           0,         225,      -9.706654486,      -6.457775639,      -7.372519601,      -4.183511697
          0,           0,         226,      -9.736818877,        -6.4877294,      -7.401933694,      -4.213441434
          0,           0,         227,      -9.767018857,       -6.51771702,      -7.431369091,      -4.243402079
          0,           0,         228,      -9.797254295,      -6.547738594,      -7.460826328,      -4.273393598
          0,           0,         229,      -9.827525412,       -6.57779423,      -7.490305855,      -4.303416357
          0,           0,         230,      -9.857832106,      -6.607884024,      -7.519808593,      -4.333470358
          0,           0,         231,      -9.888174662,      -6.638008135,      -7.549335342,      -4.363556119
          0,           0,         232,       -9.91855318,      -6.668166627,      -7.578886353,      -4.393673695
          0,           0,         233,      -9.948967328,       -6.69835959,      -7.608462609,      -4.423822983
          0,           0,         234,      -9.979417639,      -6.728587152,      -7.638064627,      -4.454004705
          0,           0,         235,        -10.009904,      -6.758849384,       -7.66769247,      -4.484218729
          0,           0,         236,      -10.04042643,      -6.789146389,      -7.697347748,      -4.514465296
          0,           0,         237,      -10.07098497,      -6.819478218,        -7.7270302,      -4.544744514
          0,           0,         238,      -10.10157996,      -6.849845023,      -7.756740599,      -4.575056913
          0,           0,         239,      -10.13221083,      -6.880246762,      -7.786479647,      -4.605402074
          0,           0,         240,      -10.16287793,      -6.910683586,      -7.816247671,      -4.635780351
          0,           0,         241,      -10.19358152,      -6.941155553,       -7.84604495,      -4.666192179
          0,           0,         242,      -10.22432136,      -6.971662726,      -7.875872593,      -4.696637446
          0,           0,         243,      -10.25509711,      -7.002205062,      -7.905730191,      -4.727115845
          0,           0,         244,      -10.28590967,      -7.032782819,      -7.935618271,       -4.75762861
          0,           0,         245,      -10.31675884,      -7.063395926,      -7.965538425,      -4.788175472
          0,           0,         246,      -10.34764402,      -7.094044406,      -7.995490544,      -4.818755991
          0,           0,         247,       -10.3785659,      -7.124728371,        -8.0254741,      -4.849370681
          0,           0,         248,      -10.40952379,      -7.155447816,      -8.055489928,       -4.88001976
          0,           0,         249,      -10.44051842,        -7.1862028,      -8.085539096,      -4.910703211
          0,           0,         250,      -10.47154913,      -7.216993322,      -8.115620729,      -4.941420693
          0,           0,         251,      -10.50261725,      -7.247819538,      -8.145736797,      -4.972173632
          0,           0,         252,      -10.53372095,      -7.278681353,      -8.175885871,      -5.002960668
          0,           0,         253,      -10.56486077,      -7.309578796,       -8.20606909,      -5.033782429
          0,           0,         254,      -10.59603758,      -7.340511939,      -8.236287158,      -5.064639141
          0,           0,         255,      -10.62725089,      -7.371480743,      -8.266537899,      -5.095530586
          0,           0,         256,       -10.6585005,      -7.402485341,      -8.296827206,      -5.126457646
          0,           0,         257,      -10.68978666,      -7.433525712,      -8.327149113,      -5.157419675
          0,           0,         258,      -10.72110883,      -7.464601756,      -8.357505842,      -5.188416402
          0,           0,         259,      -10.75246776,      -7.495713622,      -8.387899139,      -5.219448553
          0,           0,         260,      -10.78386306,      -7.526861311,      -8.418329117,      -5.250516158
          0,           0,         261,      -10.81529541,      -7.558044753,      -8.448794856,      -5.281619335
          0,           0,         262,      -10.84676405,      -7.589264115,      -8.479296052,      -5.312758408
          0,           0,         263,      -10.87826829,       -7.62051908,      -8.509833762,      -5.343931541
          0,           0,         264,      -10.90980921,      -7.651810153,      -8.540408473,      -5.375141222
          0,           0,         265,      -10.94138676,      -7.683136792,      -8.571016347,      -5.406386268
          0,           0,         266,      -10.97300086,      -7.714499524,      -8.601666163,      -5.437667435
          0,           0,         267,      -11.00465238,      -7.745898116,      -8.632350776,       -5.46898471
          0,           0,         268,      -11.03633949,      -7.777332341,      -8.663074922,      -5.500336247
          0,           0,         269,      -11.06806114,      -7.808802421,      -8.693828683,      -5.531723614
          0,           0,         270,      -11.09982172,      -7.840308778,      -8.724628437,      -5.563149116
          0,           0,         271,      -11.13161862,      -7.871850819,      -8.755465895,      -5.594611066
          0,           0,         272,      -11.16345097,      -7.903428649,      -8.786335409,      -5.626104776
          0,           0,         273,      -11.19531979,      -7.935042509,      -8.817245437,      -5.657636841
          0,           0,         274,      -11.22722663,      -7.966692263,      -8.848191367,      -5.689205419
          0,           0,         275,      -11.25916887,      -7.998377907,      -8.879174004,      -5.720808899
          0,           0,         276,      -11.29114867,      -8.030099633,      -8.910203651,      -5.752451796
          0,           0,         277,      -11.32316052,      -8.061857008,      -8.941260085,      -5.784124426
          0,           0,         278,      -11.35521634,      -8.093650618,      -8.972365103,      -5.815840835
          0,           0,         279,      -11.38730464,      -8.125480115,      -9.003497302,      -5.847589985
          0,           0,         280,      -11.41942966,      -8.157345479,      -9.034676356,      -5.879373561
          0,           0,         281,      -11.45159592,      -8.189247452,      -9.065886672,      -5.911200605
          0,           0,         282,      -11.48379175,      -8.221184895,      -9.097144247,      -5.943054999
          0,           0,         283,      -11.51602676,      -8.253158277,      -9.128436043,      -5.974948116
          0,           0,         284,      -11.54830377,      -8.285167921,      -9.159764407,      -6.006882348
          0,           0,         285,      -11.58061167,      -8.317213951,      -9.191134914,      -6.038849243
          0,           0,         286,      -11.61295426,      -8.349295996,      -9.222540905,      -6.070852642
          0,           0,         287,      -11.64534655,       -8.38141505,      -9.253987364,      -6.102902096
          0,           0,         288,      -11.67775904,      -8.413569625,      -9.285476715,      -6.134973566
          0,           0,         289,      -11.71021926,       -8.44576018,      -9.316989095,      -6.167088564
          0,           0,         290,      -11.74271143,      -8.477987277,      -9.348548532,       -6.19924003
          0,           0,         291,      -11.77525235,      -8.510250547,      -9.380169837,      -6.231432992
          0,           0,         292,      -11.80783013,      -8.542552313,      -9.411815243,      -6.263666112
          0,           0,         293,      -11.84043567,      -8.574888941,      -9.443481249,      -6.295929506
          0,           0,         294,      -11.87307585,      -8.607261374,       -9.47518696,      -6.328219263
          0,           0,         295,      -11.90576759,      -8.639672376,      -9.506954058,      -6.360566082
          0,           0,         296,      -11.93848926,      -8.672117142,      -9.538754404,      -6.392934419
          0,           0,         297,      -11.97125505,      -8.704602061,      -9.570610556,      -6.425358353
          0,           0,         298,      -12.00403912,      -8.737122613,      -9.602481092,      -6.457799516
          0,           0,         299,      -12.03688681,       -8.76967814,      -9.634378022,      -6.490285474
          0,           0,         300,      -12.06976547,      -8.802272365,      -9.666336718,      -6.522812437
          0,           0,         301,        -12.102672,      -8.834907049,      -9.698334657,      -6.555382671
          0,           0,         302,      -12.13563566,      -8.867573879,      -9.730374105,      -6.587982311
          0,           0,         303,      -12.16862656,      -8.900281646,      -9.762483127,      -6.620629473
          0,           0,         304,      -12.20166903,      -8.933025355,      -9.794535357,      -6.653307426
          0,           0,         305,      -12.23472712,      -8.965807903,      -9.826714334,      -6.686030647
          0,           0,         306,      -12.26781529,      -8.998624129,      -9.858910037,      -6.718755609
          0,           0,         307,      -12.30098228,       -9.03148358,      -9.891130962,       -6.75155972
          0,           0,         308,      -12.33419562,      -9.064379811,       -9.92345206,      -6.784402862
          0,           0,         309,      -12.36743859,      -9.097314789,      -9.955732188,      -6.817282366
          0,           0,         310,      -12.40071734,      -9.130286667,        -9.9880632,      -6.850205519
          0,           0,         311,      -12.43397683,      -9.163296077,      -10.02048253,      -6.883139917
          0,           0,         312,      -12.46737057,      -9.196349692,      -10.05296984,      -6.916153715
          0,           0,         313,      -12.50078521,      -9.229439354,      -10.08552958,      -6.949182295
          0,           0,         314,      -12.53418156,      -9.262561611,       -10.1179074,      -6.982225325
          0,           0,         315,      -12.56767751,      -9.295714316,      -10.15042462,      -7.015292542
          0,           0,         316,      -12.60124257,      -9.328934648,      -10.18305811,      -7.048512212
          0,           0,         317,      -12.63478244,      -9.362182488,      -10.21572257,       -7.08170078
          0,           0,         318,      -12.66838155,      -9.395472928,      -10.24836389,      -7.114954078
          0,           0,         319,      -12.70201016,      -9.428785654,      -10.28106266,      -7.148161097
          0,           0,         320,      -12.73566349,      -9.462151054,      -10.31383042,      -7.181409193
          0,           0,         321,      -12.76936204,      -9.495560686,      -10.34671728,      -7.214797209
          0,           0,         322,      -12.80320979,       -9.52901732,      -10.37952532,      -7.248261051
          0,           0,         323,      -12.83700595,      -9.562496015,      -10.41231669,      -7.281680895
          0,           0,         324,      -12.87088242,      -9.596036688,       -10.4452538,       -7.31517423
          0,           0,         325,      -12.90479065,      -9.629598932,      -10.47844945,      -7.348631622
          0,           0,         326,      -12.93875105,      -9.663226423,      -10.51154208,      -7.382244311
          0,           0,         327,      -12.97272116,      -9.696855912,       -10.5444459,      -7.415692779
          0,           0,         328,      -13.00682561,       -9.73054663,      -10.57738816,      -7.449308403
          0,           0,         329,      -13.04087467,      -9.764303733,      -10.61060968,      -7.483063567
          0,           0,         330,      -13.07491641,      -9.798072216,      -10.64391254,      -7.516748128
          0,           0,         331,      -13.10920208,      -9.831904801,       -10.6768375,      -7.550531043
          0,           0,         332,      -13.14336782,      -9.865773033,      -10.71014434,      -7.584299169
          0,           0,         333,      -13.17770393,      -9.899707135,      -10.74372668,       -7.61836868
          0,           0,         334,       -13.2121066,      -9.933667329,      -10.77704137,      -7.652089261
          0,           0,         335,      -13.24609335,      -9.967642976,      -10.81020309,      -7.685880393
          0,           0,         336,      -13.28078224,      -10.00172594,      -10.84348968,      -7.720121826
          0,           0,         337,      -13.31500122,       -10.0357946,      -10.87745782,      -7.754171562
          0,           0,         338,      -13.34970081,      -10.06991429,      -10.91043069,       -7.78790392
          0,           0,         339,      -13.38419568,      -10.10407252,      -10.94403687,      -7.821782796
          0,           0,         340,      -13.41841118,      -10.13831672,      -10.97744389,      -7.855999007
          0,           0,         341,      -13.45242803,      -10.17257832,      -11.01064802,      -7.889946865
          0,           0,         342,      -13.48788305,      -10.20685637,      -11.04424626,      -7.924130721
          0,           0,         343,      -13.52237501,      -10.24134056,      -11.07804745,       -7.95897437
          0,           0,         344,      -13.55656051,      -10.27574422,       -11.1116034,      -7.992528969
          0,           0,         345,      -13.59108651,      -10.31016427,      -11.14603426,      -8.027070394
          0,           0,         346,      -13.62639326,      -10.34469285,       -11.1791145,      -8.061503289
          0,           0,         347,      -13.66050164,      -10.37926042,      -11.21349634,      -8.095659113
          0,           0,         348,      -13.69423875,      -10.41384868,      -11.24593928,      -8.129804732
          0,           0,         349,      -13.72938554,      -10.44842492,      -11.27924574,      -8.163361545
          0,           0,         350,       -13.7627925,      -10.48324949,      -11.31379318,       -8.19813701
          0,           0,         351,      -13.79822769,       -10.5177318,      -11.34624385,      -8.231039073
          0,           0,         352,      -13.83306682,      -10.55258413,      -11.38093445,      -8.266108946
          0,           0,         353,       -13.8676832,      -10.58754715,      -11.41539913,      -8.300189291
          0,           0,         354,      -13.90169964,      -10.62227456,      -11.44631107,      -8.333388536
          0,           0,         355,      -13.93316127,      -10.65727714,      -11.47911366,      -8.366927059
          0,           0,         356,      -13.96908034,      -10.69224572,      -11.51124585,      -8.402175608
          0,           0,         357,      -14.00143332,      -10.72751728,      -11.54748176,      -8.437683537
          0,           0,         358,      -14.03495457,      -10.76223019,      -11.57755616,      -8.467731447
          0,           0,         359,      -14.06805993,      -10.79733158,      -11.60764832,      -8.501972604
          0,           0,         360,      -14.10012233,      -10.83252085,      -11.64415624,      -8.535055278
          0,           0,         361,      -14.12988685,      -10.86718701,       -11.6723375,      -8.564127289
          0,           0,         362,       -14.1658637,      -10.90270351,      -11.70654522,       -8.59947664
          0,           0,         363,      -14.19378552,       -10.9381042,      -11.73309926,      -8.631162836
          0,           0,         364,      -14.22325571,      -10.97313896,      -11.76370523,      -8.662952074
          0,           0,         365,      -14.25141277,      -11.00816446,      -11.79334109,      -8.690335504
          0,           0,         366,      -14.27690955,      -11.04354061,      -11.82561679,      -8.723620619
          0,           0,         367,      -14.30832007,      -11.07843062,      -11.85045507,      -8.748779589
          0,           0,         368,      -14.33402794,      -11.11352878,      -11.87763023,      -8.774765287
          0,           0,         369,      -14.36233687,      -11.15001885,      -11.90911684,      -8.811938347
          0,           0,         370,      -14.38554933,      -11.18334413,      -11.92683246,      -8.831581959
          0,           0,         371,      -14.40844198,      -11.21894062,      -11.95148742,      -8.856273848
          0,           0,         372,      -14.42638365,       -11.2550717,      -11.97028657,      -8.883020239
          0,           0,         373,      -14.44335688,      -11.29025507,      -11.99808378,      -8.907617111
          0,           0,         374,      -14.46076154,      -11.32362035,       -12.0162332,      -8.922502072
          0,           0,         375,      -14.47936662,      -11.35874421,      -12.02746844,      -8.949019153
          0,           0,         376,      -14.49653071,      -11.39221825,      -12.05088395,      -8.960231849
          0,           0,         377,      -14.51507788,      -11.42926832,      -12.06961634,      -8.987325649
          0,           0,         378,      -14.50793048,      -11.45896891,      -12.07437031,      -8.983739772
          0,           0,         379,      -14.52002552,      -11.49317912,      -12.08838823,      -9.002885071
          0,           0,         380,      -14.52779396,      -11.52747288,      -12.10296195,      -9.014281378
          0,           0,         381,      -14.55211178,      -11.55827847,      -12.11324857,      -9.033798683
          0,           0,         382,      -14.56737603,      -11.59505715,      -12.13137982,      -9.052505789
          0,           0,         383,      -14.56164931,       -11.6259718,      -12.13722285,      -9.057356274
          0,           0,         384,      -14.56492144,      -11.65517415,      -12.14932315,      -9.058426167
          0,           0,         385,       -14.5861361,      -11.68622735,      -12.15175217,      -9.083019044
          0,           0,         386,       -14.5715569,      -11.71590095,       -12.1534261,      -9.075876428
          0,           0,         387,      -14.58844778,      -11.74942967,      -12.16165921,      -9.092424049
          0,           0,         388,      -14.58984217,      -11.76895797,      -12.16579693,      -9.085750492
          0,           0,         389,       -14.5923399,      -11.79753425,      -12.15091564,      -9.095949231
          0,           0,         390,        -14.586325,      -11.81752853,      -12.16655168,      -9.077127629
          0,           0,         391,      -14.58140709,      -11.83454182,       -12.1737739,      -9.088841945
          0,           0,         392,      -14.60366895,      -11.86602204,      -12.16958115,      -9.102182353
          0,           0,         393,      -14.58177173,      -11.87028599,      -12.17856765,      -9.078403825
          0,           0,         394,      -14.58328548,      -11.89898894,      -12.17294026,      -9.086577395
          0,           0,         395,      -14.61096185,      -11.92858754,      -12.17862511,      -9.120955744
          0,           0,         396,      -14.60594213,      -11.93736724,      -12.17164278,      -9.111900792
          0,           0,         397,      -14.60418441,      -11.95620119,      -12.18904439,      -9.113851822
          0,           0,         398,      -14.59960482,      -11.95962949,      -12.17921271,      -9.105607681
          0,           0,         399,      -14.61287761,      -11.97881584,      -12.18768249,      -9.120783971
          0,           0,         400,      -14.60113277,      -11.98224662,      -12.17268796,      -9.110778936
          0,           0,         401,      -14.58475464,      -11.97054922,      -12.18588548,      -9.092662497
          0,           0,         402,      -14.61743576,       -12.0113276,      -12.19123272,        -9.1255269
          0,           0,         403,      -14.60002573,      -12.01054219,      -12.18363661,      -9.106644383
          0,           0,         404,      -14.62333973,      -12.03040726,      -12.18923996,      -9.125373618
          0,           0,         405,      -14.61287121,      -12.02765772,      -12.18331822,      -9.119879073
          0,           0,         406,      -14.59663875,      -12.01679893,      -12.17638664,      -9.103187521
          0,           0,         407,      -14.60014402,       -12.0311504,      -12.18792907,      -9.105514255
          0,           0,         408,      -14.59708579,      -12.02147359,      -12.18722411,       -9.10303813
          0,           0,         409,      -14.60797641,      -12.04173501,      -12.18071839,      -9.120747935
          0,           0,         410,      -14.60788022,      -12.04642433,      -12.18783635,      -9.117622101
          0,           0,         411,       -14.5966994,      -12.02693697,      -12.19597372,      -9.109379807
          0,           0,         412,      -14.61151139,      -12.02772939,      -12.19148152,       -9.10606106
          0,           0,         413,      -14.60294654,      -12.04680401,      -12.18796828,      -9.113998104
          0,           0,         414,      -14.60156455,      -12.03441305,      -12.17178006,       -9.10740898
          0,           0,         415,      -14.60085472,      -12.02778842,      -12.16925252,      -9.105349727
          0,           0,         416,      -14.61065289,      -12.04990517,      -12.18529721,      -9.126924724
          0,           0,         417,      -14.61751497,      -12.05050069,      -12.19324535,      -9.120246823
          0,           0,         418,      -14.60596522,      -12.05671027,      -12.19334884,      -9.118336115
          0,           0,         419,      -14.60811482,      -12.05105985,      -12.17479286,       -9.11308804
          0,           0,         420,      -14.61446851,      -12.06123133,      -12.20461734,      -9.130195006
          0,           0,         421,      -14.60552845,      -12.03870254,      -12.19130894,      -9.113307945
          0,           0,         422,      -14.58729469,      -12.05372803,      -12.17630161,      -9.108654466
          0,           0,         423,      -14.60504493,      -12.04554648,      -12.18497751,      -9.113468655
          0,           0,         424,      -14.59680343,      -12.05078558,      -12.18253373,      -9.111480084
          0,           0,         425,      -14.59630563,      -12.03002286,      -12.19508422,      -9.098507337
          0,           0,         426,      -14.60542676,      -12.06190995,      -12.18738686,      -9.117029348
          0,           0,         427,      -14.62487088,      -12.06885988,      -12.19994522,      -9.130973239
          0,           0,         428,      -14.60811381,      -12.04118613,      -12.18798592,      -9.108665917
          0,           0,         429,      -14.59811319,      -12.04899875,       -12.1783231,      -9.105470299
          0,           0,         430,       -14.6062053,        -12.043987,      -12.18317116,      -9.108984997
          0,           0,         431,      -14.59693545,      -12.03645566,       -12.1724659,      -9.094535698
          0,           0,         432,      -14.59155856,      -12.04701558,      -12.16170345,      -9.099859179
          0,           0,         433,      -14.61188407,      -12.04975827,      -12.18728522,      -9.120128892
          0,           0,         434,      -14.59358767,      -12.03938507,      -12.17854776,      -9.100207182
          0,           0,         435,      -14.60621618,      -12.04439715,      -12.18801048,      -9.111684842
          0,           0,         436,      -14.60626713,      -12.04982967,      -12.19073982,      -9.112784439
          0,           0,         437,      -14.61392299,       -12.0590469,      -12.18593544,      -9.123217168
          0,           0,         438,       -14.6036177,       -12.0479848,      -12.19152302,      -9.107243748
          0,           0,         439,      -14.60814118,      -12.05185699,      -12.19834207,      -9.104561159
          0,           0,         440,      -14.60973257,       -12.0590251,      -12.19134288,      -9.119494739
          0,           0,         441,      -14.60874283,      -12.06638789,      -12.18370722,      -9.119319665
          0,           0,         442,      -14.60337766,      -12.05201733,      -12.18954223,      -9.113729849
          0,           0,         443,      -14.59551289,       -12.0384933,      -12.18153276,      -9.101480679
          0,           0,         444,       -14.6024664,       -12.0620322,      -12.18446429,       -9.12498672
          0,           0,         445,      -14.61054946,      -12.04541782,      -12.19530534,      -9.117216275
          0,           0,         446,      -14.61777956,      -12.05752802,      -12.19397873,       -9.11790079
          0,           0,         447,      -14.61318341,       -12.0574841,      -12.19286903,       -9.12472544
          0,           0,         448,      -14.61358526,      -12.04727348,       -12.1939514,      -9.121538421
          0,           0,         449,      -14.60356885,       -12.0438274,      -12.18675845,      -9.109600071
          0,           0,         450,      -14.60474554,      -12.04706512,      -12.17639852,      -9.108384532
          0,           0,         451,      -14.61366768,      -12.05945219,      -12.19373838,      -9.118149755
          0,           0,         452,      -14.61755014,      -12.06187852,      -12.20586995,      -9.128409469
          0,           0,         453,      -14.60170461,      -12.05393099,      -12.18458855,      -9.119522649
          0,           0,         454,      -14.59424726,      -12.05520336,      -12.18553387,      -9.117198449
          0,           0,         455,      -14.61479435,      -12.04817978,      -12.18458992,      -9.116712733
          0,           0,         456,      -14.59765189,      -12.03789069,      -12.18125795,      -9.107773862
          0,           0,         457,      -14.59967366,       -12.0341838,      -12.18650826,      -9.102695831
          0,           0,         458,      -14.57834091,      -12.01573179,      -12.18140293,      -9.081297046
          0,           0,         459,      -14.57034215,      -11.99311591,      -12.16905903,      -9.062096785
          0,           0,         460,      -14.59975797,      -12.04342065,      -12.17712882,       -9.10513685
          0,           0,         461,      -14.60636225,      -12.05254196,      -12.18793073,      -9.111856006
          0,           0,         462,      -14.58864469,      -12.03399639,      -12.18698355,      -9.103060441
          0,           0,         463,       -14.6058568,      -12.04598245,      -12.19156782,      -9.118538771
          0,           0,         464,      -14.59992319,      -12.04122927,       -12.1735652,      -9.104821913
          0,           0,         465,      -14.60389041,      -12.03825626,      -12.18118451,       -9.10369176
          0,           0,         466,      -14.59843088,      -12.03636142,      -12.17429771,      -9.107918458
          0,           0,         467,      -14.60566931,      -12.04671072,      -12.18406906,      -9.104789284
          0,           0,         468,      -14.60643974,       -12.0490848,      -12.18182779,      -9.114157746
          0,           0,         469,      -14.61261708,       -12.0518246,      -12.20232952,      -9.128852789
          0,           0,         470,      -14.61584514,      -12.06048379,      -12.18784602,      -9.121201575
          0,           0,         471,      -14.61348673,      -12.05844968,       -12.1813211,      -9.119744163
          0,           0,         472,      -14.60528626,      -12.05283551,      -12.18735135,      -9.114451961
          0,           0,         473,      -14.61495837,      -12.04840447,      -12.17119716,      -9.110571938
          0,           0,         474,      -14.60971882,      -12.05208209,      -12.18782149,      -9.117056817
          0,           0,         475,      -14.60864081,      -12.04991929,       -12.1735554,      -9.114414506
          0,           0,         476,      -14.58554932,       -12.0383064,      -12.17626005,      -9.098953781
          0,           0,         477,      -14.61995092,       -12.0660504,      -12.19374005,      -9.121732858
          0,           0,         478,      -14.60826306,       -12.0569242,      -12.20004873,      -9.119501274
          0,           0,         479,      -14.60062548,      -12.05485368,       -12.1897163,      -9.116970286
          0,           0,         480,      -14.60082494,      -12.05440788,      -12.18205799,      -9.113791401
          0,           0,         481,      -14.60911956,      -12.03842269,      -12.18709744,      -9.110268903
          0,           0,         482,      -14.61304579,       -12.0553251,      -12.20131533,      -9.126036809
          0,           0,         483,      -14.59739932,      -12.05405771,       -12.1694342,      -9.109272204
          0,           0,         484,      -14.58465139,      -12.05142917,      -12.17824836,      -9.095803105
          0,           0,         485,      -14.61732472,      -12.06217687,      -12.18890926,      -9.131696909
          0,           0,         486,      -14.60286454,      -12.05712324,      -12.16836135,      -9.109969245
          0,           0,         487,      -14.60457099,      -12.04461866,      -12.18383137,       -9.10614974
          0,           0,         488,      -14.58873034,       -12.0463131,      -12.18000885,      -9.111987506
          0,           0,         489,      -14.62443982,      -12.06750529,      -12.18747307,      -9.127642222
          0,           0,         490,      -14.60760579,      -12.04481349,       -12.1901314,      -9.111376248
          0,           0,         491,      -14.60202094,       -12.0571118,      -12.17624742,      -9.110404294
          0,           0,         492,      -14.59825714,      -12.04865964,      -12.17372577,      -9.114921096
          0,           0,         493,      -14.59507454,      -12.05453971,      -12.17628574,       -9.10725223
          0,           0,         494,      -14.59076171,      -12.02018834,      -12.18514594,      -9.097302932
          0,           0,         495,      -14.59071284,      -12.04140605,      -12.19174443,      -9.110484659
          0,           0,         496,      -14.60962381,      -12.04652863,      -12.19169157,      -9.113523942
          0,           0,         497,       -14.6108234,      -12.03836011,       -12.1935904,      -9.113651672
          0,           0,         498,      -14.58058393,      -12.02721438,      -12.18558865,      -9.090767261
          0,           0,         499,      -14.60500097,      -12.05131309,      -12.19941026,      -9.114308261
          0,           0,         500,      -14.62038158,      -12.06526333,      -12.19959594,      -9.126358928
          0,           0,         501,      -14.62181098,      -12.06366396,      -12.20599961,      -9.126043555
          0,           0,         502,      -14.59189008,      -12.02615467,      -12.18119247,      -9.094936989
          0,           0,         503,      -14.59073518,       -12.0416583,      -12.18639545,      -9.101185298
          0,           0,         504,      -14.59604982,      -12.04478525,      -12.17858553,      -9.109344874
          0,           0,         505,      -14.60183021,      -12.06562616,      -12.18709626,      -9.119556803
          0,           0,         506,      -14.61267162,      -12.06769087,      -12.19914021,      -9.126561835
          0,           0,         507,      -14.60029239,      -12.05923992,      -12.17550776,      -9.105686866
          0,           0,         508,      -14.59956541,      -12.04010257,      -12.19140018,      -9.101993098
          0,           0,         509,      -14.58811104,      -12.03670545,      -12.18485652,      -9.096409795
          0,           0,         510,      -14.60720783,      -12.05253257,      -12.19675479,      -9.113675018
          0,           0,         511,      -14.60521616,      -12.06005863,      -12.19060333,      -9.125607849
          0,           0,         512,      -14.59349419,      -12.04928476,      -12.18748019,      -9.109080039
          0,           0,         513,      -14.60828911,      -12.05722407,      -12.16791915,      -9.116001467
          0,           0,         514,      -14.60862263,       -12.0455095,       -12.1881973,      -9.117497808
          0,           0,         515,      -14.61385273,      -12.06998947,      -12.17927257,      -9.125072526
          0,           0,         516,      -14.60718277,      -12.05339296,      -12.18493371,      -9.118124428
          0,           0,         517,      -14.60901073,      -12.05835719,      -12.18863749,      -9.119995209
          0,           0,         518,      -14.60063374,      -12.04073543,      -12.18836002,      -9.108564519
          0,           0,         519,      -14.60454473,      -12.05184383,      -12.18105956,      -9.110989535
          0,           0,         520,      -14.59320912,       -12.0544783,      -12.17989056,      -9.101794602
          0,           0,         521,      -14.59768137,      -12.03698824,      -12.17688598,      -9.100888381
          0,           0,         522,      -14.59890195,      -12.04879044,      -12.19117671,      -9.109430675
          0,           0,         523,      -14.60348425,      -12.06961465,      -12.17000881,       -9.11973075
          0,           0,         524,      -14.57278939,      -11.99969746,      -12.19335759,      -9.075227423
          0,           0,         525,      -14.60054491,      -12.05592615,      -12.17174087,      -9.114844074
          0,           0,         526,      -14.60268094,      -12.05593439,      -12.20846206,      -9.123926581
          0,           0,         527,      -14.60394408,       -12.0573155,      -12.18407075,      -9.122208039
          0,           0,         528,      -14.60872295,      -12.04922818,      -12.20720472,      -9.118266794
          0,           0,         529,      -14.60469968,      -12.03771301,      -12.19223411,      -9.106517574
          0,           0,         530,      -14.60542941,      -12.04588327,      -12.18615341,      -9.108100768
          0,           0,         531,       -14.5915769,      -12.04150684,      -12.17406453,      -9.102557679
          0,           0,         532,      -14.60026966,      -12.03601153,      -12.18970569,      -9.102556266
          0,           0,         533,      -14.60628719,      -12.05474847,      -12.18693814,      -9.120127012
          0,           0,         534,      -14.60160699,      -12.04498452,      -12.19255107,      -9.106963124
          0,           0,         535,      -14.60320916,      -12.04713275,      -12.18597532,      -9.108214221
          0,           0,         536,      -14.60430447,      -12.05019481,      -12.18214291,      -9.112681925
          0,           0,         537,      -14.61167632,      -12.05859769,       -12.1970664,      -9.119699883
          0,           0,         538,      -14.59948721,      -12.05118496,      -12.17098032,      -9.107458081
          0,           0,         539,      -14.62787097,      -12.06893064,      -12.19945905,      -9.138424913
          0,           0,         540,      -14.59919227,      -12.04691636,      -12.18792171,      -9.115582309
          0,           0,         541,      -14.60970382,      -12.06897848,      -12.17538782,      -9.122528503
          0,           0,         542,      -14.62082568,      -12.06264707,      -12.19298091,       -9.12814829
          0,           0,         543,      -14.60949394,      -12.06807767,      -12.18732007,      -9.115011123
          0,           0,         544,      -14.59591305,      -12.02730983,      -12.18383111,      -9.090422664
          0,           0,         545,       -14.5967044,      -12.04039174,      -12.18693204,       -9.10812217
          0,           0,         546,      -14.59988055,      -12.05624938,       -12.1786885,      -9.115746307
          0,           0,         547,       -14.6194452,      -12.05831286,      -12.18810626,      -9.120813602
          0,           0,         548,      -14.60779408,      -12.04113337,      -12.19278455,      -9.112503546
          0,           0,         549,      -14.60678131,      -12.04282621,      -12.19230031,      -9.116858526
          0,           0,         550,      -14.59123257,      -12.02677214,      -12.18496251,      -9.094411057
          0,           0,         551,      -14.61581868,       -12.0565297,      -12.18881624,      -9.125652944
          0,           0,         552,      -14.60669845,      -12.06638833,      -12.19513314,      -9.125285934
          0,           0,         553,      -14.60909615,      -12.05075284,      -12.18027893,      -9.115571757
          0,           0,         554,      -14.61353298,      -12.05753862,      -12.18676687,      -9.117308521
          0,           0,         555,      -14.60537061,       -12.0384677,      -12.19699212,      -9.111743203
          0,           0,         556,      -14.59771361,      -12.03416631,      -12.18114989,       -9.10693572
          0,           0,         557,      -14.59588283,      -12.04990572,      -12.18660755,      -9.108749622
          0,           0,         558,      -14.60573993,      -12.03641788,      -12.19384268,      -9.112773571
          0,           0,         559,      -14.61170623,      -12.03750562,      -12.19689874,      -9.111921831
          0,           0,         560,      -14.60339437,      -12.05892122,      -12.20228536,      -9.122775929
          0,           0,         561,      -14.60778635,       -12.0503825,      -12.19542598,      -9.121624634
          0,           0,         562,      -14.61399211,       -12.0449906,      -12.20246422,      -9.123661419
          0,           0,         563,      -14.62645549,      -12.06646003,      -12.20993848,      -9.132411112
          0,           0,         564,      -14.59628275,      -12.04029127,      -12.19620295,      -9.102509873
          0,           0,         565,      -14.62354641,      -12.07271452,      -12.19083025,      -9.131556012
          0,           0,         566,      -14.59920883,      -12.04497471,       -12.1838307,       -9.10887933
          0,           0,         567,      -14.60555884,      -12.04347201,      -12.19130858,      -9.115715333
          0,           0,         568,      -14.60378581,      -12.04851344,      -12.17423335,      -9.117913428
          0,           0,         569,      -14.62389769,       -12.0583197,      -12.20258695,      -9.125461757
          0,           0,         570,      -14.61817485,      -12.05747806,      -12.20170342,      -9.123736134
          0,           0,         571,      -14.58719532,      -12.05645678,      -12.16580392,      -9.106750864
          0,           0,         572,      -14.59312594,      -12.03319779,       -12.1717279,      -9.094425663
          0,           0,         573,      -14.58598611,      -12.03284745,      -12.18452068,      -9.090032893
          0,           0,         574,      -14.61453663,      -12.05385421,      -12.19215482,      -9.115275125
          0,           0,         575,      -14.61294705,      -12.06263259,      -12.19757747,      -9.119511193
          0,           0,         576,      -14.59736483,      -12.05851653,       -12.1818932,      -9.114695322
          0,           0,         577,      -14.61697616,      -12.06789136,      -12.20511028,      -9.128585692
          0,           0,         578,      -14.61155375,      -12.05978419,      -12.18917767,      -9.121757445
          0,           0,         579,      -14.59375648,      -12.03250855,      -12.18036211,      -9.107979886
          0,           0,         580,      -14.60762281,       -12.0515768,      -12.19765725,      -9.114734706
          0,           0,         581,      -14.60864946,      -12.04350946,      -12.19032585,      -9.110086643
          0,           0,         582,       -14.6179299,      -12.06120242,      -12.17817381,      -9.125140344
          0,           0,         583,       -14.5707939,      -12.00830066,      -12.18042273,      -9.083618848
          0,           0,         584,      -14.58997658,       -12.0381561,      -12.18326464,      -9.107891418
          0,           0,         585,      -14.60330679,      -12.05564714,      -12.18366946,      -9.120278377
          0,           0,         586,      -14.59296482,      -12.03636144,      -12.16993502,      -9.098448932
          0,           0,         587,       -14.5867933,      -12.03978297,      -12.17206462,      -9.103529564
          0,           0,         588,      -14.60862161,      -12.06365981,      -12.18183743,       -9.11924782
          0,           0,         589,      -14.59685082,      -12.04825701,      -12.18110516,      -9.111547747
          0,           0,         590,      -14.59505259,       -12.0316687,      -12.18921805,      -9.102599828
          0,           0,         591,      -14.59859541,      -12.05332371,      -12.19738517,      -9.113633025
          0,           0,         592,      -14.59715176,      -12.03404181,      -12.18173213,      -9.102494079
          0,           0,         593,       -14.6202475,      -12.06317784,      -12.19968132,      -9.133354794
          0,           0,         594,      -14.60378013,      -12.06065847,      -12.18163306,      -9.113971189
          0,           0,         595,      -14.59355453,       -12.0352221,      -12.18615531,      -9.107391628
          0,           0,         596,      -14.61855695,      -12.06867538,      -12.19212216,      -9.128483119
          0,           0,         597,      -14.61639233,      -12.05841691,      -12.18701625,      -9.125835108
          0,           0,         598,      -14.60961484,      -12.05502456,       -12.1814424,      -9.113175177
          0,           0,         599,      -14.60969919,       -12.0592207,      -12.19514268,      -9.116762857
          0,           0,         600,      -14.60272533,      -12.05144997,      -12.16773722,      -9.110057376
