VARIABLES = \
"Time_Iter","Outer_Iter","Inner_Iter",    "rms[Rho]"    ,    "rms[RhoU]"   ,    "rms[RhoV]"   ,    "rms[RhoE]"   
          0,           0,           0,        -1.5179633,      0.7711890045,      0.9686533205,       3.941664903
          0,           0,           1,      -1.968702788,      0.4168182698,      0.5835638837,       3.509564981
          0,           0,           2,      -2.217696398,      0.1954301145,      0.3427191828,       3.266149673
          0,           0,           3,      -2.379653104,     0.04216482958,      0.1456352754,        3.10365493
          0,           0,           4,      -2.538253747,    -0.09688290747,    -0.03208644687,       2.943831429
          0,           0,           5,      -2.689805141,     -0.2287692524,      -0.200770803,       2.789593168
          0,           0,           6,      -2.836693269,      -0.344972921,     -0.3608115849,       2.640011525
          0,           0,           7,      -2.985952596,     -0.4523436225,     -0.5169767354,       2.489287675
          0,           0,           8,      -3.134321086,     -0.5506717878,     -0.6712757369,       2.340441879
          0,           0,           9,      -3.279810647,     -0.6376463433,     -0.8215064668,       2.195138669
          0,           0,          10,      -3.422123895,     -0.7151876888,     -0.9673438643,       2.053601006
          0,           0,          11,      -3.559916158,     -0.7857079921,      -1.108468759,       1.917282536
          0,           0,          12,      -3.691361314,     -0.8495204518,      -1.242232532,       1.788191161
          0,           0,          13,       -3.81319009,     -0.9064855709,      -1.367003643,       1.669640268
          0,           0,          14,      -3.922152951,     -0.9572678141,      -1.483956478,       1.564808547
          0,           0,          15,      -4.018217565,      -1.002866109,      -1.593973518,       1.473933802
          0,           0,          16,      -4.103397252,      -1.044039115,      -1.695176845,       1.395395327
          0,           0,          17,       -4.17889065,      -1.081567031,      -1.783949581,       1.327707526
          0,           0,          18,      -4.245038023,      -1.116652807,      -1.858091972,       1.269151613
          0,           0,          19,      -4.302720194,      -1.150760268,      -1.919162201,        1.21724209
          0,           0,          20,      -4.353875858,      -1.185097262,      -1.971517116,       1.169403063
          0,           0,          21,      -4.400836879,      -1.220258322,      -2.019122627,       1.123839293
          0,           0,          22,      -4.445444116,      -1.256200338,      -2.064002862,       1.079754414
          0,           0,          23,      -4.488700689,      -1.292478894,      -2.107073663,       1.037003746
          0,           0,          24,      -4.530938351,      -1.328544012,      -2.149192913,      0.9956408802
          0,           0,          25,      -4.572123225,      -1.363952193,       -2.19125623,      0.9556960786
          0,           0,          26,       -4.61213419,      -1.398437701,      -2.233800812,      0.9171540143
          0,           0,          27,      -4.650935741,      -1.431870485,      -2.276784951,      0.8799894167
          0,           0,          28,      -4.688567159,       -1.46417713,      -2.319712392,      0.8442127544
          0,           0,          29,      -4.725018735,       -1.49529783,      -2.361952252,      0.8098884409
          0,           0,          30,       -4.76015131,      -1.525191793,      -2.402986626,      0.7771003202
          0,           0,          31,      -4.793731181,      -1.553868469,      -2.442446272,      0.7458856499
          0,           0,          32,      -4.825536236,       -1.58141083,       -2.48000254,      0.7161883093
          0,           0,          33,      -4.855460489,      -1.607969847,      -2.515277771,      0.6878599784
          0,           0,          34,      -4.883571783,      -1.633733988,      -2.547887684,      0.6606917897
          0,           0,          35,      -4.910103923,      -1.658892072,      -2.577611849,       0.634454334
          0,           0,          36,       -4.93539682,      -1.683601969,      -2.604551789,      0.6089291081
          0,           0,          37,      -4.959815061,      -1.707974058,      -2.629159094,      0.5839306771
          0,           0,          38,      -4.983679005,      -1.732069607,      -2.652114387,      0.5593161221
          0,           0,          39,      -5.007219642,      -1.755908927,      -2.674139371,      0.5349911831
          0,           0,          40,       -5.03056285,      -1.779483476,       -2.69583976,      0.5109111992
          0,           0,          41,      -5.053741805,      -1.802771326,      -2.717641038,      0.4870743113
          0,           0,          42,      -5.076725906,      -1.825747073,      -2.739764895,       0.463507957
          0,           0,          43,      -5.099449411,       -1.84839018,      -2.762265271,       0.440255709
          0,           0,          44,      -5.121841922,      -1.870690668,      -2.785077853,      0.4173607387
          0,           0,          45,      -5.143850441,      -1.892650907,      -2.808069928,      0.3948533197
          0,           0,          46,       -5.16544926,      -1.914285952,      -2.831082326,      0.3727438747
          0,           0,          47,      -5.186642531,      -1.935621057,      -2.853961632,      0.3510215443
          0,           0,          48,      -5.207461162,      -1.956687793,      -2.876580862,      0.3296568545
          0,           0,          49,      -5.227953073,      -1.977523218,      -2.898853905,      0.3086064228
          0,           0,          50,       -5.24817674,      -1.998166955,      -2.920738357,      0.2878183889
          0,           0,          51,      -5.268193287,      -2.018658779,      -2.942232835,      0.2672386445
          0,           0,          52,      -5.288062671,      -2.039037072,      -2.963367111,      0.2468141686
          0,           0,          53,      -5.307840776,      -2.059337722,      -2.984195306,      0.2264954109
          0,           0,          54,      -5.327578494,       -2.07959367,      -3.004782744,      0.2062373572
          0,           0,          55,      -5.347319968,      -2.099834512,       -3.02520032,      0.1860005745
          0,           0,          56,      -5.367103374,      -2.120085708,      -3.045517468,       0.165751147
          0,           0,          57,      -5.386959879,      -2.140368969,      -3.065798429,      0.1454609731
          0,           0,          58,      -5.406916045,      -2.160702544,      -3.086098768,      0.1251065162
          0,           0,          59,      -5.426992652,      -2.181101304,      -3.106465482,      0.1046690427
          0,           0,          60,      -5.447204579,      -2.201577009,      -3.126936869,     0.08413460245
          0,           0,          61,      -5.467563462,       -2.22213881,      -3.147541652,     0.06349227422
          0,           0,          62,      -5.488076858,      -2.242793481,      -3.168300585,     0.04273450024
          0,           0,          63,      -5.508749267,       -2.26354596,      -3.189226644,     0.02185634639
          0,           0,          64,      -5.529582418,      -2.284399526,      -3.210326551,   0.0008552519827
          0,           0,          65,      -5.550575597,      -2.305356389,      -3.231601882,    -0.02026933575
          0,           0,          66,       -5.57172723,      -2.326417577,      -3.253048912,    -0.04151695292
          0,           0,          67,      -5.593032924,      -2.347583241,      -3.274661453,    -0.06288484836
          0,           0,          68,      -5.614490768,       -2.36885355,      -3.296432619,    -0.08437214224
          0,           0,          69,      -5.636098269,      -2.390228185,      -3.318352534,     -0.1059774064
          0,           0,          70,      -5.657851208,      -2.411706408,      -3.340412699,     -0.1276979411
          0,           0,          71,      -5.679746041,      -2.433287372,      -3.362602925,      -0.149531396
          0,           0,          72,      -5.701778796,       -2.45497014,      -3.384913963,     -0.1714751415
          0,           0,          73,      -5.723946028,      -2.476753694,      -3.407337085,     -0.1935268922
          0,           0,          74,      -5.746244238,      -2.498636887,      -3.429865993,      -0.215684369
          0,           0,          75,      -5.768669629,      -2.520618708,      -3.452492514,     -0.2379449974
          0,           0,          76,      -5.791220654,      -2.542697988,      -3.475217037,     -0.2603077684
          0,           0,          77,      -5.813894752,      -2.564873452,      -3.498034492,      -0.282770965
          0,           0,          78,      -5.836688365,      -2.587144029,      -3.520942087,     -0.3053322327
          0,           0,          79,      -5.859598667,      -2.609508373,       -3.54393816,     -0.3279897188
          0,           0,          80,      -5.882623378,      -2.631965097,      -3.567020828,     -0.3507418724
          0,           0,          81,      -5.905760074,        -2.6545129,      -3.590188228,     -0.3735870024
          0,           0,          82,      -5.929006736,      -2.677150588,      -3.613438986,     -0.3965236876
          0,           0,          83,      -5.952360831,      -2.699877122,       -3.63677347,     -0.4195501973
          0,           0,          84,      -5.975819255,      -2.722691245,      -3.660192981,     -0.4426641268
          0,           0,          85,       -5.99938172,      -2.745591728,      -3.683694923,     -0.4658653651
          0,           0,          86,      -6.023045985,      -2.768577451,      -3.707280386,     -0.4891521471
          0,           0,          87,      -6.046809859,      -2.791647472,      -3.730948508,     -0.5125229007
          0,           0,          88,      -6.070672023,      -2.814800718,      -3.754698813,     -0.5359766163
          0,           0,          89,      -6.094630436,      -2.838036317,      -3.778530859,     -0.5595118461
          0,           0,          90,      -6.118683331,      -2.861353559,      -3.802444591,     -0.5831272318
          0,           0,          91,      -6.142829846,      -2.884751443,       -3.82643902,     -0.6068221285
          0,           0,          92,      -6.167068453,      -2.908229132,        -3.8505141,     -0.6305954443
          0,           0,          93,        -6.1913976,      -2.931785879,      -3.874669421,     -0.6544460018
          0,           0,          94,      -6.215816106,      -2.955421051,      -3.898903952,     -0.6783730025
          0,           0,          95,      -6.240322904,      -2.979134088,      -3.923216895,     -0.7023757662
          0,           0,          96,      -6.264916769,      -3.002924472,      -3.947607524,      -0.726453473
          0,           0,          97,      -6.289596588,      -3.026791744,      -3.972074816,     -0.7506053842
          0,           0,          98,      -6.314361216,      -3.050735597,      -3.996617545,       -0.77483078
          0,           0,          99,      -6.339209816,      -3.074755665,      -4.021235305,     -0.7991291683
          0,           0,         100,      -6.364141541,      -3.098851631,      -4.045927547,     -0.8235000809
          0,           0,         101,      -6.389155794,       -3.12302325,      -4.070693543,     -0.8479432531
          0,           0,         102,      -6.414252065,      -3.147270338,      -4.095532254,     -0.8724584918
          0,           0,         103,      -6.439429325,      -3.171592706,      -4.120443051,     -0.8970452547
          0,           0,         104,      -6.464686896,      -3.195990211,       -4.14542507,     -0.9217032849
          0,           0,         105,      -6.490023912,      -3.220462776,      -4.170477862,     -0.9464321492
          0,           0,         106,      -6.515439973,      -3.245010372,      -4.195600829,     -0.9712317889
          0,           0,         107,      -6.540935605,      -3.269633106,       -4.22079291,     -0.9961028229
          0,           0,         108,      -6.566509999,      -3.294330877,      -4.246053935,      -1.021044984
          0,           0,         109,      -6.592162093,      -3.319103603,      -4.271382824,      -1.046057799
          0,           0,         110,       -6.61789062,      -3.343951274,      -4.296780311,      -1.071140547
          0,           0,         111,      -6.643695541,      -3.368873916,      -4.322246601,      -1.096293482
          0,           0,         112,      -6.669577361,      -3.393871658,      -4.347779407,      -1.121517219
          0,           0,         113,      -6.695535249,      -3.418944514,      -4.373378205,      -1.146811464
          0,           0,         114,      -6.721568496,      -3.444092485,       -4.39904335,      -1.172176011
          0,           0,         115,      -6.747676634,      -3.469315494,      -4.424776775,      -1.197610919
          0,           0,         116,      -6.773859133,      -3.494613637,      -4.450576741,      -1.223115947
          0,           0,         117,      -6.800116703,      -3.519987021,      -4.476440957,      -1.248691834
          0,           0,         118,      -6.826449373,      -3.545435667,      -4.502369149,      -1.274338854
          0,           0,         119,      -6.852856252,      -3.570959573,      -4.528362817,      -1.300056566
          0,           0,         120,      -6.879336702,      -3.596558749,      -4.554421774,       -1.32584477
          0,           0,         121,      -6.905890489,      -3.622233219,      -4.580545505,      -1.351703574
          0,           0,         122,       -6.93251746,      -3.647982993,      -4.606733702,      -1.377633115
          0,           0,         123,      -6.959217404,      -3.673808062,      -4.632986105,      -1.403633473
          0,           0,         124,      -6.985991102,      -3.699708554,      -4.659298828,      -1.429705247
          0,           0,         125,      -7.012836267,      -3.725684164,      -4.685675381,      -1.455847157
          0,           0,         126,      -7.039752074,      -3.751734782,      -4.712117152,      -1.482058945
          0,           0,         127,       -7.06673923,      -3.777860453,      -4.738622818,       -1.50834124
          0,           0,         128,      -7.093798545,      -3.804061224,      -4.765191654,      -1.534694753
          0,           0,         129,      -7.120930596,      -3.830337155,      -4.791822877,      -1.561120019
          0,           0,         130,       -7.14813435,      -3.856688119,      -4.818517482,      -1.587616546
          0,           0,         131,      -7.175408873,       -3.88311399,      -4.845275009,      -1.614183824
          0,           0,         132,      -7.202754194,      -3.909614559,      -4.872093764,      -1.640821839
          0,           0,         133,      -7.230168785,      -3.936189404,      -4.898978039,      -1.667529702
          0,           0,         134,      -7.257652907,      -3.962838541,      -4.925924853,      -1.694307627
          0,           0,         135,      -7.285208246,      -3.989562104,       -4.95293165,      -1.721156992
          0,           0,         136,       -7.31283431,      -4.016359892,      -4.979999392,      -1.748077602
          0,           0,         137,      -7.340530101,      -4.043231642,      -5.007128403,      -1.775068794
          0,           0,         138,      -7.368295011,      -4.070177119,      -5.034318493,      -1.802130163
          0,           0,         139,      -7.396128631,      -4.097196099,      -5.061569385,      -1.829261461
          0,           0,         140,      -7.424030568,      -4.124288375,      -5.088880692,        -1.8564624
          0,           0,         141,      -7.452000507,      -4.151453721,       -5.11625257,      -1.883732772
          0,           0,         142,      -7.480038827,      -4.178691929,       -5.14368317,      -1.911073028
          0,           0,         143,      -7.508145025,      -4.206002755,        -5.1711732,      -1.938482906
          0,           0,         144,      -7.536318604,      -4.233385901,      -5.198723053,      -1.965961997
          0,           0,         145,      -7.564559344,      -4.260841081,      -5.226332488,      -1.993510092
          0,           0,         146,      -7.592866996,      -4.288368004,      -5.254000976,      -2.021126979
          0,           0,         147,      -7.621241068,      -4.315966413,      -5.281728167,       -2.04881225
          0,           0,         148,      -7.649682715,      -4.343636083,      -5.309511927,      -2.076566635
          0,           0,         149,      -7.678191036,       -4.37137663,      -5.337354292,      -2.104389617
          0,           0,         150,      -7.706763948,      -4.399187624,      -5.365255481,      -2.132279606
          0,           0,         151,      -7.735401252,      -4.427068843,      -5.393214098,      -2.160236438
          0,           0,         152,      -7.764103609,      -4.455019992,      -5.421229463,      -2.188260688
          0,           0,         153,      -7.792870657,      -4.483040693,      -5.449301423,      -2.216351999
          0,           0,         154,      -7.821702188,      -4.511130581,      -5.477429597,      -2.244510087
          0,           0,         155,      -7.850598018,      -4.539289303,      -5.505613672,      -2.272734714
          0,           0,         156,        -7.8795578,      -4.567516503,      -5.533853419,      -2.301025555
          0,           0,         157,      -7.908581121,      -4.595811818,      -5.562148582,      -2.329382249
          0,           0,         158,      -7.937667588,      -4.624174886,      -5.590498833,      -2.357804445
          0,           0,         159,      -7.966816866,      -4.652605343,      -5.618903814,      -2.386291825
          0,           0,         160,      -7.996028657,      -4.681102821,      -5.647363167,      -2.414844087
          0,           0,         161,      -8.025302677,       -4.70966695,      -5.675876545,      -2.443460932
          0,           0,         162,      -8.054638638,      -4.738297355,      -5.704443603,      -2.472142052
          0,           0,         163,      -8.084036235,      -4.766993656,      -5.733064014,      -2.500887131
          0,           0,         164,       -8.11349516,      -4.795755473,      -5.761737453,       -2.52969584
          0,           0,         165,      -8.143015093,      -4.824582418,      -5.790463591,      -2.558567843
          0,           0,         166,      -8.172595718,      -4.853474106,      -5.819242098,      -2.587502805
          0,           0,         167,      -8.202236715,      -4.882430145,      -5.848072652,      -2.616500386
          0,           0,         168,      -8.231937757,      -4.911450142,      -5.876954927,      -2.645560236
          0,           0,         169,      -8.261698526,      -4.940533703,      -5.905888591,      -2.674682011
          0,           0,         170,      -8.291518702,      -4.969680432,      -5.934873319,      -2.703865366
          0,           0,         171,       -8.32139796,       -4.99888993,      -5.963908788,      -2.733109946
          0,           0,         172,      -8.351335976,      -5.028161798,      -5.992994672,        -2.7624154
          0,           0,         173,      -8.381332433,      -5.057495638,      -6.022130649,      -2.791781376
          0,           0,         174,      -8.411387006,      -5.086891048,      -6.051316397,      -2.821207518
          0,           0,         175,      -8.441499368,      -5.116347625,      -6.080551597,      -2.850693468
          0,           0,         176,      -8.471669198,       -5.14586497,      -6.109835937,      -2.880238867
          0,           0,         177,      -8.501896174,       -5.17544268,      -6.139169096,      -2.909843361
          0,           0,         178,      -8.532179967,      -5.205080353,      -6.168550768,      -2.939506585
          0,           0,         179,      -8.562520257,      -5.234777588,       -6.19798063,      -2.969228183
          0,           0,         180,      -8.592916711,      -5.264533982,      -6.227458404,       -2.99900779
          0,           0,         181,      -8.623369006,      -5.294349136,      -6.256983762,      -3.028845047
          0,           0,         182,      -8.653876828,      -5.324222648,      -6.286556422,      -3.058739599
          0,           0,         183,      -8.684439842,       -5.35415412,       -6.31617608,       -3.08869108
          0,           0,         184,       -8.71505772,      -5.384143151,       -6.34584245,      -3.118699128
          0,           0,         185,      -8.745730137,      -5.414189344,      -6.375555247,      -3.148763381
          0,           0,         186,      -8.776456778,      -5.444292302,      -6.405314185,      -3.178883492
          0,           0,         187,      -8.807237306,       -5.47445163,      -6.435118976,      -3.209059087
          0,           0,         188,      -8.838071396,      -5.504666931,      -6.464969335,      -3.239289811
          0,           0,         189,      -8.868958731,      -5.534937813,      -6.494865018,      -3.269575314
          0,           0,         190,      -8.899898978,      -5.565263884,      -6.524805758,      -3.299915239
          0,           0,         191,      -8.930891805,      -5.595644751,      -6.554791265,      -3.330309207
          0,           0,         192,      -8.961936906,      -5.626080028,      -6.584821303,      -3.360756896
          0,           0,         193,      -8.993033915,      -5.656569323,      -6.614895589,      -3.391257916
          0,           0,         194,      -9.024182548,      -5.687112252,      -6.645013871,      -3.421811938
          0,           0,         195,      -9.055382452,      -5.717708429,      -6.675175971,      -3.452418607
          0,           0,         196,      -9.086633333,      -5.748357475,      -6.705381553,       -3.48307758
          0,           0,         197,      -9.117934815,      -5.779059002,      -6.735630432,      -3.513788477
          0,           0,         198,      -9.149286599,      -5.809812634,      -6.765922355,      -3.544550979
          0,           0,         199,      -9.180688326,      -5.840617988,      -6.796257084,        -3.5753647
          0,           0,         200,      -9.212139703,      -5.871474692,      -6.826634408,      -3.606229323
          0,           0,         201,      -9.243640423,      -5.902382372,      -6.857054107,       -3.63714451
          0,           0,         202,      -9.275190079,       -5.93334065,      -6.887515944,      -3.668109884
          0,           0,         203,      -9.306788427,       -5.96434916,      -6.918019705,      -3.699125163
          0,           0,         204,      -9.338435068,      -5.995407528,      -6.948565208,       -3.73018992
          0,           0,         205,      -9.370129692,      -6.026515388,      -6.979152187,      -3.761303857
          0,           0,         206,      -9.401871983,      -6.057672374,      -7.009780472,      -3.792466667
          0,           0,         207,      -9.433661617,      -6.088878121,      -7.040449902,      -3.823677963
          0,           0,         208,      -9.465498217,      -6.120132265,      -7.071160239,      -3.854937411
          0,           0,         209,      -9.497381484,       -6.15143445,      -7.101911212,      -3.886244725
          0,           0,         210,      -9.529311074,      -6.182784308,      -7.132702777,      -3.917599487
          0,           0,         211,      -9.561286684,      -6.214181492,      -7.163534631,      -3.949001445
          0,           0,         212,      -9.593307906,       -6.24562564,      -7.194406686,      -3.980450221
          0,           0,         213,      -9.625374423,      -6.277116397,      -7.225318713,      -4.011945497
          0,           0,         214,       -9.65748597,      -6.308653416,      -7.256270474,       -4.04348693
          0,           0,         215,      -9.689642159,      -6.340236338,      -7.287261868,      -4.075074219
          0,           0,         216,      -9.721842631,      -6.371864822,      -7.318292712,      -4.106707016
          0,           0,         217,      -9.754087035,      -6.403538509,      -7.349362856,      -4.138384956
          0,           0,         218,      -9.786375048,      -6.435257069,      -7.380472048,      -4.170107807
          0,           0,         219,      -9.818706441,      -6.467020142,       -7.41162021,      -4.201875188
          0,           0,         220,      -9.851080646,       -6.49882739,      -7.442807195,      -4.233686718
          0,           0,         221,       -9.88349753,      -6.530678483,      -7.474032712,      -4.265542248
          0,           0,         222,      -9.915956613,      -6.562573063,      -7.505296706,      -4.297441303
          0,           0,         223,      -9.948457565,      -6.594510792,      -7.536599019,      -4.329383544
          0,           0,         224,      -9.981000004,      -6.626491346,      -7.567939517,      -4.361368735
          0,           0,         225,      -10.01358381,      -6.658514377,      -7.599318043,      -4.393396572
          0,           0,         226,      -10.04620827,      -6.690579547,       -7.63073422,      -4.425466619
          0,           0,         227,      -10.07887353,      -6.722686547,      -7.662188235,      -4.457578861
          0,           0,         228,      -10.11157858,       -6.75483501,      -7.693679933,      -4.489732522
          0,           0,         229,      -10.14432359,      -6.787024629,      -7.725208977,      -4.521927656
          0,           0,         230,      -10.17710802,      -6.819255042,      -7.756775077,      -4.554163664
          0,           0,         231,       -10.2099315,      -6.851525962,      -7.788378399,      -4.586440531
          0,           0,         232,      -10.24279372,      -6.883837033,      -7.820018733,      -4.618757814
          0,           0,         233,      -10.27569419,      -6.916187933,      -7.851695896,      -4.651115059
          0,           0,         234,      -10.30863258,      -6.948578318,      -7.883409693,      -4.683512018
          0,           0,         235,      -10.34160877,      -6.981007913,      -7.915160255,      -4.715948672
          0,           0,         236,      -10.37462198,      -7.013476328,      -7.946946702,      -4.748424188
          0,           0,         237,      -10.40767226,      -7.045983249,       -7.97876978,      -4.780938605
          0,           0,         238,      -10.44075915,      -7.078528435,      -8.010628853,       -4.81349186
          0,           0,         239,      -10.47388187,      -7.111111418,      -8.042524147,      -4.846082915
          0,           0,         240,      -10.50704055,      -7.143731999,      -8.074455404,      -4.878712161
          0,           0,         241,      -10.54023435,      -7.176389795,      -8.106422229,       -4.91137876
          0,           0,         242,       -10.5734633,      -7.209084447,      -8.138423628,      -4.944082489
          0,           0,         243,      -10.60672726,      -7.241815737,      -8.170462199,      -4.976823562
          0,           0,         244,      -10.64002473,      -7.274583288,      -8.202535435,       -5.00960109
          0,           0,         245,      -10.67335602,      -7.307386709,      -8.234643303,       -5.04241437
          0,           0,         246,      -10.70672093,      -7.340225789,      -8.266785823,      -5.075264166
          0,           0,         247,      -10.74011925,      -7.373100168,      -8.298964584,      -5.108149977
          0,           0,         248,      -10.77354964,      -7.406009506,      -8.331177865,      -5.141070731
          0,           0,         249,      -10.80701277,      -7.438953435,      -8.363425013,      -5.174026534
          0,           0,         250,      -10.84050778,      -7.471931826,      -8.395705875,      -5.207017375
          0,           0,         251,      -10.87403497,      -7.504944143,      -8.428022921,      -5.240043203
          0,           0,         252,      -10.90759165,      -7.537990071,      -8.460373213,      -5.273101627
          0,           0,         253,      -10.94117985,      -7.571069511,      -8.492757608,       -5.30619494
          0,           0,         254,      -10.97479826,      -7.604181813,      -8.525175088,      -5.339321454
          0,           0,         255,      -11.00844649,      -7.637327007,      -8.557627592,      -5.372481762
          0,           0,         256,      -11.04212493,      -7.670504395,       -8.59011233,      -5.405673912
          0,           0,         257,      -11.07583117,      -7.703714044,      -8.622632321,      -5.438899925
          0,           0,         258,      -11.10956597,      -7.736955095,      -8.655183962,      -5.472156487
          0,           0,         259,      -11.14332912,      -7.770227774,      -8.687769135,      -5.505445495
          0,           0,         260,      -11.17712072,      -7.803531674,       -8.72038628,      -5.538766692
          0,           0,         261,      -11.21093811,      -7.836865892,      -8.753037659,      -5.572117617
          0,           0,         262,      -11.24478477,      -7.870231074,      -8.785723261,       -5.60550317
          0,           0,         263,      -11.27865403,      -7.903625792,      -8.818436772,      -5.638914293
          0,           0,         264,      -11.31255248,      -7.937050643,      -8.851185982,      -5.672358606
          0,           0,         265,      -11.34647567,      -7.970504607,      -8.883967459,      -5.705831493
          0,           0,         266,      -11.38042251,      -8.003987861,      -8.916778128,       -5.73933439
          0,           0,         267,      -11.41439945,      -8.037500219,      -8.949622114,       -5.77286997
          0,           0,         268,      -11.44839127,      -8.071040146,      -8.982495984,      -5.806426697
          0,           0,         269,      -11.48241493,      -8.104608723,      -9.015406075,      -5.840019451
          0,           0,         270,      -11.51645906,      -8.138204583,      -9.048343833,      -5.873635503
          0,           0,         271,      -11.55052579,      -8.171828246,      -9.081309512,      -5.907281893
          0,           0,         272,      -11.58461638,      -8.205479484,      -9.114314868,      -5.940959518
          0,           0,         273,      -11.61872531,      -8.239156174,      -9.147341303,      -5.974656927
          0,           0,         274,      -11.65285891,      -8.272859944,      -9.180406619,      -6.008387777
          0,           0,         275,      -11.68700934,      -8.306589851,      -9.213497635,      -6.042141187
          0,           0,         276,      -11.72117985,      -8.340344808,      -9.246613564,      -6.075917741
          0,           0,         277,       -11.7553818,      -8.374125635,      -9.279775202,       -6.10972991
          0,           0,         278,      -11.78958965,      -8.407930466,      -9.312948884,      -6.143556149
          0,           0,         279,      -11.82382179,      -8.441761057,      -9.346163776,      -6.177415507
          0,           0,         280,      -11.85808005,      -8.475616124,      -9.379403208,      -6.211302557
          0,           0,         281,      -11.89233871,      -8.509493362,      -9.412675541,      -6.245201273
          0,           0,         282,      -11.92662275,      -8.543395775,      -9.445977695,      -6.279134009
          0,           0,         283,      -11.96092693,        -8.5773201,      -9.479297408,      -6.313086173
          0,           0,         284,      -11.99525265,      -8.611267769,      -9.512651205,      -6.347061332
          0,           0,         285,      -12.02958678,      -8.645238386,      -9.546040723,      -6.381067161
          0,           0,         286,      -12.06393577,      -8.679230576,       -9.57945218,      -6.415089422
          0,           0,         287,      -12.09829794,      -8.713242792,      -9.612872806,      -6.449123729
          0,           0,         288,      -12.13268008,      -8.747278751,      -9.646341792,      -6.483197421
          0,           0,         289,      -12.16706451,      -8.781334947,      -9.679846295,      -6.517289186
          0,           0,         290,      -12.20148638,      -8.815410713,       -9.71336262,      -6.551392443
          0,           0,         291,      -12.23589908,      -8.849507305,      -9.746894138,      -6.585516323
          0,           0,         292,      -12.27032735,      -8.883623966,      -9.780499904,      -6.619676225
          0,           0,         293,      -12.30479548,      -8.917760585,      -9.814097578,      -6.653851451
          0,           0,         294,      -12.33922722,      -8.951912644,      -9.847699343,       -6.68802547
          0,           0,         295,      -12.37367562,      -8.986085266,      -9.881372327,      -6.722229806
          0,           0,         296,      -12.40814133,      -9.020275857,      -9.915013157,      -6.756441312
          0,           0,         297,      -12.44267597,      -9.054486987,      -9.948730329,      -6.790714498
          0,           0,         298,      -12.47717432,      -9.088715393,      -9.982487109,      -6.825001305
          0,           0,         299,      -12.51165166,       -9.12295648,       -10.0162076,       -6.85924582
          0,           0,         300,      -12.54614235,      -9.157213154,      -10.04996432,       -6.89353966
          0,           0,         301,      -12.58064997,       -9.19149042,      -10.08379453,      -6.927868108
          0,           0,         302,      -12.61513755,      -9.225779507,      -10.11758385,      -6.962153397
          0,           0,         303,      -12.64973004,      -9.260091373,      -10.15142416,       -6.99656295
          0,           0,         304,      -12.68429287,      -9.294414062,      -10.18531819,      -7.030923326
          0,           0,         305,      -12.71877597,      -9.328745148,      -10.21918709,      -7.065267194
          0,           0,         306,      -12.75334775,      -9.363100873,       -10.2531607,      -7.099687764
          0,           0,         307,      -12.78777146,      -9.397458139,      -10.28706579,      -7.134029745
          0,           0,         308,      -12.82234734,      -9.431834681,      -10.32096685,      -7.168463176
          0,           0,         309,       -12.8569193,      -9.466226188,      -10.35493826,      -7.202898496
          0,           0,         310,      -12.89148991,      -9.500629202,      -10.38897799,      -7.237358077
          0,           0,         311,      -12.92611947,      -9.535047072,      -10.42299085,      -7.271914332
          0,           0,         312,      -12.96060496,      -9.569464474,      -10.45699901,      -7.306239648
          0,           0,         313,      -12.99509566,      -9.603891951,      -10.49105215,      -7.340697355
          0,           0,         314,      -13.02964979,      -9.638329608,      -10.52511079,      -7.375158803
          0,           0,         315,      -13.06402713,      -9.672792152,      -10.55921884,      -7.409633438
          0,           0,         316,      -13.09873952,      -9.707267573,      -10.59341087,      -7.444258706
          0,           0,         317,      -13.13316852,      -9.741740165,      -10.62741932,      -7.478721913
          0,           0,         318,      -13.16777579,      -9.776220016,      -10.66156617,      -7.513183188
          0,           0,         319,      -13.20227667,      -9.810717704,      -10.69571924,      -7.547750364
          0,           0,         320,      -13.23673832,      -9.845213631,      -10.73000582,      -7.582283756
          0,           0,         321,      -13.27123145,      -9.879720713,      -10.76402547,      -7.616828699
          0,           0,         322,      -13.30564423,      -9.914223262,      -10.79812119,      -7.651285442
          0,           0,         323,      -13.34016058,      -9.948726677,      -10.83235016,      -7.685822679
          0,           0,         324,      -13.37463314,      -9.983276558,      -10.86654551,      -7.720353956
          0,           0,         325,      -13.40885145,      -10.01777033,      -10.90065524,      -7.754730386
          0,           0,         326,      -13.44334804,      -10.05236659,       -10.9349341,      -7.789575492
          0,           0,         327,      -13.47754652,       -10.0868536,       -10.9689046,      -7.823834492
          0,           0,         328,      -13.51191153,      -10.12144206,      -11.00358696,      -7.858521512
          0,           0,         329,      -13.54603947,      -10.15595443,      -11.03751842,      -7.892732568
          0,           0,         330,      -13.58042921,      -10.19050614,      -11.07164916,      -7.927438016
          0,           0,         331,      -13.61447174,      -10.22498768,      -11.10575898,      -7.961597305
          0,           0,         332,      -13.64887329,       -10.2596049,      -11.13991013,      -7.996431857
          0,           0,         333,      -13.68240816,      -10.29412649,      -11.17410142,      -8.030488515
          0,           0,         334,      -13.71721553,      -10.32874788,      -11.20786182,      -8.065744044
          0,           0,         335,      -13.75066966,      -10.36322927,       -11.2421351,      -8.099265752
          0,           0,         336,      -13.78420871,      -10.39773222,      -11.27663126,      -8.133457888
          0,           0,         337,      -13.81818113,      -10.43230441,      -11.31070912,      -8.168069429
          0,           0,         338,      -13.85195321,       -10.4669267,      -11.34370302,      -8.202254871
          0,           0,         339,      -13.88358583,       -10.5013439,      -11.37741618,      -8.235663663
          0,           0,         340,      -13.91829072,      -10.53596761,      -11.41045739,      -8.270392748
          0,           0,         341,      -13.95001796,      -10.57036845,      -11.44386589,      -8.303231132
          0,           0,         342,      -13.98330123,      -10.60486844,      -11.47784538,      -8.337690951
          0,           0,         343,      -14.01660356,      -10.63949519,      -11.51116656,      -8.372237305
          0,           0,         344,      -14.04855819,      -10.67404502,      -11.54447977,       -8.40594623
          0,           0,         345,      -14.07979578,      -10.70836898,      -11.57769338,      -8.438570955
          0,           0,         346,      -14.11006035,      -10.74278206,      -11.60811351,      -8.471401674
          0,           0,         347,      -14.14290703,      -10.77719495,      -11.64143403,      -8.504507651
          0,           0,         348,      -14.17256939,      -10.81171851,      -11.67309443,      -8.536446201
          0,           0,         349,      -14.20335236,      -10.84628483,      -11.70313381,       -8.56977776
          0,           0,         350,      -14.23272578,       -10.8807476,      -11.73485381,      -8.602658128
          0,           0,         351,      -14.26054977,      -10.91503642,       -11.7646507,      -8.633316524
          0,           0,         352,      -14.28724556,      -10.94919917,      -11.79594416,      -8.663893641
          0,           0,         353,      -14.31603484,      -10.98355553,      -11.82523638,      -8.695149668
          0,           0,         354,      -14.33849368,      -11.01786162,      -11.85113491,      -8.723525664
          0,           0,         355,      -14.36384928,      -11.05163964,      -11.87383031,      -8.752418579
          0,           0,         356,      -14.38634247,      -11.08600736,      -11.90152556,      -8.780222069
          0,           0,         357,      -14.40590659,      -11.11987103,      -11.93030772,      -8.807770487
          0,           0,         358,       -14.4357185,      -11.15434574,       -11.9569116,      -8.839098385
          0,           0,         359,      -14.44349234,      -11.18859785,       -11.9725678,      -8.863651296
          0,           0,         360,       -14.4664089,      -11.22102834,      -11.99924106,       -8.87985485
          0,           0,         361,      -14.48266663,      -11.25541482,      -12.02188709,      -8.907806857
          0,           0,         362,      -14.50709741,      -11.28968002,      -12.03273502,      -8.934513317
          0,           0,         363,      -14.53533023,      -11.32271762,       -12.0577466,      -8.959788477
          0,           0,         364,      -14.53428569,      -11.35681222,      -12.07823361,      -8.977532491
          0,           0,         365,      -14.54447058,      -11.38850031,      -12.09073012,      -8.990616787
          0,           0,         366,      -14.55118601,      -11.42095045,      -12.10815212,      -9.004132453
          0,           0,         367,      -14.56105074,      -11.45435842,      -12.11052109,       -9.01991358
          0,           0,         368,      -14.57431124,      -11.48621597,      -12.12375618,      -9.034512689
          0,           0,         369,      -14.58430902,      -11.51780228,      -12.12338772,      -9.043745662
          0,           0,         370,      -14.58418889,      -11.55020774,      -12.14492671,      -9.057733381
          0,           0,         371,      -14.58380213,      -11.57710736,      -12.14025158,      -9.056241738
          0,           0,         372,      -14.60357077,      -11.61190481,      -12.16216544,      -9.076893885
          0,           0,         373,      -14.59692462,      -11.64107208,      -12.15687572,      -9.080721445
          0,           0,         374,       -14.5993204,      -11.67082186,      -12.16386354,      -9.087559416
          0,           0,         375,      -14.60022217,      -11.69773739,      -12.16189175,      -9.093390794
          0,           0,         376,      -14.62210099,      -11.73081295,      -12.18825766,      -9.117194731
          0,           0,         377,      -14.60496412,      -11.75187188,      -12.17175242,       -9.09616048
          0,           0,         378,       -14.6225085,       -11.7787542,      -12.19805721,      -9.110651232
          0,           0,         379,      -14.60844582,      -11.80151107,       -12.1716554,       -9.10668932
          0,           0,         380,      -14.63039579,       -11.8319149,      -12.19439473,      -9.125248734
          0,           0,         381,      -14.61294906,      -11.85136059,      -12.20196321,      -9.122499431
          0,           0,         382,      -14.62973757,      -11.87514443,      -12.19845842,      -9.131017964
          0,           0,         383,      -14.61932566,      -11.89313107,      -12.18925516,      -9.134877977
          0,           0,         384,      -14.61612118,      -11.91799928,      -12.18910083,      -9.126227952
          0,           0,         385,      -14.60541404,      -11.91848426,      -12.17729253,      -9.108760462
          0,           0,         386,      -14.64023703,      -11.95473796,      -12.20345056,      -9.145191716
          0,           0,         387,      -14.63554747,      -11.96313966,      -12.20699767,      -9.133067017
          0,           0,         388,      -14.62030475,      -11.96963786,      -12.18564082,      -9.128825148
          0,           0,         389,      -14.63568886,      -11.99480488,      -12.19231727,      -9.141165662
          0,           0,         390,      -14.63443917,       -11.9966229,      -12.19347234,      -9.138062942
          0,           0,         391,      -14.63513407,      -12.01311939,      -12.21583605,       -9.13610548
          0,           0,         392,      -14.64288662,      -12.03338384,      -12.19809709,      -9.147822767
          0,           0,         393,      -14.61159639,      -12.01081128,       -12.2014595,      -9.126211972
          0,           0,         394,      -14.61808647,      -12.01520855,      -12.19801255,      -9.123776136
          0,           0,         395,      -14.62252138,      -12.04192667,      -12.18325836,      -9.132198503
          0,           0,         396,       -14.6344754,      -12.05677383,      -12.19133043,      -9.144929544
          0,           0,         397,      -14.63857322,       -12.0637454,      -12.20996678,      -9.151882073
          0,           0,         398,      -14.63256592,      -12.06297983,      -12.21166945,      -9.153526923
          0,           0,         399,      -14.61979593,      -12.06105108,      -12.19259879,      -9.134115618
          0,           0,         400,      -14.62563478,      -12.05776328,      -12.19312282,      -9.135135818
          0,           0,         401,      -14.62406349,      -12.05322487,      -12.19616585,      -9.123606215
          0,           0,         402,      -14.62803056,      -12.07599501,      -12.18979229,      -9.137465112
          0,           0,         403,      -14.62439409,      -12.06122816,      -12.20970049,      -9.137209852
          0,           0,         404,      -14.63285093,      -12.08680184,      -12.21342199,       -9.14835901
          0,           0,         405,      -14.62634547,      -12.06704512,      -12.19278788,      -9.139806528
          0,           0,         406,      -14.63072852,      -12.07952216,      -12.20821736,      -9.140916803
          0,           0,         407,      -14.63047411,       -12.0755521,      -12.19256701,      -9.135902227
          0,           0,         408,      -14.62375857,      -12.08134689,       -12.1897701,       -9.13558579
          0,           0,         409,      -14.62714723,      -12.06838354,      -12.21774867,      -9.128806353
          0,           0,         410,      -14.62418351,      -12.08174311,      -12.18956567,      -9.140098693
          0,           0,         411,      -14.63621601,      -12.07921825,      -12.19931355,      -9.142069228
          0,           0,         412,      -14.62940371,      -12.07758909,      -12.20016685,      -9.137879373
          0,           0,         413,      -14.62658623,      -12.06708134,      -12.20593041,      -9.130821906
          0,           0,         414,      -14.63524643,      -12.09958183,      -12.18943896,      -9.146720481
          0,           0,         415,      -14.62673336,      -12.08842606,      -12.19853645,      -9.138323446
          0,           0,         416,      -14.63014656,      -12.09433298,      -12.20707729,      -9.145204401
          0,           0,         417,      -14.63980794,      -12.09171818,      -12.21143015,      -9.149034205
          0,           0,         418,      -14.60853843,      -12.07867678,      -12.18258749,       -9.11957581
          0,           0,         419,      -14.62736452,       -12.0742529,      -12.18669985,      -9.136771048
          0,           0,         420,      -14.63768983,      -12.07490168,      -12.20100156,      -9.140054688
          0,           0,         421,      -14.62825527,      -12.09493016,      -12.20787064,      -9.149713777
          0,           0,         422,      -14.62426541,      -12.07318729,      -12.19895821,      -9.130660472
          0,           0,         423,      -14.61123304,      -12.04565271,      -12.18312096,       -9.11767914
          0,           0,         424,      -14.63714287,      -12.08230185,      -12.19713923,      -9.144474563
          0,           0,         425,      -14.60796332,      -12.06410044,      -12.18607275,      -9.115932137
          0,           0,         426,      -14.63337878,      -12.07816727,      -12.21412979,      -9.143425277
          0,           0,         427,      -14.63648605,      -12.06934453,      -12.20777035,      -9.136655013
          0,           0,         428,       -14.6322136,      -12.08973297,      -12.19231769,      -9.140959289
          0,           0,         429,      -14.62207297,      -12.07875405,      -12.19612876,      -9.131266375
          0,           0,         430,       -14.6256353,      -12.07607772,      -12.19435097,      -9.130517386
          0,           0,         431,      -14.62840129,      -12.07321333,       -12.2150847,      -9.137750659
          0,           0,         432,      -14.62434769,      -12.06012621,      -12.19222102,      -9.128810566
          0,           0,         433,      -14.63615042,      -12.08733269,      -12.19546738,      -9.143384312
          0,           0,         434,      -14.62974732,      -12.08534657,      -12.21086697,      -9.143444252
          0,           0,         435,      -14.61929303,      -12.06130464,      -12.20354838,      -9.133979518
          0,           0,         436,      -14.63580665,      -12.09326464,      -12.19651951,      -9.142228455
          0,           0,         437,       -14.6195546,      -12.08523984,      -12.20656288,      -9.128636747
          0,           0,         438,      -14.62355096,      -12.06648611,      -12.20035003,      -9.130430983
          0,           0,         439,      -14.63488898,      -12.09205293,      -12.21220596,      -9.142020247
          0,           0,         440,      -14.63382561,      -12.08837266,      -12.19554821,      -9.137754718
          0,           0,         441,      -14.62778791,      -12.09253237,      -12.19886528,      -9.137759328
          0,           0,         442,      -14.62346121,      -12.07528936,      -12.20140651,      -9.134217585
          0,           0,         443,      -14.63464008,      -12.07934621,       -12.2178498,      -9.141480636
          0,           0,         444,      -14.63191504,       -12.0806096,      -12.18661772,      -9.136332937
          0,           0,         445,      -14.62941908,      -12.08360332,      -12.20494697,      -9.136635415
          0,           0,         446,      -14.63266377,      -12.08814164,       -12.2038013,      -9.143240094
          0,           0,         447,      -14.62428859,      -12.07306905,      -12.20371441,      -9.132107598
          0,           0,         448,      -14.62906537,      -12.08216153,      -12.19516753,      -9.131808132
          0,           0,         449,      -14.62698733,      -12.08263206,      -12.20589446,      -9.137662285
          0,           0,         450,      -14.62576017,      -12.07981744,      -12.19976512,      -9.144981658
          0,           0,         451,      -14.63938224,      -12.09579878,      -12.20251335,      -9.140458061
          0,           0,         452,      -14.62097718,      -12.07172752,       -12.2011713,      -9.127167741
          0,           0,         453,       -14.6031055,      -12.05562862,      -12.20126425,      -9.119029882
          0,           0,         454,      -14.63430443,      -12.08552557,       -12.2067856,      -9.146903281
          0,           0,         455,      -14.63916591,      -12.08281639,        -12.211285,      -9.146078855
          0,           0,         456,      -14.63494945,      -12.08124732,      -12.21937014,      -9.143988469
          0,           0,         457,      -14.63029389,      -12.08531517,      -12.20378045,      -9.146573288
          0,           0,         458,      -14.63899694,      -12.09367681,      -12.20135735,       -9.14531765
          0,           0,         459,      -14.63172479,      -12.07140492,      -12.20977659,      -9.138067408
          0,           0,         460,      -14.62485675,      -12.06978785,      -12.20440375,      -9.131663729
          0,           0,         461,      -14.63661417,      -12.08432206,      -12.20301545,      -9.140300369
          0,           0,         462,       -14.6213664,      -12.06937464,      -12.19965631,      -9.123671349
          0,           0,         463,      -14.63163448,       -12.0884305,      -12.20972935,      -9.144167668
          0,           0,         464,      -14.65773159,       -12.1003757,      -12.20367205,      -9.157197375
          0,           0,         465,      -14.62244806,      -12.07269129,      -12.19987593,      -9.126365606
          0,           0,         466,      -14.63404072,      -12.09303241,      -12.21846721,      -9.151477956
          0,           0,         467,      -14.62029495,      -12.08911958,       -12.1831463,      -9.135561066
          0,           0,         468,      -14.63388457,      -12.08027789,       -12.2114118,      -9.141320135
          0,           0,         469,      -14.63183365,       -12.0993933,      -12.18867973,      -9.144912091
          0,           0,         470,      -14.61223695,      -12.05321267,      -12.19073989,       -9.11321765
          0,           0,         471,      -14.63138501,      -12.08027187,      -12.20000971,      -9.134763179
          0,           0,         472,      -14.62102785,      -12.08353808,      -12.19729358,      -9.137810254
          0,           0,         473,      -14.61904635,      -12.07762721,      -12.19616325,      -9.141340421
          0,           0,         474,      -14.63922223,      -12.08899515,      -12.20368318,      -9.144037493
          0,           0,         475,      -14.62070103,      -12.05787437,      -12.18557564,       -9.13264729
          0,           0,         476,      -14.63096039,      -12.07549532,      -12.20674788,      -9.143101624
          0,           0,         477,      -14.63465686,      -12.08483701,      -12.21118931,      -9.146322999
          0,           0,         478,       -14.6385148,       -12.0883929,      -12.20157995,      -9.147828319
          0,           0,         479,      -14.63099139,      -12.08222875,      -12.20221054,      -9.127984462
          0,           0,         480,      -14.62840105,      -12.08825978,      -12.18810007,      -9.138106561
          0,           0,         481,      -14.63612506,      -12.09018938,      -12.20851273,      -9.138305445
          0,           0,         482,      -14.63613447,      -12.09380139,      -12.20068333,      -9.152587807
          0,           0,         483,       -14.6169476,      -12.08108331,      -12.19005052,      -9.132755171
          0,           0,         484,      -14.63484949,      -12.07670114,      -12.19580123,      -9.138107954
          0,           0,         485,      -14.62031133,      -12.09020996,      -12.18913147,      -9.127850362
          0,           0,         486,       -14.6388339,      -12.10018646,      -12.19934519,      -9.151280373
          0,           0,         487,      -14.63778947,      -12.08368913,      -12.21236584,      -9.143741005
          0,           0,         488,      -14.63288436,      -12.08451728,      -12.20465213,      -9.141910945
          0,           0,         489,      -14.62844144,      -12.08768685,      -12.21281565,      -9.137792354
          0,           0,         490,      -14.62350017,      -12.07664508,      -12.20145332,      -9.139678209
          0,           0,         491,      -14.63572868,         -12.08198,      -12.21259287,      -9.140815573
          0,           0,         492,      -14.62505133,      -12.09081766,      -12.20054544,      -9.141268218
          0,           0,         493,      -14.64631662,      -12.09482104,      -12.21278306,       -9.15177643
          0,           0,         494,      -14.62165344,      -12.08365657,      -12.19662483,      -9.131101923
          0,           0,         495,      -14.63064961,       -12.0769519,       -12.1989875,      -9.137661959
          0,           0,         496,      -14.64440172,      -12.09091911,      -12.20797021,      -9.156294379
          0,           0,         497,      -14.62798123,      -12.07381493,      -12.20618143,      -9.131203959
          0,           0,         498,      -14.63328675,      -12.08206353,      -12.20034811,      -9.143080296
          0,           0,         499,      -14.60405131,      -12.04875365,      -12.19784423,      -9.118638974
          0,           0,         500,      -14.63632471,      -12.07625697,      -12.20143814,      -9.140564438
          0,           0,         501,      -14.62606094,      -12.07523433,      -12.19753725,      -9.133048503
          0,           0,         502,       -14.6313113,      -12.08259366,      -12.20112475,      -9.140187841
          0,           0,         503,      -14.63200974,      -12.08190235,      -12.20366691,      -9.127702827
          0,           0,         504,      -14.64026823,      -12.09551777,      -12.20776993,      -9.149881202
          0,           0,         505,      -14.63502326,      -12.08251207,      -12.21262059,      -9.143851526
          0,           0,         506,      -14.63453474,      -12.06783761,      -12.19297593,      -9.136630516
          0,           0,         507,      -14.62603772,      -12.08587428,      -12.19433655,      -9.138369148
          0,           0,         508,      -14.64028372,      -12.08459247,       -12.2051338,      -9.153883179
          0,           0,         509,      -14.62887225,      -12.07691711,      -12.20034576,      -9.137625968
          0,           0,         510,      -14.63627584,       -12.0915694,      -12.20918955,      -9.140971985
          0,           0,         511,      -14.62097059,      -12.07408408,      -12.17122865,       -9.12767232
          0,           0,         512,      -14.62163146,      -12.08052618,      -12.19798479,      -9.131780051
          0,           0,         513,      -14.64495012,      -12.10400288,      -12.21162283,      -9.160383226
          0,           0,         514,      -14.64377834,        -12.092432,      -12.20460002,       -9.14906951
          0,           0,         515,      -14.64082854,      -12.09110447,      -12.19916464,      -9.144380728
          0,           0,         516,      -14.62889304,      -12.08494355,      -12.21474089,      -9.143049219
          0,           0,         517,      -14.61877495,      -12.07962048,       -12.1941584,      -9.127829734
          0,           0,         518,      -14.63122295,      -12.07952815,      -12.19936485,      -9.136845815
          0,           0,         519,      -14.63638738,      -12.08386385,      -12.20031322,      -9.136294501
          0,           0,         520,      -14.62760452,      -12.08431164,       -12.1944552,      -9.141289045
          0,           0,         521,      -14.62529471,      -12.08150095,      -12.18260834,      -9.133343569
          0,           0,         522,      -14.64790107,      -12.08731375,      -12.20647483,      -9.154214526
          0,           0,         523,      -14.62331399,      -12.08554824,      -12.19849204,      -9.135747845
          0,           0,         524,      -14.62690176,      -12.08394049,      -12.19834235,      -9.136770804
          0,           0,         525,      -14.63110876,      -12.08888537,      -12.21294246,      -9.142774985
          0,           0,         526,      -14.61692626,      -12.05858546,      -12.20381888,      -9.126715474
          0,           0,         527,      -14.62948941,      -12.06895997,      -12.19338407,      -9.135554321
          0,           0,         528,      -14.64108307,      -12.08903527,      -12.20773045,      -9.145318248
          0,           0,         529,      -14.61462115,      -12.07586547,      -12.20026515,      -9.129957151
          0,           0,         530,       -14.6330906,      -12.08132643,      -12.20207152,      -9.135471708
          0,           0,         531,       -14.6274713,      -12.07403309,      -12.20178431,      -9.136927357
          0,           0,         532,      -14.62285163,      -12.07068236,      -12.18935981,      -9.127113099
          0,           0,         533,      -14.62648513,      -12.08548249,      -12.19411752,      -9.140992161
          0,           0,         534,      -14.64211636,      -12.09844131,      -12.19946237,      -9.148696317
          0,           0,         535,      -14.61445302,      -12.07648284,       -12.1816434,      -9.131265455
          0,           0,         536,      -14.61868785,      -12.07938876,      -12.19807493,      -9.132584599
          0,           0,         537,      -14.62712939,      -12.06687246,      -12.20640647,      -9.135178824
          0,           0,         538,      -14.63427239,      -12.08295733,      -12.20316648,      -9.142721505
          0,           0,         539,      -14.62880379,      -12.07586871,      -12.20417047,      -9.140620587
          0,           0,         540,      -14.62206924,      -12.08173912,      -12.19246391,      -9.136858402
          0,           0,         541,      -14.63564214,      -12.07393875,      -12.20977271,      -9.137806664
          0,           0,         542,      -14.63059327,      -12.09102287,      -12.20388077,      -9.141920419
          0,           0,         543,      -14.63204615,      -12.08705962,      -12.20998713,      -9.144162978
          0,           0,         544,      -14.62768345,       -12.0862685,      -12.19778068,      -9.136989622
          0,           0,         545,      -14.61394648,      -12.07003819,      -12.21152013,       -9.13749114
          0,           0,         546,      -14.63623502,      -12.07873997,      -12.19308593,      -9.132217716
          0,           0,         547,      -14.62377814,      -12.07196378,       -12.1944434,      -9.129713163
          0,           0,         548,      -14.63567564,      -12.09011342,      -12.21285274,       -9.14381713
          0,           0,         549,      -14.62273918,      -12.07724711,      -12.18174102,      -9.133953094
          0,           0,         550,      -14.62848425,      -12.07400378,      -12.19752256,      -9.134779666
          0,           0,         551,      -14.63009756,      -12.07817723,      -12.20833987,      -9.138150773
          0,           0,         552,      -14.63670701,      -12.08922987,      -12.20457929,      -9.142689409
          0,           0,         553,      -14.63481829,      -12.09155424,      -12.19681185,      -9.147497102
          0,           0,         554,      -14.62309867,      -12.07413651,      -12.19939366,       -9.13886838
          0,           0,         555,      -14.62271655,      -12.08497081,      -12.20624224,      -9.139509478
          0,           0,         556,       -14.6257394,      -12.08527144,      -12.19167095,       -9.14069942
          0,           0,         557,      -14.63243861,      -12.08831501,      -12.20291663,      -9.141575519
          0,           0,         558,      -14.63134077,      -12.09714829,       -12.1949791,      -9.147327904
          0,           0,         559,      -14.63633423,      -12.08827444,      -12.20576081,      -9.142302258
          0,           0,         560,      -14.62500495,      -12.06875461,      -12.19663681,      -9.128311853
          0,           0,         561,       -14.6280675,      -12.07927518,      -12.19040061,      -9.133596777
          0,           0,         562,      -14.63866611,      -12.08925335,      -12.20105296,      -9.149252784
          0,           0,         563,      -14.63629518,      -12.08545141,      -12.19650733,      -9.144866675
          0,           0,         564,      -14.62320143,      -12.09416437,      -12.19881005,      -9.145725757
          0,           0,         565,      -14.63517387,       -12.0832785,       -12.1929428,      -9.144909944
          0,           0,         566,      -14.61922497,      -12.07754795,      -12.18081557,      -9.129758855
          0,           0,         567,      -14.62730861,      -12.08607255,      -12.19252618,      -9.133825098
          0,           0,         568,      -14.61685374,      -12.06580671,      -12.20750094,      -9.126067707
          0,           0,         569,      -14.62523743,      -12.08955156,      -12.20846447,      -9.137510425
          0,           0,         570,      -14.62602608,      -12.09061655,      -12.19474483,      -9.137320574
          0,           0,         571,      -14.64136005,      -12.10249317,      -12.20337345,      -9.153695424
          0,           0,         572,      -14.64324293,      -12.10315429,      -12.21588676,      -9.150856147
          0,           0,         573,      -14.63134858,      -12.08398219,      -12.20332383,      -9.140055482
          0,           0,         574,      -14.62450243,        -12.070057,       -12.1998136,      -9.130958032
          0,           0,         575,      -14.63890003,      -12.08914545,      -12.19852997,      -9.152695401
          0,           0,         576,      -14.62921744,      -12.08665342,      -12.20021678,      -9.142197269
          0,           0,         577,        -14.638591,      -12.08002263,      -12.20511434,      -9.137311691
          0,           0,         578,      -14.64427814,      -12.08491048,      -12.20277158,      -9.154204926
          0,           0,         579,      -14.62348867,      -12.07877255,      -12.19915503,      -9.129987609
          0,           0,         580,      -14.62877538,      -12.08013832,      -12.21041172,      -9.131989682
          0,           0,         581,      -14.62822876,       -12.0749931,      -12.18535838,      -9.136505313
          0,           0,         582,       -14.6361343,      -12.07241851,      -12.21164119,      -9.147555885
          0,           0,         583,      -14.63353077,      -12.08724542,      -12.21122745,       -9.14342477
          0,           0,         584,      -14.63956982,       -12.0713969,      -12.20507022,      -9.143337102
          0,           0,         585,      -14.62004648,      -12.08828808,      -12.19676582,      -9.139190957
          0,           0,         586,      -14.62896494,       -12.0807153,      -12.19904734,      -9.149386868
          0,           0,         587,      -14.64178382,      -12.09355824,      -12.22050017,      -9.151053564
          0,           0,         588,       -14.6324217,      -12.08919672,      -12.20213754,      -9.141380619
          0,           0,         589,      -14.61399011,      -12.06461463,      -12.21930291,      -9.131957875
          0,           0,         590,      -14.63872264,      -12.08740786,      -12.19819664,      -9.136930265
          0,           0,         591,      -14.60125847,      -12.04726295,      -12.18813245,       -9.11451413
          0,           0,         592,      -14.64689001,      -12.08192159,      -12.21887874,      -9.152761992
          0,           0,         593,       -14.6248869,      -12.08529299,       -12.1809457,      -9.135066097
          0,           0,         594,      -14.63295093,      -12.08299929,      -12.20748442,       -9.13874881
          0,           0,         595,      -14.63604409,       -12.0840135,       -12.2081411,      -9.146756564
          0,           0,         596,      -14.62717337,      -12.07892824,      -12.19836937,      -9.133391933
          0,           0,         597,      -14.62717081,      -12.08568098,      -12.19870392,      -9.138032132
          0,           0,         598,      -14.62864131,      -12.08102511,      -12.21643003,      -9.134351417
          0,           0,         599,       -14.6211043,       -12.0649576,      -12.18994816,      -9.127203303
          0,           0,         600,      -14.63538953,      -12.08496901,      -12.20416608,      -9.147612849
