VARIABLES = \
"Time_Iter","Outer_Iter","Inner_Iter",    "rms[Rho]"    ,    "rms[RhoU]"   ,    "rms[RhoV]"   ,    "rms[RhoE]"   
          0,           0,           0,      -1.109741032,       1.252520122,       1.325164912,       4.349887171
          0,           0,           1,      -1.603355876,      0.8690850052,       0.908563735,       3.874927718
          0,           0,           2,      -1.822637158,      0.7026166293,      0.7022237661,       3.663786079
          0,           0,           3,      -1.969672607,      0.5825481451,      0.5295525221,       3.517603434
          0,           0,           4,       -2.09544323,      0.4740363022,      0.3702596877,        3.39268827
          0,           0,           5,      -2.217768748,      0.3791747599,      0.2157242149,       3.268387984
          0,           0,           6,        -2.3332879,      0.2999141651,      0.0686639166,       3.150905958
          0,           0,           7,      -2.437232073,      0.2359460777,    -0.06607620641,       3.046030916
          0,           0,           8,      -2.514909264,      0.1841442404,     -0.1865923892,       2.969105675
          0,           0,           9,      -2.590506006,      0.1380096569,     -0.2958386941,       2.894629516
          0,           0,          10,      -2.677743426,     0.09333102467,     -0.3929512937,       2.807768269
          0,           0,          11,      -2.773177301,     0.04870121611,     -0.4818713196,       2.713018149
          0,           0,          12,      -2.866567624,    0.003709207425,     -0.5614399921,       2.620001262
          0,           0,          13,      -2.954655702,    -0.04167962797,      -0.633877593,       2.532108196
          0,           0,          14,      -3.036722406,    -0.08776868153,     -0.7036154976,       2.450356772
          0,           0,          15,       -3.11549222,     -0.1342054206,     -0.7716698976,       2.372571093
          0,           0,          16,      -3.192733249,     -0.1802445834,     -0.8363827936,       2.297007331
          0,           0,          17,      -3.266095024,      -0.225043658,     -0.8975376102,        2.22569804
          0,           0,          18,      -3.332977334,     -0.2681675766,     -0.9573127996,        2.16097695
          0,           0,          19,      -3.392767397,      -0.309726745,      -1.017705006,       2.103293359
          0,           0,          20,      -3.448476988,     -0.3501692592,      -1.078383485,       2.049817071
          0,           0,          21,       -3.50086988,     -0.3900417341,      -1.137237829,       1.999835472
          0,           0,          22,      -3.551178723,     -0.4297389922,      -1.191989731,        1.95230238
          0,           0,          23,       -3.60035128,     -0.4694860236,      -1.242004735,       1.906365148
          0,           0,          24,      -3.649274496,     -0.5093935131,      -1.288070226,       1.861066353
          0,           0,          25,      -3.698600588,     -0.5495160314,       -1.33100386,       1.815606196
          0,           0,          26,       -3.74890741,     -0.5899051613,      -1.371316029,       1.769301404
          0,           0,          27,      -3.800390882,      -0.630598605,       -1.40968512,       1.721904035
          0,           0,          28,      -3.853047215,      -0.671611152,      -1.446892085,       1.673438768
          0,           0,          29,      -3.906767094,     -0.7129225425,      -1.483674278,       1.624081526
          0,           0,          30,      -3.961139344,     -0.7544579613,      -1.520503516,       1.574274105
          0,           0,          31,        -4.0148844,     -0.7960819546,      -1.557531404,       1.525106909
          0,           0,          32,      -4.065113198,     -0.8376043187,      -1.594618601,       1.478808243
          0,           0,          33,       -4.10697748,      -0.878787058,      -1.631357415,       1.438945514
          0,           0,          34,      -4.134641691,     -0.9193596293,      -1.667089881,       1.409857596
          0,           0,          35,      -4.144213396,     -0.9590544761,      -1.700964642,       1.394887647
          0,           0,          36,      -4.136534023,     -0.9976231293,      -1.732070364,       1.394423772
          0,           0,          37,      -4.116680144,      -1.034851701,      -1.759622069,       1.405564671
          0,           0,          38,      -4.090466105,      -1.070563645,      -1.783047399,       1.424086264
          0,           0,          39,      -4.062879825,      -1.104579898,      -1.802198722,       1.445630409
          0,           0,          40,       -4.03688229,      -1.136755192,      -1.816961774,       1.467168732
          0,           0,          41,        -4.0141474,      -1.166959524,      -1.828087672,       1.486723881
          0,           0,          42,      -3.994302074,      -1.195195412,      -1.836482136,        1.50423662
          0,           0,          43,      -3.975130885,      -1.221564622,      -1.842925776,       1.521439751
          0,           0,          44,      -3.959401073,      -1.245844484,      -1.847741716,       1.535672928
          0,           0,          45,      -3.947640757,      -1.268150125,      -1.852330732,       1.546412798
          0,           0,          46,      -3.940888486,      -1.288567374,      -1.856657355,       1.552575826
          0,           0,          47,      -3.933276614,      -1.307571161,      -1.861515542,       1.559369856
          0,           0,          48,      -3.927546363,       -1.32491849,      -1.866108468,        1.56439376
          0,           0,          49,      -3.925766468,      -1.340784443,      -1.869098162,       1.565741659
          0,           0,          50,      -3.927196532,      -1.355457362,      -1.871805225,       1.564045636
          0,           0,          51,      -3.930803718,      -1.369223519,      -1.876005482,        1.56025463
          0,           0,          52,      -3.936273842,      -1.382342739,      -1.881855237,       1.554678259
          0,           0,          53,      -3.943764555,      -1.394775777,      -1.889087571,        1.54716771
          0,           0,          54,      -3.952402139,      -1.407126019,      -1.897278813,       1.538513731
          0,           0,          55,      -3.961719105,      -1.419528599,      -1.906190449,       1.529168677
          0,           0,          56,      -3.973016173,       -1.43214595,       -1.91624239,       1.517961533
          0,           0,          57,      -3.986517423,      -1.445191173,      -1.927760276,       1.504636039
          0,           0,          58,      -4.001509967,      -1.458677337,      -1.941097435,       1.489789722
          0,           0,          59,      -4.017493341,      -1.472481809,      -1.955955844,       1.473904027
          0,           0,          60,      -4.034031069,      -1.486490946,      -1.971820556,       1.457414988
          0,           0,          61,      -4.048850045,       -1.50094094,       -1.98884751,        1.44248929
          0,           0,          62,      -4.062145262,      -1.515541693,      -2.006041482,       1.429010298
          0,           0,          63,      -4.075155105,       -1.52995984,      -2.022536435,       1.415850803
          0,           0,          64,      -4.092275618,      -1.544233259,      -2.039346286,       1.398874789
          0,           0,          65,      -4.111869055,      -1.558684059,      -2.057021829,       1.379252219
          0,           0,          66,      -4.125175853,      -1.572663101,      -2.072403521,       1.365509981
          0,           0,          67,      -4.138131027,      -1.586961668,      -2.086826972,       1.352652478
          0,           0,          68,      -4.153236956,      -1.601153804,      -2.099941517,       1.337862256
          0,           0,          69,      -4.168953875,      -1.615250267,      -2.113445021,       1.322346282
          0,           0,          70,      -4.187000601,      -1.629477566,      -2.129439848,       1.304493076
          0,           0,          71,      -4.205638443,      -1.644264068,      -2.146736858,       1.285956584
          0,           0,          72,      -4.224031537,       -1.65950429,      -2.164314123,        1.26759904
          0,           0,          73,       -4.24203521,      -1.674955863,      -2.182008347,       1.249603304
          0,           0,          74,      -4.262051105,      -1.690587646,      -2.199566369,       1.229750829
          0,           0,          75,      -4.282452793,       -1.70729426,      -2.218998771,       1.209339449
          0,           0,          76,      -4.301393478,       -1.72353653,      -2.237498013,       1.190570806
          0,           0,          77,      -4.321247761,      -1.738988904,      -2.255994774,         1.1710988
          0,           0,          78,       -4.34090685,      -1.754674752,      -2.275341903,       1.151745318
          0,           0,          79,      -4.360341962,      -1.770796605,      -2.294677774,       1.132525979
          0,           0,          80,      -4.379650339,      -1.787167447,      -2.313845038,       1.113344534
          0,           0,          81,      -4.398805011,      -1.803676591,      -2.333008115,       1.094251391
          0,           0,          82,      -4.417893842,      -1.820292519,      -2.352190059,       1.075196603
          0,           0,          83,       -4.43700732,      -1.836989139,      -2.371338652,       1.056111905
          0,           0,          84,      -4.456192979,      -1.853741491,      -2.390426868,       1.036957643
          0,           0,          85,      -4.475454405,      -1.870542708,       -2.40944423,       1.017730453
          0,           0,          86,      -4.494760906,      -1.887403841,      -2.428385551,      0.9984585559
          0,           0,          87,      -4.514063697,      -1.904340336,      -2.447252885,      0.9791882379
          0,           0,          88,      -4.533318299,      -1.921363191,      -2.466054959,      0.9599628022
          0,           0,          89,      -4.552501623,      -1.938471638,      -2.484806628,      0.9408057406
          0,           0,          90,      -4.571599626,      -1.955656648,      -2.503520724,      0.9217316916
          0,           0,          91,      -4.590606286,      -1.972906164,      -2.522195689,      0.9027475028
          0,           0,          92,      -4.609523259,      -1.990208651,      -2.540832113,      0.8838523107
          0,           0,          93,      -4.628358423,      -2.007555437,      -2.559431981,      0.8650387663
          0,           0,          94,       -4.64712515,      -2.024940796,        -2.5779981,      0.8462938125
          0,           0,          95,      -4.665840366,       -2.04236174,       -2.59653602,      0.8276006804
          0,           0,          96,      -4.684523415,      -2.059817323,      -2.615054549,      0.8089401683
          0,           0,          97,      -4.703195685,      -2.077309183,      -2.633565068,      0.7902910968
          0,           0,          98,      -4.721879457,      -2.094840669,      -2.652080364,       0.771631411
          0,           0,          99,      -4.740595389,      -2.112416441,      -2.670615009,      0.7529406089
          0,           0,         100,      -4.759359693,      -2.130041479,       -2.68918082,      0.7342023916
          0,           0,         101,      -4.778182311,      -2.147719858,      -2.707785192,      0.7154065173
          0,           0,         102,      -4.797066445,      -2.165455147,      -2.726436643,      0.6965494056
          0,           0,         103,      -4.816010063,      -2.183249963,      -2.745139962,      0.6776326619
          0,           0,         104,      -4.835008138,      -2.201106069,      -2.763896904,      0.6586609463
          0,           0,         105,      -4.854054846,      -2.219024232,      -2.782707163,      0.6396398356
          0,           0,         106,      -4.873145316,      -2.237004311,      -2.801569522,      0.6205741185
          0,           0,         107,      -4.892276614,      -2.255045696,      -2.820482011,      0.6014667765
          0,           0,         108,       -4.91144798,      -2.273147643,      -2.839442852,      0.5823186968
          0,           0,         109,       -4.93066044,       -2.29130942,      -2.858450609,      0.5631290077
          0,           0,         110,      -4.949915989,      -2.309530391,       -2.87750429,      0.5438958473
          0,           0,         111,       -4.96921668,      -2.327809969,       -2.89660328,      0.5246172459
          0,           0,         112,      -4.988563894,      -2.346147597,      -2.915747037,      0.5052918379
          0,           0,         113,      -5.007957847,      -2.364542612,      -2.934934852,      0.4859193692
          0,           0,         114,      -5.027397405,      -2.382994204,      -2.954165595,      0.4665008965
          0,           0,         115,      -5.046880039,      -2.401501306,      -2.973437655,      0.4470388269
          0,           0,         116,      -5.066366464,       -2.42003308,      -2.992869876,      0.4275767595
          0,           0,         117,      -5.085895403,      -2.438609527,      -3.012350689,      0.4080763701
          0,           0,         118,      -5.105448983,      -2.457246092,      -3.031807014,      0.3885530968
          0,           0,         119,      -5.124981576,      -2.475931316,      -3.051229005,      0.3690452784
          0,           0,         120,      -5.144490363,      -2.494654425,      -3.070615131,      0.3495556434
          0,           0,         121,      -5.163994247,      -2.513412728,      -3.089988504,      0.3300678443
          0,           0,         122,      -5.183376136,      -2.532247561,      -3.109402382,      0.3106825551
          0,           0,         123,      -5.203011353,      -2.551129537,      -3.128741765,      0.2910588319
          0,           0,         124,      -5.222851182,      -2.570001538,      -3.147809262,      0.2712373291
          0,           0,         125,      -5.242606737,      -2.588860821,      -3.166759687,      0.2514920665
          0,           0,         126,      -5.262228111,      -2.607725346,      -3.185831884,      0.2318797963
          0,           0,         127,      -5.281764805,      -2.626610456,      -3.205092633,      0.2123520599
          0,           0,         128,      -5.301278557,      -2.645519514,         -3.224506,      0.1928464857
          0,           0,         129,      -5.320837844,      -2.664455018,      -3.244012947,      0.1732972583
          0,           0,         130,      -5.340506959,      -2.683444885,      -3.263571977,      0.1536437241
          0,           0,         131,       -5.36024967,      -2.702490233,      -3.283146858,      0.1339168048
          0,           0,         132,      -5.380023372,      -2.721584993,      -3.302735402,      0.1141578949
          0,           0,         133,      -5.399798893,      -2.740721208,      -3.322333985,     0.09439546109
          0,           0,         134,      -5.419555118,      -2.759889843,      -3.341931074,     0.07464955238
          0,           0,         135,      -5.439280316,      -2.779082462,      -3.361513876,     0.05493172607
          0,           0,         136,      -5.458971364,      -2.798292596,      -3.381073543,     0.03524582512
          0,           0,         137,       -5.47862914,      -2.817515607,      -3.400606645,     0.01559183815
          0,           0,         138,      -5.498254512,      -2.836747863,      -3.420113543,   -0.004030563693
          0,           0,         139,      -5.517847062,      -2.855986175,      -3.439595977,    -0.02362078781
          0,           0,         140,      -5.537405772,      -2.875227694,      -3.459055495,    -0.04317782022
          0,           0,         141,      -5.556930145,      -2.894470041,      -3.478492993,    -0.06270116626
          0,           0,         142,      -5.576420878,      -2.913711428,      -3.497908903,     -0.0821914487
          0,           0,         143,       -5.59587997,      -2.932950587,      -3.517303491,     -0.1016505151
          0,           0,         144,       -5.61531045,      -2.952186791,      -3.536677185,     -0.1210812096
          0,           0,         145,       -5.63471585,      -2.971419704,       -3.55603073,     -0.1404868912
          0,           0,         146,      -5.654099666,      -2.990649262,       -3.57536524,     -0.1598709318
          0,           0,         147,      -5.673464967,      -3.009875587,      -3.594682101,     -0.1792363277
          0,           0,         148,       -5.69281419,      -3.029098911,       -3.61398283,     -0.1985854965
          0,           0,         149,       -5.71214916,      -3.048319537,      -3.633268951,     -0.2179202737
          0,           0,         150,      -5.731471256,      -3.067537813,       -3.65254192,     -0.2372420648
          0,           0,         151,      -5.750781651,       -3.08675412,      -3.671803096,     -0.2565520709
          0,           0,         152,      -5.770081541,      -3.105968885,      -3.691053767,     -0.2758515021
          0,           0,         153,      -5.789372278,      -3.125182581,      -3.710295185,     -0.2951417145
          0,           0,         154,      -5.808655412,      -3.144395737,      -3.729528613,     -0.3144242498
          0,           0,         155,      -5.827932637,      -3.163608936,      -3.748755333,     -0.3337007895
          0,           0,         156,      -5.847205693,      -3.182822804,      -3.767976649,     -0.3529730622
          0,           0,         157,      -5.866476262,      -3.202037997,      -3.787193861,     -0.3722427408
          0,           0,         158,      -5.885745882,      -3.221255182,      -3.806408233,     -0.3915113615
          0,           0,         159,      -5.905015902,       -3.24047502,      -3.825620961,     -0.4107802759
          0,           0,         160,      -5.924287467,      -3.259698149,      -3.844833152,     -0.4300506366
          0,           0,         161,      -5.943561529,      -3.278925177,      -3.864045811,     -0.4493234056
          0,           0,         162,      -5.962838872,      -3.298156667,      -3.883259834,     -0.4685993746
          0,           0,         163,       -5.98212013,      -3.317393141,      -3.902476016,     -0.4878791881
          0,           0,         164,      -6.001405812,      -3.336635067,      -3.921695051,     -0.5071633631
          0,           0,         165,      -6.020696315,      -3.355882866,      -3.940917544,     -0.5264523055
          0,           0,         166,      -6.039991938,      -3.375136907,      -3.960144011,     -0.5457463213
          0,           0,         167,      -6.059292891,      -3.394397507,      -3.979374889,     -0.5650456276
          0,           0,         168,      -6.078599305,      -3.413664935,      -3.998610539,     -0.5843503621
          0,           0,         169,      -6.097911237,      -3.432939391,      -4.017851226,     -0.6036605902
          0,           0,         170,      -6.117228686,      -3.452220761,      -4.037097082,     -0.6229763022
          0,           0,         171,      -6.136551639,      -3.471509411,       -4.05634814,      -0.642297493
          0,           0,         172,      -6.155880024,      -3.490805506,      -4.075604725,     -0.6616240989
          0,           0,         173,      -6.175213721,      -3.510109115,      -4.094867074,     -0.6809560086
          0,           0,         174,      -6.194552602,      -3.529420256,      -4.114135259,     -0.7002930966
          0,           0,         175,      -6.213896534,      -3.548738915,      -4.133409266,     -0.7196352337
          0,           0,         176,      -6.233245386,      -3.568065052,      -4.152689056,     -0.7389822883
          0,           0,         177,      -6.252599054,      -3.587398681,      -4.171974612,     -0.7583341559
          0,           0,         178,      -6.271957421,      -3.606739659,      -4.191265907,     -0.7776907203
          0,           0,         179,      -6.291320656,      -3.626087917,      -4.210563115,     -0.7970521299
          0,           0,         180,       -6.31068896,      -3.645443426,      -4.229866205,     -0.8164185851
          0,           0,         181,      -6.330062469,       -3.66480615,      -4.249175288,     -0.8357902216
          0,           0,         182,      -6.349441145,      -3.684176024,      -4.268490473,     -0.8551670031
          0,           0,         183,      -6.368824695,      -3.703552936,      -4.287811704,     -0.8745486574
          0,           0,         184,      -6.388212696,      -3.722936743,      -4.307138824,     -0.8939347787
          0,           0,         185,      -6.407604724,      -3.742327278,      -4.326471654,     -0.9133249554
          0,           0,         186,      -6.427000444,      -3.761724364,      -4.345810018,     -0.9327188538
          0,           0,         187,      -6.446399636,      -3.781127827,      -4.365153755,     -0.9521162472
          0,           0,         188,      -6.465802172,      -3.800537498,      -4.384502726,     -0.9715170009
          0,           0,         189,      -6.485207979,      -3.819953219,       -4.40385681,      -0.990921037
          0,           0,         190,      -6.504617017,      -3.839374915,      -4.423215938,      -1.010328311
          0,           0,         191,      -6.524029242,      -3.858802366,      -4.442580065,      -1.029738777
          0,           0,         192,      -6.543444652,      -3.878235446,      -4.461949198,      -1.049152433
          0,           0,         193,      -6.562863563,      -3.897674039,      -4.481323299,      -1.068569566
          0,           0,         194,      -6.582285958,      -3.917118038,      -4.500702319,      -1.087990173
          0,           0,         195,      -6.601711729,      -3.936567366,      -4.520086305,       -1.10741416
          0,           0,         196,      -6.621140991,      -3.956021971,      -4.539475382,      -1.126841633
          0,           0,         197,      -6.640574065,      -3.975481823,      -4.558869715,      -1.146272894
          0,           0,         198,      -6.660011206,      -3.994946889,      -4.578269383,      -1.165708189
          0,           0,         199,      -6.679452494,      -4.014417123,      -4.597674427,       -1.18514761
          0,           0,         200,      -6.698897947,       -4.03389248,      -4.617084901,      -1.204591184
          0,           0,         201,      -6.718347597,      -4.053372919,      -4.636500866,      -1.224038948
          0,           0,         202,      -6.737801502,      -4.072858409,      -4.655922375,      -1.243490958
          0,           0,         203,      -6.757259728,      -4.092348923,      -4.675349473,       -1.26294728
          0,           0,         204,      -6.776722342,      -4.111844435,      -4.694782196,      -1.282407979
          0,           0,         205,      -6.796189402,      -4.131344919,      -4.714220582,      -1.301873113
          0,           0,         206,      -6.815660963,       -4.15085035,      -4.733664661,      -1.321342739
          0,           0,         207,      -6.835137079,      -4.170360703,      -4.753114462,       -1.34081691
          0,           0,         208,      -6.854617798,      -4.189875951,      -4.772570012,      -1.360295676
          0,           0,         209,      -6.874103161,      -4.209396071,      -4.792031327,      -1.379779079
          0,           0,         210,      -6.893593198,      -4.228921034,      -4.811498414,      -1.399267149
          0,           0,         211,      -6.913087922,      -4.248450813,      -4.830971272,      -1.418759902
          0,           0,         212,      -6.932587332,      -4.267985376,      -4.850449891,      -1.438257339
          0,           0,         213,      -6.952091417,      -4.287524685,      -4.869934249,      -1.457759448
          0,           0,         214,      -6.971600155,      -4.307068701,       -4.88942432,      -1.477266212
          0,           0,         215,       -6.99111352,      -4.326617382,      -4.908920065,      -1.496777604
          0,           0,         216,       -7.01063148,      -4.346170678,      -4.928421443,      -1.516293595
          0,           0,         217,      -7.030154002,      -4.365728542,      -4.947928403,      -1.535814152
          0,           0,         218,      -7.049681048,      -4.385290919,      -4.967440895,      -1.555339237
          0,           0,         219,      -7.069212576,      -4.404857753,      -4.986958862,      -1.574868811
          0,           0,         220,      -7.088748541,      -4.424428985,      -5.006482242,       -1.59440283
          0,           0,         221,      -7.108288894,      -4.444004554,      -5.026010971,      -1.613941246
          0,           0,         222,      -7.127833588,      -4.463584396,      -5.045544984,       -1.63348401
          0,           0,         223,       -7.14738257,      -4.483168446,      -5.065084212,      -1.653031073
          0,           0,         224,      -7.166935786,      -4.502756635,      -5.084628579,       -1.67258238
          0,           0,         225,      -7.186493181,      -4.522348896,      -5.104178017,      -1.692137878
          0,           0,         226,      -7.206054698,      -4.541945157,      -5.123732446,       -1.71169751
          0,           0,         227,      -7.225620279,      -4.561545347,      -5.143291791,      -1.731261219
          0,           0,         228,      -7.245189867,      -4.581149394,      -5.162855971,      -1.750828949
          0,           0,         229,      -7.264763404,      -4.600757224,       -5.18242491,      -1.770400641
          0,           0,         230,      -7.284340829,      -4.620368763,      -5.201998523,      -1.789976237
          0,           0,         231,      -7.303922082,      -4.639983936,      -5.221576733,      -1.809555675
          0,           0,         232,      -7.323507098,      -4.659602668,      -5.241159452,      -1.829138892
          0,           0,         233,      -7.343095815,      -4.679224883,        -5.2607466,      -1.848725827
          0,           0,         234,      -7.362688171,      -4.698850505,      -5.280338088,      -1.868316417
          0,           0,         235,        -7.3822841,      -4.718479458,      -5.299933835,      -1.887910598
          0,           0,         236,      -7.401883535,      -4.738111664,      -5.319533751,      -1.907508304
          0,           0,         237,      -7.421486413,      -4.757747047,       -5.33913775,       -1.92710947
          0,           0,         238,      -7.441092665,      -4.777385531,      -5.358745744,      -1.946714029
          0,           0,         239,       -7.46070222,      -4.797027038,      -5.378357648,      -1.966321912
          0,           0,         240,       -7.48031501,       -4.81667149,      -5.397973365,      -1.985933049
          0,           0,         241,      -7.499930969,      -4.836318811,      -5.417592812,      -2.005547375
          0,           0,         242,      -7.519550025,      -4.855968923,      -5.437215899,      -2.025164819
          0,           0,         243,      -7.539172106,      -4.875621749,      -5.456842534,       -2.04478531
          0,           0,         244,       -7.55879714,      -4.895277213,      -5.476472624,      -2.064408775
          0,           0,         245,      -7.578425055,      -4.914935236,      -5.496106078,      -2.084035143
          0,           0,         246,      -7.598055777,      -4.934595742,      -5.515742807,       -2.10366434
          0,           0,         247,      -7.617689228,      -4.954258653,      -5.535382717,       -2.12329629
          0,           0,         248,      -7.637325337,      -4.973923891,      -5.555025714,      -2.142930921
          0,           0,         249,       -7.65696403,      -4.993591383,      -5.574671708,      -2.162568158
          0,           0,         250,      -7.676605229,      -5.013261051,      -5.594320608,      -2.182207926
          0,           0,         251,      -7.696248859,      -5.032932816,      -5.613972318,      -2.201850149
          0,           0,         252,      -7.715894845,      -5.052606602,      -5.633626745,      -2.221494752
          0,           0,         253,      -7.735543109,      -5.072282336,        -5.6532838,      -2.241141657
          0,           0,         254,      -7.755193573,      -5.091959941,      -5.672943392,      -2.260790788
          0,           0,         255,      -7.774846163,      -5.111639338,      -5.692605419,      -2.280442069
          0,           0,         256,      -7.794500801,      -5.131320461,      -5.712269803,      -2.300095424
          0,           0,         257,       -7.81415741,      -5.151003226,      -5.731936444,      -2.319750776
          0,           0,         258,      -7.833815915,      -5.170687562,      -5.751605256,      -2.339408049
          0,           0,         259,      -7.853476239,      -5.190373399,      -5.771276146,      -2.359067165
          0,           0,         260,      -7.873138306,      -5.210060659,      -5.790949028,      -2.378728051
          0,           0,         261,      -7.892802042,       -5.22974927,      -5.810623807,      -2.398390631
          0,           0,         262,      -7.912467368,      -5.249439161,      -5.830300402,      -2.418054829
          0,           0,         263,      -7.932134219,      -5.269130267,      -5.849978725,      -2.437720578
          0,           0,         264,      -7.951802525,      -5.288822507,      -5.869658687,      -2.457387805
          0,           0,         265,      -7.971472203,      -5.308515818,      -5.889340206,      -2.477056431
          0,           0,         266,      -7.991143184,      -5.328210132,      -5.909023202,      -2.496726388
          0,           0,         267,      -8.010815406,      -5.347905378,       -5.92870759,       -2.51639761
          0,           0,         268,      -8.030488793,      -5.367601488,      -5.948393285,      -2.536070023
          0,           0,         269,      -8.050163273,      -5.387298403,       -5.96808021,      -2.555743556
          0,           0,         270,      -8.069838778,       -5.40699605,       -5.98776828,      -2.575418137
          0,           0,         271,       -8.08951524,      -5.426694372,      -6.007457427,      -2.595093705
          0,           0,         272,      -8.109192607,      -5.446393302,      -6.027147572,      -2.614770201
          0,           0,         273,      -8.128870818,      -5.466092778,      -6.046838652,      -2.634447566
          0,           0,         274,      -8.148549802,       -5.48579274,      -6.066530573,      -2.654125726
          0,           0,         275,      -8.168229486,      -5.505493135,      -6.086223263,      -2.673804616
          0,           0,         276,      -8.187909816,      -5.525193893,       -6.10591667,      -2.693484177
          0,           0,         277,      -8.207590744,      -5.544894969,      -6.125610723,      -2.713164357
          0,           0,         278,      -8.227272217,      -5.564596296,      -6.145305349,      -2.732845106
          0,           0,         279,      -8.246954176,      -5.584297835,       -6.16500048,      -2.752526369
          0,           0,         280,      -8.266636539,       -5.60399952,      -6.184696061,      -2.772208058
          0,           0,         281,      -8.286319281,      -5.623701302,      -6.204392023,      -2.791890146
          0,           0,         282,      -8.306002351,      -5.643403137,      -6.224088305,       -2.81157259
          0,           0,         283,      -8.325685698,      -5.663104966,      -6.243784876,      -2.831255329
          0,           0,         284,      -8.345369266,      -5.682806753,       -6.26348163,      -2.850938317
          0,           0,         285,         -8.365053,      -5.702508439,      -6.283178551,       -2.87062149
          0,           0,         286,      -8.384736852,       -5.72220999,      -6.302875558,      -2.890304808
          0,           0,         287,      -8.404420783,      -5.741911359,      -6.322572632,      -2.909988223
          0,           0,         288,      -8.424104767,      -5.761612509,      -6.342269675,      -2.929671713
          0,           0,         289,      -8.443788754,      -5.781313382,      -6.361966677,      -2.949355225
          0,           0,         290,      -8.463472699,      -5.801013957,      -6.381663598,      -2.969038718
          0,           0,         291,      -8.483156565,      -5.820714188,      -6.401360352,      -2.988722148
          0,           0,         292,      -8.502840302,      -5.840414034,      -6.421056931,      -3.008405474
          0,           0,         293,      -8.522523893,      -5.860113484,      -6.440753283,      -3.028088676
          0,           0,         294,      -8.542207297,      -5.879812482,      -6.460449359,      -3.047771704
          0,           0,         295,      -8.561890483,      -5.899510976,      -6.480145111,      -3.067454533
          0,           0,         296,       -8.58157343,      -5.919208983,      -6.499840565,      -3.087137145
          0,           0,         297,      -8.601256091,      -5.938906437,      -6.519535598,      -3.106819485
          0,           0,         298,       -8.62093843,      -5.958603338,      -6.539230214,      -3.126501528
          0,           0,         299,       -8.64062043,      -5.978299629,      -6.558924396,      -3.146183243
          0,           0,         300,      -8.660302056,      -5.997995299,      -6.578618086,      -3.165864607
          0,           0,         301,      -8.679983296,      -6.017690327,      -6.598311281,        -3.1855456
          0,           0,         302,      -8.699664113,      -6.037384675,      -6.618003951,      -3.205226176
          0,           0,         303,      -8.719344472,      -6.057078334,      -6.637696023,      -3.224906323
          0,           0,         304,      -8.739024361,      -6.076771282,      -6.657387499,      -3.244586006
          0,           0,         305,      -8.758703779,        -6.0964635,      -6.677078357,      -3.264265248
          0,           0,         306,      -8.778382682,      -6.116154964,        -6.6967686,      -3.283943981
          0,           0,         307,      -8.798061057,      -6.135845649,      -6.716458182,      -3.303622196
          0,           0,         308,      -8.817738927,      -6.155535558,      -6.736147044,      -3.323299924
          0,           0,         309,      -8.837416272,      -6.175224665,      -6.755835231,      -3.342977132
          0,           0,         310,       -8.85709303,      -6.194912964,      -6.775522689,      -3.362653766
          0,           0,         311,      -8.876769153,      -6.214600453,      -6.795209517,      -3.382329797
          0,           0,         312,      -8.896444657,       -6.23428707,      -6.814895446,      -3.402005207
          0,           0,         313,      -8.916119619,      -6.253972853,       -6.83458066,      -3.421680083
          0,           0,         314,      -8.935793976,      -6.273657789,      -6.854265136,      -3.441354382
          0,           0,         315,        -8.9554677,      -6.293341839,      -6.873948802,      -3.461028039
          0,           0,         316,      -8.975140723,      -6.313025021,      -6.893631658,       -3.48070103
          0,           0,         317,      -8.994813129,      -6.332707339,      -6.913313769,      -3.500373394
          0,           0,         318,      -9.014484836,      -6.352388757,      -6.932995007,      -3.520045075
          0,           0,         319,      -9.034155844,      -6.372069252,      -6.952675322,      -3.539716068
          0,           0,         320,      -9.053826205,      -6.391748861,      -6.972354934,      -3.559386427
          0,           0,         321,       -9.07349599,      -6.411427602,      -6.992033653,      -3.579056198
          0,           0,         322,      -9.093165122,       -6.43110544,      -7.011711584,      -3.598725353
          0,           0,         323,      -9.112833568,       -6.45078236,      -7.031388637,      -3.618393817
          0,           0,         324,       -9.13250126,      -6.470458368,      -7.051064862,      -3.638061523
          0,           0,         325,      -9.152168164,       -6.49013348,      -7.070740181,      -3.657728475
          0,           0,         326,      -9.171834424,      -6.509807689,      -7.090414667,      -3.677394782
          0,           0,         327,      -9.191500039,      -6.529481033,      -7.110088282,      -3.697060466
          0,           0,         328,      -9.211164942,      -6.549153371,      -7.129760991,       -3.71672541
          0,           0,         329,      -9.230829175,      -6.568824936,      -7.149433007,      -3.736389756
          0,           0,         330,      -9.250492867,      -6.588495577,      -7.169104133,      -3.756053482
          0,           0,         331,      -9.270155762,      -6.608165244,       -7.18877434,      -3.775716414
          0,           0,         332,      -9.289817992,      -6.627834112,      -7.208443714,      -3.795378746
          0,           0,         333,      -9.309479597,      -6.647502075,      -7.228112268,       -3.81504043
          0,           0,         334,       -9.32914039,       -6.66716914,      -7.247779934,      -3.834701324
          0,           0,         335,      -9.348800381,      -6.686835378,       -7.26744683,      -3.854361441
          0,           0,         336,      -9.368459792,      -6.706500647,      -7.287112586,      -3.874020889
          0,           0,         337,      -9.388118603,      -6.726165132,      -7.306777991,      -3.893679855
          0,           0,         338,      -9.407776761,      -6.745828843,      -7.326442311,      -3.913338116
          0,           0,         339,      -9.427434354,      -6.765491715,      -7.346105906,      -3.932995843
          0,           0,         340,      -9.447091328,       -6.78515366,      -7.365768564,      -3.952652894
          0,           0,         341,       -9.46674765,      -6.804814876,       -7.38543075,      -3.972309342
          0,           0,         342,      -9.486403541,      -6.824475247,      -7.405091815,      -3.991965319
          0,           0,         343,      -9.506058798,      -6.844134828,      -7.424752452,       -4.01162073
          0,           0,         344,      -9.525713188,      -6.863793616,      -7.444412185,      -4.031275241
          0,           0,         345,      -9.545366844,       -6.88345161,      -7.464071071,      -4.050929018
          0,           0,         346,       -9.56501958,      -6.903108771,      -7.483728956,      -4.070581891
          0,           0,         347,      -9.584671891,      -6.922765293,      -7.503386329,      -4.090234385
          0,           0,         348,      -9.604323759,       -6.94242094,      -7.523042833,      -4.109886348
          0,           0,         349,      -9.623975111,      -6.962075989,      -7.542698623,      -4.129537869
          0,           0,         350,      -9.643625987,       -6.98173016,      -7.562354003,      -4.149188847
          0,           0,         351,      -9.663276511,      -7.001383728,      -7.582008424,      -4.168839502
          0,           0,         352,       -9.68292649,      -7.021036601,      -7.601662571,      -4.188489629
          0,           0,         353,      -9.702576061,      -7.040688727,      -7.621315502,      -4.208139302
          0,           0,         354,      -9.722224406,      -7.060340299,      -7.640968299,      -4.227787876
          0,           0,         355,      -9.741872296,      -7.079990997,      -7.660619787,      -4.247435861
          0,           0,         356,      -9.761519759,      -7.099641198,      -7.680270698,      -4.267083518
          0,           0,         357,      -9.781167004,      -7.119290638,      -7.699921543,      -4.286730829
          0,           0,         358,      -9.800813542,      -7.138939491,      -7.719571395,      -4.306377549
          0,           0,         359,      -9.820459581,      -7.158587823,      -7.739220495,      -4.326023754
          0,           0,         360,      -9.840105054,      -7.178235531,      -7.758869205,      -4.345669346
          0,           0,         361,      -9.859749904,      -7.197882563,      -7.778516928,      -4.365314344
          0,           0,         362,      -9.879394434,      -7.217528936,      -7.798164768,      -4.384958963
          0,           0,         363,      -9.899038473,      -7.237174858,      -7.817811496,      -4.404603219
          0,           0,         364,      -9.918683046,      -7.256820243,      -7.837457989,      -4.424247833
          0,           0,         365,      -9.938327334,      -7.276465388,      -7.857104381,      -4.443892223
          0,           0,         366,      -9.957971099,       -7.29610953,      -7.876749624,      -4.463536082
          0,           0,         367,      -9.977613528,      -7.315753733,      -7.896394735,      -4.483178692
          0,           0,         368,       -9.99725486,      -7.335397041,      -7.916039301,      -4.502820289
          0,           0,         369,      -10.01689625,      -7.355039775,       -7.93568261,      -4.522461771
          0,           0,         370,      -10.03653762,      -7.374682227,       -7.95532652,      -4.542103335
          0,           0,         371,      -10.05617887,      -7.394324115,      -7.974968951,      -4.561744707
          0,           0,         372,      -10.07581894,      -7.413965435,      -7.994610959,      -4.581384887
          0,           0,         373,      -10.09545912,      -7.433606505,      -8.014252446,      -4.601025162
          0,           0,         374,      -10.11510022,      -7.453247356,      -8.033895582,      -4.620666462
          0,           0,         375,      -10.13474073,      -7.472887231,      -8.053536067,      -4.640306871
          0,           0,         376,      -10.15438028,      -7.492527302,      -8.073177064,      -4.659946789
          0,           0,         377,      -10.17401941,      -7.512166766,      -8.092817843,      -4.679586035
          0,           0,         378,      -10.19365831,      -7.531806009,      -8.112457722,      -4.699224991
          0,           0,         379,      -10.21329616,      -7.551444447,       -8.13209766,      -4.718862887
          0,           0,         380,      -10.23293421,      -7.571083208,      -8.151737284,      -4.738501298
          0,           0,         381,       -10.2525726,       -7.59072118,      -8.171375401,      -4.758139716
          0,           0,         382,      -10.27221103,      -7.610358749,      -8.191013998,      -4.777778141
          0,           0,         383,      -10.29184869,      -7.629996272,      -8.210652621,      -4.797415922
          0,           0,         384,      -10.31148546,      -7.649633282,      -8.230290404,      -4.817053037
          0,           0,         385,      -10.33112163,      -7.669270037,      -8.249928071,      -4.836689114
          0,           0,         386,      -10.35075693,      -7.688905939,      -8.269563936,      -4.856324636
          0,           0,         387,      -10.37039243,      -7.708542405,      -8.289202043,      -4.875960482
          0,           0,         388,      -10.39002926,      -7.728178477,      -8.308838232,      -4.895597253
          0,           0,         389,      -10.40966645,      -7.747813877,       -8.32847484,      -4.915234069
          0,           0,         390,       -10.4293032,      -7.767449693,      -8.348110806,      -4.934870979
          0,           0,         391,      -10.44893871,      -7.787085194,      -8.367747098,      -4.954507004
          0,           0,         392,      -10.46857368,      -7.806720277,      -8.387383554,      -4.974141949
          0,           0,         393,      -10.48820891,      -7.826354501,      -8.407019138,      -4.993777362
          0,           0,         394,      -10.50784605,      -7.845989973,      -8.426654447,      -5.013414856
          0,           0,         395,      -10.52748368,      -7.865624619,      -8.446290606,      -5.033052184
          0,           0,         396,      -10.54711876,      -7.885258289,      -8.465924883,      -5.052686959
          0,           0,         397,      -10.56675197,      -7.904892212,      -8.485561172,      -5.072320426
          0,           0,         398,      -10.58638509,      -7.924526386,      -8.505196263,      -5.091954013
          0,           0,         399,      -10.60602037,      -7.944160325,      -8.524830019,      -5.111588804
          0,           0,         400,      -10.62565552,      -7.963793971,      -8.544463692,      -5.131224262
          0,           0,         401,        -10.645289,      -7.983427431,      -8.564096403,      -5.150857446
          0,           0,         402,      -10.66492346,      -8.003061717,      -8.583731096,      -5.170492859
          0,           0,         403,      -10.68455809,      -8.022694153,      -8.603367528,      -5.190127008
          0,           0,         404,      -10.70419249,      -8.042327419,      -8.623002014,      -5.209761631
          0,           0,         405,      -10.72382531,      -8.061960181,      -8.642630744,      -5.229394532
          0,           0,         406,      -10.74345673,      -8.081593672,      -8.662267504,        -5.2490264
          0,           0,         407,       -10.7630906,      -8.101226093,        -8.6818997,      -5.268660253
          0,           0,         408,      -10.78272658,      -8.120859795,      -8.701534965,      -5.288296027
          0,           0,         409,      -10.80236081,      -8.140491576,      -8.721162629,      -5.307929444
          0,           0,         410,      -10.82200017,      -8.160124171,      -8.740799027,      -5.327568526
          0,           0,         411,      -10.84163859,      -8.179756521,      -8.760435222,       -5.34720726
          0,           0,         412,      -10.86126958,      -8.199392099,      -8.780071485,      -5.366839822
          0,           0,         413,      -10.88089751,      -8.219022804,      -8.799702656,      -5.386467091
          0,           0,         414,      -10.90052859,      -8.238656096,       -8.81933109,      -5.406098561
          0,           0,         415,      -10.92016367,      -8.258289258,      -8.838967085,      -5.425734191
          0,           0,         416,      -10.93979874,      -8.277918745,      -8.858596083,      -5.445367255
          0,           0,         417,      -10.95943023,      -8.297553252,       -8.87823181,      -5.465000731
          0,           0,         418,      -10.97906391,      -8.317183289,       -8.89786293,      -5.484633509
          0,           0,         419,      -10.99870079,      -8.336819107,      -8.917498945,       -5.50427044
          0,           0,         420,      -11.01833115,       -8.35645077,      -8.937132111,      -5.523901048
          0,           0,         421,      -11.03795923,      -8.376081901,      -8.956760237,      -5.543529724
          0,           0,         422,       -11.0575961,      -8.395713857,      -8.976394994,      -5.563165756
          0,           0,         423,      -11.07723304,      -8.415346632,      -8.996027658,      -5.582803134
          0,           0,         424,      -11.09686649,      -8.434978525,      -9.015662939,      -5.602436508
          0,           0,         425,      -11.11650122,      -8.454614826,      -9.035291542,      -5.622073517
          0,           0,         426,      -11.13613305,      -8.474243905,      -9.054925085,      -5.641702142
          0,           0,         427,      -11.15575859,      -8.493875166,      -9.074561503,      -5.661329715
          0,           0,         428,      -11.17538983,      -8.513507672,      -9.094188478,      -5.680959577
          0,           0,         429,      -11.19502611,      -8.533140173,      -9.113825641,       -5.70059605
          0,           0,         430,      -11.21466589,      -8.552776077,      -9.133450235,      -5.720236769
          0,           0,         431,      -11.23430497,      -8.572410258,      -9.153086325,      -5.739875442
          0,           0,         432,      -11.25394052,       -8.59204099,      -9.172730246,      -5.759510951
          0,           0,         433,      -11.27357046,      -8.611670926,      -9.192361947,      -5.779140375
          0,           0,         434,      -11.29320172,      -8.631305784,      -9.211990354,      -5.798771547
          0,           0,         435,      -11.31283194,      -8.650937862,      -9.231627711,      -5.818401886
          0,           0,         436,      -11.33246033,      -8.670566673,      -9.251238447,      -5.838028714
          0,           0,         437,      -11.35208768,      -8.690203421,      -9.270887304,      -5.857660633
          0,           0,         438,       -11.3717254,      -8.709832409,      -9.290524805,      -5.877295256
          0,           0,         439,      -11.39136691,      -8.729467638,       -9.31015022,      -5.896938696
          0,           0,         440,      -11.41101947,      -8.749105058,      -9.329791501,      -5.916589701
          0,           0,         441,      -11.43065574,      -8.768736217,      -9.349428788,      -5.936223634
          0,           0,         442,      -11.45027283,      -8.788367339,      -9.369064112,      -5.955843413
          0,           0,         443,      -11.46990262,      -8.808002766,      -9.388679712,      -5.975471664
          0,           0,         444,      -11.48955541,      -8.827635634,      -9.408317137,      -5.995123017
          0,           0,         445,       -11.5091965,      -8.847269967,      -9.427957451,      -6.014762273
          0,           0,         446,      -11.52882164,      -8.866895308,      -9.447595481,      -6.034389998
          0,           0,         447,      -11.54843277,      -8.886540947,      -9.467221897,      -6.054008777
          0,           0,         448,        -11.568044,      -8.906165971,      -9.486857958,      -6.073615859
          0,           0,         449,      -11.58767842,       -8.92579568,      -9.506462994,      -6.093250442
          0,           0,         450,      -11.60731389,      -8.945434231,      -9.526105523,      -6.112885477
          0,           0,         451,      -11.62695548,      -8.965064946,      -9.545748445,      -6.132529676
          0,           0,         452,      -11.64663195,      -8.984701982,      -9.565396687,      -6.152200371
          0,           0,         453,      -11.66629667,      -9.004341594,      -9.585014877,      -6.171865576
          0,           0,         454,      -11.68591693,      -9.023966839,      -9.604663368,      -6.191488855
          0,           0,         455,      -11.70555529,      -9.043606592,      -9.624305588,      -6.211123154
          0,           0,         456,      -11.72519065,      -9.063244556,      -9.643965102,      -6.230759704
          0,           0,         457,      -11.74480545,      -9.082878769,       -9.66359284,      -6.250377675
          0,           0,         458,      -11.76442203,      -9.102508046,      -9.683199894,      -6.269999565
          0,           0,         459,      -11.78407347,      -9.122143044,       -9.70284287,      -6.289638436
          0,           0,         460,      -11.80369532,      -9.141792048,      -9.722486685,      -6.309265427
          0,           0,         461,      -11.82333007,      -9.161419422,      -9.742136767,      -6.328899541
          0,           0,         462,      -11.84297125,      -9.181036019,      -9.761713075,      -6.348537906
          0,           0,         463,      -11.86259348,      -9.200682689,      -9.781382083,      -6.368167529
          0,           0,         464,       -11.8821927,      -9.220321081,      -9.800989742,      -6.387769485
          0,           0,         465,      -11.90181066,       -9.23995436,       -9.82061091,      -6.407385901
          0,           0,         466,      -11.92146625,      -9.259594901,      -9.840256174,      -6.427036844
          0,           0,         467,      -11.94115781,      -9.279218813,      -9.859891002,      -6.446714544
          0,           0,         468,      -11.96083636,      -9.298858837,      -9.879566609,      -6.466403839
          0,           0,         469,      -11.98043261,      -9.318487567,      -9.899196804,      -6.486006294
          0,           0,         470,       -12.0000713,      -9.338143786,      -9.918813044,      -6.505650288
          0,           0,         471,      -12.01967474,      -9.357760592,      -9.938421975,      -6.525246529
          0,           0,         472,      -12.03927976,      -9.377420688,      -9.958063362,      -6.544861052
          0,           0,         473,      -12.05887665,      -9.397036751,      -9.977711659,      -6.564455501
          0,           0,         474,      -12.07854743,      -9.416645578,      -9.997348001,       -6.58410126
          0,           0,         475,      -12.09821363,      -9.436307839,      -10.01698006,      -6.603785628
          0,           0,         476,      -12.11789119,      -9.455915177,      -10.03655891,      -6.623451244
          0,           0,         477,       -12.1375505,      -9.475584895,      -10.05621543,      -6.643130834
          0,           0,         478,      -12.15713966,       -9.49520002,      -10.07585021,      -6.662696716
          0,           0,         479,      -12.17673407,      -9.514816794,      -10.09548563,      -6.682301705
          0,           0,         480,      -12.19643506,      -9.534506904,      -10.11521672,      -6.701988969
          0,           0,         481,      -12.21608212,      -9.554137893,      -10.13475352,      -6.721651005
          0,           0,         482,      -12.23576721,      -9.573769882,      -10.15438103,      -6.741315083
          0,           0,         483,      -12.25540626,      -9.593383466,       -10.1741242,      -6.760971668
          0,           0,         484,      -12.27503502,      -9.613034229,      -10.19368527,      -6.780616404
          0,           0,         485,      -12.29462656,      -9.632663941,      -10.21336978,      -6.800198454
          0,           0,         486,        -12.314159,      -9.652294606,      -10.23297705,      -6.819710112
          0,           0,         487,      -12.33375085,      -9.671953837,      -10.25260776,      -6.839349618
          0,           0,         488,      -12.35346054,      -9.691521219,      -10.27205588,      -6.858991153
          0,           0,         489,      -12.37315644,      -9.711191392,      -10.29185329,       -6.87871449
          0,           0,         490,      -12.39279729,      -9.730817644,      -10.31149564,      -6.898366847
          0,           0,         491,      -12.41247644,      -9.750489571,      -10.33108736,      -6.918027385
          0,           0,         492,       -12.4321422,      -9.770120723,      -10.35085397,       -6.93773614
          0,           0,         493,      -12.45177901,       -9.78975315,      -10.37039977,      -6.957314625
          0,           0,         494,       -12.4713016,      -9.809428132,      -10.39003294,      -6.976873985
          0,           0,         495,      -12.49077141,      -9.829067421,      -10.40963077,      -6.996352386
          0,           0,         496,      -12.51047128,      -9.848637834,       -10.4292216,      -7.016043851
          0,           0,         497,      -12.53023513,      -9.868254867,      -10.44882826,      -7.035813544
          0,           0,         498,      -12.55008014,      -9.887954245,      -10.46870259,      -7.055652827
          0,           0,         499,      -12.56970951,      -9.907566891,      -10.48824892,      -7.075259409
          0,           0,         500,      -12.58910457,      -9.927196564,      -10.50782926,      -7.094690716
          0,           0,         501,      -12.60853045,      -9.946742607,      -10.52735985,      -7.114054078
          0,           0,         502,      -12.62813021,      -9.966446836,      -10.54686061,      -7.133718826
          0,           0,         503,      -12.64791094,      -9.986080588,      -10.56668984,      -7.153457203
          0,           0,         504,      -12.66753177,      -10.00564812,      -10.58608292,      -7.173122539
          0,           0,         505,       -12.6874052,      -10.02542817,      -10.60602316,      -7.193012327
          0,           0,         506,      -12.70737632,      -10.04510618,      -10.62569902,      -7.212941936
          0,           0,         507,      -12.72690956,      -10.06470244,      -10.64542684,      -7.232504924
          0,           0,         508,      -12.74644354,        -10.084254,      -10.66497051,      -7.252021021
          0,           0,         509,      -12.76591931,       -10.1040529,      -10.68445716,      -7.271521832
          0,           0,         510,      -12.78533305,      -10.12361284,      -10.70407191,      -7.290947141
          0,           0,         511,      -12.80481268,      -10.14327174,      -10.72372384,      -7.310450975
          0,           0,         512,      -12.82449798,      -10.16277601,      -10.74304022,      -7.330084585
          0,           0,         513,      -12.84437164,      -10.18241787,        -10.762586,      -7.349853128
          0,           0,         514,      -12.86388474,      -10.20215421,      -10.78260046,       -7.36951731
          0,           0,         515,      -12.88339351,      -10.22168152,      -10.80187233,      -7.389000544
          0,           0,         516,      -12.90289802,      -10.24125076,      -10.82149539,      -7.408498042
          0,           0,         517,      -12.92252615,      -10.26086178,      -10.84071664,      -7.428080287
          0,           0,         518,      -12.94217633,      -10.28051235,      -10.86075652,      -7.447705918
          0,           0,         519,      -12.96181785,       -10.3002121,      -10.88008943,      -7.467423846
          0,           0,         520,      -12.98196736,      -10.31992157,      -10.89959616,      -7.487519706
          0,           0,         521,      -13.00166293,      -10.33953359,      -10.91970499,      -7.507188001
          0,           0,         522,       -13.0205919,      -10.35912087,      -10.93914611,      -7.526159754
          0,           0,         523,      -13.03980924,      -10.37869915,       -10.9590498,      -7.545493742
          0,           0,         524,      -13.05960104,      -10.39835913,      -10.97802973,      -7.565172695
          0,           0,         525,      -13.08041747,      -10.41824956,      -10.99764614,      -7.585964114
          0,           0,         526,      -13.10052831,       -10.4376958,      -11.01772566,      -7.606140196
          0,           0,         527,      -13.12057652,      -10.45742436,      -11.03714196,      -7.626035308
          0,           0,         528,      -13.14066321,      -10.47720342,      -11.05783828,      -7.646235265
          0,           0,         529,      -13.15991759,      -10.49689725,      -11.07665833,      -7.665310958
          0,           0,         530,       -13.1789243,      -10.51667426,      -11.09584167,       -7.68449106
          0,           0,         531,      -13.19772864,      -10.53595165,      -11.11511222,      -7.703264502
          0,           0,         532,      -13.21613753,      -10.55560462,      -11.13496632,      -7.721789384
          0,           0,         533,      -13.23550156,      -10.57515726,      -11.15411263,      -7.741113645
          0,           0,         534,      -13.25560803,      -10.59450821,      -11.17335014,      -7.761060776
          0,           0,         535,      -13.27532027,      -10.61431788,      -11.19169896,      -7.780802025
          0,           0,         536,      -13.29434467,        -10.633947,      -11.21204531,      -7.799898785
          0,           0,         537,       -13.3149111,      -10.65339034,      -11.23226165,      -7.820457506
          0,           0,         538,      -13.33530888,      -10.67320079,      -11.25246368,      -7.841009467
          0,           0,         539,      -13.35557025,      -10.69270121,      -11.27074648,      -7.860989209
          0,           0,         540,      -13.37562936,      -10.71231193,      -11.29048926,       -7.88132256
          0,           0,         541,      -13.39410587,      -10.73208954,      -11.30929464,      -7.899767782
          0,           0,         542,      -13.41327066,      -10.75148826,      -11.32836291,      -7.918900839
          0,           0,         543,      -13.43246044,      -10.77094713,      -11.34682791,      -7.938075738
          0,           0,         544,      -13.45197663,      -10.79029109,      -11.36625703,       -7.95729172
          0,           0,         545,      -13.47293043,       -10.8104772,      -11.38699991,      -7.978504831
          0,           0,         546,      -13.49450654,      -10.83028915,      -11.40596338,      -8.000104012
          0,           0,         547,      -13.51356579,       -10.8499109,      -11.42568129,      -8.019167439
          0,           0,         548,      -13.53211888,      -10.86972451,      -11.44411396,       -8.03790702
          0,           0,         549,      -13.54942559,      -10.88932912,      -11.46325991,      -8.055510353
          0,           0,         550,      -13.56740595,      -10.90807158,      -11.48024642,      -8.073226945
          0,           0,         551,      -13.58716573,       -10.9281067,      -11.49990625,      -8.092442282
          0,           0,         552,       -13.6059752,      -10.94705172,      -11.51868038,       -8.11205004
          0,           0,         553,      -13.62515761,      -10.96608634,      -11.53491509,      -8.131054332
          0,           0,         554,      -13.64645847,       -10.9862243,      -11.55555839,      -8.152077227
          0,           0,         555,      -13.66560818,      -11.00475653,      -11.57471564,      -8.171101828
          0,           0,         556,      -13.68486409,      -11.02498065,      -11.58942761,      -8.190017605
          0,           0,         557,      -13.70441863,      -11.04375727,      -11.60912528,      -8.209853266
          0,           0,         558,       -13.7240866,      -11.06464007,      -11.62950839,      -8.229906774
          0,           0,         559,      -13.74384074,      -11.08338261,      -11.64593563,      -8.249212641
          0,           0,         560,      -13.76034938,      -11.10213364,      -11.66378299,      -8.266025374
          0,           0,         561,      -13.78089156,      -11.12176362,      -11.68174214,      -8.285697087
          0,           0,         562,      -13.79954005,      -11.14245741,      -11.70023166,      -8.305785814
          0,           0,         563,      -13.81766928,      -11.16092882,      -11.71656044,      -8.323687234
          0,           0,         564,       -13.8348589,      -11.17859716,      -11.73169861,      -8.339811254
          0,           0,         565,        -13.851806,      -11.19789748,      -11.74665143,      -8.357313187
          0,           0,         566,      -13.87393289,      -11.21900382,      -11.76990855,      -8.379839872
          0,           0,         567,      -13.89948196,      -11.23781627,      -11.78758305,       -8.40420855
          0,           0,         568,      -13.91874078,      -11.25835743,      -11.79880214,      -8.424269378
          0,           0,         569,      -13.93639524,      -11.27550241,      -11.82060007,      -8.442337695
          0,           0,         570,      -13.95858457,      -11.29680239,      -11.83754366,      -8.465493045
          0,           0,         571,      -13.98132874,      -11.31585388,      -11.85225533,      -8.485618862
          0,           0,         572,      -13.99995273,      -11.33467732,      -11.87012456,      -8.505904371
          0,           0,         573,      -14.01559528,      -11.35340794,      -11.88113211,      -8.520734927
          0,           0,         574,      -14.03350825,      -11.37404112,      -11.89704798,      -8.539178229
          0,           0,         575,      -14.04673143,      -11.39085711,      -11.91085163,      -8.553689514
          0,           0,         576,      -14.05861129,      -11.40977327,      -11.92945557,      -8.564092727
          0,           0,         577,       -14.0770029,      -11.42695511,       -11.9350507,      -8.582240374
          0,           0,         578,      -14.09443191,      -11.44526384,      -11.94363097,      -8.600026873
          0,           0,         579,      -14.12098157,      -11.46532865,      -11.96355036,      -8.625492404
          0,           0,         580,      -14.13744388,      -11.48310779,      -11.97295739,      -8.640768393
          0,           0,         581,      -14.15040286,      -11.49990232,      -11.98942105,       -8.65572435
          0,           0,         582,      -14.16447946,      -11.52044028,      -11.98935967,      -8.671046558
          0,           0,         583,      -14.18337586,      -11.53714069,       -12.0103273,      -8.688141464
          0,           0,         584,       -14.2060907,      -11.55758757,      -12.01437504,      -8.712755542
          0,           0,         585,      -14.22080198,      -11.57515855,      -12.02637559,      -8.725856012
          0,           0,         586,      -14.23959854,      -11.58795712,      -12.04565138,       -8.74536492
          0,           0,         587,      -14.25238646,      -11.61081062,      -12.05102751,      -8.758438543
          0,           0,         588,      -14.26335631,      -11.62502324,       -12.0580392,      -8.769418459
          0,           0,         589,      -14.28034797,      -11.63963338,      -12.06303029,      -8.785012011
          0,           0,         590,      -14.31099634,      -11.66397766,      -12.08378611,        -8.8186362
          0,           0,         591,      -14.33593922,      -11.67737489,      -12.08814784,      -8.839324944
          0,           0,         592,      -14.33555131,       -11.6953846,      -12.09572988,      -8.845976708
          0,           0,         593,      -14.33947057,      -11.70740462,      -12.09835141,      -8.846717282
          0,           0,         594,      -14.34698022,      -11.71994271,      -12.09317075,      -8.852335872
          0,           0,         595,      -14.36593796,       -11.7415255,      -12.11824082,      -8.872674026
          0,           0,         596,      -14.38354309,      -11.75393122,      -12.12049648,      -8.888116106
          0,           0,         597,      -14.41381539,      -11.77591971,       -12.1266617,      -8.921423811
          0,           0,         598,      -14.43251964,      -11.79112018,      -12.12694112,      -8.939969852
          0,           0,         599,      -14.44663661,      -11.80443467,      -12.14487131,      -8.949168195
          0,           0,         600,      -14.42950402,      -11.81550951,       -12.1172496,      -8.938339119
