VARIABLES = \
"Time_Iter","Outer_Iter","Inner_Iter",    "rms[Rho]"    ,    "rms[RhoU]"   ,    "rms[RhoV]"   ,    "rms[RhoE]"   
          0,           0,           0,      -1.512024307,      0.7486472457,      0.9855581536,       3.947603896
          0,           0,           1,      -1.973065683,      0.3889442565,      0.5790643886,       3.503400761
          0,           0,           2,      -2.227008235,      0.1676339833,      0.3353954879,         3.2546635
          0,           0,           3,      -2.386745554,     0.01133908777,      0.1456857893,       3.094401519
          0,           0,           4,      -2.544795012,     -0.1325324811,    -0.03151014079,       2.935641802
          0,           0,           5,      -2.701609308,     -0.2621138497,     -0.1998649147,       2.777504967
          0,           0,           6,      -2.850268929,     -0.3837155935,     -0.3603140985,        2.62690644
          0,           0,           7,      -2.997832746,     -0.5009006901,     -0.5173534587,       2.477787173
          0,           0,           8,      -3.150203908,     -0.6103690134,     -0.6706643635,       2.324584381
          0,           0,           9,      -3.302573222,     -0.7111001916,     -0.8214470693,       2.171351601
          0,           0,          10,      -3.449860126,     -0.8037836045,     -0.9702428086,       2.022779619
          0,           0,          11,      -3.590789909,     -0.8871757096,      -1.115966834,       1.880369277
          0,           0,          12,      -3.723833784,      -0.958990957,      -1.257195187,       1.745802704
          0,           0,          13,      -3.846796226,      -1.019764054,      -1.392332321,       1.621372836
          0,           0,          14,      -3.959023124,       -1.07286554,       -1.52002572,       1.507978166
          0,           0,          15,      -4.061666212,       -1.12146034,      -1.639301602,        1.40477418
          0,           0,          16,      -4.155179834,      -1.166713426,       -1.74893656,        1.31156957
          0,           0,          17,      -4.238391422,      -1.208604272,      -1.847029122,       1.229571709
          0,           0,          18,      -4.310389474,      -1.247407372,      -1.932313001,       1.159248483
          0,           0,          19,      -4.371819399,      -1.284143687,      -2.005404467,       1.099194907
          0,           0,          20,      -4.424655953,      -1.320095492,      -2.068264592,         1.0468806
          0,           0,          21,      -4.471605522,       -1.35620642,      -2.123380513,      0.9995665389
          0,           0,          22,      -4.515298606,      -1.392806324,      -2.173275956,      0.9550109861
          0,           0,          23,      -4.557547604,      -1.429694437,       -2.22021754,      0.9119162639
          0,           0,          24,      -4.599191678,      -1.466411309,      -2.266158524,      0.8697967044
          0,           0,          25,      -4.640389307,      -1.502513678,      -2.312662632,      0.8285558093
          0,           0,          26,       -4.68093757,      -1.537712809,       -2.36060618,      0.7882173278
          0,           0,          27,      -4.720455531,      -1.571869285,      -2.409954541,      0.7489149906
          0,           0,          28,       -4.75850594,      -1.604916415,      -2.459892764,      0.7109216881
          0,           0,          29,      -4.794711339,      -1.636790646,      -2.509248102,      0.6745901935
          0,           0,          30,      -4.828837758,      -1.667405673,      -2.556918595,      0.6402261234
          0,           0,          31,      -4.860808485,      -1.696665421,      -2.602112738,      0.6079981497
          0,           0,          32,      -4.890657118,      -1.724494004,      -2.644353237,      0.5779266582
          0,           0,          33,      -4.918467935,      -1.750861544,      -2.683335048,      0.5499272199
          0,           0,          34,      -4.944342206,      -1.775795115,      -2.718793124,      0.5238650702
          0,           0,          35,      -4.968402156,      -1.799373855,      -2.750471325,      0.4995843844
          0,           0,          36,      -4.990811181,      -1.821716397,      -2.778212178,      0.4769118462
          0,           0,          37,      -5.011783742,      -1.842962391,      -2.802094195,      0.4556508778
          0,           0,          38,      -5.031572844,      -1.863256551,      -2.822510428,      0.4355844528
          0,           0,          39,      -5.050440397,      -1.882736421,       -2.84012132,      0.4164906729
          0,           0,          40,      -5.068628783,      -1.901525238,      -2.855717861,      0.3981604807
          0,           0,          41,      -5.086339944,      -1.919730145,      -2.870075917,      0.3804136505
          0,           0,          42,      -5.103729239,      -1.937444065,      -2.883853728,      0.3631047171
          0,           0,          43,      -5.120909931,      -1.954748887,      -2.897545423,      0.3461212838
          0,           0,          44,      -5.137963002,      -1.971718947,       -2.91148011,      0.3293770437
          0,           0,          45,       -5.15494724,      -1.988424125,      -2.925849655,      0.3128061702
          0,           0,          46,       -5.17190978,      -2.004930271,      -2.940737329,      0.2963542297
          0,           0,          47,      -5.188890583,      -2.021298981,      -2.956147031,      0.2799748722
          0,           0,          48,      -5.205925862,      -2.037587408,      -2.972034824,      0.2636269077
          0,           0,          49,      -5.223049752,      -2.053846938,      -2.988331909,      0.2472722728
          0,           0,          50,      -5.240293657,      -2.070123198,      -3.004961322,      0.2308756949
          0,           0,          51,      -5.257685767,      -2.086455736,      -3.021852687,      0.2144048479
          0,           0,          52,      -5.275249244,      -2.102877964,      -3.038944016,      0.1978318914
          0,           0,          53,      -5.293003079,      -2.119417716,      -3.056188283,      0.1811326887
          0,           0,          54,      -5.310961409,      -2.136097497,      -3.073552529,      0.1642875998
          0,           0,          55,      -5.329134945,      -2.152935426,      -3.091012886,      0.1472804534
          0,           0,          56,      -5.347530751,      -2.169945656,      -3.108560343,      0.1300988553
          0,           0,          57,      -5.366153153,      -2.187138742,      -3.126192445,       0.112733381
          0,           0,          58,      -5.385005798,      -2.204522448,      -3.143907704,     0.09517568393
          0,           0,          59,      -5.404090055,      -2.222102446,      -3.161715216,     0.07741995709
          0,           0,          60,      -5.423405139,      -2.239882276,      -3.179625521,     0.05946258041
          0,           0,          61,      -5.442948536,      -2.257863806,      -3.197648718,     0.04130184695
          0,           0,          62,      -5.462716971,      -2.276047516,      -3.215795992,     0.02293718586
          0,           0,          63,      -5.482706405,      -2.294432688,      -3.234076811,    0.004369075408
          0,           0,          64,      -5.502912369,      -2.313017814,      -3.252502505,    -0.01440135567
          0,           0,          65,      -5.523329478,      -2.331800576,      -3.271083201,    -0.03337175681
          0,           0,          66,      -5.543952373,      -2.350778122,      -3.289827356,    -0.05253939983
          0,           0,          67,      -5.564775371,      -2.369947131,      -3.308741515,    -0.07190088389
          0,           0,          68,      -5.585792446,      -2.389304164,      -3.327828309,     -0.0914523327
          0,           0,          69,      -5.606997676,        -2.4088454,      -3.347090759,     -0.1111896396
          0,           0,          70,       -5.62838646,      -2.428566942,      -3.366535272,     -0.1311092959
          0,           0,          71,      -5.649953095,      -2.448464915,      -3.386160992,     -0.1512069114
          0,           0,          72,      -5.671693073,       -2.46853537,      -3.405968086,     -0.1714788963
          0,           0,          73,      -5.693601542,      -2.488774428,      -3.425956413,     -0.1919210577
          0,           0,          74,      -5.715673571,      -2.509178401,      -3.446124128,     -0.2125289073
          0,           0,          75,      -5.737904999,       -2.52974367,      -3.466468939,     -0.2332985848
          0,           0,          76,      -5.760291845,      -2.550466704,      -3.486989281,     -0.2542263388
          0,           0,          77,      -5.782830737,      -2.571344296,      -3.507678852,     -0.2753087771
          0,           0,          78,      -5.805519414,      -2.592373369,      -3.528538515,     -0.2965434987
          0,           0,          79,      -5.828353436,      -2.613550802,      -3.549565279,       -0.31792622
          0,           0,          80,      -5.851329701,      -2.634873754,      -3.570755002,     -0.3394537452
          0,           0,          81,      -5.874445383,      -2.656339584,      -3.592104915,     -0.3611230612
          0,           0,          82,      -5.897698934,      -2.677945837,       -3.61361289,     -0.3829323916
          0,           0,          83,      -5.921087879,      -2.699690131,      -3.635274661,     -0.4048790175
          0,           0,          84,      -5.944609909,      -2.721570269,      -3.657086843,      -0.426960361
          0,           0,          85,      -5.968263412,      -2.743584166,       -3.67904586,     -0.4491745864
          0,           0,          86,      -5.992047246,      -2.765729878,      -3.701150457,     -0.4715203444
          0,           0,          87,      -6.015958811,      -2.788005541,      -3.723399361,     -0.4939948897
          0,           0,          88,      -6.039996381,      -2.810409441,      -3.745788876,     -0.5165963581
          0,           0,          89,      -6.064158377,      -2.832939863,      -3.768317333,     -0.5393229539
          0,           0,          90,      -6.088443387,      -2.855595257,      -3.790981353,     -0.5621732534
          0,           0,          91,      -6.112849638,       -2.87837413,      -3.813780678,     -0.5851454088
          0,           0,          92,      -6.137375383,      -2.901275073,      -3.836712741,     -0.6082376935
          0,           0,          93,      -6.162019593,      -2.924296664,      -3.859776441,     -0.6314489892
          0,           0,          94,      -6.186780884,      -2.947437547,      -3.882969714,     -0.6547778977
          0,           0,          95,      -6.211657987,       -2.97069645,      -3.906289973,     -0.6782231342
          0,           0,          96,      -6.236649585,      -2.994072141,      -3.929735954,     -0.7017834048
          0,           0,          97,       -6.26175423,      -3.017563428,      -3.953306124,     -0.7254573579
          0,           0,          98,      -6.286970684,      -3.041169156,      -3.976998563,     -0.7492438384
          0,           0,          99,      -6.312297763,      -3.064888217,      -4.000812161,     -0.7731417297
          0,           0,         100,      -6.337734161,      -3.088719525,      -4.024745731,     -0.7971498357
          0,           0,         101,      -6.363278632,      -3.112662039,       -4.04879784,     -0.8212670279
          0,           0,         102,      -6.388930007,      -3.136714742,      -4.072966786,     -0.8454922461
          0,           0,         103,       -6.41468814,      -3.160876616,      -4.097250919,     -0.8698253554
          0,           0,         104,      -6.440551056,      -3.185146804,      -4.121649499,     -0.8942646245
          0,           0,         105,      -6.466517603,      -3.209524389,      -4.146161335,     -0.9188090568
          0,           0,         106,      -6.492586687,      -3.234008478,      -4.170785367,     -0.9434577041
          0,           0,         107,      -6.518756284,      -3.258598252,      -4.195524334,     -0.9682087724
          0,           0,         108,      -6.545025669,      -3.283292883,      -4.220372559,     -0.9930618166
          0,           0,         109,      -6.571394598,      -3.308091533,      -4.245327987,      -1.018016603
          0,           0,         110,      -6.597862367,      -3.332993443,       -4.27039046,       -1.04307249
          0,           0,         111,      -6.624428035,      -3.357997831,      -4.295558981,      -1.068228671
          0,           0,         112,      -6.651090689,      -3.383103937,      -4.320832596,      -1.093484398
          0,           0,         113,      -6.677849444,      -3.408311019,      -4.346210658,      -1.118838948
          0,           0,         114,      -6.704703423,      -3.433618377,      -4.371692168,      -1.144291607
          0,           0,         115,      -6.731651583,      -3.459025256,      -4.397276877,      -1.169841541
          0,           0,         116,       -6.75869311,      -3.484530967,      -4.422963785,      -1.195488091
          0,           0,         117,      -6.785827013,      -3.510134854,      -4.448751399,      -1.221230475
          0,           0,         118,        -6.8130525,      -3.535836285,      -4.474638776,      -1.247068059
          0,           0,         119,      -6.840368796,      -3.561634619,       -4.50062545,      -1.273000225
          0,           0,         120,      -6.867775124,      -3.587529232,      -4.526710586,      -1.299026348
          0,           0,         121,      -6.895270816,      -3.613519505,      -4.552893186,      -1.325145882
          0,           0,         122,       -6.92285523,      -3.639604847,      -4.579172424,      -1.351358329
          0,           0,         123,      -6.950527598,      -3.665784655,      -4.605547611,      -1.377663082
          0,           0,         124,      -6.978287143,      -3.692058336,      -4.632018065,      -1.404059525
          0,           0,         125,      -7.006133156,      -3.718425309,      -4.658583039,      -1.430547093
          0,           0,         126,      -7.034064972,      -3.744885007,      -4.685241754,      -1.457125259
          0,           0,         127,      -7.062081942,      -3.771436871,      -4.711993441,      -1.483793507
          0,           0,         128,       -7.09018341,       -3.79808035,      -4.738836988,      -1.510551315
          0,           0,         129,      -7.118369381,       -3.82481497,       -4.76576991,      -1.537398723
          0,           0,         130,      -7.146638953,      -3.851640112,      -4.792795619,      -1.564334935
          0,           0,         131,      -7.174990375,      -3.878555166,      -4.819911782,      -1.591358584
          0,           0,         132,      -7.203423359,      -3.905559626,      -4.847117434,      -1.618469436
          0,           0,         133,      -7.231936427,      -3.932653429,      -4.874409218,      -1.645666307
          0,           0,         134,      -7.260529394,      -3.959835933,       -4.90178861,      -1.672949078
          0,           0,         135,      -7.289202843,      -3.987106296,      -4.929257277,      -1.700318191
          0,           0,         136,      -7.317956311,      -4.014464012,      -4.956813598,      -1.727773215
          0,           0,         137,      -7.346789141,       -4.04190855,       -4.98445659,      -1.755313578
          0,           0,         138,      -7.375700672,      -4.069439386,      -5.012185444,      -1.782938735
          0,           0,         139,      -7.404690318,      -4.097056056,      -5.039999309,      -1.810648173
          0,           0,         140,      -7.433757479,      -4.124758066,      -5.067897513,        -1.8384414
          0,           0,         141,      -7.462901515,      -4.152544918,      -5.095879474,        -1.8663179
          0,           0,         142,      -7.492121793,      -4.180416112,      -5.123944602,      -1.894277153
          0,           0,         143,      -7.521417712,      -4.208371145,      -5.152092321,      -1.922318657
          0,           0,         144,      -7.550788702,      -4.236409519,      -5.180322062,      -1.950441923
          0,           0,         145,      -7.580234204,      -4.264530735,      -5.208633256,      -1.978646469
          0,           0,         146,      -7.609753661,      -4.292734294,      -5.237025325,      -2.006931818
          0,           0,         147,      -7.639346526,        -4.3210197,      -5.265497688,      -2.035297494
          0,           0,         148,      -7.669012254,      -4.349386457,       -5.29404976,      -2.063743026
          0,           0,         149,      -7.698750306,      -4.377834073,       -5.32268096,      -2.092267944
          0,           0,         150,      -7.728560149,      -4.406362059,      -5.351390707,      -2.120871785
          0,           0,         151,      -7.758441255,      -4.434969927,      -5.380178429,      -2.149554085
          0,           0,         152,      -7.788393103,      -4.463657195,       -5.40904356,      -2.178314384
          0,           0,         153,      -7.818415179,       -4.49242338,      -5.437985537,      -2.207152229
          0,           0,         154,      -7.848506978,      -4.521268005,      -5.467003804,      -2.236067166
          0,           0,         155,      -7.878667999,      -4.550190595,      -5.496097812,      -2.265058742
          0,           0,         156,       -7.90889774,      -4.579190676,      -5.525267021,      -2.294126509
          0,           0,         157,      -7.939195718,      -4.608267779,      -5.554510894,      -2.323270024
          0,           0,         158,       -7.96956144,      -4.637421437,      -5.583828906,      -2.352488837
          0,           0,         159,      -7.999994426,      -4.666651184,      -5.613220528,      -2.381782509
          0,           0,         160,      -8.030494197,      -4.695956559,      -5.642685243,      -2.411150599
          0,           0,         161,      -8.061060286,      -4.725337103,      -5.672222536,      -2.440592671
          0,           0,         162,      -8.091692225,      -4.754792359,      -5.701831895,      -2.470108289
          0,           0,         163,       -8.12238955,      -4.784321871,      -5.731512815,      -2.499697021
          0,           0,         164,      -8.153151801,      -4.813925188,      -5.761264795,      -2.529358435
          0,           0,         165,      -8.183978525,      -4.843601861,      -5.791087331,      -2.559092102
          0,           0,         166,      -8.214869271,      -4.873351443,      -5.820979931,      -2.588897594
          0,           0,         167,      -8.245823596,      -4.903173489,      -5.850942101,       -2.61877449
          0,           0,         168,      -8.276841052,      -4.933067557,      -5.880973354,      -2.648722362
          0,           0,         169,      -8.307921201,      -4.963033208,      -5.911073203,      -2.678740792
          0,           0,         170,      -8.339063609,      -4.993070005,      -5.941241173,      -2.708829359
          0,           0,         171,      -8.370267839,      -5.023177514,      -5.971476778,      -2.738987646
          0,           0,         172,      -8.401533472,      -5.053355302,      -6.001779548,      -2.769215239
          0,           0,         173,      -8.432860081,      -5.083602942,      -6.032149013,      -2.799511726
          0,           0,         174,      -8.464247247,      -5.113920005,      -6.062584704,      -2.829876695
          0,           0,         175,      -8.495694548,      -5.144306069,      -6.093086155,      -2.860309739
          0,           0,         176,      -8.527201572,       -5.17476071,       -6.12365291,      -2.890810449
          0,           0,         177,      -8.558767914,      -5.205283512,      -6.154284506,      -2.921378422
          0,           0,         178,      -8.590393165,      -5.235874056,      -6.184980496,      -2.952013253
          0,           0,         179,      -8.622076928,       -5.26653193,      -6.215740418,      -2.982714549
          0,           0,         180,      -8.653818795,      -5.297256722,      -6.246563837,      -3.013481906
          0,           0,         181,      -8.685618378,      -5.328048024,      -6.277450299,      -3.044314934
          0,           0,         182,      -8.717475271,      -5.358905427,      -6.308399366,       -3.07521323
          0,           0,         183,      -8.749389112,      -5.389828532,      -6.339410598,      -3.106176414
          0,           0,         184,      -8.781359476,      -5.420816932,      -6.370483553,      -3.137204081
          0,           0,         185,      -8.813386024,      -5.451870234,      -6.401617822,      -3.168295864
          0,           0,         186,       -8.84546833,      -5.482988037,       -6.43281296,      -3.199451357
          0,           0,         187,       -8.87760606,      -5.514169951,      -6.464068524,      -3.230670197
          0,           0,         188,      -8.909798809,      -5.545415584,       -6.49538411,      -3.261951987
          0,           0,         189,      -8.942046218,      -5.576724545,      -6.526759298,      -3.293296355
          0,           0,         190,      -8.974347916,      -5.608096449,      -6.558193668,       -3.32470292
          0,           0,         191,      -9.006703544,      -5.639530912,      -6.589686798,      -3.356171315
          0,           0,         192,      -9.039112737,      -5.671027552,      -6.621238291,       -3.38770116
          0,           0,         193,      -9.071575142,       -5.70258599,      -6.652847718,      -3.419292088
          0,           0,         194,      -9.104090378,      -5.734205849,      -6.684514691,      -3.450943728
          0,           0,         195,      -9.136658114,      -5.765886753,      -6.716238804,      -3.482655711
          0,           0,         196,      -9.169277979,      -5.797628328,       -6.74801964,      -3.514427667
          0,           0,         197,      -9.201949679,      -5.829430213,      -6.779856782,      -3.546259269
          0,           0,         198,      -9.234672778,      -5.861292027,      -6.811749914,      -3.578150102
          0,           0,         199,      -9.267447014,      -5.893213414,      -6.843698558,      -3.610099839
          0,           0,         200,      -9.300272001,      -5.925194004,      -6.875702358,      -3.642108121
          0,           0,         201,      -9.333147415,       -5.95723344,      -6.907760932,       -3.67417459
          0,           0,         202,      -9.366072896,      -5.989331359,       -6.93987392,      -3.706298899
          0,           0,         203,      -9.399048139,      -6.021487404,      -6.972040857,      -3.738480666
          0,           0,         204,      -9.432072793,      -6.053701217,      -7.004261459,      -3.770719561
          0,           0,         205,      -9.465146586,      -6.085972455,      -7.036535289,       -3.80301529
          0,           0,         206,      -9.498269114,      -6.118300752,      -7.068861973,      -3.835367397
          0,           0,         207,      -9.531440074,      -6.150685768,      -7.101241145,      -3.867775627
          0,           0,         208,      -9.564659216,      -6.183127152,      -7.133672415,      -3.900239618
          0,           0,         209,      -9.597926121,      -6.215624554,       -7.16615553,      -3.932758985
          0,           0,         210,      -9.631240507,      -6.248177638,      -7.198689951,      -3.965333446
          0,           0,         211,      -9.664602061,       -6.28078605,      -7.231275484,      -3.997962612
          0,           0,         212,      -9.698010451,      -6.313449456,      -7.263911691,       -4.03064617
          0,           0,         213,      -9.731465399,      -6.346167513,      -7.296598105,      -4.063383766
          0,           0,         214,      -9.764966613,      -6.378939889,      -7.329334463,      -4.096175127
          0,           0,         215,      -9.798513755,      -6.411766241,      -7.362120558,      -4.129019857
          0,           0,         216,       -9.83210645,      -6.444646233,       -7.39495571,      -4.161917633
          0,           0,         217,      -9.865744586,       -6.47757954,      -7.427839939,      -4.194868195
          0,           0,         218,      -9.899427639,      -6.510565809,      -7.460772674,      -4.227871075
          0,           0,         219,      -9.933155573,      -6.543604729,      -7.493753594,      -4.260926086
          0,           0,         220,      -9.966927731,      -6.576695955,      -7.526782371,      -4.294032801
          0,           0,         221,      -10.00074414,       -6.60983917,      -7.559858613,      -4.327190927
          0,           0,         222,      -10.03460435,      -6.643034041,      -7.592982206,      -4.360400127
          0,           0,         223,      -10.06850812,      -6.676280237,       -7.62615248,      -4.393660143
          0,           0,         224,      -10.10245514,      -6.709577439,      -7.659369204,      -4.426970604
          0,           0,         225,      -10.13644527,      -6.742925328,      -7.692632265,      -4.460331255
          0,           0,         226,      -10.17047781,      -6.776323541,      -7.725941356,      -4.493741505
          0,           0,         227,      -10.20455301,      -6.809771795,      -7.759295458,      -4.527201378
          0,           0,         228,      -10.23867018,      -6.843269738,      -7.792695302,      -4.560710385
          0,           0,         229,      -10.27282933,       -6.87681707,      -7.826139679,      -4.594268248
          0,           0,         230,      -10.30702989,      -6.910413463,      -7.859628699,      -4.627874649
          0,           0,         231,      -10.34127188,      -6.944058587,      -7.893161565,      -4.661529164
          0,           0,         232,      -10.37555476,      -6.977752114,      -7.926738623,      -4.695231511
          0,           0,         233,      -10.40987857,      -7.011493761,      -7.960359492,      -4.728981668
          0,           0,         234,      -10.44424277,       -7.04528317,      -7.994023323,      -4.762778869
          0,           0,         235,      -10.47864721,      -7.079119998,      -8.027730064,         -4.796623
          0,           0,         236,      -10.51309177,      -7.113003988,      -8.061479602,      -4.830514031
          0,           0,         237,      -10.54757546,      -7.146934745,      -8.095271294,       -4.86445092
          0,           0,         238,      -10.58209879,      -7.180912028,      -8.129105436,      -4.898434035
          0,           0,         239,      -10.61666119,      -7.214935382,      -8.162981134,      -4.932462441
          0,           0,         240,      -10.65126271,      -7.249004648,      -8.196897686,      -4.966536622
          0,           0,         241,       -10.6859026,      -7.283119411,       -8.23085509,      -5.000655602
          0,           0,         242,      -10.72058149,      -7.317279366,      -8.264853805,      -5.034819446
          0,           0,         243,       -10.7552976,      -7.351484199,      -8.298893289,      -5.069027559
          0,           0,         244,      -10.79005251,       -7.38573359,      -8.332972382,      -5.103280044
          0,           0,         245,       -10.8248438,      -7.420027145,      -8.367091005,      -5.137575504
          0,           0,         246,      -10.85967345,       -7.45436454,      -8.401249706,      -5.171914751
          0,           0,         247,      -10.89453875,      -7.488745409,      -8.435447458,        -5.2062961
          0,           0,         248,      -10.92944247,      -7.523169599,      -8.469685322,      -5.240721208
          0,           0,         249,      -10.96438323,      -7.557636821,      -8.503960488,      -5.275189708
          0,           0,         250,      -10.99935857,      -7.592146479,      -8.538273769,      -5.309698807
          0,           0,         251,      -11.03437079,      -7.626698348,      -8.572625699,      -5.344250091
          0,           0,         252,      -11.06941983,      -7.661292122,      -8.607014737,       -5.37884303
          0,           0,         253,      -11.10450308,      -7.695927496,      -8.641439859,      -5.413476856
          0,           0,         254,      -11.13962136,      -7.730603981,      -8.675906472,       -5.44815049
          0,           0,         255,      -11.17477679,      -7.765321375,      -8.710404548,      -5.482866501
          0,           0,         256,       -11.2099659,      -7.800079324,      -8.744940663,      -5.517621174
          0,           0,         257,      -11.24518844,       -7.83487722,      -8.779517435,       -5.55241483
          0,           0,         258,       -11.2804451,       -7.86971521,      -8.814126342,      -5.587248966
          0,           0,         259,      -11.31573822,      -7.904592467,      -8.848769268,      -5.622122143
          0,           0,         260,      -11.35106312,      -7.939508924,      -8.883451046,      -5.657033433
          0,           0,         261,      -11.38642299,      -7.974464036,      -8.918167182,      -5.691983923
          0,           0,         262,      -11.42181481,      -8.009457348,      -8.952914795,      -5.726970323
          0,           0,         263,       -11.4572448,      -8.044489471,      -8.987699159,      -5.761998626
          0,           0,         264,      -11.49270094,      -8.079558316,      -9.022520636,      -5.797059418
          0,           0,         265,      -11.52819156,      -8.114664745,      -9.057369508,      -5.832157061
          0,           0,         266,      -11.56372153,      -8.149808297,      -9.092256329,      -5.867295987
          0,           0,         267,      -11.59927644,      -8.184988549,      -9.127177031,      -5.902470038
          0,           0,         268,       -11.6348657,      -8.220204886,      -9.162123457,      -5.937678698
          0,           0,         269,      -11.67048551,      -8.255455886,      -9.197112989,      -5.972919048
          0,           0,         270,      -11.70613252,      -8.290742847,      -9.232126191,      -6.008194635
          0,           0,         271,      -11.74182286,       -8.32606507,      -9.267178878,      -6.043509455
          0,           0,         272,      -11.77753269,      -8.361421912,      -9.302251664,      -6.078856158
          0,           0,         273,      -11.81327529,      -8.396812166,      -9.337368421,      -6.114234375
          0,           0,         274,       -11.8490565,      -8.432237052,      -9.372507861,      -6.149651199
          0,           0,         275,       -11.8848559,      -8.467693747,         -9.407671,      -6.185088107
          0,           0,         276,      -11.92069129,      -8.503183916,      -9.442880166,      -6.220567636
          0,           0,         277,      -11.95656488,      -8.538708438,       -9.47811638,      -6.256092155
          0,           0,         278,      -11.99246209,      -8.574263385,      -9.513376909,      -6.291634234
          0,           0,         279,       -12.0283811,      -8.609850135,      -9.548673564,       -6.32720464
          0,           0,         280,      -12.06433305,      -8.645467323,      -9.583997945,      -6.362805016
          0,           0,         281,      -12.10031946,      -8.681114702,      -9.619342196,      -6.398434028
          0,           0,         282,      -12.13633448,      -8.716794574,      -9.654731166,      -6.434110975
          0,           0,         283,       -12.1723606,      -8.752499691,      -9.690121895,      -6.469787011
          0,           0,         284,        -12.208432,      -8.788237671,      -9.725558006,      -6.505513539
          0,           0,         285,      -12.24454788,      -8.824005878,      -9.761018323,      -6.541280827
          0,           0,         286,      -12.28066285,      -8.859798708,      -9.796488594,      -6.577053976
          0,           0,         287,      -12.31680987,       -8.89561899,      -9.832022021,      -6.612851228
          0,           0,         288,      -12.35300206,      -8.931470331,      -9.867563612,      -6.648697354
          0,           0,         289,      -12.38918147,      -8.967342685,      -9.903123186,      -6.684536651
          0,           0,         290,      -12.42540727,      -9.003244787,      -9.938680301,      -6.720416201
          0,           0,         291,      -12.46170544,      -9.039175208,      -9.974320957,      -6.756351825
          0,           0,         292,      -12.49796257,      -9.075127621,      -10.00996265,      -6.792293173
          0,           0,         293,      -12.53426808,      -9.111105823,       -10.0456486,      -6.828241471
          0,           0,         294,      -12.57058617,      -9.147101636,      -10.08132057,       -6.86419854
          0,           0,         295,      -12.60694222,       -9.18313162,      -10.11701101,      -6.900226146
          0,           0,         296,      -12.64335502,      -9.219178845,      -10.15275533,      -6.936276085
          0,           0,         297,      -12.67973586,      -9.255244021,      -10.18848712,      -6.972302112
          0,           0,         298,       -12.7161206,       -9.29133173,      -10.22427957,      -7.008324227
          0,           0,         299,      -12.75260191,      -9.327440931,      -10.25999875,      -7.044421473
          0,           0,         300,      -12.78909629,      -9.363578646,      -10.29591697,      -7.080549678
          0,           0,         301,      -12.82564901,      -9.399729574,       -10.3317741,      -7.116706444
          0,           0,         302,      -12.86207819,      -9.435889727,      -10.36754716,      -7.152771763
          0,           0,         303,      -12.89861467,       -9.47208627,      -10.40340882,      -7.188965414
          0,           0,         304,      -12.93520617,      -9.508288725,      -10.43939079,      -7.225181191
          0,           0,         305,       -12.9717527,      -9.544507024,      -10.47533306,      -7.261355503
          0,           0,         306,      -13.00833112,      -9.580763938,      -10.51121395,      -7.297573906
          0,           0,         307,      -13.04499617,      -9.616992835,      -10.54706029,      -7.333735991
          0,           0,         308,      -13.08153816,      -9.653243816,       -10.5831185,      -7.369792833
          0,           0,         309,      -13.11823236,      -9.689573757,      -10.61912379,      -7.406315917
          0,           0,         310,      -13.15505032,      -9.725877092,      -10.65520807,      -7.442704773
          0,           0,         311,      -13.19155524,      -9.762134855,      -10.69070754,      -7.478573575
          0,           0,         312,      -13.22832992,      -9.798458499,      -10.72686228,      -7.514859848
          0,           0,         313,      -13.26494922,       -9.83481537,      -10.76321006,      -7.551310519
          0,           0,         314,      -13.30162496,       -9.87117256,      -10.79900856,      -7.587625581
          0,           0,         315,      -13.33843504,      -9.907531172,       -10.8348546,      -7.624151484
          0,           0,         316,      -13.37500888,      -9.943883522,      -10.87125559,      -7.660181986
          0,           0,         317,      -13.41165596,      -9.980251723,      -10.90742311,      -7.696595114
          0,           0,         318,      -13.44796588,      -10.01653354,      -10.94292396,      -7.732141155
          0,           0,         319,      -13.48516724,      -10.05301065,      -10.97924342,      -7.769217745
          0,           0,         320,      -13.52196209,       -10.0894336,      -11.01536327,      -7.805818195
          0,           0,         321,      -13.55819411,       -10.1256861,       -11.0505834,      -7.841098875
          0,           0,         322,        -13.595197,      -10.16212099,      -11.08669624,       -7.87776718
          0,           0,         323,      -13.63107779,      -10.19853349,      -11.12305669,       -7.91413876
          0,           0,         324,       -13.6678065,      -10.23489218,      -11.15817335,      -7.949815532
          0,           0,         325,      -13.70372873,      -10.27128156,      -11.19482701,      -7.985950133
          0,           0,         326,      -13.74024188,      -10.30763368,      -11.23101072,      -8.021963336
          0,           0,         327,      -13.77801079,      -10.34416424,      -11.26668519,      -8.059262052
          0,           0,         328,      -13.81364366,      -10.38039429,      -11.30161765,      -8.094226999
          0,           0,         329,       -13.8493745,      -10.41685204,      -11.33799067,      -8.130857614
          0,           0,         330,      -13.88442369,      -10.45317451,      -11.37195171,      -8.166503251
          0,           0,         331,      -13.92131254,      -10.48975068,      -11.40925591,      -8.203794583
          0,           0,         332,      -13.95713086,      -10.52617079,       -11.4442017,      -8.239988066
          0,           0,         333,      -13.98993425,      -10.56204387,      -11.47715829,      -8.272509884
          0,           0,         334,      -14.02675255,      -10.59853332,      -11.51345364,      -8.309215875
          0,           0,         335,      -14.05917488,       -10.6350808,      -11.54811304,      -8.345736242
          0,           0,         336,      -14.09139555,      -10.67082096,      -11.57922341,      -8.376999859
          0,           0,         337,      -14.12662884,      -10.70761256,      -11.61514706,      -8.416056565
          0,           0,         338,      -14.16100874,      -10.74377149,      -11.64645448,       -8.45115587
          0,           0,         339,      -14.19369375,       -10.7797854,      -11.68059614,      -8.483672681
          0,           0,         340,      -14.22608017,      -10.81641293,      -11.71694239,      -8.521355325
          0,           0,         341,      -14.25415816,      -10.85240808,      -11.74627666,      -8.553544968
          0,           0,         342,      -14.28165544,      -10.88853681,      -11.77415862,      -8.586162346
          0,           0,         343,      -14.31594416,      -10.92483023,      -11.80724611,      -8.620039529
          0,           0,         344,      -14.34111508,      -10.96072458,      -11.83810404,      -8.652091127
          0,           0,         345,      -14.36421699,      -10.99606496,      -11.86404077,       -8.67881224
          0,           0,         346,      -14.39310004,       -11.0319903,      -11.89321046,      -8.711103442
          0,           0,         347,      -14.41547621,      -11.06863159,      -11.91403538,      -8.747931597
          0,           0,         348,       -14.4383024,      -11.10417797,      -11.94361227,      -8.777862697
          0,           0,         349,      -14.44793227,      -11.13957024,      -11.96878027,      -8.798455476
          0,           0,         350,      -14.46804683,      -11.17576293,        -11.985227,      -8.828602393
          0,           0,         351,      -14.49070936,      -11.21031862,      -12.01216263,      -8.851746743
          0,           0,         352,      -14.50607437,       -11.2463163,      -12.03050105,      -8.880730092
          0,           0,         353,      -14.53139395,       -11.2818585,      -12.05052112,      -8.908689405
          0,           0,         354,       -14.5370471,      -11.31582092,      -12.06752759,      -8.921703427
          0,           0,         355,      -14.55824407,      -11.35343929,      -12.08204085,       -8.96270195
          0,           0,         356,      -14.55560235,       -11.3845312,      -12.08032935,      -8.962121532
          0,           0,         357,      -14.55247251,      -11.41925103,      -12.09266032,      -8.976924022
          0,           0,         358,      -14.56550416,       -11.4539913,       -12.1106814,      -8.996586442
          0,           0,         359,      -14.57074286,      -11.49021932,      -12.11408997,      -9.019950369
          0,           0,         360,       -14.5837434,      -11.52238371,      -12.13300841,      -9.032522562
          0,           0,         361,      -14.60089636,       -11.5595799,      -12.13484259,      -9.063914159
          0,           0,         362,      -14.60338716,      -11.58259177,      -12.14054841,      -9.048115553
          0,           0,         363,      -14.59519379,      -11.61489962,      -12.14298949,      -9.057673951
          0,           0,         364,      -14.60640997,      -11.65019618,      -12.16900937,      -9.089508896
          0,           0,         365,      -14.59934028,      -11.67632081,      -12.16267506,       -9.07596689
          0,           0,         366,       -14.6047386,      -11.71083073,      -12.16806478,      -9.092454596
          0,           0,         367,      -14.61248614,      -11.73259131,      -12.17410467,       -9.08399301
          0,           0,         368,      -14.61766025,       -11.7671217,      -12.16673793,       -9.10265983
          0,           0,         369,      -14.60070681,      -11.78720421,      -12.16053408,      -9.092275531
          0,           0,         370,      -14.60571681,      -11.81324194,      -12.17626836,      -9.097791995
          0,           0,         371,      -14.59115215,      -11.82544498,      -12.16108278,      -9.075894231
          0,           0,         372,      -14.60967654,      -11.85670933,      -12.19365216,      -9.111516867
          0,           0,         373,       -14.6406543,      -11.88970597,      -12.18846346,      -9.134556205
          0,           0,         374,      -14.60599193,      -11.89945961,      -12.18571535,      -9.109498861
          0,           0,         375,      -14.61942259,      -11.91519521,        -12.188297,      -9.121619357
          0,           0,         376,      -14.63508106,      -11.93593098,      -12.20123163,      -9.133834384
          0,           0,         377,      -14.60354599,      -11.93924744,      -12.18694579,      -9.106474265
          0,           0,         378,      -14.60634865,      -11.95372544,      -12.17531239,       -9.10376964
          0,           0,         379,      -14.61740144,       -11.9641833,      -12.18343659,      -9.108855654
          0,           0,         380,      -14.61390686,      -11.99059363,      -12.18358837,      -9.121235328
          0,           0,         381,      -14.60842739,      -11.98732315,      -12.18120324,      -9.107455777
          0,           0,         382,      -14.60769433,      -12.00902078,      -12.17264422,      -9.113301272
          0,           0,         383,      -14.59189639,      -11.98848474,       -12.1763639,      -9.107513684
          0,           0,         384,      -14.61856893,      -12.02808815,       -12.1859074,      -9.127873998
          0,           0,         385,      -14.62471053,      -12.03299257,       -12.1771312,      -9.134354532
          0,           0,         386,      -14.61508842,      -12.03010622,      -12.17325517,      -9.128061512
          0,           0,         387,      -14.61604347,      -12.04269922,      -12.19270567,      -9.130111448
          0,           0,         388,      -14.61759952,      -12.04804891,      -12.18175818,      -9.131918027
          0,           0,         389,      -14.61058226,      -12.02671721,      -12.19170894,      -9.106521758
          0,           0,         390,      -14.61838256,      -12.04901057,      -12.19731428,      -9.126625302
          0,           0,         391,       -14.6166923,      -12.04566779,      -12.19779543,      -9.123891832
          0,           0,         392,      -14.62402912,      -12.05300014,      -12.19073306,      -9.126708298
          0,           0,         393,      -14.63531329,      -12.06986076,      -12.19794497,      -9.138523095
          0,           0,         394,      -14.61474742,      -12.06956524,      -12.18358079,       -9.12657191
          0,           0,         395,      -14.62726011,      -12.06495648,      -12.19742257,      -9.135792888
          0,           0,         396,      -14.61825274,       -12.0550243,       -12.1816945,      -9.124053998
          0,           0,         397,      -14.61335849,      -12.07085002,      -12.18570204,       -9.12547902
          0,           0,         398,      -14.60932976,       -12.0536237,      -12.18845992,       -9.11351417
          0,           0,         399,      -14.63678579,      -12.07567069,      -12.18986374,      -9.139934729
          0,           0,         400,      -14.62370539,      -12.06489068,      -12.19589959,      -9.128161811
          0,           0,         401,      -14.61065732,      -12.04947402,      -12.18826254,      -9.120144869
          0,           0,         402,      -14.62567669,      -12.05962399,      -12.20685825,      -9.130916535
          0,           0,         403,      -14.62991215,      -12.08344922,      -12.20654928,      -9.139922593
          0,           0,         404,      -14.60743792,      -12.04579514,      -12.21158281,      -9.115262837
          0,           0,         405,      -14.62575542,      -12.06205467,      -12.19516592,      -9.127522707
          0,           0,         406,      -14.62491381,      -12.06484824,      -12.19539182,      -9.127710141
          0,           0,         407,      -14.62222761,      -12.07081351,      -12.20829759,      -9.131262725
          0,           0,         408,      -14.62100099,      -12.06406284,      -12.17685677,      -9.129237583
          0,           0,         409,      -14.63501036,      -12.07728703,      -12.19113437,      -9.138687918
          0,           0,         410,      -14.61325763,      -12.06337312,      -12.18912507,      -9.126529332
          0,           0,         411,      -14.61653645,      -12.07111179,      -12.17918935,      -9.131413076
          0,           0,         412,      -14.62171983,      -12.06683026,      -12.19731274,      -9.137874652
          0,           0,         413,      -14.61927713,      -12.06309756,      -12.18074009,      -9.124449706
          0,           0,         414,      -14.62187688,      -12.07068219,      -12.19989847,      -9.127200256
          0,           0,         415,      -14.63200835,      -12.07120401,      -12.20794247,       -9.13754404
          0,           0,         416,       -14.6234374,      -12.06905811,      -12.18637107,      -9.132556603
          0,           0,         417,      -14.61161486,      -12.06522674,      -12.17748677,      -9.125993516
          0,           0,         418,       -14.6393785,      -12.07398236,      -12.18636511,      -9.142249057
          0,           0,         419,      -14.61093541,      -12.05463422,      -12.18661146,      -9.109509982
          0,           0,         420,       -14.6250439,      -12.07986339,      -12.17987659,      -9.140272141
          0,           0,         421,      -14.63223863,      -12.07463963,      -12.19866664,      -9.132762908
          0,           0,         422,      -14.60389675,      -12.04790534,      -12.19516661,      -9.109854522
          0,           0,         423,      -14.62601568,      -12.06540578,      -12.19087899,      -9.127974337
          0,           0,         424,      -14.62408015,      -12.06335245,      -12.20273323,      -9.131874083
          0,           0,         425,      -14.61344433,      -12.06009341,      -12.18298015,       -9.12229816
          0,           0,         426,      -14.60639739,      -12.04247646,      -12.18531237,      -9.110898122
          0,           0,         427,      -14.63107428,      -12.05860286,      -12.18788707,      -9.128422289
          0,           0,         428,       -14.6239795,      -12.07274521,      -12.19389149,      -9.138686126
          0,           0,         429,       -14.6111401,      -12.05429207,      -12.18379945,      -9.124590106
          0,           0,         430,      -14.60590519,      -12.04220489,      -12.18003646,      -9.112900875
          0,           0,         431,      -14.61371483,      -12.05635137,      -12.18736332,      -9.122840329
          0,           0,         432,      -14.61417125,       -12.0620585,      -12.18572158,      -9.116191738
          0,           0,         433,      -14.63088823,      -12.05695543,      -12.20289693,       -9.13741415
          0,           0,         434,      -14.61957496,      -12.07261847,      -12.19282343,       -9.13080831
          0,           0,         435,       -14.6368827,      -12.08299995,      -12.19708533,      -9.140590696
          0,           0,         436,      -14.62660931,      -12.06605601,       -12.1941857,      -9.134153265
          0,           0,         437,      -14.61337833,      -12.06178209,       -12.1790435,      -9.117680234
          0,           0,         438,      -14.59981129,      -12.05892032,      -12.18704693,      -9.121171329
          0,           0,         439,      -14.63183368,      -12.08537421,      -12.18661923,      -9.137748314
          0,           0,         440,      -14.62413012,      -12.06759476,      -12.20351049,      -9.134988297
          0,           0,         441,      -14.61577793,      -12.05134497,      -12.18380182,      -9.112795182
          0,           0,         442,      -14.60626226,      -12.04986897,       -12.1831436,      -9.118067588
          0,           0,         443,      -14.63275663,      -12.07765785,      -12.18543053,      -9.132812811
          0,           0,         444,      -14.60023068,      -12.04554484,      -12.17136855,      -9.110466786
          0,           0,         445,      -14.62283629,      -12.08068546,      -12.18474874,      -9.141171925
          0,           0,         446,      -14.62531234,      -12.07290133,      -12.18434644,       -9.13776706
          0,           0,         447,      -14.60397171,      -12.04036638,       -12.1853489,      -9.118283752
          0,           0,         448,      -14.62676823,      -12.06853773,      -12.19485313,      -9.136626462
          0,           0,         449,      -14.61813213,      -12.05674905,      -12.20890379,      -9.121948662
          0,           0,         450,      -14.64911628,      -12.09101956,       -12.2054805,       -9.14679012
          0,           0,         451,      -14.61188183,      -12.05079736,      -12.19390501,      -9.111846859
          0,           0,         452,      -14.62400577,      -12.07580482,      -12.19238755,      -9.130428058
          0,           0,         453,      -14.62288652,      -12.07302131,      -12.17853818,      -9.134337377
          0,           0,         454,      -14.62597683,      -12.08500609,      -12.19223951,      -9.141837824
          0,           0,         455,      -14.62639888,      -12.06876408,      -12.19369155,      -9.144247635
          0,           0,         456,      -14.63078803,      -12.06000379,      -12.19277918,      -9.119979112
          0,           0,         457,      -14.62023196,      -12.06356172,      -12.17868029,      -9.122926557
          0,           0,         458,      -14.62575471,      -12.07538627,      -12.19501872,      -9.139692383
          0,           0,         459,      -14.61841471,      -12.07651429,      -12.17575154,      -9.133381281
          0,           0,         460,      -14.62513621,      -12.07366491,      -12.20007436,      -9.132855129
          0,           0,         461,      -14.62230759,      -12.07763493,      -12.19114761,      -9.127298224
          0,           0,         462,      -14.63687625,      -12.07138048,      -12.19270544,      -9.138304355
          0,           0,         463,      -14.64025097,      -12.08126322,      -12.20374839,      -9.140002204
          0,           0,         464,      -14.59111515,      -12.04098946,      -12.18562377,      -9.106710361
          0,           0,         465,      -14.61818598,      -12.07093578,      -12.18939784,      -9.136422747
          0,           0,         466,      -14.62405844,       -12.0811033,      -12.18736952,      -9.133802533
          0,           0,         467,      -14.62584819,      -12.07021499,      -12.19147752,      -9.134290695
          0,           0,         468,      -14.64016183,      -12.08748392,      -12.19740877,       -9.15194282
          0,           0,         469,      -14.61871397,      -12.06604456,      -12.20234695,      -9.126744036
          0,           0,         470,      -14.61395284,      -12.06675219,      -12.18916845,      -9.124649053
          0,           0,         471,      -14.62028779,      -12.05778595,      -12.18915777,      -9.130861928
          0,           0,         472,      -14.63745878,      -12.09115847,      -12.20260705,      -9.152638225
          0,           0,         473,      -14.62308826,      -12.06291319,      -12.18879977,      -9.131076594
          0,           0,         474,       -14.6092171,      -12.05922228,       -12.1843571,      -9.119937894
          0,           0,         475,      -14.64027895,      -12.08966405,      -12.20578294,      -9.144955188
          0,           0,         476,       -14.5965473,      -12.03564298,      -12.17330544,      -9.100122911
          0,           0,         477,      -14.60538967,      -12.04798639,      -12.17745994,      -9.105986109
          0,           0,         478,      -14.61018074,      -12.05896884,      -12.17816145,      -9.113556691
          0,           0,         479,      -14.61764157,      -12.07563519,      -12.18888466,      -9.129694348
          0,           0,         480,       -14.6394899,       -12.0858175,      -12.19869857,      -9.152479289
          0,           0,         481,      -14.62841668,      -12.07604048,      -12.19097756,      -9.128482227
          0,           0,         482,      -14.60907175,      -12.06571567,      -12.19899413,      -9.126662671
          0,           0,         483,      -14.62325991,      -12.04912546,        -12.183978,      -9.124300638
          0,           0,         484,      -14.63860398,      -12.08990498,      -12.20647201,      -9.148790397
          0,           0,         485,      -14.62359738,      -12.07331818,      -12.19921045,      -9.136230345
          0,           0,         486,      -14.62235865,      -12.06918373,      -12.19487132,       -9.12894072
          0,           0,         487,      -14.62001205,      -12.06694525,      -12.18975917,      -9.131194697
          0,           0,         488,      -14.60526042,      -12.04978588,      -12.18831741,      -9.106616883
          0,           0,         489,      -14.62274376,      -12.06031981,      -12.20002698,      -9.127672369
          0,           0,         490,      -14.62584254,      -12.08088262,      -12.19826823,      -9.135611673
          0,           0,         491,      -14.60062131,      -12.03150241,      -12.18705763,      -9.105999365
          0,           0,         492,      -14.60506154,      -12.05277961,      -12.17649736,      -9.117239006
          0,           0,         493,      -14.62450405,      -12.07763057,      -12.19332445,      -9.133420257
          0,           0,         494,      -14.63376154,      -12.07858022,      -12.19118251,      -9.143804415
          0,           0,         495,       -14.6254778,      -12.05934143,       -12.2012933,      -9.127329968
          0,           0,         496,      -14.63249078,      -12.08550758,      -12.20552477,      -9.140412029
          0,           0,         497,      -14.60820786,      -12.06821808,      -12.19012906,      -9.125365683
          0,           0,         498,      -14.60126715,      -12.03419333,      -12.20028973,      -9.109943405
          0,           0,         499,      -14.62138481,      -12.07214046,      -12.18029792,      -9.130807192
          0,           0,         500,      -14.62324625,      -12.06700128,      -12.17994133,      -9.128276701
          0,           0,         501,      -14.63477364,      -12.08661776,      -12.19413677,       -9.13675305
          0,           0,         502,      -14.61226391,      -12.05988607,      -12.19797132,      -9.122955062
          0,           0,         503,      -14.60356805,      -12.05360321,      -12.17125151,      -9.115650152
          0,           0,         504,      -14.62413384,      -12.06757134,      -12.18653917,      -9.127163911
          0,           0,         505,      -14.62716755,      -12.06770786,      -12.18734532,      -9.134828432
          0,           0,         506,      -14.61672036,      -12.05607948,      -12.18737759,      -9.124339376
          0,           0,         507,      -14.60367084,      -12.05347357,       -12.1832533,      -9.116042123
          0,           0,         508,      -14.60753076,      -12.05765063,      -12.18095489,      -9.116497388
          0,           0,         509,      -14.62137075,      -12.06833468,      -12.18668544,      -9.132020519
          0,           0,         510,      -14.63252022,      -12.08532521,      -12.19572044,      -9.145169424
          0,           0,         511,       -14.6211582,      -12.07781198,       -12.1931798,      -9.131623588
          0,           0,         512,      -14.62666165,      -12.06327743,      -12.18711893,      -9.129984999
          0,           0,         513,      -14.62075744,      -12.07239106,      -12.19569549,      -9.132089884
          0,           0,         514,      -14.62005903,       -12.0705826,      -12.20186948,      -9.131327674
          0,           0,         515,      -14.61393536,      -12.06408388,      -12.18838216,      -9.121411047
          0,           0,         516,      -14.61567132,      -12.06723239,      -12.19489434,      -9.129298167
          0,           0,         517,      -14.61013026,      -12.04615055,      -12.18742919,      -9.111451935
          0,           0,         518,      -14.62117858,      -12.05650047,      -12.19481307,      -9.124823834
          0,           0,         519,      -14.62744801,      -12.06988623,      -12.19033272,      -9.127896933
          0,           0,         520,      -14.63593264,      -12.08483259,      -12.20992895,      -9.146627553
          0,           0,         521,      -14.63081706,      -12.07050206,      -12.19597537,      -9.136627838
          0,           0,         522,      -14.62109172,      -12.07679039,      -12.18939932,      -9.135515138
          0,           0,         523,      -14.64491926,      -12.09261038,      -12.18589967,      -9.149103095
          0,           0,         524,      -14.63195583,      -12.07674714,      -12.19152907,      -9.140577212
          0,           0,         525,      -14.62392139,      -12.06620677,       -12.1994469,      -9.133220457
          0,           0,         526,      -14.61214485,      -12.05018251,      -12.18197448,      -9.114665516
          0,           0,         527,      -14.63122896,      -12.06667816,      -12.20879854,      -9.133318668
          0,           0,         528,      -14.61823853,      -12.05529369,      -12.19285562,      -9.119474773
          0,           0,         529,      -14.62840564,      -12.07442979,      -12.19406629,      -9.138393258
          0,           0,         530,      -14.62230003,      -12.06835689,      -12.19165557,      -9.126966711
          0,           0,         531,      -14.61206368,      -12.07040663,      -12.19265905,      -9.120842663
          0,           0,         532,      -14.63492856,      -12.08249987,      -12.18799273,      -9.133563003
          0,           0,         533,       -14.6434087,      -12.08256572,      -12.19590221,       -9.14440076
          0,           0,         534,      -14.63233108,      -12.09070526,      -12.18320662,      -9.136610647
          0,           0,         535,      -14.62700587,      -12.08202926,      -12.18196955,      -9.139139675
          0,           0,         536,      -14.62818537,      -12.07417811,      -12.18725618,      -9.126369779
          0,           0,         537,       -14.6329247,      -12.07963343,      -12.19714173,      -9.138688234
          0,           0,         538,      -14.62236815,      -12.07319837,      -12.19006521,      -9.133637208
          0,           0,         539,        -14.614859,      -12.06369815,      -12.19393343,      -9.125863477
          0,           0,         540,      -14.61128239,      -12.06322159,      -12.20715547,      -9.132527003
          0,           0,         541,      -14.62814437,      -12.07729592,      -12.20411491,      -9.141834644
          0,           0,         542,      -14.61460519,      -12.06161158,      -12.18660151,      -9.116623136
          0,           0,         543,      -14.62323148,      -12.05788622,      -12.19230614,      -9.125613575
          0,           0,         544,      -14.63425144,      -12.07231256,      -12.19194003,      -9.134912226
          0,           0,         545,      -14.60369705,      -12.04376322,      -12.18604568,      -9.111117245
          0,           0,         546,      -14.61112268,        -12.064033,      -12.18597051,      -9.113019236
          0,           0,         547,      -14.60573893,      -12.06545704,      -12.18423792,      -9.122227295
          0,           0,         548,       -14.6111866,      -12.06629324,      -12.18474162,        -9.1247321
          0,           0,         549,      -14.62275873,       -12.0682865,       -12.1988126,      -9.129339574
          0,           0,         550,      -14.61789152,      -12.06826416,       -12.1896512,      -9.124211772
          0,           0,         551,      -14.63531865,      -12.08467713,      -12.20872327,      -9.147252987
          0,           0,         552,      -14.62471932,      -12.07812775,      -12.20013661,      -9.140292621
          0,           0,         553,      -14.61714559,       -12.0597181,      -12.17544388,      -9.126242627
          0,           0,         554,      -14.60950625,      -12.05570127,      -12.19884411,      -9.120949966
          0,           0,         555,      -14.62778677,      -12.07572065,      -12.18910379,      -9.139213932
          0,           0,         556,      -14.60242398,      -12.06478773,      -12.17140673,      -9.111770041
          0,           0,         557,      -14.61977483,       -12.0684526,      -12.18815357,       -9.13014898
          0,           0,         558,       -14.6247771,      -12.08040136,      -12.19667518,      -9.128287157
          0,           0,         559,      -14.61501484,      -12.04674148,      -12.18377747,      -9.114184917
          0,           0,         560,      -14.61114243,      -12.06594357,      -12.18959809,      -9.124649445
          0,           0,         561,      -14.59962447,      -12.05630382,       -12.1820459,      -9.121022358
          0,           0,         562,      -14.62155206,      -12.07650843,      -12.18495257,      -9.134057953
          0,           0,         563,      -14.62479282,      -12.07302644,      -12.17995376,      -9.137625474
          0,           0,         564,      -14.60985207,      -12.05866451,       -12.1885447,      -9.119464607
          0,           0,         565,      -14.63517848,      -12.08764399,      -12.20652398,      -9.146646592
          0,           0,         566,        -14.627383,       -12.0710027,      -12.19832163,      -9.132711437
          0,           0,         567,      -14.62226439,      -12.07427943,      -12.18415045,      -9.129463979
          0,           0,         568,      -14.61815295,      -12.07304791,      -12.18344135,       -9.12928573
          0,           0,         569,      -14.61735728,      -12.07184739,      -12.18688817,      -9.123851352
          0,           0,         570,      -14.62003336,      -12.06525787,      -12.18893916,      -9.127435855
          0,           0,         571,      -14.61774794,      -12.06095235,      -12.19781023,      -9.123331574
          0,           0,         572,      -14.62259431,      -12.06452237,      -12.19748838,      -9.124543746
          0,           0,         573,      -14.61792824,      -12.06091791,      -12.17998159,      -9.120761265
          0,           0,         574,      -14.60939526,      -12.04519103,      -12.19561429,      -9.109022843
          0,           0,         575,      -14.61748242,      -12.07918632,      -12.19858078,      -9.131861196
          0,           0,         576,      -14.60172385,      -12.04036956,      -12.18335192,      -9.117546178
          0,           0,         577,      -14.62656727,      -12.07274956,      -12.18918706,      -9.138948763
          0,           0,         578,      -14.63055875,      -12.07449918,      -12.20832591,      -9.144510202
          0,           0,         579,      -14.63532416,      -12.09423783,      -12.17911389,      -9.137753232
          0,           0,         580,      -14.61813466,      -12.07499281,      -12.19207848,      -9.130568598
          0,           0,         581,      -14.62850283,      -12.07220221,      -12.18418941,      -9.134882232
          0,           0,         582,      -14.61837842,       -12.0637978,      -12.18302998,      -9.128457521
          0,           0,         583,      -14.63026878,      -12.08099876,      -12.17765371,      -9.133324418
          0,           0,         584,      -14.62579013,      -12.05917676,      -12.19449063,      -9.135508028
          0,           0,         585,      -14.62236667,      -12.07553361,      -12.18968244,      -9.140200228
          0,           0,         586,      -14.62441633,      -12.06518316,      -12.19595833,      -9.133936108
          0,           0,         587,      -14.62187319,      -12.06700811,       -12.1950017,      -9.128246961
          0,           0,         588,      -14.61601138,      -12.07937369,      -12.19733955,      -9.132371571
          0,           0,         589,      -14.61547461,      -12.07569177,      -12.17443771,      -9.132780982
          0,           0,         590,      -14.61533386,       -12.0659348,       -12.1932724,      -9.131841641
          0,           0,         591,      -14.61311214,      -12.07437876,      -12.17119314,      -9.123719958
          0,           0,         592,      -14.62418722,       -12.0783002,      -12.17932098,      -9.127745635
          0,           0,         593,      -14.62087221,      -12.07349151,      -12.18830542,      -9.144671373
          0,           0,         594,      -14.62967201,      -12.08333813,      -12.19976225,      -9.141904144
          0,           0,         595,      -14.62965594,      -12.08832347,      -12.20084639,      -9.143496228
          0,           0,         596,      -14.63216507,      -12.08576252,      -12.19167497,      -9.138784408
          0,           0,         597,      -14.61232003,      -12.05526963,      -12.18139937,      -9.120133524
          0,           0,         598,       -14.6218065,      -12.07396833,      -12.17864667,      -9.132123961
          0,           0,         599,      -14.63419491,      -12.07856785,      -12.20375983,      -9.133504796
          0,           0,         600,      -14.62123571,      -12.07236188,      -12.18597851,      -9.131355081
