VARIABLES = \
"Time_Iter","Outer_Iter","Inner_Iter",    "rms[Rho]"    ,    "rms[RhoU]"   ,    "rms[RhoV]"   ,    "rms[RhoE]"   
          0,           0,           0,      -1.634425552,      0.5714264062,      0.8807856953,       3.825202651
          0,           0,           1,       -2.09109534,      0.2659679487,      0.4661402157,       3.385527007
          0,           0,           2,       -2.34878148,     0.04632870197,      0.2152755335,       3.133169781
          0,           0,           3,      -2.511648697,     -0.1063252498,     0.01732059738,       2.969997918
          0,           0,           4,      -2.671012372,     -0.2415955779,     -0.1635717742,       2.809514855
          0,           0,           5,      -2.830000368,     -0.3740811385,     -0.3344431289,       2.648712682
          0,           0,           6,      -2.980107598,     -0.4975374425,     -0.4959940301,       2.496623471
          0,           0,           7,      -3.128482032,     -0.6143769612,     -0.6546041272,       2.346878918
          0,           0,           8,      -3.280512563,     -0.7200102102,     -0.8101219092,       2.194210486
          0,           0,           9,      -3.433254917,     -0.8131906214,     -0.9625422625,       2.041207005
          0,           0,          10,      -3.580013989,     -0.8960311523,      -1.111605255,       1.893954415
          0,           0,          11,      -3.716867653,     -0.9708355173,      -1.254399937,       1.756002104
          0,           0,          12,      -3.845473265,      -1.039153523,      -1.388263256,        1.62601913
          0,           0,          13,      -3.965359579,       -1.10097914,      -1.512255561,       1.504813912
          0,           0,          14,       -4.07256024,      -1.156585822,      -1.625898706,       1.396470677
          0,           0,          15,      -4.166175217,      -1.207335839,      -1.729486692,       1.302114864
          0,           0,          16,      -4.247922829,      -1.254306364,      -1.824824264,       1.220233398
          0,           0,          17,      -4.320041819,      -1.297853395,      -1.914482642,       1.148784402
          0,           0,          18,      -4.385411237,      -1.338313765,      -1.998557289,       1.084917601
          0,           0,          19,      -4.445977215,      -1.376405578,      -2.074157963,       1.026240857
          0,           0,          20,      -4.502363409,      -1.413104189,      -2.139401634,      0.9714351407
          0,           0,          21,      -4.554779939,       -1.44931275,      -2.196086025,      0.9198256407
          0,           0,          22,       -4.60351773,      -1.485591404,      -2.247856136,      0.8711121591
          0,           0,          23,      -4.649282729,      -1.522077998,      -2.297347907,      0.8249325109
          0,           0,          24,      -4.693070522,      -1.558580017,      -2.345451246,      0.7806964178
          0,           0,          25,      -4.735576938,      -1.594751336,      -2.392292204,      0.7379289797
          0,           0,          26,      -4.776938808,      -1.630258137,      -2.438103715,      0.6965040599
          0,           0,          27,       -4.81698345,      -1.664876442,      -2.483281396,      0.6565136786
          0,           0,          28,      -4.855539686,      -1.698500163,      -2.528144604,      0.6180709475
          0,           0,          29,      -4.892564755,       -1.73109277,      -2.572849984,      0.5812278952
          0,           0,          30,      -4.928135235,      -1.762632877,      -2.617402038,      0.5459663324
          0,           0,          31,      -4.962364178,      -1.793089408,      -2.661659335,      0.5122347773
          0,           0,          32,      -4.995328646,      -1.822432301,      -2.705334367,       0.479986048
          0,           0,          33,      -5.027061161,      -1.850660182,      -2.748030454,       0.449178937
          0,           0,          34,      -5.057587559,      -1.877822727,      -2.789307508,       0.419754299
          0,           0,          35,      -5.086967333,      -1.904022886,      -2.828745832,      0.3916183732
          0,           0,          36,      -5.115316627,      -1.929401049,       -2.86601576,      0.3646378337
          0,           0,          37,      -5.142806968,      -1.954111493,      -2.900920654,      0.3386447809
          0,           0,          38,      -5.169639695,      -1.978298156,      -2.933469102,      0.3134546174
          0,           0,          39,      -5.196012907,        -2.0020775,      -2.963894385,      0.2888860608
          0,           0,          40,      -5.222093495,      -2.025530522,       -2.99260843,      0.2647797156
          0,           0,          41,      -5.247996082,      -2.048703162,      -3.020110744,      0.2410144146
          0,           0,          42,      -5.273773895,      -2.071612526,      -3.046885054,      0.2175167223
          0,           0,          43,      -5.299424046,      -2.094256623,      -3.073321804,      0.1942592635
          0,           0,          44,      -5.324901667,        -2.1166247,      -3.099678663,      0.1712514875
          0,           0,          45,      -5.350139449,      -2.138706084,      -3.126074315,      0.1485249866
          0,           0,          46,      -5.375067198,      -2.160496107,      -3.152504651,      0.1261177417
          0,           0,          47,      -5.399627471,      -2.181999044,      -3.178868278,      0.1040616018
          0,           0,          48,      -5.423787907,      -2.203228497,      -3.205003552,     0.08237169962
          0,           0,          49,      -5.447540928,      -2.224205898,      -3.230726519,     0.06104509632
          0,           0,          50,      -5.470901029,       -2.24495841,      -3.255864875,     0.04006183641
          0,           0,          51,       -5.49390073,      -2.265516662,      -3.280283725,     0.01938748274
          0,           0,          52,      -5.516583713,       -2.28591333,      -3.303901333,   -0.001022409075
          0,           0,          53,      -5.538998664,        -2.3061814,      -3.326696154,    -0.02121734876
          0,           0,          54,      -5.561194302,        -2.3263533,       -3.34869943,    -0.04124781595
          0,           0,          55,       -5.58321682,      -2.346460425,      -3.369984199,    -0.06116257331
          0,           0,          56,      -5.605109338,      -2.366532655,      -3.390651956,    -0.08100731631
          0,           0,          57,      -5.626911758,      -2.386598117,      -3.410819414,     -0.1008237728
          0,           0,          58,      -5.648659829,      -2.406682837,      -3.430602791,     -0.1206488434
          0,           0,          59,      -5.670388593,      -2.426811098,      -3.450111331,     -0.1405165617
          0,           0,          60,      -5.692127873,      -2.447004646,      -3.469454095,     -0.1604548276
          0,           0,          61,      -5.713903016,      -2.467282911,      -3.488726559,     -0.1804863147
          0,           0,          62,      -5.735738604,      -2.487662997,      -3.508006607,     -0.2006315524
          0,           0,          63,      -5.757656829,      -2.508159682,      -3.527361179,     -0.2209076474
          0,           0,          64,      -5.779676655,      -2.528785505,      -3.546844706,     -0.2413282401
          0,           0,          65,      -5.801814249,      -2.549550887,      -3.566500062,     -0.2619040756
          0,           0,          66,       -5.82408348,      -2.570464247,      -3.586358571,     -0.2826436242
          0,           0,          67,      -5.846494909,      -2.591532383,      -3.606447055,     -0.3035526223
          0,           0,          68,      -5.869057412,      -2.612760564,      -3.626781713,     -0.3246355228
          0,           0,          69,      -5.891777802,      -2.634152752,      -3.647372643,     -0.3458953729
          0,           0,          70,      -5.914660476,      -2.655711395,      -3.668222397,     -0.3673333138
          0,           0,          71,      -5.937708528,      -2.677437921,      -3.689333086,     -0.3889497322
          0,           0,          72,      -5.960923244,      -2.699332897,      -3.710701422,     -0.4107438144
          0,           0,          73,      -5.984304516,      -2.721396169,      -3.732319725,     -0.4327138085
          0,           0,          74,      -6.007852214,      -2.743627017,      -3.754180089,      -0.454858291
          0,           0,          75,      -6.031564698,      -2.766024113,      -3.776274344,     -0.4771748788
          0,           0,          76,      -6.055438668,      -2.788585544,      -3.798592566,     -0.4996600499
          0,           0,          77,      -6.079472967,      -2.811309356,       -3.82112438,     -0.5223120068
          0,           0,          78,      -6.103666091,      -2.834193321,      -3.843862239,     -0.5451288348
          0,           0,          79,      -6.128012922,        -2.8572346,      -3.866796915,     -0.5681059618
          0,           0,          80,      -6.152509221,      -2.880430342,      -3.889917606,     -0.5912398464
          0,           0,          81,      -6.177151062,      -2.903777553,      -3.913215818,     -0.6145270705
          0,           0,          82,      -6.201934301,      -2.927273274,      -3.936682742,     -0.6379641244
          0,           0,          83,      -6.226855796,      -2.950914501,      -3.960308109,     -0.6615482069
          0,           0,          84,      -6.251912332,      -2.974698071,      -3.984088124,     -0.6852763619
          0,           0,          85,      -6.277100537,      -2.998620811,      -4.008014172,     -0.7091458181
          0,           0,          86,      -6.302416069,      -3.022679635,       -4.03208347,     -0.7331530453
          0,           0,          87,      -6.327854669,      -3.046871481,      -4.056292433,     -0.7572945686
          0,           0,          88,      -6.353412902,      -3.071193406,      -4.080634872,     -0.7815674615
          0,           0,          89,      -6.379087674,      -3.095642573,      -4.105105428,     -0.8059690625
          0,           0,          90,      -6.404875556,      -3.120216153,      -4.129701102,     -0.8304965398
          0,           0,          91,      -6.430772757,      -3.144911255,      -4.154420334,     -0.8551469661
          0,           0,          92,      -6.456774933,      -3.169725042,      -4.179257788,     -0.8799166895
          0,           0,          93,      -6.482879618,      -3.194654957,      -4.204209483,      -0.904803473
          0,           0,          94,       -6.50908423,      -3.219698498,      -4.229271606,     -0.9298050718
          0,           0,          95,      -6.535386281,      -3.244853258,      -4.254441388,     -0.9549193381
          0,           0,          96,      -6.561782843,      -3.270116854,      -4.279716344,     -0.9801437847
          0,           0,          97,      -6.588270957,      -3.295486981,      -4.305093927,      -1.005475964
          0,           0,          98,      -6.614847807,      -3.320961465,      -4.330570585,      -1.030913562
          0,           0,          99,      -6.641509878,      -3.346538295,      -4.356142234,      -1.056453758
          0,           0,         100,      -6.668255868,      -3.372215273,      -4.381812646,      -1.082095257
          0,           0,         101,      -6.695083684,      -3.397990481,      -4.407577375,      -1.107836229
          0,           0,         102,       -6.72199128,      -3.423862134,      -4.433433091,      -1.133674956
          0,           0,         103,      -6.748976234,      -3.449828446,      -4.459377592,      -1.159609414
          0,           0,         104,      -6.776036618,      -3.475887692,      -4.485409171,      -1.185637981
          0,           0,         105,      -6.803170305,      -3.502038211,      -4.511526338,      -1.211758882
          0,           0,         106,      -6.830375193,      -3.528278405,       -4.53772754,      -1.237970384
          0,           0,         107,       -6.85764935,      -3.554606752,      -4.564011067,      -1.264270902
          0,           0,         108,      -6.884991043,      -3.581021787,      -4.590375075,      -1.290658958
          0,           0,         109,       -6.91239883,      -3.607522119,      -4.616817615,       -1.31713325
          0,           0,         110,      -6.939870831,      -3.634106397,      -4.643337721,      -1.343692383
          0,           0,         111,      -6.967404973,      -3.660773277,      -4.669933828,      -1.370334774
          0,           0,         112,      -6.994999695,      -3.687521486,      -4.696605779,      -1.397059054
          0,           0,         113,      -7.022653545,      -3.714349793,      -4.723351608,      -1.423864017
          0,           0,         114,      -7.050365209,      -3.741256986,      -4.750169681,      -1.450748434
          0,           0,         115,      -7.078133524,      -3.768241918,      -4.777058722,      -1.477711304
          0,           0,         116,      -7.105956943,      -3.795303462,      -4.804017769,        -1.5047514
          0,           0,         117,       -7.13383396,      -3.822440503,      -4.831045446,      -1.531867436
          0,           0,         118,      -7.161763292,      -3.849651974,      -4.858140478,      -1.559058327
          0,           0,         119,      -7.189743744,      -3.876936834,      -4.885301875,      -1.586323046
          0,           0,         120,      -7.217774159,      -3.904294066,      -4.912528638,      -1.613660566
          0,           0,         121,      -7.245853368,      -3.931722675,      -4.939819643,      -1.641069842
          0,           0,         122,      -7.273980501,      -3.959221799,      -4.967172171,      -1.668549918
          0,           0,         123,      -7.302154445,      -3.986790319,      -4.994587484,      -1.696099719
          0,           0,         124,      -7.330373392,      -4.014427329,      -5.022064581,      -1.723717929
          0,           0,         125,      -7.358636279,       -4.04213192,      -5.049601512,      -1.751403607
          0,           0,         126,      -7.386942898,      -4.069903231,      -5.077197421,      -1.779156207
          0,           0,         127,      -7.415292511,      -4.097740383,      -5.104851526,      -1.806974895
          0,           0,         128,      -7.443684483,      -4.125642563,      -5.132562195,      -1.834859165
          0,           0,         129,      -7.472117715,      -4.153608906,      -5.160328644,      -1.862807932
          0,           0,         130,       -7.50059123,      -4.181638545,       -5.18815015,      -1.890820122
          0,           0,         131,      -7.529104255,      -4.209730644,      -5.216025826,      -1.918894823
          0,           0,         132,      -7.557656103,      -4.237884393,      -5.243954675,      -1.947031208
          0,           0,         133,      -7.586246132,      -4.266098998,       -5.27193566,      -1.975228475
          0,           0,         134,      -7.614873713,      -4.294373678,      -5.299967762,      -2.003485828
          0,           0,         135,      -7.643538234,       -4.32270766,      -5.328050023,      -2.031802469
          0,           0,         136,      -7.672239121,      -4.351100184,      -5.356181527,       -2.06017761
          0,           0,         137,      -7.700975859,      -4.379550501,      -5.384361383,      -2.088610486
          0,           0,         138,      -7.729747979,      -4.408057874,      -5.412588713,      -2.117100349
          0,           0,         139,      -7.758555048,      -4.436621578,      -5.440862641,      -2.145646462
          0,           0,         140,      -7.787396698,      -4.465240902,      -5.469182302,      -2.174248121
          0,           0,         141,      -7.816272691,      -4.493915158,      -5.497546896,      -2.202904698
          0,           0,         142,      -7.845182506,       -4.52264363,      -5.525955505,      -2.231615349
          0,           0,         143,      -7.874125881,      -4.551425638,      -5.554407301,      -2.260379397
          0,           0,         144,      -7.903102576,      -4.580260511,      -5.582901468,      -2.289196174
          0,           0,         145,      -7.932112382,      -4.609147593,      -5.611437203,      -2.318065018
          0,           0,         146,       -7.96115511,      -4.638086232,      -5.640013712,      -2.346985265
          0,           0,         147,        -7.9902306,      -4.667075788,      -5.668630225,       -2.37595627
          0,           0,         148,      -8.019338737,      -4.696115631,      -5.697285977,      -2.404977403
          0,           0,         149,      -8.048479427,      -4.725205144,      -5.725980218,      -2.434048039
          0,           0,         150,      -8.077652606,      -4.754343719,      -5.754712206,      -2.463167561
          0,           0,         151,      -8.106858237,      -4.783530762,      -5.783481217,       -2.49233537
          0,           0,         152,      -8.136096315,      -4.812765687,      -5.812286539,      -2.521550876
          0,           0,         153,      -8.165366852,      -4.842047925,      -5.841127488,      -2.550813499
          0,           0,         154,      -8.194669904,      -4.871376915,      -5.870003375,      -2.580122677
          0,           0,         155,      -8.224005537,      -4.900752109,      -5.898913552,      -2.609477856
          0,           0,         156,      -8.253373864,      -4.930172974,      -5.927857372,        -2.6388785
          0,           0,         157,      -8.282774977,      -4.959638986,      -5.956834216,      -2.668324073
          0,           0,         158,      -8.312209039,      -4.989149638,      -5.985843477,      -2.697814071
          0,           0,         159,      -8.341676199,      -5.018704433,       -6.01488458,      -2.727347989
          0,           0,         160,      -8.371176644,      -5.048302889,      -6.043956957,      -2.756925335
          0,           0,         161,      -8.400710568,      -5.077944537,      -6.073060067,       -2.78654564
          0,           0,         162,      -8.430278208,      -5.107628923,      -6.102193387,      -2.816208449
          0,           0,         163,       -8.45987977,      -5.137355604,      -6.131356429,      -2.845913307
          0,           0,         164,      -8.489515525,      -5.167124153,      -6.160548714,      -2.875659784
          0,           0,         165,      -8.519185715,      -5.196934157,      -6.189769785,      -2.905447456
          0,           0,         166,      -8.548890645,      -5.226785217,      -6.219019215,       -2.93527593
          0,           0,         167,      -8.578630568,      -5.256676948,      -6.248296591,      -2.965144808
          0,           0,         168,      -8.608405805,      -5.286608979,      -6.277601573,      -2.995053711
          0,           0,         169,      -8.638216657,      -5.316580953,      -6.306933742,      -3.025002279
          0,           0,         170,      -8.668063439,       -5.34659253,      -6.336292817,      -3.054990172
          0,           0,         171,      -8.697946466,      -5.376643381,      -6.365678461,      -3.085017039
          0,           0,         172,       -8.72786607,      -5.406733192,      -6.395090387,      -3.115082569
          0,           0,         173,      -8.757822596,      -5.436861664,      -6.424528363,      -3.145186457
          0,           0,         174,      -8.787816369,      -5.467028512,      -6.453992137,       -3.17532842
          0,           0,         175,      -8.817847726,      -5.497233465,      -6.483481497,      -3.205508159
          0,           0,         176,      -8.847917023,      -5.527476265,      -6.512996255,      -3.235725422
          0,           0,         177,      -8.878024612,      -5.557756668,      -6.542536276,      -3.265979957
          0,           0,         178,       -8.90817081,      -5.588074444,      -6.572101368,      -3.296271517
          0,           0,         179,      -8.938356009,      -5.618429379,      -6.601691485,      -3.326599913
          0,           0,         180,      -8.968580468,      -5.648821262,      -6.631306486,       -3.35696487
          0,           0,         181,      -8.998844642,       -5.67924991,      -6.660946337,      -3.387366259
          0,           0,         182,      -9.029148798,       -5.70971514,      -6.690610971,      -3.417803846
          0,           0,         183,      -9.059493283,      -5.740216785,      -6.720300399,      -3.448277472
          0,           0,         184,      -9.089878422,      -5.770754693,      -6.750014535,      -3.478786973
          0,           0,         185,       -9.12030456,      -5.801328718,      -6.779753526,      -3.509332194
          0,           0,         186,       -9.15077205,      -5.831938734,      -6.809517314,      -3.539913018
          0,           0,         187,      -9.181281162,      -5.862584614,      -6.839306013,      -3.570529294
          0,           0,         188,      -9.211832245,      -5.893266255,      -6.869119736,      -3.601180934
          0,           0,         189,      -9.242425568,      -5.923983547,      -6.898958487,      -3.631867786
          0,           0,         190,      -9.273061455,       -5.95473641,      -6.928822465,      -3.662589778
          0,           0,         191,       -9.30374019,      -5.985524757,      -6.958711787,       -3.69334684
          0,           0,         192,      -9.334462055,      -6.016348515,      -6.988626607,      -3.724138847
          0,           0,         193,      -9.365227309,       -6.04720762,      -7.018567032,      -3.754965751
          0,           0,         194,      -9.396036289,      -6.078102024,      -7.048533412,      -3.785827527
          0,           0,         195,      -9.426889218,      -6.109031667,      -7.078525848,      -3.816724067
          0,           0,         196,      -9.457786375,      -6.139996514,      -7.108544434,      -3.847655353
          0,           0,         197,      -9.488727888,      -6.170996529,      -7.138589694,       -3.87862135
          0,           0,         198,      -9.519714115,      -6.202031681,       -7.16866163,       -3.90962197
          0,           0,         199,      -9.550745269,      -6.233101942,      -7.198760502,      -3.940657221
          0,           0,         200,      -9.581821493,      -6.264207303,      -7.228886656,      -3.971727114
          0,           0,         201,      -9.612943092,      -6.295347747,      -7.259040334,      -4.002831614
          0,           0,         202,      -9.644110173,      -6.326523255,      -7.289221977,      -4.033970646
          0,           0,         203,      -9.675323125,      -6.357733836,      -7.319431637,      -4.065144359
          0,           0,         204,      -9.706581704,      -6.388979471,      -7.349669611,      -4.096352494
          0,           0,         205,      -9.737886608,       -6.42026016,      -7.379936266,       -4.12759524
          0,           0,         206,      -9.769237545,      -6.451575908,       -7.41023201,      -4.158872557
          0,           0,         207,      -9.800634942,      -6.482926709,      -7.440557287,      -4.190184347
          0,           0,         208,      -9.832078798,      -6.514312599,      -7.470912135,      -4.221530861
          0,           0,         209,      -9.863569282,      -6.545733533,      -7.501297019,      -4.252911789
          0,           0,         210,      -9.895106741,      -6.577189564,      -7.531712079,       -4.28432742
          0,           0,         211,      -9.926690983,      -6.608680637,       -7.56215757,      -4.315777436
          0,           0,         212,       -9.95832238,      -6.640206807,       -7.59263457,      -4.347262236
          0,           0,         213,      -9.990000492,      -6.671768043,      -7.623142696,        -4.3787814
          0,           0,         214,      -10.02172614,      -6.703364368,      -7.653682319,       -4.41033533
          0,           0,         215,      -10.05349896,      -6.734995769,      -7.684253673,      -4.441923687
          0,           0,         216,      -10.08531891,      -6.766662214,      -7.714857984,       -4.47354656
          0,           0,         217,       -10.1171867,      -6.798363738,      -7.745494798,      -4.505204236
          0,           0,         218,      -10.14910178,      -6.830100333,      -7.776164256,       -4.53689642
          0,           0,         219,      -10.18106405,      -6.861871921,      -7.806866872,      -4.568622852
          0,           0,         220,       -10.2130746,      -6.893678591,      -7.837603678,       -4.60038454
          0,           0,         221,      -10.24513209,       -6.92552015,      -7.868374532,      -4.632179969
          0,           0,         222,      -10.27723777,      -6.957396797,      -7.899179816,      -4.664010708
          0,           0,         223,      -10.30939014,      -6.989308207,      -7.930018282,      -4.695874764
          0,           0,         224,        -10.341591,      -7.021254629,      -7.960892947,      -4.727774193
          0,           0,         225,      -10.37383909,      -7.053235821,      -7.991802375,      -4.759707565
          0,           0,         226,      -10.40613522,       -7.08525191,      -8.022748008,      -4.791676021
          0,           0,         227,      -10.43847873,      -7.117302609,      -8.053727907,      -4.823677809
          0,           0,         228,      -10.47087001,      -7.149387961,       -8.08474571,      -4.855714493
          0,           0,         229,      -10.50330891,      -7.181507935,      -8.115798203,      -4.887784753
          0,           0,         230,      -10.53579486,        -7.2136624,       -8.14688808,      -4.919889587
          0,           0,         231,      -10.56832902,      -7.245851271,      -8.178014782,      -4.952027991
          0,           0,         232,      -10.60091034,      -7.278074378,       -8.20917922,      -4.984200476
          0,           0,         233,      -10.63353965,      -7.310331886,      -8.240380546,      -5.016407794
          0,           0,         234,      -10.66621567,      -7.342623274,      -8.271617564,      -5.048647631
          0,           0,         235,      -10.69894032,      -7.374948847,      -8.302896444,      -5.080922311
          0,           0,         236,      -10.73170969,      -7.407308134,      -8.334210102,       -5.11322904
          0,           0,         237,      -10.76452742,      -7.439701056,      -8.365563342,      -5.145569926
          0,           0,         238,      -10.79739371,      -7.472127496,      -8.396955443,      -5.177944169
          0,           0,         239,      -10.83030497,      -7.504587459,      -8.428386323,      -5.210350849
          0,           0,         240,      -10.86326489,      -7.537080746,      -8.459856472,      -5.242792157
          0,           0,         241,      -10.89627175,      -7.569606839,       -8.49136405,      -5.275264352
          0,           0,         242,      -10.92932386,      -7.602165832,      -8.522911853,      -5.307769698
          0,           0,         243,      -10.96242429,       -7.63475746,      -8.554499906,      -5.340308578
          0,           0,         244,      -10.99556972,      -7.667381514,      -8.586126168,      -5.372880015
          0,           0,         245,      -11.02876264,      -7.700037694,       -8.61779522,      -5.405481035
          0,           0,         246,       -11.0619997,      -7.732725813,      -8.649498468,      -5.438114149
          0,           0,         247,        -11.095287,      -7.765445807,      -8.681245521,      -5.470780996
          0,           0,         248,       -11.1286185,      -7.798197473,      -8.713032176,      -5.503480413
          0,           0,         249,      -11.16199227,       -7.83097941,      -8.744859022,      -5.536205444
          0,           0,         250,      -11.19541632,      -7.863793174,      -8.776728165,       -5.56896548
          0,           0,         251,       -11.2288841,      -7.896637182,      -8.808634696,      -5.601754724
          0,           0,         252,      -11.26240229,      -7.929511787,      -8.840587269,      -5.634575407
          0,           0,         253,      -11.29595691,      -7.962415889,      -8.872577921,      -5.667421802
          0,           0,         254,      -11.32956355,        -7.9953499,      -8.904602769,      -5.700304469
          0,           0,         255,      -11.36321347,       -8.02831322,      -8.936676843,       -5.73321595
          0,           0,         256,      -11.39690991,      -8.061305173,      -8.968787452,       -5.76615019
          0,           0,         257,      -11.43064937,      -8.094327397,      -9.000942377,      -5.799125938
          0,           0,         258,      -11.46443194,      -8.127375855,      -9.033139432,      -5.832116949
          0,           0,         259,      -11.49825341,      -8.160452879,      -9.065369448,      -5.865139474
          0,           0,         260,      -11.53212717,      -8.193557255,      -9.097643406,      -5.898189842
          0,           0,         261,      -11.56604106,      -8.226688399,      -9.129964363,      -5.931267798
          0,           0,         262,       -11.5999966,      -8.259845805,      -9.162307224,      -5.964368354
          0,           0,         263,      -11.63399977,      -8.293031638,      -9.194713986,      -5.997508413
          0,           0,         264,      -11.66805076,       -8.32624045,      -9.227151158,      -6.030662873
          0,           0,         265,      -11.70212831,      -8.359475846,      -9.259633589,      -6.063843676
          0,           0,         266,      -11.73626165,      -8.392735059,      -9.292167503,      -6.097047758
          0,           0,         267,      -11.77043734,      -8.426022852,      -9.324734187,      -6.130298208
          0,           0,         268,      -11.80464542,      -8.459327298,       -9.35730999,      -6.163537536
          0,           0,         269,      -11.83889238,      -8.492659066,      -9.389952477,      -6.196818054
          0,           0,         270,      -11.87319441,      -8.526015349,      -9.422645953,      -6.230145644
          0,           0,         271,      -11.90750902,      -8.559389202,      -9.455370612,      -6.263458428
          0,           0,         272,      -11.94189418,       -8.59278491,      -9.488114697,      -6.296797593
          0,           0,         273,      -11.97629766,      -8.626203462,      -9.520936071,      -6.330159327
          0,           0,         274,      -12.01076734,      -8.659645795,      -9.553802989,       -6.36357592
          0,           0,         275,      -12.04524618,      -8.693101442,      -9.586648577,      -6.396953312
          0,           0,         276,      -12.07976462,      -8.726578729,      -9.619609765,      -6.430388285
          0,           0,         277,      -12.11436672,       -8.76007685,      -9.652590275,      -6.463870577
          0,           0,         278,       -12.1489548,      -8.793599806,      -9.685612535,      -6.497379761
          0,           0,         279,      -12.18357879,      -8.827124677,      -9.718616306,      -6.530825928
          0,           0,         280,      -12.21823507,      -8.860668783,      -9.751703281,      -6.564295393
          0,           0,         281,      -12.25297598,      -8.894234739,      -9.784829096,      -6.597830172
          0,           0,         282,      -12.28773245,      -8.927815619,       -9.81801365,      -6.631376097
          0,           0,         283,      -12.32253378,      -8.961417085,      -9.851213547,      -6.664981862
          0,           0,         284,      -12.35728119,      -8.995024107,      -9.884462003,      -6.698528917
          0,           0,         285,      -12.39217417,      -9.028652692,        -9.9177382,      -6.732164857
          0,           0,         286,      -12.42703489,      -9.062275074,      -9.951022429,      -6.765700912
          0,           0,         287,      -12.46192814,      -9.095917931,      -9.984421763,      -6.799282647
          0,           0,         288,      -12.49680168,      -9.129571316,      -10.01767783,      -6.832867398
          0,           0,         289,      -12.53173021,       -9.16323378,      -10.05118881,      -6.866453601
          0,           0,         290,      -12.56679201,       -9.19692036,       -10.0846938,      -6.900211504
          0,           0,         291,      -12.60179188,      -9.230607554,        -10.118268,      -6.933861932
          0,           0,         292,      -12.63681604,      -9.264312122,      -10.15177579,      -6.967550373
          0,           0,         293,      -12.67195638,      -9.298007278,      -10.18541494,      -7.001247371
          0,           0,         294,      -12.70688643,      -9.331686746,      -10.21890907,      -7.034740271
          0,           0,         295,      -12.74205648,      -9.365410553,      -10.25250831,      -7.068514013
          0,           0,         296,      -12.77720495,      -9.399120791,      -10.28631021,      -7.102195405
          0,           0,         297,      -12.81225337,      -9.432846296,      -10.31986049,      -7.135954387
          0,           0,         298,          -12.8472,      -9.466548005,      -10.35383826,      -7.169518755
          0,           0,         299,      -12.88234919,      -9.500267806,      -10.38735797,      -7.203051094
          0,           0,         300,      -12.91779265,      -9.533986206,      -10.42120279,      -7.236888556
          0,           0,         301,      -12.95302598,      -9.567770265,      -10.45541949,      -7.271034763
          0,           0,         302,      -12.98803324,      -9.601439861,      -10.48896129,      -7.304296688
          0,           0,         303,      -13.02310813,      -9.635161376,      -10.52313269,      -7.338013521
          0,           0,         304,      -13.05841956,      -9.668881881,      -10.55700436,      -7.371875847
          0,           0,         305,      -13.09361248,      -9.702597781,      -10.59089048,      -7.405558137
          0,           0,         306,      -13.12882248,      -9.736336128,      -10.62491569,      -7.439485366
          0,           0,         307,      -13.16346341,      -9.770010426,      -10.65898079,      -7.472918354
          0,           0,         308,      -13.19877778,      -9.803639229,      -10.69232341,      -7.506191421
          0,           0,         309,      -13.23362483,       -9.83736595,       -10.7263544,      -7.540072197
          0,           0,         310,      -13.26864472,      -9.870953446,        -10.760648,      -7.573412844
          0,           0,         311,      -13.30405136,      -9.904605985,      -10.79507862,       -7.60706223
          0,           0,         312,      -13.33780386,      -9.938238228,      -10.82968123,      -7.639923959
          0,           0,         313,      -13.37399743,      -9.972019057,      -10.86370485,      -7.675101949
          0,           0,         314,      -13.40851191,      -10.00554216,      -10.89776505,      -7.708179194
          0,           0,         315,      -13.44338311,       -10.0391672,       -10.9315052,      -7.741614705
          0,           0,         316,      -13.47812335,      -10.07277296,      -10.96443269,      -7.775331467
          0,           0,         317,      -13.51320482,      -10.10639764,       -11.0009517,      -7.809278873
          0,           0,         318,      -13.54784323,      -10.13976124,      -11.03412882,      -7.841628977
          0,           0,         319,      -13.58213337,      -10.17329796,      -11.06833738,      -7.875372719
          0,           0,         320,      -13.61575403,      -10.20690131,       -11.1028594,      -7.908877798
          0,           0,         321,      -13.65010767,      -10.24015309,      -11.13512043,      -7.941607477
          0,           0,         322,      -13.68562963,      -10.27390152,      -11.17060919,       -7.97703082
          0,           0,         323,      -13.71897792,      -10.30715024,      -11.20437565,      -8.008739091
          0,           0,         324,      -13.75103011,      -10.34043937,      -11.23769626,      -8.040726952
          0,           0,         325,      -13.78485196,      -10.37389217,      -11.27213269,      -8.074593907
          0,           0,         326,      -13.82199918,      -10.40763892,      -11.30820615,      -8.111720791
          0,           0,         327,      -13.85166423,      -10.44040189,      -11.34103697,      -8.141041892
          0,           0,         328,      -13.88541419,      -10.47415816,      -11.37610768,      -8.176725961
          0,           0,         329,      -13.91747238,      -10.50669028,      -11.40481828,      -8.203546062
          0,           0,         330,      -13.95307447,      -10.54045633,      -11.43717828,      -8.241136955
          0,           0,         331,      -13.98441817,      -10.57342453,      -11.47272533,      -8.272022589
          0,           0,         332,      -14.01486902,      -10.60623857,       -11.5074087,      -8.303139327
          0,           0,         333,      -14.04339176,      -10.63972214,      -11.54137843,      -8.337028688
          0,           0,         334,      -14.07591112,      -10.67263613,      -11.56944527,       -8.36878741
          0,           0,         335,       -14.1028085,      -10.70461027,      -11.59547891,      -8.392511784
          0,           0,         336,      -14.13502374,       -10.7384209,      -11.63486219,      -8.431195125
          0,           0,         337,      -14.16479493,      -10.77145698,      -11.66551444,      -8.465382971
          0,           0,         338,      -14.19620098,      -10.80422155,      -11.69435672,      -8.495023148
          0,           0,         339,      -14.21808117,      -10.83721104,      -11.72395278,      -8.526687002
          0,           0,         340,      -14.24256996,      -10.87015344,      -11.76024146,      -8.558004507
          0,           0,         341,      -14.27157676,      -10.90304865,      -11.78886933,       -8.58890508
          0,           0,         342,      -14.29323248,      -10.93556666,      -11.81039039,      -8.617388038
          0,           0,         343,      -14.31933989,      -10.96642536,      -11.83482646,      -8.636927978
          0,           0,         344,      -14.34316947,      -10.99933263,      -11.86649806,       -8.67193973
          0,           0,         345,      -14.36959484,       -11.0329716,      -11.90029589,      -8.707758405
          0,           0,         346,      -14.38291713,      -11.06283095,      -11.91939615,      -8.722349333
          0,           0,         347,      -14.41053824,      -11.09607822,      -11.94416739,      -8.758738629
          0,           0,         348,      -14.41929959,      -11.12727733,      -11.96153903,      -8.774926951
          0,           0,         349,      -14.43732295,      -11.16093115,      -11.98757005,      -8.810989611
          0,           0,         350,      -14.45984503,      -11.19391116,      -12.00803998,       -8.84122075
          0,           0,         351,      -14.47531953,       -11.2237581,      -12.02461481,      -8.859443475
          0,           0,         352,      -14.48528897,      -11.25228579,      -12.03494685,      -8.865464953
          0,           0,         353,      -14.50989868,      -11.28853026,      -12.06858208,      -8.916336485
          0,           0,         354,      -14.51203138,      -11.31883654,      -12.05792011,      -8.922110178
          0,           0,         355,       -14.5193619,      -11.34640143,      -12.06853982,       -8.93376316
          0,           0,         356,      -14.53711052,      -11.37930478,      -12.10300071,      -8.961691302
          0,           0,         357,      -14.54958561,      -11.40855263,      -12.10257916,      -8.971913194
          0,           0,         358,      -14.53403216,       -11.4386969,      -12.10655366,      -8.979514926
          0,           0,         359,      -14.55232742,      -11.46944969,      -12.11691881,      -9.001270923
          0,           0,         360,      -14.56681158,      -11.49713003,      -12.13340621,      -9.014500125
          0,           0,         361,       -14.5729115,      -11.52945407,      -12.14451901,      -9.032777074
          0,           0,         362,      -14.57884322,      -11.55447775,      -12.13855194,      -9.037260835
          0,           0,         363,      -14.58066319,      -11.58772583,      -12.14880326,      -9.051575623
          0,           0,         364,      -14.57751215,      -11.61504358,      -12.14398333,      -9.066612696
          0,           0,         365,      -14.55420872,      -11.63432736,       -12.1299592,      -9.038911825
          0,           0,         366,      -14.59997734,      -11.66940281,      -12.16801037,      -9.088390928
          0,           0,         367,      -14.57489158,      -11.68367679,      -12.15444685,      -9.058179366
          0,           0,         368,      -14.60295481,      -11.71617145,      -12.17957492,       -9.09125372
          0,           0,         369,      -14.60312091,      -11.73295868,      -12.17576324,      -9.091398592
          0,           0,         370,      -14.58961167,      -11.76277219,      -12.18670029,      -9.094393364
          0,           0,         371,      -14.61235844,      -11.78866094,      -12.16553372,      -9.104283621
          0,           0,         372,      -14.58355073,      -11.80596902,      -12.17208207,      -9.091553066
          0,           0,         373,       -14.5914814,      -11.81446309,      -12.16437253,      -9.085204086
          0,           0,         374,       -14.6026963,      -11.84159092,       -12.1806414,      -9.095184002
          0,           0,         375,      -14.59605449,      -11.86130343,       -12.1746793,      -9.093829955
          0,           0,         376,      -14.60302701,        -11.888929,       -12.1692797,      -9.112995798
          0,           0,         377,      -14.60408575,      -11.89648894,      -12.16572953,      -9.105453909
          0,           0,         378,       -14.6090236,      -11.92074205,      -12.17569376,       -9.11558192
          0,           0,         379,      -14.59987346,      -11.93665413,      -12.17213875,       -9.10632182
          0,           0,         380,      -14.61544809,      -11.95518222,      -12.18247211,      -9.123809157
          0,           0,         381,       -14.6147167,      -11.96742642,      -12.16718668,      -9.118420644
          0,           0,         382,      -14.61020772,      -11.94993498,      -12.18942303,      -9.105633554
          0,           0,         383,      -14.60157569,      -11.96226305,      -12.16777582,      -9.097801482
          0,           0,         384,      -14.61860587,      -11.98789937,      -12.18599236,      -9.123742621
          0,           0,         385,      -14.60366855,      -11.99016469,       -12.1636028,      -9.107213914
          0,           0,         386,      -14.60637957,      -12.00047808,      -12.17059216,      -9.109895768
          0,           0,         387,       -14.6026873,      -12.00416231,      -12.18792232,      -9.110612707
          0,           0,         388,      -14.59045457,      -11.99578739,      -12.17450667,      -9.105380664
          0,           0,         389,      -14.59945181,      -11.99909087,       -12.1958478,      -9.104271419
          0,           0,         390,      -14.60838741,      -12.02670752,      -12.16069626,      -9.122739231
          0,           0,         391,      -14.60289939,      -12.01546422,      -12.17512082,      -9.109217274
          0,           0,         392,      -14.61869021,      -12.03807718,       -12.1710323,      -9.122922172
          0,           0,         393,      -14.60645338,       -12.0282284,      -12.16813723,      -9.119735026
          0,           0,         394,      -14.61204674,      -12.04158251,      -12.18761307,      -9.120275577
          0,           0,         395,      -14.61209039,      -12.03200909,      -12.17884223,      -9.118488604
          0,           0,         396,      -14.60331271,      -12.01706563,      -12.18581867,      -9.101557376
          0,           0,         397,      -14.62971994,       -12.0500998,      -12.17711163,      -9.132828344
          0,           0,         398,      -14.60387218,      -12.04354159,      -12.17229312,      -9.110879242
          0,           0,         399,      -14.61015215,      -12.05527271,      -12.18260495,      -9.121978957
          0,           0,         400,      -14.60793188,      -12.05008556,      -12.17879996,      -9.118451503
          0,           0,         401,      -14.61334514,       -12.0664298,      -12.19032062,      -9.122084595
          0,           0,         402,      -14.60094549,      -12.05580007,      -12.18622931,      -9.119790904
          0,           0,         403,      -14.62845108,      -12.05872682,       -12.1980674,      -9.129922472
          0,           0,         404,      -14.61011243,      -12.05276034,      -12.17471704,      -9.117137729
          0,           0,         405,      -14.59351257,      -12.03748292,       -12.1674561,      -9.100408248
          0,           0,         406,      -14.61036476,      -12.05958008,      -12.18821186,      -9.127289532
          0,           0,         407,      -14.62176275,      -12.05909527,      -12.18199487,      -9.126506505
          0,           0,         408,      -14.60020023,      -12.05904314,      -12.17047629,      -9.116374429
          0,           0,         409,      -14.61917076,      -12.06401704,      -12.17346036,      -9.123898298
          0,           0,         410,      -14.60421263,       -12.0619594,      -12.16492563,      -9.114615093
          0,           0,         411,      -14.60378557,      -12.05866329,      -12.18080895,      -9.113471982
          0,           0,         412,      -14.61927113,      -12.07295141,      -12.18942961,      -9.132129243
          0,           0,         413,       -14.6130082,      -12.05788722,      -12.19025907,      -9.122892424
          0,           0,         414,      -14.60211021,      -12.04279399,       -12.1886003,      -9.117122593
          0,           0,         415,      -14.62229494,       -12.0746955,       -12.2014718,      -9.137138586
          0,           0,         416,      -14.61672056,      -12.06898669,      -12.17810573,      -9.133267593
          0,           0,         417,      -14.61113161,      -12.05918039,      -12.17379079,      -9.118821238
          0,           0,         418,      -14.60653412,      -12.06431434,      -12.17146832,      -9.119154658
          0,           0,         419,      -14.60836176,      -12.06361095,      -12.19644808,      -9.130228649
          0,           0,         420,      -14.60438875,      -12.04527502,      -12.18426332,       -9.11634248
          0,           0,         421,       -14.6097871,      -12.05910087,      -12.19141696,      -9.124630541
          0,           0,         422,      -14.61584994,      -12.06628725,      -12.18639643,      -9.121751142
          0,           0,         423,      -14.61973939,      -12.06585372,      -12.18830212,      -9.126064919
          0,           0,         424,      -14.60207373,      -12.06566713,      -12.17276494,      -9.116114227
          0,           0,         425,      -14.62373462,      -12.07491592,      -12.17781306,      -9.134745806
          0,           0,         426,      -14.61685474,       -12.0602602,      -12.17541986,      -9.119371593
          0,           0,         427,      -14.61935319,      -12.06877822,      -12.18159372,      -9.127529716
          0,           0,         428,      -14.60609406,      -12.06082518,       -12.1692181,      -9.114575383
          0,           0,         429,      -14.61660992,      -12.05095154,      -12.18015801,      -9.117507213
          0,           0,         430,      -14.57876176,      -12.02564064,      -12.17189473,      -9.097088964
          0,           0,         431,      -14.61537945,      -12.06408011,      -12.19634449,      -9.122805418
          0,           0,         432,      -14.59871445,      -12.05457571,      -12.17249452,      -9.110691301
          0,           0,         433,      -14.61118495,       -12.0628949,       -12.1888061,      -9.122870139
          0,           0,         434,      -14.60606183,      -12.05261983,      -12.18074687,       -9.12094912
          0,           0,         435,      -14.60377836,      -12.05996776,      -12.16392739,       -9.11974301
          0,           0,         436,      -14.59824742,      -12.05654703,      -12.17269734,      -9.109061678
          0,           0,         437,      -14.60741676,      -12.06510168,      -12.18627115,      -9.122952496
          0,           0,         438,      -14.61223701,      -12.07235696,      -12.19048569,      -9.123042163
          0,           0,         439,      -14.59117748,      -12.05966367,      -12.18090013,      -9.105389495
          0,           0,         440,      -14.60596841,      -12.05111208,      -12.16710071,      -9.109664829
          0,           0,         441,      -14.61464466,      -12.07455395,      -12.18346463,      -9.128230103
          0,           0,         442,      -14.60791589,      -12.04315451,      -12.17746897,      -9.104336363
          0,           0,         443,      -14.61380605,      -12.06488374,      -12.18196971,      -9.125142043
          0,           0,         444,      -14.61693067,      -12.07790848,      -12.17837438,        -9.1241532
          0,           0,         445,      -14.60133973,       -12.0570592,      -12.16958532,      -9.115688668
          0,           0,         446,      -14.61131427,      -12.06457106,      -12.18132692,      -9.121485362
          0,           0,         447,      -14.61869509,      -12.04861108,      -12.17672593,      -9.119785143
          0,           0,         448,      -14.60635862,      -12.05512764,      -12.19121285,      -9.116676197
          0,           0,         449,      -14.60917725,       -12.0554756,      -12.18049185,      -9.119485796
          0,           0,         450,      -14.61272353,      -12.06974561,      -12.16963067,      -9.123366913
          0,           0,         451,      -14.60306762,      -12.06515946,      -12.18349489,      -9.115757741
          0,           0,         452,      -14.62391418,      -12.06791878,      -12.18863468,      -9.133269906
          0,           0,         453,      -14.60404283,      -12.05482464,      -12.17707035,      -9.122105139
          0,           0,         454,       -14.6048143,      -12.05966848,       -12.1784576,      -9.116517838
          0,           0,         455,       -14.6071422,      -12.05739865,      -12.18152071,      -9.111903937
          0,           0,         456,       -14.6124698,      -12.04678455,      -12.18937663,      -9.114043251
          0,           0,         457,      -14.60565347,      -12.05339983,      -12.17849193,      -9.106383101
          0,           0,         458,      -14.60369192,      -12.05884125,      -12.18230511,      -9.115266246
          0,           0,         459,      -14.59606842,      -12.03699757,      -12.17327618,      -9.098188776
          0,           0,         460,      -14.60624405,      -12.05847322,      -12.16990442,      -9.115032414
          0,           0,         461,      -14.62241833,      -12.08024074,      -12.18658841,      -9.130833034
          0,           0,         462,      -14.60371113,       -12.0550866,      -12.18210753,      -9.117786148
          0,           0,         463,      -14.60599653,      -12.05940462,      -12.17566699,      -9.121410949
          0,           0,         464,      -14.60574926,       -12.0531224,      -12.17369837,      -9.116118138
          0,           0,         465,      -14.61290755,      -12.05000016,      -12.19045414,      -9.122623396
          0,           0,         466,      -14.60614284,       -12.0610379,      -12.20111424,      -9.126454778
          0,           0,         467,      -14.60415623,      -12.04981715,      -12.18977681,      -9.113424038
          0,           0,         468,      -14.59523432,      -12.04131312,      -12.17117855,      -9.103426722
          0,           0,         469,      -14.60559403,       -12.0519988,      -12.17483178,      -9.106692524
          0,           0,         470,      -14.62539461,      -12.06845796,      -12.19130075,      -9.130374128
          0,           0,         471,      -14.61704352,      -12.05865732,      -12.19580801,      -9.121224973
          0,           0,         472,      -14.60383055,      -12.03918989,      -12.18635607,      -9.109458985
          0,           0,         473,      -14.60207883,      -12.05872062,      -12.17890335,      -9.112208007
          0,           0,         474,      -14.61086888,      -12.06300138,      -12.19712429,      -9.126932337
          0,           0,         475,      -14.61737149,      -12.07119818,      -12.18006737,      -9.128345435
          0,           0,         476,      -14.61812364,      -12.06164242,      -12.18528225,      -9.118898988
          0,           0,         477,      -14.61078276,      -12.05012374,      -12.19517918,      -9.114064594
          0,           0,         478,       -14.6300718,      -12.06774088,      -12.20022237,      -9.127064923
          0,           0,         479,      -14.62298825,      -12.06273157,      -12.19193716,      -9.124870836
          0,           0,         480,      -14.61091323,      -12.06262505,       -12.1819603,      -9.114765267
          0,           0,         481,      -14.61452824,      -12.06946327,       -12.1931644,        -9.1221811
          0,           0,         482,      -14.61981708,      -12.07267323,      -12.17856478,      -9.128322057
          0,           0,         483,      -14.61194636,      -12.06503529,      -12.18913821,      -9.121738841
          0,           0,         484,      -14.59815268,      -12.05552601,      -12.17590974,       -9.11314369
          0,           0,         485,      -14.60686517,       -12.0641186,      -12.16315166,      -9.125466319
          0,           0,         486,      -14.62032521,      -12.05495627,       -12.1826606,      -9.122512946
          0,           0,         487,      -14.61336187,      -12.06554173,       -12.1908289,      -9.113606404
          0,           0,         488,      -14.60892044,      -12.06166916,      -12.17202978,      -9.122117633
          0,           0,         489,      -14.60701703,       -12.0725946,      -12.18818501,      -9.122235743
          0,           0,         490,      -14.61771804,      -12.05828158,      -12.17838241,        -9.1161746
          0,           0,         491,       -14.6207485,       -12.0709766,      -12.20001484,      -9.130788257
          0,           0,         492,      -14.62877938,      -12.07266058,      -12.19047618,      -9.140018403
          0,           0,         493,      -14.59993687,       -12.0422198,      -12.18486588,       -9.11066356
          0,           0,         494,      -14.57612378,      -12.03143246,      -12.17389516,      -9.100752026
          0,           0,         495,      -14.63567432,      -12.08331679,      -12.18699068,      -9.139353419
          0,           0,         496,      -14.60999118,      -12.04928155,      -12.17149073,        -9.1086044
          0,           0,         497,      -14.63016378,      -12.08214181,      -12.17601035,       -9.13500207
          0,           0,         498,      -14.60490544,      -12.07260744,      -12.17145163,      -9.118816111
          0,           0,         499,      -14.61296395,      -12.06707222,      -12.17471268,      -9.122755882
          0,           0,         500,      -14.60163653,      -12.04245683,      -12.18792853,      -9.102250844
          0,           0,         501,       -14.6066466,       -12.0409719,      -12.17155924,        -9.1088828
          0,           0,         502,      -14.60307608,      -12.06015595,      -12.16617126,      -9.113715873
          0,           0,         503,      -14.59930955,       -12.0623156,      -12.16598754,      -9.119399914
          0,           0,         504,      -14.61438421,      -12.05116157,      -12.19984251,      -9.121454291
          0,           0,         505,      -14.61278031,      -12.05109826,      -12.18734644,      -9.105628985
          0,           0,         506,        -14.605928,      -12.05268747,      -12.17764327,       -9.12002932
          0,           0,         507,      -14.61667271,      -12.06504742,      -12.18351689,      -9.118727602
          0,           0,         508,      -14.62885473,       -12.0744479,      -12.18631207,      -9.128757619
          0,           0,         509,      -14.60849672,      -12.07497256,      -12.18245659,      -9.126946918
          0,           0,         510,      -14.60735237,      -12.06298239,      -12.17436131,      -9.109988796
          0,           0,         511,       -14.6071704,      -12.06492258,      -12.17563273,      -9.115820477
          0,           0,         512,      -14.61091234,       -12.0803987,      -12.18483578,      -9.130177761
          0,           0,         513,       -14.6151306,      -12.05021476,      -12.19851053,      -9.120202315
          0,           0,         514,      -14.62320758,      -12.07051457,      -12.19104345,      -9.128036648
          0,           0,         515,      -14.61978812,      -12.06167887,      -12.18837648,      -9.123600331
          0,           0,         516,      -14.61534869,      -12.06415139,      -12.17550954,      -9.122409207
          0,           0,         517,      -14.62094116,       -12.0658891,      -12.18951022,      -9.122126785
          0,           0,         518,      -14.61172641,      -12.05778689,      -12.17904427,      -9.117713308
          0,           0,         519,      -14.61466237,      -12.07181382,      -12.18989296,      -9.124465417
          0,           0,         520,      -14.61304323,      -12.06602522,      -12.16191072,      -9.118106522
          0,           0,         521,      -14.60616154,      -12.04392401,      -12.19792644,      -9.109139233
          0,           0,         522,      -14.61229136,      -12.06904946,      -12.17875677,      -9.119840669
          0,           0,         523,      -14.61547121,      -12.07508427,      -12.16353817,      -9.123420846
          0,           0,         524,      -14.60794346,      -12.06877144,      -12.18607021,      -9.112564835
          0,           0,         525,      -14.61270434,      -12.06278849,       -12.1764995,      -9.119119105
          0,           0,         526,      -14.60701937,      -12.05533959,      -12.17192918,      -9.111772321
          0,           0,         527,      -14.60123909,      -12.05010783,      -12.18682414,      -9.111524622
          0,           0,         528,      -14.62402931,      -12.07738155,      -12.18693036,      -9.136376304
          0,           0,         529,       -14.6234947,      -12.07231758,      -12.18722916,      -9.136454039
          0,           0,         530,      -14.61846529,      -12.06831334,      -12.19533837,      -9.124281299
          0,           0,         531,      -14.61017141,      -12.05851081,      -12.18739452,      -9.125603785
          0,           0,         532,      -14.60593944,      -12.05527255,      -12.17274897,      -9.119281488
          0,           0,         533,       -14.6116281,      -12.04509002,      -12.17719823,      -9.113226845
          0,           0,         534,      -14.61338016,      -12.06094789,      -12.19568127,      -9.121117885
          0,           0,         535,      -14.59630423,      -12.05090801,      -12.16737998,      -9.106402599
          0,           0,         536,      -14.59301513,      -12.05138287,      -12.15499155,      -9.102542449
          0,           0,         537,      -14.60266121,      -12.04349125,      -12.17960087,      -9.108139915
          0,           0,         538,      -14.59254389,      -12.02677191,      -12.19053514,      -9.097389862
          0,           0,         539,      -14.62701969,      -12.07190249,      -12.17975453,      -9.131913668
          0,           0,         540,      -14.60657343,      -12.05509893,      -12.19265647,      -9.121558542
          0,           0,         541,      -14.62316413,      -12.06531566,      -12.19022626,      -9.130894029
          0,           0,         542,      -14.61853157,      -12.07077605,      -12.18120599,      -9.117773134
          0,           0,         543,      -14.61579124,        -12.054298,      -12.17209324,       -9.11560989
          0,           0,         544,      -14.60313754,      -12.05790921,      -12.18337788,      -9.117891878
          0,           0,         545,      -14.61902814,      -12.07340721,       -12.1845838,      -9.127312207
          0,           0,         546,      -14.61470917,      -12.06550147,      -12.17870865,      -9.124338961
          0,           0,         547,      -14.59401473,      -12.04175111,       -12.1826895,      -9.109147208
          0,           0,         548,      -14.59361791,      -12.04206139,      -12.17645559,      -9.105337995
          0,           0,         549,      -14.60997816,      -12.06008303,      -12.18076261,      -9.119763563
          0,           0,         550,      -14.60974465,      -12.05207313,      -12.18318031,      -9.120850941
          0,           0,         551,      -14.61665419,      -12.06059826,      -12.18381899,      -9.119631236
          0,           0,         552,      -14.62080082,      -12.06528841,      -12.18854008,      -9.128335349
          0,           0,         553,      -14.59657418,      -12.05007193,      -12.17080683,      -9.106220459
          0,           0,         554,      -14.62582046,      -12.06321336,      -12.18736795,      -9.131129633
          0,           0,         555,      -14.62672314,      -12.05865006,      -12.17904523,      -9.123049729
          0,           0,         556,      -14.61559459,      -12.05593961,      -12.19266946,      -9.124164022
          0,           0,         557,      -14.61424248,      -12.04230429,      -12.19604449,      -9.114868589
          0,           0,         558,       -14.6041477,      -12.05988724,      -12.17903114,      -9.122143404
          0,           0,         559,      -14.62618571,       -12.0787503,       -12.1987259,      -9.141037124
          0,           0,         560,      -14.60699423,      -12.06343915,      -12.17721526,      -9.116622891
          0,           0,         561,      -14.61643782,       -12.0722116,      -12.18139145,      -9.129244987
          0,           0,         562,      -14.60710813,       -12.0695594,      -12.18158186,      -9.116289335
          0,           0,         563,      -14.60823034,      -12.05167345,      -12.18452229,      -9.109053834
          0,           0,         564,      -14.62124953,      -12.08414538,      -12.19244267,      -9.130498705
          0,           0,         565,      -14.61162171,      -12.06456663,      -12.20628492,      -9.121531569
          0,           0,         566,      -14.61823706,      -12.06622624,      -12.16190468,      -9.118950587
          0,           0,         567,      -14.59996323,      -12.04920265,      -12.16555331,      -9.104271422
          0,           0,         568,       -14.5983955,      -12.05497581,      -12.17545129,      -9.110648019
          0,           0,         569,      -14.59130988,      -12.04490688,      -12.17410116,      -9.106206922
          0,           0,         570,      -14.60060528,      -12.06650141,      -12.18127225,      -9.129880816
          0,           0,         571,      -14.62056664,       -12.0721642,      -12.19357516,       -9.12860887
          0,           0,         572,      -14.61198074,      -12.06946345,      -12.16784427,      -9.119667912
          0,           0,         573,      -14.59666238,      -12.03593747,      -12.17379635,      -9.102186827
          0,           0,         574,      -14.62222395,      -12.07324367,      -12.18439697,      -9.124769253
          0,           0,         575,      -14.61788282,      -12.07939942,      -12.18071661,      -9.129558099
          0,           0,         576,      -14.60911441,      -12.07158351,       -12.1723781,      -9.127103827
          0,           0,         577,      -14.61664064,      -12.03897779,       -12.1980613,      -9.109431633
          0,           0,         578,      -14.61704205,      -12.06532123,       -12.1894356,      -9.127790275
          0,           0,         579,      -14.59375635,      -12.04166347,      -12.16683667,      -9.107733621
          0,           0,         580,      -14.62783339,      -12.07476434,       -12.1763805,      -9.136334234
          0,           0,         581,      -14.62351434,      -12.07038967,       -12.1800573,      -9.132368217
          0,           0,         582,      -14.61528609,      -12.06722962,      -12.17841023,      -9.121636279
          0,           0,         583,      -14.61153625,      -12.06285024,      -12.18898874,      -9.114738711
          0,           0,         584,      -14.61134956,      -12.04847841,      -12.18660678,      -9.120224962
          0,           0,         585,       -14.6143309,      -12.05908651,      -12.17401104,      -9.118968708
          0,           0,         586,      -14.59997855,      -12.05284653,      -12.18919731,      -9.112232097
          0,           0,         587,      -14.62227031,      -12.05868361,      -12.18570504,      -9.133050734
          0,           0,         588,      -14.61958862,      -12.06551076,      -12.17422791,      -9.122839874
          0,           0,         589,      -14.62715602,      -12.09155511,      -12.17326361,      -9.138694136
          0,           0,         590,       -14.6159372,      -12.06860027,      -12.18663984,      -9.126861088
          0,           0,         591,      -14.59976095,      -12.05391602,      -12.16790825,      -9.115014474
          0,           0,         592,       -14.5960772,      -12.05185586,      -12.16626404,      -9.109161417
          0,           0,         593,      -14.62251501,      -12.04752825,      -12.19218877,      -9.125493588
          0,           0,         594,      -14.60951282,       -12.0607251,      -12.17884865,      -9.117471092
          0,           0,         595,      -14.61691798,      -12.06288104,      -12.17339211,      -9.122198446
          0,           0,         596,      -14.59800564,      -12.04642297,      -12.17244834,      -9.105590459
          0,           0,         597,      -14.60186009,      -12.04507481,      -12.16679537,      -9.105135783
          0,           0,         598,      -14.60787912,      -12.05681739,      -12.16110702,      -9.113943039
          0,           0,         599,      -14.60183858,      -12.03845825,      -12.18219245,      -9.104914014
          0,           0,         600,      -14.61001294,      -12.04756113,      -12.18392602,      -9.121846837
