VARIABLES = \
"Time_Iter","Outer_Iter","Inner_Iter",    "rms[Rho]"    ,    "rms[RhoU]"   ,    "rms[RhoV]"   ,    "rms[RhoE]"   
          0,           0,           0,      -1.618639244,      0.5471175015,      0.9061551928,       3.840988959
          0,           0,           1,      -2.091384581,      0.2602006479,      0.4712371867,       3.385135468
          0,           0,           2,      -2.339144298,     0.04751502648,      0.2194675329,       3.141775248
          0,           0,           3,      -2.502964413,     -0.1062720526,     0.02414304341,       2.978009654
          0,           0,           4,      -2.665338764,     -0.2446929365,     -0.1522535738,       2.814632404
          0,           0,           5,      -2.819242909,     -0.3757265493,     -0.3209659358,       2.658559593
          0,           0,           6,      -2.964924076,     -0.4997970506,     -0.4822030478,       2.510645259
          0,           0,           7,      -3.114445499,     -0.6196325018,     -0.6381644113,       2.359801345
          0,           0,           8,      -3.266510453,     -0.7304702996,     -0.7903455355,       2.206947794
          0,           0,           9,      -3.415910567,     -0.8292711396,     -0.9398768601,       2.056901598
          0,           0,          10,      -3.561473543,      -0.916385736,      -1.087632255,       1.910857906
          0,           0,          11,      -3.703423676,     -0.9935083438,      -1.232400574,       1.768705349
          0,           0,          12,      -3.839230874,      -1.061576375,      -1.371835581,       1.632789159
          0,           0,          13,       -3.96497901,      -1.121662888,      -1.503254498,       1.506727309
          0,           0,          14,      -4.078316861,      -1.175447248,      -1.624683922,       1.392880377
          0,           0,          15,      -4.177932151,      -1.224461958,       -1.73679551,       1.292841653
          0,           0,          16,      -4.263987908,      -1.269643154,      -1.840627783,       1.206913518
          0,           0,          17,      -4.338774848,      -1.311453145,      -1.934764105,        1.13320136
          0,           0,          18,      -4.404588328,      -1.350310439,      -2.017097994,       1.069195989
          0,           0,          19,      -4.462656483,      -1.386938072,      -2.087732613,       1.012843855
          0,           0,          20,      -4.514235487,      -1.422305313,      -2.149331441,      0.9621503372
          0,           0,          21,      -4.561120821,      -1.457279016,      -2.205205376,      0.9152314877
          0,           0,          22,       -4.60503371,      -1.492321156,      -2.257674926,      0.8708443886
          0,           0,          23,      -4.647149892,      -1.527442805,       -2.30771778,      0.8284464787
          0,           0,          24,      -4.688097216,      -1.562377657,      -2.355574959,      0.7878123696
          0,           0,          25,      -4.728124878,      -1.596817912,      -2.401374499,      0.7486932632
          0,           0,          26,       -4.76723994,      -1.630567623,      -2.445369256,       0.710772709
          0,           0,          27,      -4.805304631,      -1.663571132,      -2.487943424,      0.6738242868
          0,           0,          28,      -4.842132168,      -1.695853949,      -2.529639537,      0.6378271428
          0,           0,          29,       -4.87759126,       -1.72744698,      -2.571084434,      0.6029219484
          0,           0,          30,      -4.911693853,      -1.758337929,      -2.612753401,      0.5692527206
          0,           0,          31,      -4.944596215,      -1.788461212,      -2.654754454,      0.5368415476
          0,           0,          32,      -4.976501041,      -1.817717614,      -2.696784708,      0.5055861401
          0,           0,          33,      -5.007545115,      -1.846011506,      -2.738290531,      0.4753355828
          0,           0,          34,      -5.037742222,      -1.873286693,       -2.77868443,      0.4459733954
          0,           0,          35,      -5.067003904,      -1.899546762,      -2.817486584,      0.4174551625
          0,           0,          36,      -5.095215319,      -1.924853303,      -2.854357686,       0.389792621
          0,           0,          37,        -5.1223072,      -1.949306592,       -2.88907807,      0.3630173141
          0,           0,          38,      -5.148291333,      -1.973019309,      -2.921536493,      0.3371482121
          0,           0,          39,      -5.173251824,      -1.996091808,      -2.951748175,      0.3121784305
          0,           0,          40,      -5.197312038,      -2.018598142,      -2.979884132,      0.2880762343
          0,           0,          41,       -5.22060114,      -2.040582232,      -3.006268801,      0.2647913362
          0,           0,          42,      -5.243229517,      -2.062061597,      -3.031316719,      0.2422649353
          0,           0,          43,      -5.265278431,      -2.083037083,      -3.055448818,      0.2204377141
          0,           0,          44,      -5.286802323,      -2.103503401,      -3.079015949,      0.1992531677
          0,           0,          45,      -5.307834762,      -2.123458042,       -3.10225616,      0.1786607915
          0,           0,          46,      -5.328397063,      -2.142907786,      -3.125287319,      0.1586158236
          0,           0,          47,      -5.348504608,      -2.161871541,      -3.148123464,      0.1390791838
          0,           0,          48,      -5.368173588,      -2.180380651,      -3.170703141,      0.1200150152
          0,           0,          49,      -5.387426441,      -2.198477403,      -3.192925261,      0.1013872664
          0,           0,          50,      -5.406293855,      -2.216212128,      -3.214675646,     0.08315721917
          0,           0,          51,      -5.424817324,      -2.233640899,      -3.235854819,     0.06528025222
          0,           0,          52,      -5.443048731,       -2.25082267,      -3.256394882,     0.04770477019
          0,           0,          53,      -5.461047146,      -2.267816616,      -3.276270612,      0.0303741073
          0,           0,          54,      -5.478877528,      -2.284680245,      -3.295496891,     0.01322683685
          0,           0,          55,      -5.496606246,      -2.301468696,      -3.314132657,   -0.003799934875
          0,           0,          56,      -5.514297568,      -2.318232784,      -3.332261525,    -0.02076752309
          0,           0,          57,      -5.532010836,      -2.335018217,      -3.349984469,    -0.03773326037
          0,           0,          58,      -5.549797342,      -2.351865197,      -3.367409861,    -0.05474714261
          0,           0,          59,      -5.567700487,      -2.368808304,       -3.38464461,    -0.07185184032
          0,           0,          60,      -5.585755999,      -2.385876259,      -3.401783419,    -0.08908275891
          0,           0,          61,      -5.603991236,      -2.403092323,       -3.41891149,     -0.1064675848
          0,           0,          62,      -5.622425708,        -2.4204746,      -3.436095842,      -0.124026033
          0,           0,          63,      -5.641073223,      -2.438036513,      -3.453390015,     -0.1417721976
          0,           0,          64,      -5.659942444,      -2.455787517,      -3.470835127,     -0.1597150971
          0,           0,          65,      -5.679037702,      -2.473733567,      -3.488461073,     -0.1778592597
          0,           0,          66,      -5.698360977,      -2.491877838,      -3.506284908,      -0.196206868
          0,           0,          67,          -5.71791,      -2.510221363,      -3.524322944,     -0.2147560599
          0,           0,          68,      -5.737681228,      -2.528763327,      -3.542580201,     -0.2335035991
          0,           0,          69,      -5.757670836,      -2.547501659,      -3.561056837,     -0.2524459201
          0,           0,          70,      -5.777873859,      -2.566433302,      -3.579752936,     -0.2715785664
          0,           0,          71,      -5.798284631,      -2.585554493,      -3.598664749,     -0.2908964268
          0,           0,          72,      -5.818897639,      -2.604861322,      -3.617786926,     -0.3103945668
          0,           0,          73,      -5.839707551,      -2.624349588,      -3.637116725,     -0.3300682658
          0,           0,          74,      -5.860709053,      -2.644014963,      -3.656644939,     -0.3499128864
          0,           0,          75,      -5.881896623,      -2.663853162,        -3.6763694,     -0.3699237603
          0,           0,          76,      -5.903264751,      -2.683860115,      -3.696280577,     -0.3900962243
          0,           0,          77,      -5.924808859,      -2.704032021,       -3.71637126,      -0.410426474
          0,           0,          78,      -5.946524401,      -2.724365226,      -3.736636589,     -0.4309107852
          0,           0,          79,      -5.968407451,      -2.744856262,      -3.757072289,     -0.4515459707
          0,           0,          80,      -5.990453979,      -2.765502171,      -3.777674599,     -0.4723290906
          0,           0,          81,      -6.012660926,      -2.786300208,      -3.798438605,     -0.4932576842
          0,           0,          82,      -6.035025027,      -2.807247739,      -3.819360529,      -0.514329297
          0,           0,          83,      -6.057543006,      -2.828342394,      -3.840437085,     -0.5355415384
          0,           0,          84,      -6.080212335,      -2.849582104,      -3.861664218,     -0.5568925728
          0,           0,          85,      -6.103031066,      -2.870964963,      -3.883040183,     -0.5783811165
          0,           0,          86,      -6.125997195,      -2.892489227,      -3.904562307,     -0.6000058036
          0,           0,          87,       -6.14910858,      -2.914153337,      -3.926226831,     -0.6217652519
          0,           0,          88,       -6.17236333,      -2.935955895,      -3.948031663,     -0.6436582498
          0,           0,          89,        -6.1957596,      -2.957895633,      -3.969975043,     -0.6656836136
          0,           0,          90,      -6.219295484,      -2.979971368,      -3.992055286,     -0.6878401028
          0,           0,          91,      -6.242969413,      -3.002182044,       -4.01427042,     -0.7101268166
          0,           0,          92,      -6.266779905,      -3.024526674,      -4.036618336,     -0.7325429206
          0,           0,          93,      -6.290725626,       -3.04700434,      -4.059097072,     -0.7550876307
          0,           0,          94,      -6.314805342,      -3.069614225,      -4.081704004,     -0.7777602415
          0,           0,          95,      -6.339017585,      -3.092355562,      -4.104439698,      -0.800559857
          0,           0,          96,      -6.363361143,      -3.115227692,      -4.127301515,     -0.8234858186
          0,           0,          97,      -6.387835474,      -3.138230008,      -4.150283603,      -0.846537988
          0,           0,          98,      -6.412440239,      -3.161361698,      -4.173389699,     -0.8697164308
          0,           0,          99,      -6.437173932,      -3.184622078,      -4.196618849,     -0.8930201748
          0,           0,         100,      -6.462036133,      -3.208010573,      -4.219966957,     -0.9164490939
          0,           0,         101,      -6.487024252,      -3.231526465,      -4.243437962,     -0.9400014004
          0,           0,         102,      -6.512137267,      -3.255169188,      -4.267028587,     -0.9636765349
          0,           0,         103,      -6.537374725,      -3.278938237,      -4.290736374,     -0.9874744004
          0,           0,         104,      -6.562736062,      -3.302833096,      -4.314560178,      -1.011394786
          0,           0,         105,      -6.588220319,      -3.326853222,      -4.338499554,       -1.03543714
          0,           0,         106,      -6.613826899,      -3.350998102,      -4.362553901,      -1.059601185
          0,           0,         107,      -6.639554857,      -3.375267191,      -4.386722497,      -1.083886361
          0,           0,         108,      -6.665403185,      -3.399659941,       -4.41100454,      -1.108292065
          0,           0,         109,      -6.691371057,      -3.424175821,      -4.435399183,      -1.132817825
          0,           0,         110,      -6.717457704,      -3.448814308,      -4.459905657,      -1.157463201
          0,           0,         111,      -6.743662363,      -3.473574884,      -4.484523236,       -1.18222776
          0,           0,         112,      -6.769984251,       -3.49845707,      -4.509250703,      -1.207111007
          0,           0,         113,      -6.796422701,      -3.523460365,      -4.534087537,      -1.232112658
          0,           0,         114,      -6.822976969,      -3.548584225,      -4.559033814,      -1.257232305
          0,           0,         115,      -6.849646244,       -3.57382812,      -4.584088775,      -1.282469414
          0,           0,         116,      -6.876429638,      -3.599191516,      -4.609251495,      -1.307823404
          0,           0,         117,      -6.903326258,      -3.624673878,      -4.634521288,      -1.333293688
          0,           0,         118,      -6.930335309,      -3.650274673,       -4.65989761,      -1.358879767
          0,           0,         119,      -6.957455963,      -3.675993382,      -4.685379879,      -1.384581122
          0,           0,         120,      -6.984687583,      -3.701829495,      -4.710967514,      -1.410397389
          0,           0,         121,       -7.01202956,      -3.727782476,      -4.736659951,      -1.436328195
          0,           0,         122,       -7.03948114,      -3.753851792,      -4.762456498,      -1.462373077
          0,           0,         123,      -7.067041658,      -3.780036947,      -4.788354199,      -1.488531679
          0,           0,         124,       -7.09471015,      -3.806337371,      -4.814354825,      -1.514803337
          0,           0,         125,      -7.122485908,       -3.83275252,      -4.840459019,      -1.541187573
          0,           0,         126,      -7.150368232,      -3.859281862,      -4.866665642,       -1.56768392
          0,           0,         127,      -7.178356298,      -3.885924846,      -4.892973842,      -1.594291817
          0,           0,         128,      -7.206449323,      -3.912680923,      -4.919382938,      -1.621010754
          0,           0,         129,      -7.234646537,      -3.939549535,      -4.945892339,      -1.647840222
          0,           0,         130,      -7.262947205,      -3.966530132,      -4.972501483,      -1.674779734
          0,           0,         131,      -7.291350628,      -3.993622169,      -4.999209972,      -1.701828819
          0,           0,         132,      -7.319855999,      -4.020825093,      -5.026017734,      -1.728986917
          0,           0,         133,      -7.348462448,      -4.048138347,      -5.052923397,      -1.756253487
          0,           0,         134,       -7.37716944,      -4.075561383,      -5.079926693,      -1.783628162
          0,           0,         135,      -7.405976055,      -4.103093631,      -5.107027097,      -1.811110311
          0,           0,         136,      -7.434881445,      -4.130734522,      -5.134223899,      -1.838699349
          0,           0,         137,      -7.463884997,        -4.1584835,      -5.161516528,      -1.866394845
          0,           0,         138,       -7.49298595,      -4.186339994,      -5.188904617,       -1.89419627
          0,           0,         139,      -7.522183525,      -4.214303437,      -5.216387857,      -1.922103083
          0,           0,         140,      -7.551476949,      -4.242373261,      -5.243965852,      -1.950114746
          0,           0,         141,      -7.580865865,      -4.270548891,      -5.271637709,      -1.978230977
          0,           0,         142,      -7.610349419,      -4.298829778,      -5.299403986,      -2.006451189
          0,           0,         143,      -7.639926212,      -4.327215336,      -5.327264067,      -2.034774443
          0,           0,         144,      -7.669595464,      -4.355705007,      -5.355216641,      -2.063200224
          0,           0,         145,      -7.699356562,      -4.384298227,      -5.383261141,      -2.091728096
          0,           0,         146,      -7.729208861,      -4.412994424,      -5.411397373,       -2.12035758
          0,           0,         147,      -7.759151653,      -4.441793025,       -5.43962505,      -2.149088158
          0,           0,         148,      -7.789184203,      -4.470693463,       -5.46794373,      -2.177919302
          0,           0,         149,      -7.819305766,      -4.499695175,       -5.49635294,      -2.206850483
          0,           0,         150,      -7.849515592,      -4.528797598,      -5.524852228,      -2.235881169
          0,           0,         151,      -7.879812962,      -4.558000172,      -5.553441244,      -2.265010844
          0,           0,         152,       -7.91019713,      -4.587302331,      -5.582119613,      -2.294238974
          0,           0,         153,      -7.940667337,      -4.616703509,      -5.610886912,      -2.323565024
          0,           0,         154,      -7.971222838,      -4.646203141,      -5.639742714,      -2.352988459
          0,           0,         155,      -8.001862884,      -4.675800647,      -5.668686635,      -2.382508741
          0,           0,         156,      -8.032586698,      -4.705495492,      -5.697718308,      -2.412125325
          0,           0,         157,      -8.063393565,      -4.735287127,      -5.726837354,      -2.441837694
          0,           0,         158,      -8.094282765,      -4.765174982,      -5.756043374,      -2.471645318
          0,           0,         159,      -8.125253551,      -4.795158487,      -5.785335966,       -2.50154765
          0,           0,         160,      -8.156305187,      -4.825237072,      -5.814714758,      -2.531544154
          0,           0,         161,      -8.187436924,       -4.85541017,      -5.844179384,      -2.561634287
          0,           0,         162,      -8.218648013,      -4.885677213,      -5.873729497,      -2.591817512
          0,           0,         163,      -8.249937701,      -4.916037633,      -5.903364735,      -2.622093285
          0,           0,         164,      -8.281305235,       -4.94649086,      -5.933084741,      -2.652461056
          0,           0,         165,      -8.312749869,      -4.977036327,      -5.962889143,      -2.682920281
          0,           0,         166,      -8.344270863,      -5.007673466,      -5.992777589,       -2.71347042
          0,           0,         167,      -8.375867477,       -5.03840171,      -6.022749727,      -2.744110927
          0,           0,         168,      -8.407538987,      -5.069220492,      -6.052805211,      -2.774841264
          0,           0,         169,      -8.439284659,      -5.100129248,      -6.082943702,      -2.805660895
          0,           0,         170,      -8.471103755,      -5.131127412,      -6.113164874,       -2.83656927
          0,           0,         171,      -8.502995548,      -5.162214417,      -6.143468387,      -2.867565835
          0,           0,         172,      -8.534959245,       -5.19338969,       -6.17385388,      -2.898650002
          0,           0,         173,       -8.56699424,      -5.224652702,      -6.204321069,      -2.929821366
          0,           0,         174,      -8.599099851,      -5.256002884,      -6.234869653,      -2.961079384
          0,           0,         175,      -8.631275351,      -5.287439666,      -6.265499377,      -2.992423485
          0,           0,         176,      -8.663520053,      -5.318962482,      -6.296209965,      -3.023853138
          0,           0,         177,       -8.69583324,      -5.350570766,      -6.327001134,      -3.055367796
          0,           0,         178,      -8.728214203,      -5.382263951,       -6.35787258,      -3.086966914
          0,           0,         179,      -8.760662235,      -5.414041469,      -6.388823989,      -3.118649957
          0,           0,         180,      -8.793176622,      -5.445902752,      -6.419855056,      -3.150416376
          0,           0,         181,      -8.825756656,      -5.477847226,       -6.45096549,      -3.182265621
          0,           0,         182,      -8.858401643,      -5.509874318,      -6.482155002,       -3.21419714
          0,           0,         183,      -8.891110894,      -5.541983454,      -6.513423308,      -3.246210402
          0,           0,         184,      -8.923883706,      -5.574174054,       -6.54477011,      -3.278304832
          0,           0,         185,      -8.956719362,      -5.606445542,      -6.576195163,      -3.310479882
          0,           0,         186,      -8.989617223,      -5.638797338,      -6.607698145,      -3.342735004
          0,           0,         187,      -9.022576595,       -5.67122886,      -6.639278806,      -3.375069638
          0,           0,         188,      -9.055596802,      -5.703739529,      -6.670936836,      -3.407483242
          0,           0,         189,       -9.08867718,      -5.736328756,      -6.702671964,      -3.439975247
          0,           0,         190,      -9.121817052,       -5.76899596,      -6.734483944,      -3.472545092
          0,           0,         191,      -9.155015819,      -5.801740558,      -6.766372455,      -3.505192253
          0,           0,         192,      -9.188272745,      -5.834561952,      -6.798337263,      -3.537916121
          0,           0,         193,       -9.22158722,      -5.867459559,      -6.830378043,      -3.570716168
          0,           0,         194,      -9.254958621,      -5.900432783,        -6.8624946,      -3.603591816
          0,           0,         195,      -9.288386312,      -5.933481033,      -6.894686592,      -3.636542519
          0,           0,         196,      -9.321869623,      -5.966603708,      -6.926953777,      -3.669567684
          0,           0,         197,      -9.355407974,      -5.999800214,      -6.959295878,      -3.702666774
          0,           0,         198,      -9.389000748,      -6.033069938,      -6.991712595,      -3.735839172
          0,           0,         199,      -9.422647338,      -6.066412293,       -7.02420368,      -3.769084383
          0,           0,         200,      -9.456347104,      -6.099826653,      -7.056768824,      -3.802401727
          0,           0,         201,      -9.490099461,       -6.13331242,      -7.089407784,       -3.83579069
          0,           0,         202,      -9.523903882,      -6.166868981,      -7.122120222,      -3.869250696
          0,           0,         203,      -9.557759675,       -6.20049571,      -7.154905943,      -3.902781099
          0,           0,         204,       -9.59166635,      -6.234191996,      -7.187764605,      -3.936381368
          0,           0,         205,      -9.625623333,      -6.267957219,      -7.220695889,      -3.970050915
          0,           0,         206,      -9.659630036,      -6.301790751,      -7.253699567,      -4.003789106
          0,           0,         207,      -9.693685927,       -6.33569196,      -7.286775295,      -4.037595375
          0,           0,         208,      -9.727790529,      -6.369660229,      -7.319922828,      -4.071469159
          0,           0,         209,       -9.76194319,      -6.403694905,      -7.353141775,      -4.105409758
          0,           0,         210,      -9.796143572,      -6.437795368,      -7.386431859,      -4.139416719
          0,           0,         211,      -9.830390953,      -6.471960965,      -7.419792882,      -4.173489295
          0,           0,         212,      -9.864684976,      -6.506191065,      -7.453224346,      -4.207626928
          0,           0,         213,       -9.89902515,      -6.540485001,      -7.486726045,      -4.241829018
          0,           0,         214,       -9.93341086,      -6.574842136,      -7.520297612,      -4.276094865
          0,           0,         215,      -9.967841966,      -6.609261841,      -7.553938643,      -4.310424087
          0,           0,         216,      -10.00231758,      -6.643743402,      -7.587649096,      -4.344815721
          0,           0,         217,      -10.03683752,      -6.678286198,      -7.621428233,       -4.37926936
          0,           0,         218,      -10.07140154,      -6.712889596,      -7.655275901,      -4.413784511
          0,           0,         219,      -10.10600867,       -6.74755287,       -7.68919161,      -4.448360191
          0,           0,         220,      -10.14065891,      -6.782275382,      -7.723175401,      -4.482995991
          0,           0,         221,      -10.17535208,      -6.817056464,      -7.757226223,      -4.517691237
          0,           0,         222,      -10.21008716,      -6.851895468,      -7.791344652,      -4.552445314
          0,           0,         223,      -10.24486442,      -6.886791664,      -7.825529144,      -4.587257548
          0,           0,         224,      -10.27968305,       -6.92174441,      -7.859780134,      -4.622127232
          0,           0,         225,      -10.31454299,      -6.956753042,      -7.894097188,      -4.657053954
          0,           0,         226,      -10.34944359,      -6.991816854,      -7.928479095,      -4.692036883
          0,           0,         227,      -10.38438553,      -7.026935192,       -7.96292677,      -4.727075545
          0,           0,         228,      -10.41936703,      -7.062107293,      -7.997438794,      -4.762168711
          0,           0,         229,      -10.45438835,       -7.09733256,      -8.032014991,      -4.797316137
          0,           0,         230,         -10.48945,      -7.132610289,      -8.066654453,      -4.832517543
          0,           0,         231,      -10.52455161,      -7.167939841,      -8.101357751,      -4.867772168
          0,           0,         232,      -10.55969213,      -7.203320466,      -8.136124135,      -4.903078991
          0,           0,         233,      -10.59487105,      -7.238751419,      -8.170952488,      -4.938437109
          0,           0,         234,      -10.63008924,      -7.274232075,      -8.205843195,      -4.973846388
          0,           0,         235,      -10.66534578,      -7.309761804,      -8.240794115,      -5.009305561
          0,           0,         236,      -10.70064241,      -7.345339974,      -8.275807083,      -5.044815851
          0,           0,         237,      -10.73597527,      -7.380965626,      -8.310879777,      -5.080373848
          0,           0,         238,      -10.77134722,      -7.416638254,      -8.346013071,      -5.115980364
          0,           0,         239,      -10.80675831,        -7.4523573,      -8.381204691,      -5.151635197
          0,           0,         240,       -10.8422068,      -7.488121997,      -8.416455315,      -5.187337395
          0,           0,         241,      -10.87769367,      -7.523931565,      -8.451764486,      -5.223085804
          0,           0,         242,      -10.91321726,      -7.559785431,      -8.487132061,      -5.258879134
          0,           0,         243,      -10.94877929,      -7.595682809,      -8.522554946,      -5.294718038
          0,           0,         244,      -10.98437916,      -7.631623256,      -8.558036601,      -5.330601968
          0,           0,         245,      -11.02001667,      -7.667605827,       -8.59357338,      -5.366528859
          0,           0,         246,        -11.055692,      -7.703630149,      -8.629164926,      -5.402499658
          0,           0,         247,      -11.09140537,      -7.739695437,        -8.6648127,      -5.438512978
          0,           0,         248,      -11.12715848,      -7.775800909,      -8.700511949,      -5.474567892
          0,           0,         249,      -11.16294681,      -7.811946125,      -8.736265886,      -5.510664114
          0,           0,         250,      -11.19877575,      -7.848130559,      -8.772075286,      -5.546801905
          0,           0,         251,      -11.23463912,      -7.884353463,      -8.807933136,      -5.582979973
          0,           0,         252,      -11.27054034,      -7.920613623,      -8.843843581,      -5.619193373
          0,           0,         253,      -11.30648353,      -7.956911232,       -8.87980437,      -5.655448043
          0,           0,         254,      -11.34246447,      -7.993245719,      -8.915817068,      -5.691743738
          0,           0,         255,      -11.37848591,      -8.029616346,      -8.951879936,      -5.728077826
          0,           0,         256,      -11.41454309,      -8.066021397,      -8.987985529,      -5.764442632
          0,           0,         257,      -11.45063923,      -8.102462082,      -9.024145993,      -5.800847716
          0,           0,         258,      -11.48677612,      -8.138936879,      -9.060346762,      -5.837288562
          0,           0,         259,      -11.52295092,      -8.175445451,      -9.096599197,      -5.873764636
          0,           0,         260,      -11.55916408,      -8.211986958,      -9.132900377,      -5.910273798
          0,           0,         261,      -11.59541343,      -8.248561133,       -9.16924366,      -5.946817316
          0,           0,         262,      -11.63171696,      -8.285167788,      -9.205624524,      -5.983401744
          0,           0,         263,      -11.66805032,      -8.321805107,      -9.242058074,      -6.020008659
          0,           0,         264,      -11.70442791,      -8.358474357,      -9.278531906,      -6.056655934
          0,           0,         265,       -11.7408388,      -8.395174318,      -9.315047993,      -6.093332124
          0,           0,         266,      -11.77728999,      -8.431902804,      -9.351594312,      -6.130029197
          0,           0,         267,      -11.81379772,      -8.468662805,      -9.388202027,      -6.166776329
          0,           0,         268,      -11.85034684,      -8.505451883,      -9.424844093,      -6.203548527
          0,           0,         269,      -11.88692068,      -8.542267503,      -9.461507597,      -6.240338875
          0,           0,         270,      -11.92355036,      -8.579113919,      -9.498228221,      -6.277171223
          0,           0,         271,       -11.9602203,      -8.615987905,      -9.534967931,      -6.314029077
          0,           0,         272,      -11.99694231,      -8.652888209,      -9.571748211,       -6.35091856
          0,           0,         273,      -12.03369492,       -8.68981673,      -9.608579579,       -6.38783415
          0,           0,         274,      -12.07048469,      -8.726770426,      -9.645426071,      -6.424773194
          0,           0,         275,      -12.10733282,      -8.763751177,      -9.682313998,      -6.461736964
          0,           0,         276,      -12.14422065,       -8.80075641,      -9.719231125,      -6.498725649
          0,           0,         277,      -12.18115821,      -8.837790458,      -9.756202654,      -6.535757813
          0,           0,         278,      -12.21814619,      -8.874847989,      -9.793170779,      -6.572813517
          0,           0,         279,      -12.25515789,      -8.911929363,      -9.830196157,      -6.609873785
          0,           0,         280,      -12.29222813,      -8.949038372,      -9.867198471,      -6.646979052
          0,           0,         281,       -12.3293546,      -8.986169023,        -9.9042969,      -6.684100239
          0,           0,         282,      -12.36651466,      -9.023322963,      -9.941388604,      -6.721245272
          0,           0,         283,       -12.4037506,      -9.060505819,      -9.978543775,      -6.758449941
          0,           0,         284,      -12.44103574,      -9.097709955,      -10.01566984,      -6.795662597
          0,           0,         285,      -12.47828545,      -9.134931567,      -10.05284422,      -6.832835422
          0,           0,         286,      -12.51566254,      -9.172175237,      -10.09003989,      -6.870055269
          0,           0,         287,      -12.55304323,      -9.209446118,      -10.12729933,      -6.907327789
          0,           0,         288,      -12.59054664,      -9.246748886,      -10.16454396,      -6.944663287
          0,           0,         289,      -12.62805035,      -9.284057849,      -10.20177811,       -6.98196107
          0,           0,         290,      -12.66551054,      -9.321381937,      -10.23905444,      -7.019202563
          0,           0,         291,      -12.70317606,       -9.35875228,      -10.27631681,      -7.056642019
          0,           0,         292,        -12.740823,      -9.396113553,      -10.31359347,      -7.093913412
          0,           0,         293,      -12.77854642,      -9.433529943,      -10.35104251,       -7.13140753
          0,           0,         294,      -12.81635037,      -9.470953468,      -10.38843067,      -7.168852139
          0,           0,         295,      -12.85418647,      -9.508387656,      -10.42574617,        -7.2063016
          0,           0,         296,         -12.89192,      -9.545817423,      -10.46307237,      -7.243532845
          0,           0,         297,      -12.92975619,      -9.583295857,      -10.50050665,      -7.280988953
          0,           0,         298,      -12.96780829,      -9.620819149,      -10.53784268,      -7.318695936
          0,           0,         299,      -13.00582387,      -9.658349165,      -10.57550187,      -7.356223567
          0,           0,         300,      -13.04385323,      -9.695844675,      -10.61260969,      -7.393507944
          0,           0,         301,      -13.08186922,      -9.733385804,      -10.65015047,        -7.4310118
          0,           0,         302,      -13.12030723,      -9.770963731,      -10.68750098,       -7.46871776
          0,           0,         303,      -13.15811711,      -9.808549552,       -10.7250354,      -7.506151187
          0,           0,         304,      -13.19655662,      -9.846130905,       -10.7620667,      -7.543646741
          0,           0,         305,      -13.23449465,      -9.883727479,       -10.7996369,      -7.581125273
          0,           0,         306,      -13.27295069,      -9.921401626,      -10.83764226,      -7.619081293
          0,           0,         307,       -13.3112659,      -9.958987776,      -10.87466361,      -7.656298721
          0,           0,         308,      -13.34969053,      -9.996615766,      -10.91172658,      -7.693645983
          0,           0,         309,       -13.3879464,      -10.03428748,      -10.95003097,      -7.731492687
          0,           0,         310,      -13.42669323,      -10.07196348,      -10.98705826,      -7.769290478
          0,           0,         311,      -13.46473357,      -10.10963215,       -11.0242494,      -7.806799128
          0,           0,         312,      -13.50367447,      -10.14749536,       -11.0620055,      -7.845317506
          0,           0,         313,       -13.5421224,      -10.18501054,      -11.09850611,      -7.881638474
          0,           0,         314,      -13.58024331,      -10.22270618,      -11.13637177,      -7.919243798
          0,           0,         315,      -13.61886053,      -10.26044685,      -11.17336253,      -7.956917658
          0,           0,         316,      -13.65660242,      -10.29798655,      -11.20921661,      -7.993212351
          0,           0,         317,      -13.69528268,      -10.33588921,      -11.24796171,      -8.032122735
          0,           0,         318,       -13.7334896,      -10.37357075,      -11.28433511,      -8.069176069
          0,           0,         319,      -13.77081909,      -10.41119756,      -11.32072409,      -8.106033633
          0,           0,         320,      -13.80980623,      -10.44895944,      -11.35776941,      -8.143624677
          0,           0,         321,      -13.84878275,      -10.48665658,      -11.39412022,      -8.181309764
          0,           0,         322,      -13.88431484,      -10.52406833,      -11.43026754,      -8.216995055
          0,           0,         323,      -13.92345522,      -10.56184768,      -11.46676558,      -8.255308064
          0,           0,         324,      -13.95965885,      -10.59944386,      -11.50429559,      -8.291969312
          0,           0,         325,      -13.99408009,      -10.63704871,      -11.53915976,      -8.328278185
          0,           0,         326,      -14.03284349,      -10.67440671,      -11.57449097,      -8.364421821
          0,           0,         327,      -14.06850441,       -10.7118991,      -11.60854946,      -8.400194327
          0,           0,         328,      -14.10561693,      -10.75017781,      -11.64476151,      -8.440536688
          0,           0,         329,      -14.13971776,      -10.78668101,      -11.67524006,      -8.472126975
          0,           0,         330,      -14.17735271,      -10.82511801,      -11.71229627,      -8.513978544
          0,           0,         331,      -14.20835619,       -10.8616289,      -11.74160639,      -8.543370046
          0,           0,         332,      -14.23954034,      -10.89945627,      -11.77648363,      -8.579468869
          0,           0,         333,      -14.27237495,      -10.93603512,      -11.80721947,      -8.610684486
          0,           0,         334,      -14.29523224,      -10.97355669,      -11.83726867,      -8.648433666
          0,           0,         335,      -14.33417737,      -11.01075041,      -11.86933341,      -8.682399213
          0,           0,         336,       -14.3596346,      -11.04746831,      -11.89422268,      -8.712445144
          0,           0,         337,      -14.38761063,       -11.0843854,      -11.92068187,      -8.744894675
          0,           0,         338,      -14.41665589,      -11.12135235,      -11.95439785,      -8.776921446
          0,           0,         339,      -14.43130452,      -11.15826008,      -11.96876574,      -8.803706735
          0,           0,         340,      -14.45062186,      -11.19473775,      -12.00474526,       -8.83243606
          0,           0,         341,      -14.46758646,      -11.22870894,      -12.01546058,      -8.852597915
          0,           0,         342,      -14.48708093,      -11.26502005,      -12.03465646,      -8.877179303
          0,           0,         343,      -14.49995564,      -11.30335509,      -12.05827035,      -8.910971898
          0,           0,         344,      -14.51239255,      -11.33814799,      -12.05542288,      -8.927413011
          0,           0,         345,      -14.52991177,      -11.37325697,       -12.0875403,      -8.952908611
          0,           0,         346,      -14.55643778,      -11.40931015,      -12.09590889,      -8.979853134
          0,           0,         347,      -14.54387217,      -11.43969379,        -12.107825,      -8.976003119
          0,           0,         348,      -14.55643407,      -11.47477192,       -12.1192488,      -8.996332812
          0,           0,         349,       -14.5772383,       -11.5097385,      -12.12770214,      -9.021507769
          0,           0,         350,      -14.56368977,       -11.5394007,      -12.13146405,       -9.02303292
          0,           0,         351,      -14.57765789,      -11.57460069,      -12.14719753,      -9.049720979
          0,           0,         352,      -14.59147051,      -11.60561317,      -12.15261621,      -9.053562694
          0,           0,         353,      -14.59758085,         -11.63901,      -12.16388739,      -9.066655599
          0,           0,         354,       -14.6015685,      -11.66809803,      -12.15755707,      -9.073713861
          0,           0,         355,       -14.6015687,      -11.69706456,       -12.1685076,      -9.079685884
          0,           0,         356,      -14.59119986,      -11.72016933,      -12.17177622,      -9.082457485
          0,           0,         357,      -14.59300767,      -11.75507248,      -12.17515952,      -9.097953401
          0,           0,         358,      -14.59719309,      -11.77868545,      -12.17491743,      -9.086109974
          0,           0,         359,      -14.59599677,      -11.79907266,      -12.16948528,      -9.091357561
          0,           0,         360,      -14.60446494,      -11.82906969,      -12.18506936,      -9.105700891
          0,           0,         361,      -14.62340934,      -11.84872835,      -12.18394483,      -9.115306326
          0,           0,         362,      -14.59924095,      -11.85363955,      -12.19102317,      -9.091619295
          0,           0,         363,      -14.60029665,      -11.87905757,      -12.18866815,      -9.095600653
          0,           0,         364,      -14.61904849,      -11.91003331,      -12.20234906,      -9.120215336
          0,           0,         365,      -14.62378861,      -11.92428538,      -12.20030822,      -9.122881687
          0,           0,         366,      -14.63286825,      -11.95301516,      -12.19223758,      -9.133083907
          0,           0,         367,      -14.62857423,      -11.97134778,      -12.19874971,      -9.136515009
          0,           0,         368,      -14.60979243,      -11.95797771,      -12.19989799,      -9.105513559
          0,           0,         369,      -14.61923012,      -11.98733206,       -12.1950373,      -9.126091318
          0,           0,         370,      -14.60322565,      -11.99220481,       -12.1789372,      -9.115046354
          0,           0,         371,      -14.58994904,      -12.00013804,      -12.18908079,      -9.111789116
          0,           0,         372,      -14.60291522,      -12.00785412,      -12.18361995,      -9.121016177
          0,           0,         373,      -14.60544182,      -12.00448643,      -12.18078872,      -9.115263788
          0,           0,         374,      -14.61826415,      -12.03125219,      -12.20003924,       -9.12670515
          0,           0,         375,      -14.62729359,      -12.04282955,      -12.19231944,      -9.133839245
          0,           0,         376,      -14.62595537,      -12.03855042,      -12.21116783,       -9.13232078
          0,           0,         377,      -14.61930522,      -12.04695854,      -12.17882062,      -9.134472783
          0,           0,         378,      -14.62353907,      -12.04038846,      -12.19705868,      -9.127591459
          0,           0,         379,       -14.6259778,      -12.04283274,      -12.19313952,      -9.130571708
          0,           0,         380,      -14.62985302,      -12.04351815,      -12.19929321,      -9.128327618
          0,           0,         381,      -14.62344609,      -12.05116981,      -12.21126811,      -9.128396762
          0,           0,         382,      -14.59768129,       -12.0287485,      -12.18438757,      -9.101409504
          0,           0,         383,      -14.61922883,      -12.04806904,       -12.2014137,       -9.12730633
          0,           0,         384,      -14.63382469,      -12.06701942,      -12.20646533,      -9.144180308
          0,           0,         385,      -14.63684693,      -12.07154917,       -12.1998614,      -9.154185382
          0,           0,         386,       -14.6176424,      -12.05762774,      -12.20164853,      -9.118635671
          0,           0,         387,      -14.63726816,      -12.06018581,      -12.20553731,      -9.132845594
          0,           0,         388,      -14.62307481,      -12.05363775,      -12.19441883,      -9.119044932
          0,           0,         389,      -14.62263291,      -12.07889689,      -12.19996233,      -9.140844012
          0,           0,         390,      -14.61332245,      -12.06674557,      -12.16989138,      -9.117043545
          0,           0,         391,      -14.61566588,      -12.06069698,      -12.21224343,      -9.132364327
          0,           0,         392,      -14.62554475,      -12.07225063,      -12.19464385,      -9.128968099
          0,           0,         393,      -14.62437458,         -12.07072,       -12.1999359,      -9.126403899
          0,           0,         394,      -14.62777142,      -12.08122174,      -12.19935697,      -9.140492145
          0,           0,         395,      -14.60550451,      -12.05734691,      -12.18597599,      -9.117565755
          0,           0,         396,      -14.61960026,      -12.06480461,      -12.18825972,      -9.129828003
          0,           0,         397,      -14.61915407,      -12.06320999,      -12.19386606,      -9.124755788
          0,           0,         398,      -14.61103244,      -12.05637924,      -12.18949647,      -9.118537283
          0,           0,         399,      -14.61853743,      -12.07614702,      -12.19483373,      -9.133545359
          0,           0,         400,      -14.62801485,      -12.06757929,      -12.20790116,      -9.130752557
          0,           0,         401,      -14.61999723,      -12.06000548,      -12.19778021,      -9.132802502
          0,           0,         402,       -14.6162076,      -12.07004189,      -12.20107227,       -9.13201194
          0,           0,         403,      -14.61883752,      -12.07156213,      -12.19695161,      -9.130627041
          0,           0,         404,      -14.60498867,      -12.07156326,      -12.19134461,      -9.119435185
          0,           0,         405,      -14.62685971,      -12.07526332,      -12.19899573,      -9.134380092
          0,           0,         406,       -14.6239944,      -12.07617864,      -12.19473359,       -9.12581981
          0,           0,         407,       -14.6076957,      -12.05607485,      -12.18751088,      -9.121655648
          0,           0,         408,      -14.61713086,      -12.07666122,      -12.20222782,      -9.132629122
          0,           0,         409,      -14.61478316,      -12.06190482,      -12.18627436,      -9.118577928
          0,           0,         410,       -14.6346679,      -12.06765734,       -12.2102635,      -9.139154365
          0,           0,         411,      -14.61793319,      -12.07520135,      -12.19229907,      -9.136499214
          0,           0,         412,      -14.63309079,       -12.0744485,      -12.22064721,      -9.134867636
          0,           0,         413,      -14.62111297,      -12.07209492,      -12.19181316,      -9.136544862
          0,           0,         414,      -14.62252276,      -12.05277149,      -12.20541004,      -9.126171808
          0,           0,         415,      -14.62759517,      -12.07718323,      -12.20259127,      -9.134459268
          0,           0,         416,      -14.63566943,      -12.08984169,      -12.19973162,      -9.146006722
          0,           0,         417,       -14.6159035,      -12.04867809,      -12.18542775,      -9.118517504
          0,           0,         418,      -14.63238815,      -12.07485245,      -12.19683695,      -9.137915751
          0,           0,         419,       -14.6263442,      -12.06387614,      -12.20989006,       -9.13709538
          0,           0,         420,      -14.61836101,      -12.07410094,       -12.2028017,      -9.136528414
          0,           0,         421,       -14.6316001,      -12.07637335,      -12.19789921,      -9.141901293
          0,           0,         422,      -14.62492602,      -12.07173768,      -12.19808628,      -9.130108988
          0,           0,         423,      -14.63717296,      -12.07851109,      -12.19143661,      -9.141082843
          0,           0,         424,      -14.60843404,      -12.06857532,      -12.20547017,      -9.122684847
          0,           0,         425,      -14.61353047,      -12.07724433,      -12.17478581,      -9.129736095
          0,           0,         426,      -14.58831519,      -12.05238165,      -12.17617622,      -9.107550343
          0,           0,         427,      -14.62333597,      -12.08758897,      -12.18803674,      -9.129472353
          0,           0,         428,      -14.61593382,      -12.06573849,      -12.18474676,      -9.123347268
          0,           0,         429,      -14.61055628,      -12.06264273,      -12.18760342,      -9.122918212
          0,           0,         430,      -14.60504715,      -12.04088443,      -12.20170491,      -9.109559833
          0,           0,         431,      -14.61846686,      -12.08051358,      -12.17825708,      -9.122007451
          0,           0,         432,      -14.63285699,      -12.06902642,      -12.19910366,       -9.14147983
          0,           0,         433,      -14.60353837,      -12.06540337,      -12.18287962,      -9.117722088
          0,           0,         434,      -14.62896382,      -12.08130612,      -12.19047565,      -9.140535014
          0,           0,         435,      -14.62710473,      -12.06151402,      -12.19184353,      -9.120795743
          0,           0,         436,      -14.61820394,      -12.07989441,      -12.17953077,      -9.127620167
          0,           0,         437,      -14.61431471,       -12.0789821,      -12.18254148,      -9.129528081
          0,           0,         438,      -14.63512734,      -12.07597537,      -12.19813898,      -9.141061235
          0,           0,         439,      -14.61172123,      -12.06043373,      -12.19153689,      -9.122811239
          0,           0,         440,      -14.60866036,      -12.05389837,      -12.18614516,       -9.10989414
          0,           0,         441,      -14.61776444,      -12.07284108,      -12.20204331,      -9.125558423
          0,           0,         442,      -14.63186956,      -12.07166791,      -12.19215443,      -9.132981609
          0,           0,         443,      -14.61810771,      -12.07755724,      -12.19799444,       -9.12899791
          0,           0,         444,      -14.63041177,      -12.08260638,      -12.19759293,      -9.143590184
          0,           0,         445,       -14.6178829,      -12.07782563,      -12.16935427,      -9.127109934
          0,           0,         446,      -14.61746114,      -12.07307056,      -12.18847384,      -9.123153447
          0,           0,         447,      -14.61896664,      -12.07121674,      -12.19138417,       -9.12289154
          0,           0,         448,      -14.61853157,      -12.06396941,      -12.18715422,      -9.128593361
          0,           0,         449,      -14.61181585,      -12.05813125,      -12.20009638,       -9.12298705
          0,           0,         450,      -14.62097811,      -12.07578651,      -12.19655104,      -9.132970558
          0,           0,         451,      -14.60358694,      -12.05684528,      -12.18479593,      -9.120638102
          0,           0,         452,      -14.62313151,      -12.06412211,      -12.18882223,       -9.12910507
          0,           0,         453,      -14.62426813,      -12.07401069,      -12.18924363,      -9.132952673
          0,           0,         454,      -14.62297479,      -12.07454138,      -12.21898426,      -9.130805126
          0,           0,         455,       -14.6234617,      -12.06812445,      -12.19552534,      -9.134864727
          0,           0,         456,      -14.63387894,      -12.09147984,      -12.20366852,      -9.148075004
          0,           0,         457,      -14.61189021,      -12.05616789,       -12.1876112,      -9.118608555
          0,           0,         458,      -14.63974892,      -12.07658452,      -12.20620397,       -9.14883247
          0,           0,         459,      -14.62194945,      -12.06780645,      -12.19770306,      -9.134834968
          0,           0,         460,       -14.6044405,      -12.05289231,      -12.18479729,      -9.120579582
          0,           0,         461,      -14.61304444,      -12.07638353,      -12.19258477,      -9.127799307
          0,           0,         462,      -14.62097147,      -12.07207864,      -12.20322774,        -9.1234642
          0,           0,         463,      -14.60438605,      -12.03616252,      -12.19570884,      -9.112070203
          0,           0,         464,      -14.62098639,      -12.06671704,      -12.18471475,      -9.124851032
          0,           0,         465,      -14.62132009,      -12.06833762,      -12.18664159,      -9.129292142
          0,           0,         466,      -14.60264754,      -12.04797812,      -12.18584224,      -9.106746211
          0,           0,         467,      -14.61200663,      -12.05711464,      -12.19989995,      -9.123742125
          0,           0,         468,      -14.62610854,      -12.06506704,      -12.19837644,      -9.124480214
          0,           0,         469,      -14.61990564,      -12.06364935,      -12.19333868,      -9.126092688
          0,           0,         470,       -14.6175239,      -12.08465899,      -12.20262833,      -9.131126052
          0,           0,         471,      -14.61735494,      -12.07151634,      -12.19206941,      -9.126921304
          0,           0,         472,      -14.60925987,      -12.04681726,      -12.17867693,      -9.107641507
          0,           0,         473,      -14.60837352,      -12.07003113,      -12.19406146,      -9.124869548
          0,           0,         474,      -14.62725529,      -12.08450127,      -12.17880344,      -9.140277245
          0,           0,         475,      -14.62828902,      -12.08694727,      -12.20397326,      -9.138192712
          0,           0,         476,      -14.61099324,      -12.06229845,       -12.1843343,      -9.124686224
          0,           0,         477,      -14.63606149,      -12.07503225,      -12.21154427,      -9.136617999
          0,           0,         478,      -14.62630408,      -12.08329677,      -12.19538145,       -9.13857479
          0,           0,         479,       -14.6213526,      -12.05226047,      -12.19676009,      -9.128965617
          0,           0,         480,      -14.61187316,       -12.0547316,      -12.19708622,      -9.119559418
          0,           0,         481,      -14.61184635,      -12.05327214,      -12.19176782,      -9.121931053
          0,           0,         482,      -14.62537242,      -12.07520128,       -12.1828628,      -9.136995083
          0,           0,         483,      -14.61850953,      -12.06790229,      -12.18501262,      -9.132120468
          0,           0,         484,      -14.61755265,      -12.07189713,      -12.19827848,        -9.1334676
          0,           0,         485,      -14.60181892,      -12.05382931,      -12.19670068,      -9.114949881
          0,           0,         486,      -14.60975621,      -12.06129193,      -12.18630793,      -9.126601681
          0,           0,         487,      -14.61804741,      -12.07179605,      -12.19882063,      -9.132107652
          0,           0,         488,      -14.62967865,      -12.06708643,      -12.19908318,      -9.135101971
          0,           0,         489,      -14.62798911,      -12.08293298,      -12.19950937,      -9.136420835
          0,           0,         490,      -14.63038409,      -12.08242332,      -12.20173404,       -9.13367251
          0,           0,         491,      -14.62479877,      -12.07901396,      -12.20947126,      -9.142519378
          0,           0,         492,       -14.6150728,      -12.07534892,      -12.18353137,       -9.12410244
          0,           0,         493,      -14.62785378,      -12.08534791,      -12.20391263,      -9.133255038
          0,           0,         494,      -14.61611194,       -12.0777009,      -12.20020517,      -9.128611811
          0,           0,         495,      -14.62398837,       -12.0742999,      -12.20090803,      -9.131635989
          0,           0,         496,      -14.59851114,      -12.05594082,      -12.20604116,      -9.113205938
          0,           0,         497,      -14.63851926,      -12.07716839,      -12.20611695,      -9.148064812
          0,           0,         498,      -14.62366374,      -12.07561207,      -12.20986703,      -9.137703554
          0,           0,         499,      -14.61972584,      -12.05594461,      -12.20293589,      -9.127984389
          0,           0,         500,      -14.62227998,      -12.07085216,      -12.20821476,      -9.130287157
          0,           0,         501,      -14.63519372,      -12.07366614,      -12.20266411,      -9.136605017
          0,           0,         502,      -14.61985268,      -12.07745608,      -12.19720865,      -9.126145696
          0,           0,         503,        -14.632132,      -12.08150472,      -12.20277566,      -9.139243976
          0,           0,         504,      -14.62429982,      -12.08202821,      -12.20399378,      -9.138657695
          0,           0,         505,      -14.61365145,      -12.04683396,      -12.20211465,      -9.123212156
          0,           0,         506,      -14.62651448,      -12.07363485,      -12.20923984,      -9.137109137
          0,           0,         507,      -14.61613602,      -12.06410369,      -12.20901089,      -9.129578604
          0,           0,         508,      -14.63079404,      -12.08095846,      -12.20108976,      -9.131197533
          0,           0,         509,      -14.62296681,      -12.08036338,      -12.19774414,      -9.136760103
          0,           0,         510,      -14.62118268,      -12.07526803,      -12.20023525,      -9.129280732
          0,           0,         511,      -14.61720852,      -12.07080584,      -12.18204955,      -9.129549895
          0,           0,         512,      -14.61637898,      -12.07078694,      -12.18253642,      -9.126273681
          0,           0,         513,      -14.62341169,      -12.06466064,      -12.19192959,       -9.13232894
          0,           0,         514,      -14.62786451,      -12.08401934,      -12.19870318,      -9.141595726
          0,           0,         515,      -14.60735259,      -12.05844271,      -12.18495436,      -9.115605108
          0,           0,         516,       -14.5780006,      -12.01777846,      -12.15754426,        -9.0758904
          0,           0,         517,      -14.61718065,      -12.05644961,      -12.20026328,      -9.123463977
          0,           0,         518,      -14.62755357,      -12.07196386,       -12.1988105,      -9.143306011
          0,           0,         519,      -14.64432609,      -12.09043041,      -12.20368921,      -9.148924998
          0,           0,         520,      -14.60011554,      -12.03483833,       -12.1807802,      -9.103894566
          0,           0,         521,      -14.62504217,      -12.07290451,      -12.18778019,      -9.130293258
          0,           0,         522,      -14.61210398,      -12.06231528,      -12.19108649,      -9.121988351
          0,           0,         523,      -14.61827962,      -12.05948176,      -12.20002011,      -9.125751279
          0,           0,         524,      -14.62543678,       -12.0673363,      -12.20508615,      -9.130728278
          0,           0,         525,        -14.618575,      -12.05899408,      -12.19781906,      -9.131908961
          0,           0,         526,      -14.62550911,      -12.08242499,      -12.18207366,      -9.130913798
          0,           0,         527,      -14.62101677,      -12.07795669,       -12.1946745,      -9.128204417
          0,           0,         528,      -14.62061254,      -12.07052377,       -12.1845307,      -9.126959718
          0,           0,         529,      -14.62480049,      -12.08027225,      -12.19665795,      -9.132861206
          0,           0,         530,      -14.61421751,      -12.06025304,      -12.20839527,      -9.128178362
          0,           0,         531,      -14.63146359,      -12.08442196,      -12.20259401,      -9.139367075
          0,           0,         532,      -14.62130876,      -12.06158421,       -12.1974336,      -9.131201202
          0,           0,         533,      -14.62223616,      -12.07038827,      -12.19289019,      -9.128059168
          0,           0,         534,      -14.62238601,      -12.09272027,      -12.19199779,       -9.14276807
          0,           0,         535,       -14.6146403,      -12.07499644,      -12.18204496,      -9.127041688
          0,           0,         536,      -14.60799239,       -12.0433159,      -12.17892077,      -9.111407297
          0,           0,         537,      -14.59078147,        -12.046779,      -12.18688399,      -9.108049175
          0,           0,         538,      -14.60667579,      -12.06005686,       -12.1712295,      -9.122796913
          0,           0,         539,       -14.6174051,      -12.06291781,      -12.19610002,      -9.132085717
          0,           0,         540,      -14.63011037,      -12.06259674,      -12.20086891,      -9.133249266
          0,           0,         541,      -14.60943299,      -12.07263599,      -12.20204147,      -9.130103707
          0,           0,         542,      -14.61738782,      -12.06836589,      -12.18623929,      -9.123900932
          0,           0,         543,      -14.62198366,      -12.06530908,      -12.19634525,      -9.128469342
          0,           0,         544,      -14.61680995,      -12.06299919,      -12.19271813,      -9.124742037
          0,           0,         545,      -14.63617044,      -12.08287444,      -12.20976042,      -9.137089918
          0,           0,         546,      -14.60371038,        -12.061552,      -12.19982407,      -9.121033432
          0,           0,         547,      -14.62045704,      -12.07190756,      -12.16038687,      -9.127893421
          0,           0,         548,      -14.62114121,      -12.07131387,      -12.19463187,      -9.131934463
          0,           0,         549,      -14.61681033,      -12.06127318,      -12.19728837,       -9.12560778
          0,           0,         550,      -14.62027288,       -12.0692127,      -12.17342796,       -9.13148774
          0,           0,         551,      -14.60745424,      -12.04382324,      -12.19300833,      -9.118547952
          0,           0,         552,      -14.63054616,      -12.08445297,      -12.20611328,      -9.139201241
          0,           0,         553,      -14.61655397,       -12.0621546,      -12.20012795,      -9.126872049
          0,           0,         554,       -14.6018221,      -12.06216695,      -12.18178634,      -9.119074139
          0,           0,         555,      -14.61437261,      -12.06254921,      -12.20959023,      -9.121770543
          0,           0,         556,       -14.6385446,      -12.07754434,      -12.21213424,      -9.146592966
          0,           0,         557,       -14.6180686,      -12.07677409,      -12.18606809,      -9.129922822
          0,           0,         558,      -14.62410891,      -12.07045815,      -12.18921314,       -9.12354224
          0,           0,         559,      -14.62961753,      -12.08503344,      -12.20095142,       -9.14402868
          0,           0,         560,      -14.62366746,      -12.08030389,      -12.18674546,      -9.136223058
          0,           0,         561,        -14.609866,      -12.04387264,      -12.19102513,      -9.117351973
          0,           0,         562,      -14.62091404,      -12.06961915,      -12.18986763,      -9.126838853
          0,           0,         563,      -14.62511273,      -12.07305568,      -12.20071362,      -9.127559216
          0,           0,         564,      -14.61131329,      -12.06854642,       -12.1984807,      -9.113314973
          0,           0,         565,      -14.62175817,      -12.07725583,      -12.20154493,      -9.139634617
          0,           0,         566,       -14.6123938,      -12.08366262,      -12.20772915,       -9.12994843
          0,           0,         567,      -14.62369727,      -12.06867149,      -12.20207697,      -9.134796774
          0,           0,         568,      -14.63098148,      -12.07057577,      -12.20183311,      -9.133579866
          0,           0,         569,      -14.62787001,      -12.07049068,       -12.1968668,      -9.131291684
          0,           0,         570,      -14.62789019,      -12.08816978,      -12.19641067,      -9.137240779
          0,           0,         571,      -14.60550521,      -12.04911036,      -12.20629654,      -9.120988843
          0,           0,         572,      -14.61678427,       -12.0739078,      -12.18489238,      -9.124776566
          0,           0,         573,      -14.61224525,       -12.0659552,      -12.18689482,      -9.123032634
          0,           0,         574,      -14.61274942,      -12.03965217,      -12.18851331,      -9.113240375
          0,           0,         575,      -14.62740645,      -12.07831765,      -12.19394489,      -9.129308234
          0,           0,         576,      -14.62119588,      -12.06601768,       -12.1853666,      -9.121418114
          0,           0,         577,      -14.61120748,      -12.05327639,      -12.19507691,      -9.114028021
          0,           0,         578,      -14.61761446,      -12.07209158,      -12.18594015,      -9.126754622
          0,           0,         579,      -14.61933652,      -12.05838487,      -12.20494391,      -9.120283686
          0,           0,         580,      -14.62203961,      -12.05814929,      -12.18733353,      -9.127564738
          0,           0,         581,        -14.618931,      -12.06242144,      -12.18848075,      -9.123433195
          0,           0,         582,      -14.63337879,      -12.08893155,      -12.19757349,      -9.142167529
          0,           0,         583,      -14.62373352,       -12.0629382,      -12.20557941,      -9.126835668
          0,           0,         584,      -14.64319008,      -12.07792644,      -12.20417194,       -9.14419804
          0,           0,         585,      -14.62981493,      -12.07812775,      -12.19795263,      -9.138958156
          0,           0,         586,      -14.60881919,      -12.06066104,      -12.19313439,      -9.120591814
          0,           0,         587,      -14.62545928,      -12.07331236,      -12.20670963,      -9.129772431
          0,           0,         588,      -14.63743962,      -12.08632213,      -12.20269972,      -9.141238371
          0,           0,         589,      -14.61307356,      -12.08319712,      -12.17853382,      -9.130405021
          0,           0,         590,      -14.59461366,      -12.06290825,      -12.17977286,      -9.117170751
          0,           0,         591,      -14.61189941,      -12.07084502,      -12.19127949,      -9.125820726
          0,           0,         592,      -14.61843894,      -12.05981923,      -12.20532248,      -9.124869291
          0,           0,         593,      -14.63890991,      -12.08297431,      -12.19984993,      -9.145573463
          0,           0,         594,      -14.60585905,      -12.06269815,      -12.19206847,       -9.11857227
          0,           0,         595,       -14.6097799,      -12.06072817,      -12.19383347,      -9.115210682
          0,           0,         596,      -14.62477719,      -12.07028145,      -12.20126028,      -9.128073984
          0,           0,         597,      -14.63475554,      -12.08765788,      -12.19379298,      -9.139987092
          0,           0,         598,      -14.62984315,      -12.07476839,      -12.20346025,      -9.136591784
          0,           0,         599,      -14.62384409,      -12.07821976,      -12.20144133,      -9.132417276
          0,           0,         600,      -14.61701695,      -12.06206595,      -12.20096012,      -9.124770838
