VARIABLES = \
"Time_Iter","Outer_Iter","Inner_Iter",    "rms[Rho]"    ,    "rms[RhoU]"   ,    "rms[RhoV]"   ,    "rms[RhoE]"   
          0,           0,           0,      -1.636030737,      0.5244175768,      0.8898225844,       3.823597466
          0,           0,           1,      -2.079067595,      0.3126738061,      0.4805917879,       3.398745222
          0,           0,           2,        -2.3292608,     0.07283623361,        0.23307382,       3.152318531
          0,           0,           3,      -2.492218029,    -0.08897351433,     0.03966976871,       2.989355423
          0,           0,           4,      -2.651244153,     -0.2363949527,     -0.1388613894,       2.829131834
          0,           0,           5,      -2.811974413,     -0.3736754209,     -0.3101728027,       2.666956537
          0,           0,           6,      -2.969157464,     -0.5009031265,     -0.4722845323,       2.508299794
          0,           0,           7,       -3.12457975,     -0.6220663013,     -0.6301947589,       2.351547288
          0,           0,           8,      -3.276350546,     -0.7346591642,     -0.7862040836,       2.198407303
          0,           0,           9,      -3.425084648,     -0.8355947742,     -0.9394932031,       2.048098422
          0,           0,          10,      -3.570471762,     -0.9243356331,      -1.090121555,       1.900757529
          0,           0,          11,      -3.708857968,      -1.001706642,      -1.237629517,        1.76000257
          0,           0,          12,      -3.837579195,      -1.068317424,      -1.380453751,       1.628711147
          0,           0,          13,      -3.957090332,      -1.125378235,      -1.516103164,       1.506651147
          0,           0,          14,      -4.067388886,      -1.174975711,      -1.642453629,       1.393743127
          0,           0,          15,      -4.166813398,      -1.219145397,      -1.758825871,       1.291597718
          0,           0,          16,       -4.25364365,      -1.259253664,      -1.864880437,       1.202301388
          0,           0,          17,      -4.327501159,      -1.296286382,      -1.960054235,       1.126706506
          0,           0,          18,       -4.38979726,      -1.331156214,      -2.044466368,       1.063501387
          0,           0,          19,      -4.443188212,      -1.364673201,      -2.119215509,       1.009788551
          0,           0,          20,      -4.490541208,      -1.397414406,      -2.185782418,      0.9624524884
          0,           0,          21,      -4.534064166,      -1.429684588,      -2.245738445,      0.9191795188
          0,           0,          22,      -4.574979279,      -1.461584561,      -2.300530853,      0.8787218736
          0,           0,          23,      -4.613728079,      -1.493099996,      -2.351332643,      0.8405912089
          0,           0,          24,      -4.650393769,      -1.524168449,      -2.399227557,      0.8046087791
          0,           0,          25,      -4.685052995,      -1.554714959,      -2.445251819,      0.7705923439
          0,           0,          26,      -4.717909311,      -1.584662984,      -2.490130704,       0.738280128
          0,           0,          27,      -4.749228325,      -1.613945529,      -2.534100569,       0.707417716
          0,           0,          28,      -4.779242492,      -1.642507339,      -2.577024038,      0.6778226573
          0,           0,          29,      -4.808109532,      -1.670303431,      -2.618634923,      0.6493839014
          0,           0,          30,      -4.835920984,      -1.697294197,       -2.65875018,      0.6220274071
          0,           0,          31,      -4.862711413,      -1.723441099,      -2.697231716,      0.5957022317
          0,           0,          32,      -4.888482593,      -1.748711678,      -2.733914912,      0.5703748749
          0,           0,          33,      -4.913244929,      -1.773090355,      -2.768549287,      0.5460009301
          0,           0,          34,      -4.937055996,      -1.796589376,       -2.80084197,      0.5225024784
          0,           0,          35,       -4.96002848,      -1.819253326,      -2.830551784,      0.4997602083
          0,           0,          36,      -4.982309804,      -1.841154506,      -2.857601439,      0.4776336321
          0,           0,          37,      -5.004052214,      -1.862382335,      -2.882155169,      0.4559881308
          0,           0,          38,       -5.02538871,      -1.883030907,      -2.904591779,      0.4347140758
          0,           0,          39,      -5.046423318,       -1.90318904,       -2.92541562,      0.4137317487
          0,           0,          40,      -5.067231176,       -1.92293429,      -2.945145883,      0.3929869306
          0,           0,          41,      -5.087862456,      -1.942331141,      -2.964230862,      0.3724438302
          0,           0,          42,      -5.108345727,       -1.96143235,       -2.98300894,      0.3520805819
          0,           0,          43,      -5.128694272,      -1.980280839,       -3.00170666,      0.3318836329
          0,           0,          44,      -5.148910302,      -1.998912213,      -3.020448993,       0.311845297
          0,           0,          45,      -5.168991043,      -2.017357361,      -3.039283934,      0.2919603562
          0,           0,          46,      -5.188932715,      -2.035643483,       -3.05820406,      0.2722246783
          0,           0,          47,      -5.208733735,      -2.053795391,      -3.077168738,      0.2526339217
          0,           0,          48,      -5.228397159,      -2.071836102,      -3.096121259,      0.2331817978
          0,           0,          49,      -5.247932084,      -2.089787194,      -3.115001837,      0.2138586802
          0,           0,          50,      -5.267351883,      -2.107668665,      -3.133763518,      0.1946527589
          0,           0,          51,      -5.286672365,      -2.125498933,       -3.15237103,      0.1755511017
          0,           0,          52,      -5.305911071,      -2.143295205,      -3.170808335,      0.1565396784
          0,           0,          53,      -5.325086623,      -2.161073152,      -3.189080267,      0.1376036513
          0,           0,          54,      -5.344217287,      -2.178846932,      -3.207205024,      0.1187283644
          0,           0,          55,      -5.363320651,      -2.196628892,      -3.225211863,     0.09989958141
          0,           0,          56,      -5.382413283,      -2.214430119,      -3.243138817,     0.08110373959
          0,           0,          57,      -5.401510026,      -2.232260243,      -3.261024559,     0.06232863554
          0,           0,          58,       -5.42062467,      -2.250127736,      -3.278907005,     0.04356261994
          0,           0,          59,      -5.439769601,      -2.268039989,      -3.296822119,     0.02479495489
          0,           0,          60,      -5.458955492,      -2.286003559,      -3.314800816,    0.006016034045
          0,           0,          61,      -5.478191947,      -2.304024369,      -3.332867477,    -0.01278331635
          0,           0,          62,      -5.497487089,      -2.322107731,      -3.351039906,     -0.0316111925
          0,           0,          63,      -5.516847662,       -2.34025845,      -3.369332311,    -0.05047460777
          0,           0,          64,      -5.536279939,      -2.358481195,      -3.387751714,    -0.06938048349
          0,           0,          65,      -5.555788983,      -2.376780154,      -3.406301393,    -0.08833475507
          0,           0,          66,      -5.575379121,      -2.395159415,      -3.424983784,     -0.1073427752
          0,           0,          67,      -5.595054318,      -2.413622964,      -3.443797736,     -0.1264095661
          0,           0,          68,      -5.614818155,      -2.432174707,      -3.462740833,      -0.145539792
          0,           0,          69,       -5.63467515,      -2.450818548,      -3.481805108,     -0.1647388819
          0,           0,          70,      -5.654628503,      -2.469558085,       -3.50098826,     -0.1840111208
          0,           0,          71,       -5.67468102,      -2.488396749,      -3.520286079,     -0.2033603639
          0,           0,          72,      -5.694835887,      -2.507337911,       -3.53969502,     -0.2227907627
          0,           0,          73,      -5.715096222,      -2.526384809,      -3.559212011,     -0.2423063798
          0,           0,          74,      -5.735465209,      -2.545540362,      -3.578836458,     -0.2619113008
          0,           0,          75,      -5.755945105,       -2.56480737,       -3.59856632,     -0.2816086016
          0,           0,          76,      -5.776538221,      -2.584188578,      -3.618400682,     -0.3014015602
          0,           0,          77,      -5.797247293,      -2.603686317,      -3.638342279,     -0.3212937275
          0,           0,          78,      -5.818074505,      -2.623302685,      -3.658388088,      -0.341288069
          0,           0,          79,       -5.83902164,      -2.643039785,      -3.678538631,     -0.3613871275
          0,           0,          80,      -5.860090551,      -2.662899277,      -3.698796168,     -0.3815934893
          0,           0,          81,      -5.881282094,      -2.682882642,      -3.719162491,     -0.4019087617
          0,           0,          82,      -5.902597168,      -2.702991185,      -3.739638353,     -0.4223346007
          0,           0,          83,      -5.924036517,      -2.723226006,       -3.76022554,     -0.4428724409
          0,           0,          84,      -5.945601013,      -2.743587997,      -3.780923131,     -0.4635238209
          0,           0,          85,      -5.967291229,      -2.764078004,      -3.801729827,     -0.4842899758
          0,           0,          86,      -5.989106621,      -2.784696813,      -3.822646606,     -0.5051710124
          0,           0,          87,      -6.011047778,      -2.805444832,      -3.843676058,     -0.5261680869
          0,           0,          88,      -6.033115634,      -2.826322273,      -3.864815567,     -0.5472826902
          0,           0,          89,      -6.055310006,      -2.847329464,      -3.886066322,      -0.568515214
          0,           0,          90,      -6.077631654,      -2.868466361,      -3.907435309,      -0.589866912
          0,           0,          91,      -6.100080657,      -2.889732979,      -3.928921692,     -0.6113384009
          0,           0,          92,      -6.122656605,      -2.911129243,      -3.950524582,     -0.6329298243
          0,           0,          93,      -6.145359412,       -2.93265506,      -3.972242605,     -0.6546415669
          0,           0,          94,      -6.168187866,      -2.954310147,      -3.994078022,     -0.6764729675
          0,           0,          95,      -6.191141186,      -2.976094207,      -4.016029239,     -0.6984237181
          0,           0,          96,      -6.214219844,      -2.998006933,      -4.038091971,     -0.7204946866
          0,           0,          97,      -6.237423133,       -3.02004795,      -4.060268723,     -0.7426855718
          0,           0,          98,      -6.260749159,      -3.042216754,      -4.082561398,     -0.7649949394
          0,           0,          99,      -6.284198585,      -3.064513031,      -4.104967306,     -0.7874237854
          0,           0,         100,      -6.307771581,      -3.086936387,       -4.12748818,     -0.8099725416
          0,           0,         101,      -6.331466637,      -3.109486363,      -4.150126194,     -0.8326402092
          0,           0,         102,      -6.355282751,       -3.13216237,      -4.172878445,      -0.855426222
          0,           0,         103,      -6.379219286,        -3.1549639,       -4.19574421,     -0.8783302983
          0,           0,         104,      -6.403276136,       -3.17789042,      -4.218724038,      -0.901352569
          0,           0,         105,      -6.427452637,      -3.200941356,      -4.241817675,      -0.924492678
          0,           0,         106,      -6.451748206,      -3.224116144,      -4.265024298,     -0.9477503413
          0,           0,         107,      -6.476162184,      -3.247414207,      -4.288343278,     -0.9711251983
          0,           0,         108,      -6.500693908,      -3.270834965,      -4.311774126,      -0.994616851
          0,           0,         109,      -6.525342918,      -3.294377851,      -4.335316611,      -1.018225071
          0,           0,         110,       -6.55010838,      -3.318042255,      -4.358970436,      -1.041949295
          0,           0,         111,       -6.57498955,      -3.341827518,      -4.382734717,      -1.065788991
          0,           0,         112,      -6.599985578,      -3.365733083,      -4.406609353,      -1.089743595
          0,           0,         113,      -6.625096078,      -3.389758404,      -4.430594472,      -1.113812948
          0,           0,         114,      -6.650320651,      -3.413902905,      -4.454689441,      -1.137996854
          0,           0,         115,      -6.675658687,      -3.438165974,      -4.478893766,      -1.162294901
          0,           0,         116,      -6.701109353,      -3.462546952,      -4.503206755,      -1.186706464
          0,           0,         117,      -6.726671986,      -3.487045196,      -4.527628066,      -1.211231062
          0,           0,         118,      -6.752345995,       -3.51166006,      -4.552157587,      -1.235868272
          0,           0,         119,      -6.778130272,      -3.536391083,      -4.576792608,      -1.260617193
          0,           0,         120,      -6.804024455,       -3.56123767,      -4.601532765,      -1.285477592
          0,           0,         121,       -6.83002829,      -3.586199016,      -4.626379906,      -1.310449365
          0,           0,         122,      -6.856140902,      -3.611274513,      -4.651333358,      -1.335531795
          0,           0,         123,      -6.882361194,      -3.636463497,      -4.676393574,       -1.36072398
          0,           0,         124,      -6.908687429,      -3.661765302,      -4.701560606,      -1.386024476
          0,           0,         125,      -6.935119709,      -3.687179319,      -4.726829099,      -1.411433484
          0,           0,         126,      -6.961658217,      -3.712704956,      -4.752199111,      -1.436951178
          0,           0,         127,      -6.988302521,      -3.738341569,      -4.777671124,      -1.462577156
          0,           0,         128,      -7.015051912,      -3.764088527,      -4.803245091,      -1.488310804
          0,           0,         129,      -7.041905532,      -3.789945183,       -4.82892063,      -1.514151402
          0,           0,         130,      -7.068862564,      -3.815910872,      -4.854697141,      -1.540098275
          0,           0,         131,      -7.095922293,      -3.841984965,      -4.880574128,       -1.56615083
          0,           0,         132,      -7.123083628,      -3.868166839,       -4.90655202,      -1.592308155
          0,           0,         133,      -7.150346052,      -3.894455832,      -4.932628047,      -1.618569831
          0,           0,         134,      -7.177709296,      -3.920851316,      -4.958802028,      -1.644935598
          0,           0,         135,      -7.205172689,      -3.947352644,      -4.985073935,      -1.671404859
          0,           0,         136,      -7.232734768,        -3.9739592,      -5.011442243,      -1.697976319
          0,           0,         137,      -7.260394073,      -4.000670273,      -5.037907067,      -1.724648694
          0,           0,         138,      -7.288151133,      -4.027485228,      -5.064468828,      -1.751422494
          0,           0,         139,      -7.316005974,      -4.054403526,      -5.091125947,      -1.778297762
          0,           0,         140,      -7.343958069,      -4.081424548,       -5.11787768,      -1.805274012
          0,           0,         141,      -7.372006674,      -4.108547646,      -5.144723486,      -1.832350558
          0,           0,         142,      -7.400150987,      -4.135772172,      -5.171662799,      -1.859526668
          0,           0,         143,      -7.428390241,      -4.163097486,      -5.198695009,      -1.886801648
          0,           0,         144,      -7.456723733,      -4.190522959,       -5.22581947,      -1.914174863
          0,           0,         145,      -7.485150818,       -4.21804797,      -5.253035546,      -1.941645726
          0,           0,         146,      -7.513670867,      -4.245671899,      -5.280342609,      -1.969213664
          0,           0,         147,      -7.542283261,      -4.273394128,      -5.307740036,      -1.996878102
          0,           0,         148,      -7.570987378,      -4.301214041,       -5.33522722,      -2.024638468
          0,           0,         149,      -7.599782603,      -4.329131022,       -5.36280356,      -2.052494187
          0,           0,         150,       -7.62866832,       -4.35714446,      -5.390468462,      -2.080444688
          0,           0,         151,       -7.65764392,      -4.385253748,      -5.418221336,        -2.1084894
          0,           0,         152,      -7.686708803,       -4.41345828,      -5.446061596,       -2.13662776
          0,           0,         153,      -7.715862359,      -4.441757452,      -5.473988659,      -2.164859194
          0,           0,         154,      -7.745103951,      -4.470150662,      -5.502001932,       -2.19318311
          0,           0,         155,      -7.774433015,      -4.498637312,      -5.530100833,      -2.221598968
          0,           0,         156,      -7.803848995,      -4.527216814,      -5.558284792,      -2.250106235
          0,           0,         157,      -7.833351328,      -4.555888583,      -5.586553225,      -2.278704373
          0,           0,         158,      -7.862939453,      -4.584652034,      -5.614905559,       -2.30739284
          0,           0,         159,      -7.892612795,      -4.613506583,      -5.643341229,      -2.336171086
          0,           0,         160,      -7.922370781,      -4.642451649,      -5.671859674,      -2.365038564
          0,           0,         161,      -7.952212845,      -4.671486655,      -5.700460345,      -2.393994726
          0,           0,         162,      -7.982138415,      -4.700611024,       -5.72914269,      -2.423039028
          0,           0,         163,      -8.012146936,      -4.729824186,      -5.757906162,      -2.452170926
          0,           0,         164,      -8.042237854,       -4.75912557,      -5.786750221,      -2.481389889
          0,           0,         165,      -8.072410621,      -4.788514613,      -5.815674326,       -2.51069538
          0,           0,         166,      -8.102664692,       -4.81799075,      -5.844677946,      -2.540086871
          0,           0,         167,      -8.132999517,      -4.847553422,      -5.873760549,      -2.569563828
          0,           0,         168,      -8.163414567,      -4.877202072,      -5.902921623,       -2.59912573
          0,           0,         169,      -8.193909299,      -4.906936146,      -5.932160639,      -2.628772048
          0,           0,         170,      -8.224483181,      -4.936755092,      -5.961477088,       -2.65850226
          0,           0,         171,      -8.255135683,      -4.966658363,      -5.990870444,      -2.688315851
          0,           0,         172,      -8.285866284,      -4.996645412,      -6.020340222,        -2.7182123
          0,           0,         173,      -8.316674462,      -5.026715698,      -6.049885904,      -2.748191098
          0,           0,         174,      -8.347559685,      -5.056868678,      -6.079507005,      -2.778251724
          0,           0,         175,      -8.378521452,      -5.087103817,      -6.109203025,      -2.808393676
          0,           0,         176,      -8.409559245,       -5.11742058,      -6.138973461,      -2.838616444
          0,           0,         177,      -8.440672548,      -5.147818434,      -6.168817845,      -2.868919524
          0,           0,         178,      -8.471860861,       -5.17829685,      -6.198735697,      -2.899302411
          0,           0,         179,      -8.503123672,      -5.208855301,      -6.228726524,      -2.929764605
          0,           0,         180,      -8.534460498,      -5.239493264,      -6.258789872,      -2.960305614
          0,           0,         181,       -8.56587082,      -5.270210215,      -6.288925246,      -2.990924932
          0,           0,         182,      -8.597354149,      -5.301005635,      -6.319132209,       -3.02162207
          0,           0,         183,          -8.62891,      -5.331879009,       -6.34941029,      -3.052396543
          0,           0,         184,      -8.660537872,      -5.362829821,       -6.37975902,      -3.083247851
          0,           0,         185,      -8.692237283,      -5.393857559,      -6.410177945,      -3.114175511
          0,           0,         186,      -8.724007754,      -5.424961713,      -6.440666645,      -3.145179043
          0,           0,         187,      -8.755848784,      -5.456141775,      -6.471224645,      -3.176257952
          0,           0,         188,       -8.78775992,      -5.487397242,      -6.501851511,      -3.207411772
          0,           0,         189,      -8.819740662,      -5.518727608,      -6.532546813,      -3.238640013
          0,           0,         190,      -8.851790554,      -5.550132374,      -6.563310092,      -3.269942197
          0,           0,         191,       -8.88390913,      -5.581611041,      -6.594140953,      -3.301317866
          0,           0,         192,      -8.916095883,      -5.613163113,      -6.625038942,      -3.332766527
          0,           0,         193,      -8.948350391,      -5.644788094,      -6.656003638,      -3.364287724
          0,           0,         194,      -8.980672162,      -5.676485493,      -6.687034635,      -3.395880975
          0,           0,         195,      -9.013060748,       -5.70825482,      -6.718131503,       -3.42754583
          0,           0,         196,      -9.045515675,      -5.740095584,      -6.749293822,      -3.459281792
          0,           0,         197,      -9.078036515,      -5.772007305,      -6.780521187,      -3.491088442
          0,           0,         198,      -9.110622804,      -5.803989494,       -6.81181322,      -3.522965292
          0,           0,         199,       -9.14327407,      -5.836041668,      -6.843169467,      -3.554911879
          0,           0,         200,      -9.175989903,      -5.868163353,      -6.874589554,      -3.586927764
          0,           0,         201,      -9.208769794,      -5.900354062,      -6.906073074,      -3.619012459
          0,           0,         202,      -9.241613362,      -5.932613325,      -6.937619678,      -3.651165535
          0,           0,         203,      -9.274520151,      -5.964940671,      -6.969228926,      -3.683386567
          0,           0,         204,      -9.307489705,      -5.997335621,      -7.000900458,      -3.715675043
          0,           0,         205,      -9.340521604,      -6.029797709,       -7.03263384,      -3.748030565
          0,           0,         206,      -9.373615448,      -6.062326466,      -7.064428773,      -3.780452678
          0,           0,         207,      -9.406770734,       -6.09492143,      -7.096284747,      -3.812940902
          0,           0,         208,      -9.439987099,      -6.127582128,      -7.128201592,      -3.845494838
          0,           0,         209,       -9.47326409,      -6.160308108,      -7.160178772,      -3.878114017
          0,           0,         210,      -9.506601266,        -6.1930989,      -7.192215932,      -3.910797995
          0,           0,         211,      -9.539998248,      -6.225954056,      -7.224312785,      -3.943546368
          0,           0,         212,      -9.573454582,      -6.258873113,      -7.256468844,      -3.976358681
          0,           0,         213,      -9.606969969,      -6.291855626,      -7.288683954,      -4.009234532
          0,           0,         214,      -9.640543817,      -6.324901134,      -7.320957532,       -4.04217339
          0,           0,         215,      -9.674175874,      -6.358009199,      -7.353289417,      -4.075174983
          0,           0,         216,      -9.707865643,      -6.391179358,      -7.385679116,        -4.1082387
          0,           0,         217,       -9.74161282,      -6.424411181,        -7.4181264,      -4.141364308
          0,           0,         218,      -9.775416937,      -6.457704231,       -7.45063068,      -4.174551247
          0,           0,         219,      -9.809277604,      -6.491058045,      -7.483192047,      -4.207799172
          0,           0,         220,      -9.843194486,      -6.524472208,      -7.515809762,      -4.241107608
          0,           0,         221,      -9.877167147,       -6.55794627,       -7.54848353,      -4.274476143
          0,           0,         222,      -9.911195178,      -6.591479809,      -7.581213252,      -4.307904432
          0,           0,         223,      -9.945278354,      -6.625072387,      -7.613998505,      -4.341392037
          0,           0,         224,      -9.979416096,      -6.658723581,      -7.646838951,      -4.374938431
          0,           0,         225,      -10.01360818,      -6.692432963,      -7.679734181,      -4.408543289
          0,           0,         226,      -10.04785416,      -6.726200117,      -7.712684037,      -4.442206274
          0,           0,         227,      -10.08215371,      -6.760024629,       -7.74568798,      -4.475926871
          0,           0,         228,      -10.11650666,      -6.793906088,      -7.778745762,      -4.509704935
          0,           0,         229,      -10.15091236,       -6.82784405,      -7.811857466,      -4.543539671
          0,           0,         230,      -10.18537078,      -6.861838161,      -7.845022116,      -4.577431222
          0,           0,         231,      -10.21988111,      -6.895887925,      -7.878240114,      -4.611378403
          0,           0,         232,      -10.25444327,      -6.929993014,      -7.911510369,      -4.645381403
          0,           0,         233,      -10.28905693,      -6.964152988,      -7.944833041,      -4.679439774
          0,           0,         234,      -10.32372208,      -6.998367511,      -7.978208152,      -4.713553304
          0,           0,         235,       -10.3584376,      -7.032636105,      -8.011634985,      -4.747720863
          0,           0,         236,      -10.39320426,      -7.066958473,      -8.045113202,      -4.781943118
          0,           0,         237,      -10.42802103,      -7.101334192,      -8.078642666,      -4.816219285
          0,           0,         238,      -10.46288746,      -7.135762796,      -8.112223732,      -4.850548357
          0,           0,         239,      -10.49780393,      -7.170244011,      -8.145854075,      -4.884930666
          0,           0,         240,      -10.53276926,      -7.204777418,      -8.179535962,      -4.919365455
          0,           0,         241,      -10.56778406,      -7.239362765,      -8.213267635,      -4.953853352
          0,           0,         242,      -10.60284775,      -7.273999536,      -8.247049104,      -4.988393087
          0,           0,         243,       -10.6379599,      -7.308687336,      -8.280880003,      -5.022983793
          0,           0,         244,      -10.67311973,      -7.343425952,      -8.314759964,      -5.057625999
          0,           0,         245,      -10.70832838,      -7.378214987,       -8.34868954,      -5.092319527
          0,           0,         246,      -10.74358425,      -7.413054098,      -8.382668723,      -5.127063397
          0,           0,         247,      -10.77888762,      -7.447942881,      -8.416696022,      -5.161858055
          0,           0,         248,      -10.81423831,      -7.482881031,      -8.450769979,      -5.196701691
          0,           0,         249,      -10.84963639,      -7.517868244,      -8.484894579,      -5.231595472
          0,           0,         250,      -10.88508092,      -7.552904164,      -8.519064747,      -5.266538534
          0,           0,         251,       -10.9205719,      -7.587988654,       -8.55328354,      -5.301531478
          0,           0,         252,      -10.95610912,       -7.62312095,      -8.587550904,      -5.336571575
          0,           0,         253,      -10.99169221,      -7.658301075,      -8.621864212,      -5.371659938
          0,           0,         254,      -11.02732156,      -7.693528787,      -8.656223807,      -5.406797925
          0,           0,         255,      -11.06299763,      -7.728803541,      -8.690631176,      -5.441982427
          0,           0,         256,      -11.09871706,      -7.764125319,      -8.725085393,      -5.477214521
          0,           0,         257,      -11.13448383,      -7.799493538,      -8.759586261,      -5.512494413
          0,           0,         258,      -11.17029504,      -7.834907917,      -8.794131534,      -5.547819284
          0,           0,         259,      -11.20615102,      -7.870368642,      -8.828724186,      -5.583193507
          0,           0,         260,      -11.24205316,      -7.905874946,        -8.8633612,      -5.618612962
          0,           0,         261,      -11.27799969,      -7.941426882,      -8.898045129,      -5.654079146
          0,           0,         262,      -11.31399046,      -7.977024061,      -8.932772887,      -5.689591217
          0,           0,         263,       -11.3500238,      -8.012666227,      -8.967548173,      -5.725147288
          0,           0,         264,      -11.38610194,      -8.048352165,      -9.002365649,      -5.760745455
          0,           0,         265,      -11.42222934,      -8.084084204,       -9.03723217,      -5.796397743
          0,           0,         266,      -11.45839621,      -8.119859166,       -9.07213585,      -5.832085159
          0,           0,         267,      -11.49460359,      -8.155678639,      -9.107087557,      -5.867821313
          0,           0,         268,      -11.53086067,      -8.191542063,      -9.142089303,      -5.903604315
          0,           0,         269,      -11.56715794,      -8.227448787,      -9.177127508,      -5.939429365
          0,           0,         270,       -11.6034993,      -8.263398426,      -9.212209894,      -5.975291053
          0,           0,         271,      -11.63988758,       -8.29939223,      -9.247344729,      -6.011206876
          0,           0,         272,        -11.676325,      -8.335428754,      -9.282514771,       -6.04716518
          0,           0,         273,       -11.7127975,      -8.371508501,      -9.317734367,      -6.083167917
          0,           0,         274,      -11.74931476,       -8.40763037,      -9.352985339,      -6.119209214
          0,           0,         275,      -11.78587186,      -8.443793987,      -9.388290767,      -6.155289348
          0,           0,         276,      -11.82246901,      -8.479998996,      -9.423634298,      -6.191407138
          0,           0,         277,      -11.85912452,      -8.516248824,      -9.459029482,      -6.227583383
          0,           0,         278,        -11.895804,      -8.552537953,      -9.494449078,      -6.263785427
          0,           0,         279,      -11.93254768,       -8.58887119,      -9.529931496,      -6.300055088
          0,           0,         280,      -11.96932225,      -8.625244593,      -9.565454539,      -6.336346625
          0,           0,         281,      -12.00612779,      -8.661658828,      -9.601007584,      -6.372674363
          0,           0,         282,      -12.04301212,      -8.698115558,       -9.63660685,      -6.409061703
          0,           0,         283,      -12.07990973,      -8.734616146,      -9.672251257,      -6.445496358
          0,           0,         284,      -12.11684423,      -8.771150603,      -9.707920755,      -6.481934891
          0,           0,         285,      -12.15383627,      -8.807730265,      -9.743665736,      -6.518430893
          0,           0,         286,      -12.19086153,      -8.844347404,      -9.779424347,      -6.554964885
          0,           0,         287,      -12.22796476,      -8.881015214,      -9.815267968,      -6.591588242
          0,           0,         288,      -12.26506756,      -8.917714228,      -9.851105751,      -6.628208684
          0,           0,         289,      -12.30220769,      -8.954451874,      -9.886970429,      -6.664838631
          0,           0,         290,       -12.3394162,      -8.991236487,      -9.922928834,      -6.701545884
          0,           0,         291,       -12.3766721,      -9.028057213,      -9.958884993,      -6.738313743
          0,           0,         292,      -12.41397774,      -9.064918136,      -9.994893216,      -6.775085831
          0,           0,         293,      -12.45127975,      -9.101822179,      -10.03093031,      -6.811909664
          0,           0,         294,      -12.48865152,      -9.138757012,      -10.06708131,      -6.848741769
          0,           0,         295,      -12.52604713,      -9.175740927,      -10.10323454,      -6.885683065
          0,           0,         296,      -12.56353784,       -9.21275943,      -10.13937732,      -6.922600757
          0,           0,         297,      -12.60096699,      -9.249814338,      -10.17560607,       -6.95955561
          0,           0,         298,      -12.63856333,      -9.286917718,      -10.21190948,       -6.99660886
          0,           0,         299,       -12.6760532,      -9.324042089,      -10.24814574,      -7.033588094
          0,           0,         300,      -12.71373004,      -9.361230571,      -10.28459367,        -7.0707805
          0,           0,         301,      -12.75139401,      -9.398449699,      -10.32091789,      -7.107935667
          0,           0,         302,      -12.78911059,      -9.435692024,      -10.35731935,      -7.145022923
          0,           0,         303,      -12.82675214,       -9.47297008,      -10.39365183,      -7.182143325
          0,           0,         304,       -12.8646288,      -9.510315575,      -10.43019047,      -7.219546111
          0,           0,         305,      -12.90230496,      -9.547661393,      -10.46683121,      -7.256676243
          0,           0,         306,      -12.94022644,      -9.585071502,      -10.50352328,      -7.294055738
          0,           0,         307,      -12.97816949,      -9.622516887,      -10.53996886,      -7.331481723
          0,           0,         308,      -13.01605792,      -9.659976721,      -10.57652072,      -7.368687506
          0,           0,         309,      -13.05396772,       -9.69749693,      -10.61338456,      -7.406144113
          0,           0,         310,      -13.09188248,      -9.735034768,      -10.65010505,      -7.443561432
          0,           0,         311,      -13.13016186,      -9.772647737,      -10.68681215,      -7.481191064
          0,           0,         312,      -13.16797461,      -9.810263593,      -10.72364602,      -7.518690047
          0,           0,         313,      -13.20593244,      -9.847906683,      -10.76040314,      -7.556079963
          0,           0,         314,      -13.24393465,      -9.885584389,      -10.79723727,      -7.593545528
          0,           0,         315,      -13.28247097,      -9.923369456,      -10.83409552,      -7.631739432
          0,           0,         316,      -13.32025657,      -9.961075309,      -10.87094892,      -7.668801514
          0,           0,         317,      -13.35850857,      -9.998910666,      -10.90810819,      -7.706856104
          0,           0,         318,      -13.39638092,      -10.03667389,      -10.94507597,      -7.744259614
          0,           0,         319,      -13.43401766,      -10.07446459,      -10.98151224,      -7.781592926
          0,           0,         320,      -13.47283665,       -10.1123647,      -11.01853088,      -7.819518644
          0,           0,         321,      -13.51016003,      -10.15024544,      -11.05578207,      -7.856765045
          0,           0,         322,      -13.54898728,      -10.18822659,       -11.0930333,      -7.895124666
          0,           0,         323,       -13.5870092,      -10.22613575,      -11.12963772,      -7.932377331
          0,           0,         324,       -13.6246175,      -10.26404062,      -11.16602213,      -7.969549927
          0,           0,         325,      -13.66327664,      -10.30214329,      -11.20414385,      -8.008116912
          0,           0,         326,      -13.70169262,      -10.34021818,      -11.24085847,      -8.046140929
          0,           0,         327,      -13.73928021,      -10.37831688,      -11.27787251,      -8.084618177
          0,           0,         328,      -13.77608348,      -10.41622018,      -11.31391855,      -8.120221572
          0,           0,         329,      -13.81355803,      -10.45420557,      -11.35033922,       -8.15783571
          0,           0,         330,      -13.85099267,      -10.49242975,      -11.38794192,      -8.195790175
          0,           0,         331,       -13.8881409,      -10.53066551,      -11.42567896,      -8.234270253
          0,           0,         332,       -13.9261419,      -10.56874167,      -11.46093227,      -8.271429796
          0,           0,         333,      -13.96181828,      -10.60693099,      -11.49766534,      -8.309732018
          0,           0,         334,       -13.9968609,      -10.64474859,      -11.53101146,       -8.34419833
          0,           0,         335,       -14.0340527,      -10.68311733,      -11.56959199,      -8.383098187
          0,           0,         336,      -14.06882627,      -10.72081408,      -11.60342387,      -8.416222972
          0,           0,         337,      -14.10320242,      -10.75917778,      -11.63704614,      -8.453916479
          0,           0,         338,       -14.1368934,      -10.79717399,      -11.67260042,      -8.490647057
          0,           0,         339,      -14.16991078,      -10.83497934,      -11.70572362,      -8.525308087
          0,           0,         340,      -14.20443939,      -10.87287671,      -11.73887665,      -8.560288867
          0,           0,         341,      -14.23734535,      -10.91118981,      -11.77348696,      -8.596555147
          0,           0,         342,      -14.26813615,      -10.94932234,      -11.81085647,      -8.633791215
          0,           0,         343,      -14.29916123,      -10.98726171,      -11.83690072,        -8.6669684
          0,           0,         344,      -14.32600053,      -11.02451771,      -11.86379039,      -8.697117392
          0,           0,         345,      -14.35262262,      -11.06191422,      -11.89937541,      -8.726967026
          0,           0,         346,      -14.37760859,      -11.09972952,      -11.92310639,       -8.75861899
          0,           0,         347,      -14.40597811,      -11.13849208,      -11.95768702,       -8.79674729
          0,           0,         348,      -14.42306674,      -11.17442429,      -11.97107276,      -8.819510116
          0,           0,         349,      -14.45297166,      -11.21249096,      -12.00013511,      -8.851163552
          0,           0,         350,      -14.46830353,      -11.24949394,      -12.01159785,      -8.877197662
          0,           0,         351,      -14.48348863,       -11.2866532,      -12.04133308,      -8.903801062
          0,           0,         352,      -14.49160866,      -11.32187857,      -12.05972006,      -8.915208268
          0,           0,         353,      -14.51110094,      -11.35972452,      -12.08040227,      -8.947985023
          0,           0,         354,      -14.52639173,      -11.39278979,      -12.08167899,       -8.95493524
          0,           0,         355,      -14.52687328,      -11.43024129,      -12.10272075,      -8.978097106
          0,           0,         356,       -14.5597304,      -11.46741135,      -12.12589018,      -9.010474822
          0,           0,         357,      -14.56212885,      -11.49946485,      -12.13933689,      -9.013031752
          0,           0,         358,      -14.56045574,      -11.53885808,      -12.12948458,      -9.038686763
          0,           0,         359,       -14.5839605,      -11.56877779,      -12.14999762,      -9.049509596
          0,           0,         360,      -14.58024831,      -11.60060283,      -12.16097488,      -9.054706984
          0,           0,         361,      -14.58380703,      -11.63247435,      -12.15779082,      -9.067311999
          0,           0,         362,      -14.59158384,      -11.66663119,      -12.17028194,      -9.075543459
          0,           0,         363,      -14.60743248,      -11.69455779,      -12.15898469,      -9.089979385
          0,           0,         364,      -14.61025934,      -11.72634141,      -12.19135978,      -9.095889013
          0,           0,         365,      -14.60499429,      -11.75101541,      -12.17176997,      -9.089311548
          0,           0,         366,      -14.60252183,      -11.78098547,      -12.18581681,      -9.103623486
          0,           0,         367,      -14.61396525,      -11.80582727,      -12.20330861,      -9.108412149
          0,           0,         368,      -14.59579179,      -11.82575239,      -12.18833048,      -9.102997848
          0,           0,         369,      -14.59040634,       -11.8448512,      -12.18936064,      -9.104590128
          0,           0,         370,      -14.61230951,      -11.87100394,      -12.19478686,      -9.112473984
          0,           0,         371,      -14.61037622,      -11.88729165,      -12.18308512,      -9.108816124
          0,           0,         372,      -14.61409917,      -11.91032084,      -12.20919317,      -9.118370484
          0,           0,         373,      -14.61038917,      -11.93553681,      -12.19424266,      -9.123429403
          0,           0,         374,      -14.61339899,       -11.9538021,      -12.19548687,      -9.126871428
          0,           0,         375,      -14.60316655,      -11.94486496,      -12.20506213,      -9.109785257
          0,           0,         376,      -14.61125108,      -11.97641913,      -12.20414926,      -9.121171437
          0,           0,         377,      -14.61113301,      -11.97318294,      -12.20265889,      -9.115366738
          0,           0,         378,      -14.60494743,      -11.99170045,      -12.19197571,      -9.115910444
          0,           0,         379,      -14.60346575,      -11.99760063,       -12.1771723,      -9.113015478
          0,           0,         380,      -14.63295899,      -12.03438531,      -12.20111619,      -9.139694716
          0,           0,         381,      -14.63717063,      -12.02771659,       -12.2072499,      -9.134771502
          0,           0,         382,      -14.59875252,      -12.01267202,      -12.19568288,      -9.108780415
          0,           0,         383,      -14.62362811,       -12.0379535,       -12.1999655,      -9.131250564
          0,           0,         384,      -14.61328192,      -12.03287999,      -12.19220009,      -9.123223486
          0,           0,         385,      -14.61754609,      -12.02246488,       -12.1988666,      -9.121146277
          0,           0,         386,      -14.61403413,      -12.05266964,      -12.19760898,      -9.127342968
          0,           0,         387,      -14.62045952,      -12.05594716,      -12.19663852,      -9.132427657
          0,           0,         388,      -14.63093877,      -12.05056527,      -12.21864597,      -9.132647424
          0,           0,         389,      -14.61309446,      -12.05426048,      -12.20662371,      -9.134432272
          0,           0,         390,      -14.62745304,      -12.04745947,      -12.20864778,      -9.125973327
          0,           0,         391,      -14.61319653,      -12.04483556,      -12.20145245,      -9.120260305
          0,           0,         392,      -14.61506664,      -12.03463636,      -12.21050189,      -9.110298119
          0,           0,         393,      -14.62403093,      -12.05890889,      -12.20337336,      -9.130169844
          0,           0,         394,      -14.63732289,        -12.075452,      -12.20619495,      -9.135135688
          0,           0,         395,      -14.61435909,       -12.0486594,      -12.19851194,      -9.122070328
          0,           0,         396,      -14.62778963,      -12.07356581,      -12.20832228,      -9.132856202
          0,           0,         397,       -14.6244066,      -12.05629647,      -12.19601419,      -9.125142833
          0,           0,         398,       -14.6095495,      -12.05401059,      -12.19508968,      -9.120119901
          0,           0,         399,      -14.59384635,      -12.04877508,      -12.18464974,      -9.103406428
          0,           0,         400,      -14.60221793,      -12.04557144,      -12.18774766,      -9.112997089
          0,           0,         401,      -14.62305489,      -12.06869404,      -12.20041954,       -9.13084688
          0,           0,         402,      -14.61834096,      -12.05035214,      -12.21233313,      -9.115165184
          0,           0,         403,      -14.62390034,      -12.04519874,      -12.21052419,       -9.12216654
          0,           0,         404,      -14.62530342,      -12.06636641,      -12.18364355,      -9.132846554
          0,           0,         405,      -14.60265769,      -12.04517197,      -12.20359864,       -9.11303021
          0,           0,         406,      -14.62422945,      -12.05616508,      -12.21254351,       -9.13490326
          0,           0,         407,      -14.62369044,      -12.07964006,      -12.19543165,      -9.132054694
          0,           0,         408,      -14.63329534,      -12.07098385,      -12.22104487,      -9.136053524
          0,           0,         409,      -14.62934392,      -12.07205231,      -12.21138545,        -9.1433556
          0,           0,         410,       -14.6301778,      -12.08134391,      -12.20639918,      -9.134687311
          0,           0,         411,      -14.62939915,      -12.07238053,       -12.2050508,      -9.141127804
          0,           0,         412,       -14.6067499,      -12.06304627,      -12.19332738,      -9.114360343
          0,           0,         413,      -14.62250861,       -12.0766743,      -12.20181612,       -9.13302049
          0,           0,         414,      -14.62486308,      -12.08495143,      -12.19642484,      -9.135847455
          0,           0,         415,      -14.61100315,      -12.06670711,      -12.19173893,      -9.120325986
          0,           0,         416,      -14.61271317,      -12.06787208,       -12.1988414,      -9.124891259
          0,           0,         417,      -14.62562616,      -12.07881827,      -12.19543449,      -9.136237422
          0,           0,         418,      -14.61333003,      -12.06829394,       -12.1940076,      -9.120570538
          0,           0,         419,      -14.60255896,       -12.0562926,      -12.19557935,      -9.117864274
          0,           0,         420,      -14.61305335,      -12.05206669,      -12.19371955,      -9.126500105
          0,           0,         421,      -14.61781987,      -12.06965523,      -12.21283959,      -9.131313739
          0,           0,         422,       -14.6177374,      -12.05471681,      -12.20663009,      -9.122913145
          0,           0,         423,      -14.63069533,       -12.0776292,      -12.20779189,      -9.146226486
          0,           0,         424,      -14.61865083,      -12.07929861,      -12.19089138,       -9.13168248
          0,           0,         425,      -14.62109472,      -12.07023109,      -12.19808873,      -9.123256271
          0,           0,         426,      -14.61745845,      -12.05684572,      -12.20315413,      -9.121476284
          0,           0,         427,      -14.62158119,      -12.06776338,      -12.20504444,      -9.130828888
          0,           0,         428,      -14.61297411,      -12.06455741,      -12.20049335,      -9.121593434
          0,           0,         429,      -14.61658451,      -12.06463447,      -12.19210584,      -9.129617972
          0,           0,         430,      -14.61397965,      -12.06303396,      -12.20778639,      -9.126232196
          0,           0,         431,      -14.61377552,      -12.05405049,      -12.19017931,      -9.121121958
          0,           0,         432,      -14.62541432,      -12.06404002,      -12.19887214,      -9.132450959
          0,           0,         433,      -14.62437242,      -12.06940154,      -12.20184445,      -9.130351727
          0,           0,         434,      -14.62264059,      -12.05220303,      -12.21563675,      -9.124223955
          0,           0,         435,      -14.61799277,      -12.06523879,       -12.2132032,       -9.13198718
          0,           0,         436,      -14.61574947,      -12.06194979,       -12.2152169,      -9.135469614
          0,           0,         437,      -14.62561079,      -12.07221547,      -12.19842831,      -9.132926221
          0,           0,         438,      -14.62311452,      -12.07368384,      -12.20900811,      -9.134493469
          0,           0,         439,      -14.61241266,      -12.06700586,      -12.18856277,      -9.126727869
          0,           0,         440,      -14.62094904,      -12.05627639,      -12.21713142,      -9.132632926
          0,           0,         441,      -14.62057389,      -12.05989103,      -12.18926361,      -9.131896862
          0,           0,         442,      -14.60463549,      -12.05142385,      -12.18088117,      -9.113317109
          0,           0,         443,      -14.62380349,      -12.05870716,      -12.19463354,      -9.119541189
          0,           0,         444,      -14.62379391,      -12.07550701,       -12.1957252,      -9.132968804
          0,           0,         445,      -14.61522465,      -12.05735461,      -12.20130984,      -9.120483488
          0,           0,         446,      -14.61481747,      -12.07071151,      -12.19621975,      -9.132685976
          0,           0,         447,      -14.61876093,      -12.06803961,      -12.19544122,      -9.129287869
          0,           0,         448,      -14.61490971,      -12.05212455,      -12.20301429,      -9.118180507
          0,           0,         449,      -14.62033273,      -12.06388126,      -12.19044389,      -9.126706464
          0,           0,         450,      -14.61501912,      -12.04252873,      -12.21063419,      -9.115672352
          0,           0,         451,      -14.61912244,      -12.06431784,      -12.20826105,      -9.131029004
          0,           0,         452,      -14.61854384,      -12.06711492,      -12.20103897,      -9.133526298
          0,           0,         453,      -14.62136748,      -12.06659602,      -12.19585169,      -9.131525321
          0,           0,         454,      -14.62578155,      -12.07058087,      -12.19827292,      -9.133233435
          0,           0,         455,      -14.63400822,      -12.07731573,      -12.19247395,      -9.142200377
          0,           0,         456,      -14.62475649,      -12.07346043,       -12.1966168,      -9.137945143
          0,           0,         457,      -14.61915235,      -12.05613339,      -12.19307727,      -9.123944221
          0,           0,         458,      -14.62309527,      -12.06914994,      -12.19125275,      -9.127750995
          0,           0,         459,      -14.61013027,      -12.06808865,      -12.19757386,      -9.125089408
          0,           0,         460,      -14.61263007,      -12.06451885,      -12.20067225,      -9.122353923
          0,           0,         461,      -14.61901429,      -12.06532669,      -12.19724816,      -9.129206298
          0,           0,         462,      -14.59565292,      -12.06728146,      -12.18575132,      -9.112731117
          0,           0,         463,      -14.62865002,      -12.07378641,      -12.19781115,      -9.138594052
          0,           0,         464,      -14.60992647,      -12.06585022,      -12.19340155,      -9.123266099
          0,           0,         465,      -14.62097967,      -12.07571019,      -12.21104188,      -9.133834046
          0,           0,         466,      -14.60816646,      -12.06109721,      -12.18943485,      -9.127216964
          0,           0,         467,      -14.62109548,      -12.07776288,      -12.19366167,      -9.130755838
          0,           0,         468,      -14.61311683,      -12.06702588,      -12.21019457,      -9.123709743
          0,           0,         469,       -14.6311914,      -12.06772755,      -12.20109093,      -9.132634293
          0,           0,         470,      -14.62616407,      -12.07403795,       -12.2016551,      -9.136856866
          0,           0,         471,      -14.63250488,      -12.07254887,      -12.19832984,      -9.139303399
          0,           0,         472,      -14.61540644,      -12.04638292,      -12.19558021,      -9.124199996
          0,           0,         473,      -14.62569436,      -12.06063069,      -12.21399137,      -9.130157921
          0,           0,         474,      -14.62920856,      -12.06599447,       -12.2015666,       -9.14119761
          0,           0,         475,      -14.61315737,      -12.06019512,      -12.19536408,      -9.125075115
          0,           0,         476,      -14.63062296,      -12.08421663,      -12.19812037,      -9.138463214
          0,           0,         477,      -14.61430997,      -12.05434229,      -12.19805763,      -9.125102803
          0,           0,         478,      -14.60913444,      -12.05180817,      -12.19033726,      -9.117438114
          0,           0,         479,      -14.59603446,      -12.03272365,      -12.21231996,      -9.110878721
          0,           0,         480,      -14.61171332,      -12.04426022,      -12.18578537,      -9.104005696
          0,           0,         481,      -14.61319339,      -12.05470819,      -12.19836972,       -9.11735039
          0,           0,         482,      -14.61232647,      -12.05586187,      -12.20043429,      -9.113092335
          0,           0,         483,      -14.61591401,      -12.05994324,      -12.19608734,      -9.128272542
          0,           0,         484,      -14.61684313,      -12.05521027,      -12.19558189,      -9.119701776
          0,           0,         485,      -14.63025133,      -12.07447518,       -12.2010045,      -9.135623003
          0,           0,         486,      -14.63310551,      -12.07212561,      -12.19851135,      -9.139312216
          0,           0,         487,      -14.61425712,      -12.05975914,       -12.2055875,      -9.126029229
          0,           0,         488,      -14.62727032,      -12.07525021,      -12.18937351,      -9.132599292
          0,           0,         489,      -14.62661965,      -12.06194504,       -12.2075608,      -9.120824348
          0,           0,         490,      -14.61003023,      -12.05736093,      -12.19813493,      -9.122548327
          0,           0,         491,      -14.60939851,       -12.0620683,      -12.18256271,       -9.11921505
          0,           0,         492,      -14.61875277,      -12.07298453,      -12.20189346,      -9.130835782
          0,           0,         493,      -14.61698638,      -12.05936041,      -12.18853402,       -9.13334719
          0,           0,         494,      -14.62027213,      -12.07068923,      -12.20061273,      -9.125386127
          0,           0,         495,      -14.60548722,      -12.06163855,      -12.20850727,      -9.128314187
          0,           0,         496,      -14.61256431,      -12.05704218,      -12.19589876,      -9.127489286
          0,           0,         497,      -14.60737365,       -12.0500965,      -12.19116521,      -9.123180221
          0,           0,         498,      -14.59477321,      -12.03820297,      -12.19769798,      -9.109906821
          0,           0,         499,      -14.61790778,      -12.06483482,      -12.19685069,      -9.117441329
          0,           0,         500,      -14.62472432,      -12.06583615,      -12.19702271,      -9.132930178
          0,           0,         501,      -14.60848378,      -12.06256013,      -12.18715244,      -9.115769129
          0,           0,         502,      -14.61847366,      -12.05364314,       -12.2087991,      -9.124883424
          0,           0,         503,      -14.63130658,      -12.08821027,      -12.20430538,      -9.137551829
          0,           0,         504,      -14.62991195,      -12.06085211,      -12.21121774,      -9.128451402
          0,           0,         505,      -14.62854341,      -12.08095894,      -12.20704097,      -9.139070833
          0,           0,         506,      -14.61446628,      -12.04939858,      -12.20418713,       -9.12841292
          0,           0,         507,      -14.59813612,      -12.04377107,      -12.20287515,      -9.112074241
          0,           0,         508,      -14.60888188,       -12.0510053,      -12.19880346,       -9.11660674
          0,           0,         509,       -14.6037805,      -12.04026167,      -12.19010891,      -9.116911764
          0,           0,         510,       -14.6102707,      -12.04755947,      -12.19646787,      -9.109453177
          0,           0,         511,      -14.60767014,      -12.05270735,      -12.19352149,         -9.112915
          0,           0,         512,      -14.61340482,      -12.06069397,      -12.19466467,      -9.124566477
          0,           0,         513,       -14.6149427,      -12.04619163,      -12.19610788,      -9.118895714
          0,           0,         514,      -14.62079905,      -12.06578307,      -12.19503169,      -9.130082253
          0,           0,         515,      -14.60638889,      -12.06758183,      -12.19478126,      -9.124118784
          0,           0,         516,      -14.61499128,      -12.06236683,      -12.20848147,      -9.126924543
          0,           0,         517,      -14.60443064,      -12.03811043,      -12.20209256,      -9.110105495
          0,           0,         518,       -14.6101518,      -12.06472428,      -12.18258857,      -9.122076774
          0,           0,         519,      -14.61113212,      -12.06915872,      -12.19192272,      -9.124781587
          0,           0,         520,      -14.61289771,      -12.06440297,      -12.20799715,      -9.131244359
          0,           0,         521,      -14.61879308,      -12.05611506,      -12.20045368,      -9.127763993
          0,           0,         522,      -14.60083779,      -12.03956207,      -12.20287191,      -9.108120834
          0,           0,         523,      -14.59655444,      -12.05127873,      -12.21688079,      -9.116464532
          0,           0,         524,       -14.6160393,      -12.07308582,      -12.20322708,      -9.127782386
          0,           0,         525,      -14.61566751,      -12.06268046,      -12.19482276,      -9.123412256
          0,           0,         526,       -14.6223794,      -12.07163423,      -12.19864301,      -9.130406135
          0,           0,         527,      -14.60390013,      -12.04986798,       -12.1957483,      -9.117555845
          0,           0,         528,      -14.60662798,      -12.04661118,      -12.19194906,      -9.122702907
          0,           0,         529,      -14.62520951,      -12.06624419,      -12.21187639,      -9.135628586
          0,           0,         530,      -14.59714801,      -12.02954278,      -12.20164646,      -9.103377537
          0,           0,         531,      -14.62146796,       -12.0550432,      -12.21251946,      -9.132064318
          0,           0,         532,      -14.60023345,      -12.04583057,       -12.1806376,      -9.109975418
          0,           0,         533,      -14.61169348,      -12.04737457,      -12.19343078,      -9.127725471
          0,           0,         534,      -14.61438824,      -12.05464181,      -12.21224859,      -9.127618371
          0,           0,         535,      -14.60948083,      -12.06310597,       -12.2086458,       -9.11897648
          0,           0,         536,      -14.61890867,      -12.04921178,      -12.19565661,      -9.118902881
          0,           0,         537,      -14.63956337,      -12.08803094,      -12.19877898,      -9.144602001
          0,           0,         538,      -14.62438956,      -12.05506359,       -12.2148704,      -9.129463818
          0,           0,         539,        -14.628974,      -12.06880334,      -12.20717463,      -9.139919636
          0,           0,         540,      -14.60271791,      -12.05645594,      -12.18047318,      -9.109026968
          0,           0,         541,      -14.62080785,      -12.06172035,      -12.19626015,       -9.13091463
          0,           0,         542,      -14.60288368,      -12.04615864,      -12.20890866,      -9.118147345
          0,           0,         543,      -14.59756671,      -12.04973032,      -12.18888458,      -9.111238357
          0,           0,         544,      -14.62611677,      -12.06973026,      -12.19300873,      -9.135264173
          0,           0,         545,      -14.60068733,      -12.06399631,      -12.19424622,      -9.118041798
          0,           0,         546,      -14.62020517,      -12.07408094,      -12.19475516,      -9.138488405
          0,           0,         547,      -14.60912268,      -12.05491016,      -12.18524637,       -9.11909979
          0,           0,         548,       -14.5993438,      -12.03929119,      -12.18375193,      -9.102463587
          0,           0,         549,       -14.6230581,      -12.07303248,      -12.20307596,      -9.129362742
          0,           0,         550,      -14.60644803,      -12.04150869,      -12.19788246,        -9.1187886
          0,           0,         551,      -14.62110227,      -12.07334736,      -12.19546103,      -9.132989291
          0,           0,         552,       -14.6315197,      -12.05919369,      -12.18688053,      -9.121272065
          0,           0,         553,      -14.62370526,      -12.05860705,      -12.21244636,      -9.134509152
          0,           0,         554,      -14.62767625,      -12.07020627,      -12.19691918,       -9.13070225
          0,           0,         555,      -14.61657867,      -12.06522982,      -12.19171618,      -9.124434996
          0,           0,         556,      -14.60817064,      -12.04393548,      -12.20408016,      -9.116770099
          0,           0,         557,       -14.6254578,      -12.05238523,      -12.18989731,      -9.128544975
          0,           0,         558,      -14.63588488,      -12.07079995,      -12.20670697,      -9.137289696
          0,           0,         559,      -14.60716362,      -12.04367392,       -12.2062023,      -9.105650663
          0,           0,         560,      -14.60723813,      -12.05592301,      -12.18431065,      -9.119627609
          0,           0,         561,      -14.62429389,      -12.06807704,      -12.19823709,       -9.13127833
          0,           0,         562,      -14.61174369,      -12.06744148,      -12.20657759,      -9.122788027
          0,           0,         563,      -14.62965817,      -12.05843538,      -12.20087314,      -9.123063226
          0,           0,         564,      -14.61841492,      -12.08040488,      -12.20125531,      -9.128984934
          0,           0,         565,      -14.61697152,      -12.06507235,      -12.19278507,       -9.12550978
          0,           0,         566,      -14.60704768,       -12.0665253,      -12.18743449,       -9.11305659
          0,           0,         567,      -14.61345972,       -12.0566676,      -12.20207237,      -9.123914914
          0,           0,         568,      -14.61171931,      -12.06301664,      -12.19518565,       -9.12439402
          0,           0,         569,      -14.61997964,      -12.05958928,      -12.21562251,      -9.131600901
          0,           0,         570,      -14.61967064,      -12.03903613,      -12.19633415,      -9.115731015
          0,           0,         571,      -14.58982095,      -12.03211436,      -12.18480321,      -9.106004499
          0,           0,         572,      -14.61164738,      -12.06291729,      -12.18858634,      -9.121292914
          0,           0,         573,      -14.59825837,      -12.04565287,      -12.18805851,      -9.105681283
          0,           0,         574,      -14.59804213,       -12.0364381,      -12.19017472,      -9.103073253
          0,           0,         575,      -14.61023041,      -12.05334631,      -12.20593808,      -9.119689173
          0,           0,         576,      -14.61615092,      -12.05102345,      -12.19666883,      -9.115554765
          0,           0,         577,      -14.61892166,      -12.07045699,      -12.19896897,      -9.133892103
          0,           0,         578,      -14.60953257,      -12.05354308,       -12.1818799,      -9.118543461
          0,           0,         579,      -14.61179003,      -12.06889235,      -12.19086534,      -9.119921213
          0,           0,         580,      -14.60223098,      -12.05654691,      -12.18955397,      -9.122039605
          0,           0,         581,      -14.60549087,      -12.04388178,      -12.20367282,       -9.10797614
          0,           0,         582,      -14.62414027,      -12.06614266,      -12.20780467,      -9.137657903
          0,           0,         583,      -14.61317252,      -12.05282144,      -12.21210124,      -9.123383941
          0,           0,         584,      -14.61594682,      -12.05942169,      -12.20196461,      -9.121916634
          0,           0,         585,       -14.6291087,      -12.07979521,      -12.20192498,      -9.143715623
          0,           0,         586,      -14.62211421,       -12.0608166,      -12.19666678,      -9.127002269
          0,           0,         587,      -14.62411471,      -12.07088975,      -12.19909346,       -9.13589242
          0,           0,         588,      -14.62071607,      -12.06160554,      -12.20595398,      -9.121111285
          0,           0,         589,      -14.58158204,      -12.04758942,      -12.17568148,      -9.108480674
          0,           0,         590,      -14.60091991,      -12.05350326,      -12.19009147,      -9.107515539
          0,           0,         591,      -14.62218466,      -12.06050186,        -12.197804,      -9.120879149
          0,           0,         592,      -14.63148874,      -12.06573209,      -12.20291604,      -9.128178125
          0,           0,         593,      -14.58771647,      -12.04171971,      -12.17297483,      -9.097983307
          0,           0,         594,      -14.61735159,      -12.05812062,      -12.20236033,      -9.121369849
          0,           0,         595,      -14.62649594,      -12.07758151,      -12.19723587,      -9.138268454
          0,           0,         596,      -14.62524329,      -12.07585348,      -12.19520654,      -9.136689343
          0,           0,         597,      -14.60790634,      -12.06167827,       -12.2119124,      -9.122116866
          0,           0,         598,      -14.61121945,      -12.04258775,      -12.20512146,      -9.119324894
          0,           0,         599,      -14.59905955,      -12.03001447,      -12.19062286,      -9.101721891
          0,           0,         600,      -14.61532076,      -12.05146253,      -12.19717353,      -9.119545659
