VARIABLES = \
"Time_Iter","Outer_Iter","Inner_Iter",    "rms[Rho]"    ,    "rms[RhoU]"   ,    "rms[RhoV]"   ,    "rms[RhoE]"   
          0,           0,           0,      -1.292206261,       1.009715822,       1.182879721,       4.167421941
          0,           0,           1,      -1.771478679,      0.6205096543,      0.7668018091,        3.70832509
          0,           0,           2,      -2.016511957,      0.4214426504,      0.5323526921,       3.471077082
          0,           0,           3,      -2.178177913,      0.2726257373,      0.3403609319,       3.308521149
          0,           0,           4,      -2.334183477,      0.1388697931,      0.1689480657,        3.15065375
          0,           0,           5,      -2.489036039,     0.01612083251,    0.004230663806,       2.993163652
          0,           0,           6,      -2.635214245,    -0.09535336744,     -0.1542821111,        2.84452163
          0,           0,           7,      -2.780108651,     -0.1983465376,     -0.3072954314,       2.698202455
          0,           0,           8,      -2.927167826,     -0.2909171116,     -0.4540401196,       2.550774287
          0,           0,           9,       -3.07040845,     -0.3742629898,     -0.5961552764,       2.407979359
          0,           0,          10,      -3.208539157,     -0.4519060089,      -0.736113078,       2.270903242
          0,           0,          11,      -3.339409056,     -0.5233962513,     -0.8729626882,        2.14127096
          0,           0,          12,      -3.456042941,     -0.5859190976,      -1.001175366,       2.025919359
          0,           0,          13,      -3.557523474,     -0.6397265619,      -1.116461626,       1.926613078
          0,           0,          14,      -3.649332489,     -0.6874199177,      -1.220390256,       1.838619478
          0,           0,          15,      -3.733835766,     -0.7309378069,      -1.315336854,       1.759282023
          0,           0,          16,      -3.809633622,       -0.77107371,      -1.399903289,       1.689199595
          0,           0,          17,      -3.876636756,     -0.8085865021,      -1.471855527,       1.627790199
          0,           0,          18,      -3.937076782,     -0.8446946461,      -1.531783491,       1.572228408
          0,           0,          19,      -3.992672367,     -0.8806600976,      -1.583658673,       1.520123679
          0,           0,          20,      -4.044419991,     -0.9172789043,      -1.632149335,       1.470301321
          0,           0,          21,      -4.093573635,     -0.9547120448,      -1.680095842,       1.422123874
          0,           0,          22,      -4.141161352,     -0.9926298861,      -1.728087389,       1.375414614
          0,           0,          23,      -4.187377642,      -1.030450694,      -1.775677372,       1.330487319
          0,           0,          24,      -4.232041978,      -1.067609132,      -1.822366649,       1.287635835
          0,           0,          25,      -4.275171149,      -1.103731945,      -1.868076373,       1.246732029
          0,           0,          26,       -4.31686836,      -1.138649897,       -1.91294915,       1.207458638
          0,           0,          27,      -4.357052598,      -1.172321321,      -1.957023337,       1.169661428
          0,           0,          28,       -4.39551387,      -1.204749612,      -2.000125178,       1.133372614
          0,           0,          29,      -4.432093011,      -1.235939769,      -2.041985638,       1.098660051
          0,           0,          30,      -4.466763943,      -1.265899653,      -2.082382902,       1.065513505
          0,           0,          31,      -4.499588138,      -1.294661064,      -2.121167162,        1.03384293
          0,           0,          32,      -4.530661077,      -1.322293104,      -2.158192778,       1.003520356
          0,           0,          33,      -4.560100314,      -1.348904292,      -2.193289909,      0.9744088299
          0,           0,          34,      -4.588049688,      -1.374625275,      -2.226270821,      0.9463792425
          0,           0,          35,      -4.614676704,      -1.399585011,      -2.256984458,      0.9193170096
          0,           0,          36,      -4.640149419,      -1.423891064,      -2.285377362,      0.8931296885
          0,           0,          37,        -4.6646083,      -1.447621534,      -2.311532824,      0.8677536914
          0,           0,          38,      -4.688164754,      -1.470825877,      -2.335669929,      0.8431442209
          0,           0,          39,      -4.710909901,      -1.493532732,      -2.358101188,      0.8192617915
          0,           0,          40,      -4.732920974,      -1.515759893,      -2.379176861,       0.796066609
          0,           0,          41,      -4.754272811,      -1.537523885,      -2.399230892,      0.7735120435
          0,           0,          42,      -4.775045282,      -1.558845672,      -2.418553022,      0.7515412322
          0,           0,          43,      -4.795324514,      -1.579754681,      -2.437380687,        0.73008642
          0,           0,          44,       -4.81519797,       -1.60028884,      -2.455901175,      0.7090748852
          0,           0,          45,      -4.834751027,      -1.620493991,      -2.474250098,      0.6884320702
          0,           0,          46,      -4.854063226,      -1.640423013,      -2.492524473,      0.6680845475
          0,           0,          47,      -4.873204843,      -1.660132685,      -2.510791179,      0.6479640838
          0,           0,          48,      -4.892233524,       -1.67968075,       -2.52908818,      0.6280114366
          0,           0,          49,      -4.911199587,      -1.699123482,      -2.547436065,      0.6081729783
          0,           0,          50,      -4.930145334,      -1.718510673,       -2.56584182,      0.5884041933
          0,           0,          51,      -4.949107233,       -1.73788796,      -2.584306989,      0.5686654958
          0,           0,          52,       -4.96811644,      -1.757294696,      -2.602840799,      0.5489223573
          0,           0,          53,      -4.987202035,      -1.776762986,      -2.621442844,      0.5291420414
          0,           0,          54,       -5.00637811,      -1.796320234,      -2.640101733,      0.5093125563
          0,           0,          55,      -5.025662843,      -1.815986128,       -2.65882107,      0.4894145077
          0,           0,          56,      -5.045068742,      -1.835773933,      -2.677605051,      0.4694347649
          0,           0,          57,      -5.064605011,      -1.855692923,      -2.696455506,      0.4493629289
          0,           0,          58,      -5.084278082,      -1.875749548,      -2.715377543,       0.429191358
          0,           0,          59,      -5.104091163,      -1.895945133,      -2.734376006,      0.4089165497
          0,           0,          60,      -5.124046658,       -1.91627998,      -2.753459367,      0.3885354433
          0,           0,          61,      -5.144146682,      -1.936754045,      -2.772635136,      0.3680444675
          0,           0,          62,      -5.164389562,      -1.957365719,      -2.791915647,       0.347443769
          0,           0,          63,      -5.184777127,      -1.978111107,      -2.811302521,      0.3267319864
          0,           0,          64,      -5.205312964,      -1.998987562,      -2.830795213,      0.3059056557
          0,           0,          65,      -5.225996557,      -2.019992197,      -2.850407261,      0.2849638604
          0,           0,          66,      -5.246825318,       -2.04112168,      -2.870145618,      0.2639080002
          0,           0,          67,      -5.267797015,      -2.062372538,      -2.890011598,      0.2427395505
          0,           0,          68,      -5.288913912,       -2.08374254,      -2.910013667,      0.2214558619
          0,           0,          69,      -5.310175311,      -2.105228843,       -2.93015512,      0.2000570905
          0,           0,          70,      -5.331579746,      -2.126828991,      -2.950438165,      0.1785439011
          0,           0,          71,      -5.353123968,       -2.14854094,      -2.970866539,      0.1569182269
          0,           0,          72,       -5.37480741,        -2.1703623,      -2.991442936,      0.1351802421
          0,           0,          73,      -5.396630051,      -2.192291161,      -3.012170507,      0.1133294947
          0,           0,          74,      -5.418590967,      -2.214325959,       -3.03304751,      0.0913663897
          0,           0,          75,      -5.440689296,      -2.236465264,      -3.054076532,     0.06929127674
          0,           0,          76,      -5.462917877,      -2.258707193,      -3.075261367,     0.04710950425
          0,           0,          77,      -5.485276641,      -2.281050466,      -3.096599255,     0.02482073959
          0,           0,          78,      -5.507766343,      -2.303494169,      -3.118090245,    0.002424151251
          0,           0,          79,      -5.530385438,      -2.326037188,      -3.139734067,    -0.02007930921
          0,           0,          80,      -5.553131184,      -2.348678375,      -3.161530552,    -0.04268774412
          0,           0,          81,      -5.576002055,      -2.371416883,       -3.18348017,    -0.06540026336
          0,           0,          82,       -5.59899886,      -2.394252006,      -3.205584622,    -0.08821743076
          0,           0,          83,      -5.622114813,      -2.417183183,      -3.227838155,     -0.1111345833
          0,           0,          84,       -5.64534782,      -2.440209613,      -3.250240774,     -0.1341505806
          0,           0,          85,      -5.668700359,      -2.463330659,      -3.272791225,     -0.1572677815
          0,           0,          86,      -5.692173426,      -2.486546294,      -3.295487076,     -0.1804872697
          0,           0,          87,      -5.715764822,      -2.509855858,      -3.318327805,     -0.2038076748
          0,           0,          88,      -5.739464092,      -2.533258335,       -3.34132138,      -0.227220754
          0,           0,          89,      -5.763272078,      -2.556753796,      -3.364460275,     -0.2507276278
          0,           0,          90,      -5.787202639,      -2.580342879,      -3.387735019,     -0.2743400402
          0,           0,          91,      -5.811256371,      -2.604025222,      -3.411148588,     -0.2980589954
          0,           0,          92,      -5.835424393,      -2.627800227,      -3.434701936,     -0.3218776612
          0,           0,          93,      -5.859701188,       -2.65166723,      -3.458395222,     -0.3457918132
          0,           0,          94,      -5.884083333,      -2.675625803,      -3.482225494,     -0.3697989036
          0,           0,          95,      -5.908571653,      -2.699675995,      -3.506190892,     -0.3939000658
          0,           0,          96,      -5.933166066,      -2.723817795,       -3.53029141,     -0.4180956812
          0,           0,          97,      -5.957866362,      -2.748051093,      -3.554525443,     -0.4423860197
          0,           0,          98,      -5.982671725,        -2.7723759,      -3.578886751,     -0.4667707205
          0,           0,          99,      -6.007580601,      -2.796792509,      -3.603361064,     -0.4912486448
          0,           0,         100,      -6.032592913,      -2.821299733,      -3.627975871,     -0.5158202317
          0,           0,         101,      -6.057709666,      -2.845898074,      -3.652725525,     -0.5404870025
          0,           0,         102,      -6.082929548,       -2.87058751,      -3.677604667,      -0.565248286
          0,           0,         103,      -6.108250795,      -2.895367968,       -3.70261179,     -0.5901029543
          0,           0,         104,      -6.133671602,      -2.920239288,      -3.727745445,     -0.6150498315
          0,           0,         105,      -6.159191161,      -2.945201376,      -3.753003755,     -0.6400885808
          0,           0,         106,       -6.18480914,      -2.970254179,      -3.778385557,     -0.6652192656
          0,           0,         107,      -6.210525163,      -2.995397648,      -3.803889161,     -0.6904419482
          0,           0,         108,      -6.236338687,      -3.020631595,       -3.82951389,     -0.7157565245
          0,           0,         109,      -6.262248818,      -3.045956149,      -3.855257939,     -0.7411624068
          0,           0,         110,      -6.288254164,      -3.071371897,      -3.881119356,     -0.7666587439
          0,           0,         111,      -6.314354609,      -3.096877866,      -3.907096135,     -0.7922461119
          0,           0,         112,      -6.340549051,      -3.122473868,      -3.933187514,     -0.8179238831
          0,           0,         113,      -6.366837398,      -3.148159771,      -3.959396629,     -0.8436921539
          0,           0,         114,      -6.393219544,      -3.173935461,      -3.985720337,     -0.8695511184
          0,           0,         115,      -6.419694745,       -3.19980068,      -4.012156953,     -0.8955004567
          0,           0,         116,      -6.446261649,      -3.225755096,      -4.038705954,     -0.9215392745
          0,           0,         117,      -6.472919106,      -3.251798424,      -4.065366408,     -0.9476668628
          0,           0,         118,       -6.49966624,      -3.277930386,      -4.092136678,     -0.9738827402
          0,           0,         119,      -6.526502366,      -3.304150691,      -4.119015351,       -1.00018657
          0,           0,         120,      -6.553426812,      -3.330459033,      -4.146001213,       -1.02657801
          0,           0,         121,      -6.580438833,      -3.356855083,      -4.173093106,      -1.053056645
          0,           0,         122,      -6.607537632,      -3.383338514,      -4.200289868,      -1.079622009
          0,           0,         123,      -6.634722365,      -3.409908979,      -4.227590529,      -1.106273585
          0,           0,         124,      -6.661992324,       -3.43656607,      -4.254993606,      -1.133010956
          0,           0,         125,      -6.689346743,      -3.463309387,      -4.282498035,      -1.159833643
          0,           0,         126,      -6.716784792,      -3.490138517,      -4.310102785,      -1.186741114
          0,           0,         127,      -6.744305764,      -3.517053051,      -4.337806726,       -1.21373292
          0,           0,         128,      -6.771909013,      -3.544052578,      -4.365608691,      -1.240808647
          0,           0,         129,      -6.799593775,      -3.571136714,      -4.393507484,      -1.267967779
          0,           0,         130,      -6.827359393,      -3.598304971,       -4.42150195,      -1.295209871
          0,           0,         131,      -6.855205122,       -3.62555689,      -4.449590964,      -1.322534395
          0,           0,         132,      -6.883130139,      -3.652891996,      -4.477773504,      -1.349940759
          0,           0,         133,      -6.911134193,      -3.680309752,      -4.506049139,      -1.377428842
          0,           0,         134,      -6.939214781,      -3.707809649,      -4.534415399,      -1.404996606
          0,           0,         135,      -6.967371881,      -3.735391221,      -4.562870823,      -1.432644107
          0,           0,         136,      -6.995606107,      -3.763054051,       -4.59141487,      -1.460371884
          0,           0,         137,      -7.023916842,      -3.790797625,      -4.620046962,      -1.488179433
          0,           0,         138,      -7.052302866,      -3.818621386,      -4.648765869,      -1.516065759
          0,           0,         139,      -7.080763151,      -3.846524792,      -4.677570333,      -1.544030027
          0,           0,         140,      -7.109297031,      -3.874507317,      -4.706458917,      -1.572071688
          0,           0,         141,      -7.137904771,       -3.90256838,      -4.735427503,      -1.600190748
          0,           0,         142,      -7.166585076,      -3.930707612,      -4.764479848,      -1.628386321
          0,           0,         143,      -7.195336335,      -3.958924376,      -4.793614333,      -1.656657249
          0,           0,         144,      -7.224158288,        -3.9872181,      -4.822829144,      -1.685003238
          0,           0,         145,       -7.25305108,      -4.015588234,      -4.852122656,      -1.713424247
          0,           0,         146,      -7.282014337,      -4.044034219,      -4.881493658,      -1.741919835
          0,           0,         147,      -7.311047097,      -4.072555482,      -4.910941129,      -1.770489136
          0,           0,         148,      -7.340148375,      -4.101151462,      -4.940463981,      -1.799131298
          0,           0,         149,      -7.369317501,      -4.129821616,      -4.970061047,      -1.827845726
          0,           0,         150,      -7.398554014,      -4.158565402,      -4.999731154,      -1.856631978
          0,           0,         151,      -7.427857463,      -4.187382268,      -5.029473169,      -1.885489603
          0,           0,         152,      -7.457227324,      -4.216271651,      -5.059285996,      -1.914418078
          0,           0,         153,      -7.486663018,       -4.24523298,      -5.089168569,      -1.943416827
          0,           0,         154,       -7.51616396,      -4.274265685,      -5.119119838,      -1.972485267
          0,           0,         155,      -7.545729589,      -4.303369201,      -5.149138747,      -2.001622826
          0,           0,         156,      -7.575359366,      -4.332542963,      -5.179224235,      -2.030828948
          0,           0,         157,      -7.605052775,       -4.36178641,      -5.209375243,      -2.060103091
          0,           0,         158,      -7.634809313,      -4.391098983,      -5.239590707,      -2.089444714
          0,           0,         159,      -7.664628482,      -4.420480124,      -5.269869575,      -2.118853282
          0,           0,         160,      -7.694509797,      -4.449929279,      -5.300210802,      -2.148328261
          0,           0,         161,      -7.724452776,      -4.479445896,      -5.330613357,       -2.17786912
          0,           0,         162,      -7.754456947,      -4.509029425,      -5.361076215,      -2.207475329
          0,           0,         163,      -7.784521847,      -4.538679322,      -5.391598364,      -2.237146366
          0,           0,         164,      -7.814647023,      -4.568395045,      -5.422178798,      -2.266881709
          0,           0,         165,       -7.84483203,      -4.598176057,      -5.452816529,      -2.296680846
          0,           0,         166,      -7.875076433,      -4.628021823,      -5.483510575,      -2.326543267
          0,           0,         167,      -7.905379808,      -4.657931817,      -5.514259966,      -2.356468466
          0,           0,         168,      -7.935741738,      -4.687905514,      -5.545063747,      -2.386455947
          0,           0,         169,      -7.966161822,      -4.717942396,      -5.575920975,      -2.416505217
          0,           0,         170,      -7.996639662,       -4.74804195,       -5.60683072,      -2.446615791
          0,           0,         171,       -8.02717487,      -4.778203669,      -5.637792067,      -2.476787188
          0,           0,         172,      -8.057767073,      -4.808427051,      -5.668804117,      -2.507018935
          0,           0,         173,      -8.088415901,      -4.838711601,      -5.699865986,      -2.537310565
          0,           0,         174,      -8.119121002,       -4.86905683,      -5.730976803,      -2.567661622
          0,           0,         175,      -8.149882022,      -4.899462255,      -5.762135719,      -2.598071649
          0,           0,         176,       -8.18069863,      -4.929927401,      -5.793341897,      -2.628540204
          0,           0,         177,      -8.211570491,      -4.960451799,       -5.82459452,      -2.659066848
          0,           0,         178,      -8.242497288,      -4.991034986,      -5.855892786,       -2.68965115
          0,           0,         179,      -8.273478714,       -5.02167651,      -5.887235915,      -2.720292689
          0,           0,         180,      -8.304514463,      -5.052375921,      -5.918623133,      -2.750991047
          0,           0,         181,      -8.335604249,      -5.083132783,      -5.950053715,      -2.781745826
          0,           0,         182,      -8.366747784,      -5.113946663,      -5.981526915,      -2.812556617
          0,           0,         183,      -8.397944793,      -5.144817135,      -6.013042043,      -2.843423029
          0,           0,         184,      -8.429195018,      -5.175743787,      -6.044598403,      -2.874344688
          0,           0,         185,      -8.460498197,      -5.206726209,      -6.076195342,      -2.905321213
          0,           0,         186,      -8.491854081,      -5.237764002,      -6.107832203,      -2.936352236
          0,           0,         187,      -8.523262436,      -5.268856776,      -6.139508365,      -2.967437407
          0,           0,         188,      -8.554723033,       -5.30000415,      -6.171223242,      -2.998576375
          0,           0,         189,      -8.586235641,      -5.331205748,      -6.202976239,      -3.029768791
          0,           0,         190,      -8.617800048,      -5.362461205,        -6.2347668,      -3.061014326
          0,           0,         191,      -8.649416053,      -5.393770168,      -6.266594398,      -3.092312662
          0,           0,         192,      -8.681083453,      -5.425132287,      -6.298458513,      -3.123663484
          0,           0,         193,      -8.712802065,      -5.456547225,      -6.330358641,      -3.155066484
          0,           0,         194,      -8.744571693,      -5.488014651,      -6.362294363,      -3.186521355
          0,           0,         195,      -8.776392176,      -5.519534249,      -6.394265162,      -3.218027825
          0,           0,         196,      -8.808263341,      -5.551105704,       -6.42627068,      -3.249585601
          0,           0,         197,      -8.840185022,      -5.582728716,      -6.458310492,      -3.281194421
          0,           0,         198,      -8.872157078,      -5.614402991,      -6.490384205,      -3.312854012
          0,           0,         199,      -8.904179362,      -5.646128247,      -6.522491476,      -3.344564134
          0,           0,         200,       -8.93625173,       -5.67790421,      -6.554631987,      -3.376324529
          0,           0,         201,      -8.968374054,      -5.709730614,      -6.586805419,       -3.40813497
          0,           0,         202,      -9.000546213,      -5.741607204,       -6.61901147,      -3.439995226
          0,           0,         203,      -9.032768076,      -5.773533733,        -6.6512499,       -3.47190507
          0,           0,         204,      -9.065039562,      -5.805509967,      -6.683520455,      -3.503864314
          0,           0,         205,      -9.097360529,      -5.837535674,      -6.715822896,      -3.535872734
          0,           0,         206,      -9.129730909,      -5.869610635,       -6.74815706,      -3.567930137
          0,           0,         207,      -9.162150587,      -5.901734645,      -6.780522749,      -3.600036361
          0,           0,         208,       -9.19461951,      -5.933907501,      -6.812919828,      -3.632191214
          0,           0,         209,       -9.22713756,      -5.966129012,      -6.845348088,       -3.66439452
          0,           0,         210,      -9.259704707,      -5.998398997,      -6.877807515,       -3.69664614
          0,           0,         211,      -9.292320866,      -6.030717281,      -6.910297913,      -3.728945913
          0,           0,         212,      -9.324985917,        -6.0630837,      -6.942819311,      -3.761293678
          0,           0,         213,      -9.357699903,      -6.095498098,       -6.97537155,      -3.793689323
          0,           0,         214,      -9.390462736,      -6.127960331,       -7.00795466,      -3.826132712
          0,           0,         215,      -9.423274329,      -6.160470265,      -7.040568627,       -3.85862374
          0,           0,         216,      -9.456134671,       -6.19302776,      -7.073213385,      -3.891162257
          0,           0,         217,        -9.4890438,      -6.225632704,       -7.10588896,      -3.923748219
          0,           0,         218,      -9.522001585,      -6.258284986,      -7.138595404,      -3.956381501
          0,           0,         219,      -9.555008014,      -6.290984494,      -7.171332855,      -3.989061958
          0,           0,         220,      -9.588063119,      -6.323731139,      -7.204101278,       -4.02178958
          0,           0,         221,      -9.621166859,      -6.356524837,      -7.236900642,      -4.054564313
          0,           0,         222,      -9.654319195,      -6.389365487,      -7.269731212,       -4.08738596
          0,           0,         223,      -9.687520204,      -6.422253067,      -7.302593118,      -4.120254688
          0,           0,         224,      -9.720769855,      -6.455187456,      -7.335486333,      -4.153170232
          0,           0,         225,      -9.754068061,      -6.488168633,      -7.368411148,      -4.186132593
          0,           0,         226,      -9.787414907,      -6.521196531,      -7.401367563,      -4.219141712
          0,           0,         227,      -9.820810464,      -6.554271128,      -7.434355732,      -4.252197684
          0,           0,         228,      -9.854254699,      -6.587392399,      -7.467376023,      -4.285300487
          0,           0,         229,      -9.887747542,      -6.620560278,      -7.500428437,      -4.318449889
          0,           0,         230,      -9.921289054,      -6.653774762,      -7.533513264,      -4.351645922
          0,           0,         231,      -9.954879609,       -6.68703588,      -7.566630514,       -4.38488891
          0,           0,         232,      -9.988518691,      -6.720343559,      -7.599780644,      -4.418178378
          0,           0,         233,      -10.02220652,      -6.753697856,      -7.632963753,      -4.451514693
          0,           0,         234,      -10.05594334,      -6.787098754,       -7.66618016,      -4.484897709
          0,           0,         235,      -10.08972913,      -6.820546238,      -7.699429888,      -4.518327405
          0,           0,         236,      -10.12356382,      -6.854040386,      -7.732713438,      -4.551803924
          0,           0,         237,       -10.1574475,      -6.887581176,      -7.766030998,      -4.585327143
          0,           0,         238,      -10.19138027,      -6.921168664,      -7.799382369,      -4.618897093
          0,           0,         239,      -10.22536211,      -6.954802884,      -7.832768602,      -4.652513975
          0,           0,         240,      -10.25939313,      -6.988483879,      -7.866189274,       -4.68617774
          0,           0,         241,      -10.29347349,      -7.022211721,        -7.8996449,      -4.719888508
          0,           0,         242,      -10.32760299,      -7.055986372,      -7.933136114,      -4.753645978
          0,           0,         243,      -10.36178192,      -7.089808018,      -7.966662891,      -4.787450858
          0,           0,         244,       -10.3960104,      -7.123676612,      -8.000224985,      -4.821302506
          0,           0,         245,      -10.43028853,       -7.15759228,      -8.033823536,      -4.855201479
          0,           0,         246,      -10.46461609,      -7.191555075,      -8.067458555,      -4.889147786
          0,           0,         247,      -10.49899337,      -7.225565084,      -8.101129471,      -4.923141116
          0,           0,         248,      -10.53342084,      -7.259622398,      -8.134838338,      -4.957182285
          0,           0,         249,      -10.56789774,      -7.293727051,      -8.168583574,      -4.991270235
          0,           0,         250,      -10.60242415,      -7.327879115,      -8.202366914,      -5.025405728
          0,           0,         251,      -10.63700182,       -7.36207876,      -8.236187657,      -5.059589353
          0,           0,         252,      -10.67162835,      -7.396326044,      -8.270046502,      -5.093819964
          0,           0,         253,      -10.70630648,      -7.430621027,      -8.303943408,      -5.128099002
          0,           0,         254,      -10.74103388,      -7.464963935,      -8.337879891,      -5.162426242
          0,           0,         255,      -10.77581221,      -7.499354595,      -8.371855074,      -5.196800131
          0,           0,         256,      -10.81064109,      -7.533793452,      -8.405868648,      -5.231223635
          0,           0,         257,      -10.84551989,      -7.568280399,      -8.439922525,      -5.265694101
          0,           0,         258,      -10.88045043,       -7.60281531,        -8.4740155,      -5.300212014
          0,           0,         259,      -10.91543162,      -7.637398904,      -8.508147656,      -5.334780441
          0,           0,         260,      -10.95046308,      -7.672030777,      -8.542321761,      -5.369395803
          0,           0,         261,      -10.98554566,      -7.706711189,      -8.576536213,      -5.404059588
          0,           0,         262,      -11.02067998,      -7.741440234,      -8.610791685,      -5.438772654
          0,           0,         263,      -11.05586548,      -7.776218283,      -8.645087911,      -5.473535213
          0,           0,         264,      -11.09110303,      -7.811044812,      -8.679425273,      -5.508345936
          0,           0,         265,      -11.12639037,      -7.845920683,        -8.7138059,       -5.54320633
          0,           0,         266,      -11.16172911,      -7.880845316,      -8.748224084,      -5.578113194
          0,           0,         267,      -11.19712063,      -7.915819214,      -8.782685685,      -5.613071183
          0,           0,         268,      -11.23256443,      -7.950842202,      -8.817191879,      -5.648077785
          0,           0,         269,      -11.26805777,      -7.985914514,      -8.851742193,      -5.683131612
          0,           0,         270,      -11.30360578,      -8.021036684,      -8.886329822,      -5.718239169
          0,           0,         271,      -11.33920431,      -8.056208335,      -8.920964666,      -5.753395087
          0,           0,         272,      -11.37485493,        -8.0914292,      -8.955638971,      -5.788598433
          0,           0,         273,      -11.41056066,      -8.126700659,      -8.990364241,      -5.823856571
          0,           0,         274,      -11.44631284,      -8.162020715,      -9.025123287,      -5.859156041
          0,           0,         275,      -11.48212477,      -8.197391242,      -9.059931521,      -5.894513818
          0,           0,         276,      -11.51798216,      -8.232811463,       -9.09477878,      -5.929915924
          0,           0,         277,      -11.55389317,      -8.268281845,      -9.129677652,       -5.96536998
          0,           0,         278,      -11.58985646,      -8.303800973,       -9.16461866,       -6.00086701
          0,           0,         279,      -11.62588116,      -8.339372034,      -9.199604495,       -6.03642794
          0,           0,         280,      -11.66194683,      -8.374992178,      -9.234630424,      -6.072031593
          0,           0,         281,       -11.6980652,       -8.41066253,      -9.269710328,      -6.107683926
          0,           0,         282,      -11.73424465,      -8.446382595,       -9.30481506,      -6.143386569
          0,           0,         283,      -11.77047196,      -8.482153466,      -9.339988064,      -6.179143555
          0,           0,         284,      -11.80675197,      -8.517973886,      -9.375196806,      -6.214947659
          0,           0,         285,      -11.84307709,      -8.553842867,      -9.410436403,      -6.250791916
          0,           0,         286,      -11.87947082,      -8.589764281,      -9.445739426,      -6.286712478
          0,           0,         287,      -11.91590817,      -8.625735062,      -9.481089659,      -6.322669478
          0,           0,         288,      -11.95239103,      -8.661754986,      -9.516475176,      -6.358668123
          0,           0,         289,      -11.98893395,      -8.697823929,       -9.55190659,      -6.394714741
          0,           0,         290,      -12.02553334,      -8.733942955,      -9.587394917,      -6.430827106
          0,           0,         291,      -12.06216694,      -8.770109765,      -9.622926189,      -6.466971198
          0,           0,         292,      -12.09886343,       -8.80632719,      -9.658493186,       -6.50317873
          0,           0,         293,      -12.13561006,      -8.842593696,      -9.694103437,      -6.539427748
          0,           0,         294,       -12.1724109,      -8.878909881,      -9.729759164,      -6.575745076
          0,           0,         295,       -12.2092536,      -8.915270578,      -9.765458717,      -6.612076574
          0,           0,         296,      -12.24615666,      -8.951683241,      -9.801231783,      -6.648498435
          0,           0,         297,      -12.28309225,      -8.988141893,      -9.837018033,      -6.684945265
          0,           0,         298,      -12.32009735,      -9.024646007,       -9.87284643,      -6.721431207
          0,           0,         299,      -12.35715274,       -9.06119677,      -9.908733906,      -6.757977159
          0,           0,         300,      -12.39424224,      -9.097795884,      -9.944647502,      -6.794568315
          0,           0,         301,      -12.43138157,      -9.134436071,      -9.980620278,       -6.83116418
          0,           0,         302,      -12.46859157,      -9.171133688,      -10.01663551,      -6.867906116
          0,           0,         303,      -12.50580899,      -9.207872388,      -10.05273844,      -6.904675133
          0,           0,         304,      -12.54306787,      -9.244643315,      -10.08882601,      -6.941367866
          0,           0,         305,      -12.58040536,      -9.281464026,      -10.12495502,      -6.978224412
          0,           0,         306,      -12.61781884,      -9.318341191,      -10.16120675,      -7.015169873
          0,           0,         307,      -12.65517321,      -9.355226367,      -10.19733638,      -7.051988514
          0,           0,         308,      -12.69252889,      -9.392167899,      -10.23369011,      -7.088854179
          0,           0,         309,      -12.73006295,      -9.429156287,      -10.27006334,      -7.125920819
          0,           0,         310,      -12.76761201,      -9.466195262,      -10.30640236,      -7.163052481
          0,           0,         311,      -12.80515198,      -9.503219497,      -10.34268351,      -7.199915424
          0,           0,         312,       -12.8427349,      -9.540314744,      -10.37918554,      -7.237068651
          0,           0,         313,      -12.88042758,      -9.577468379,      -10.41567399,       -7.27439819
          0,           0,         314,      -12.91808234,      -9.614622977,      -10.45216512,      -7.311575173
          0,           0,         315,      -12.95571417,      -9.651788868,      -10.48866532,      -7.348545381
          0,           0,         316,      -12.99342034,      -9.689027754,       -10.5254001,      -7.385937539
          0,           0,         317,       -13.0311519,      -9.726264066,      -10.56178545,      -7.423066856
          0,           0,         318,      -13.06892299,      -9.763554809,      -10.59855417,      -7.460541726
          0,           0,         319,      -13.10667629,      -9.800823769,      -10.63491468,      -7.497592969
          0,           0,         320,      -13.14424899,      -9.838147304,      -10.67176114,      -7.535014705
          0,           0,         321,      -13.18222525,      -9.875523177,      -10.70857437,      -7.572715176
          0,           0,         322,       -13.2198172,      -9.912835289,      -10.74542809,      -7.609822065
          0,           0,         323,      -13.25762349,      -9.950141798,      -10.78204447,      -7.647022435
          0,           0,         324,      -13.29565479,      -9.987559922,      -10.81885858,      -7.684746942
          0,           0,         325,      -13.33305121,      -10.02492802,      -10.85570576,      -7.721931328
          0,           0,         326,      -13.37107628,      -10.06230284,      -10.89215849,      -7.759487487
          0,           0,         327,      -13.40861143,      -10.09963283,      -10.92925288,      -7.796414167
          0,           0,         328,      -13.44629454,      -10.13702644,      -10.96602222,      -7.833956727
          0,           0,         329,      -13.48356307,      -10.17444978,      -11.00297993,      -7.871610347
          0,           0,         330,      -13.52143936,      -10.21164283,      -11.03965076,      -7.908388229
          0,           0,         331,      -13.55859425,      -10.24905317,      -11.07658223,      -7.946187065
          0,           0,         332,      -13.59644112,      -10.28641919,      -11.11346811,      -7.983937788
          0,           0,         333,      -13.63351541,      -10.32354307,      -11.14935479,       -8.02039382
          0,           0,         334,      -13.67036016,      -10.36087948,      -11.18671915,      -8.058089135
          0,           0,         335,      -13.70750851,      -10.39812957,      -11.22338983,      -8.095438282
          0,           0,         336,      -13.74380293,      -10.43506682,      -11.25879601,      -8.130848322
          0,           0,         337,      -13.78054163,      -10.47226373,      -11.29519132,      -8.168683602
          0,           0,         338,      -13.81664329,      -10.50933728,      -11.33103754,      -8.205602043
          0,           0,         339,      -13.85331409,      -10.54640088,      -11.36926398,      -8.242885604
          0,           0,         340,      -13.88852955,      -10.58309302,      -11.40427036,      -8.277190274
          0,           0,         341,      -13.92399446,      -10.62041506,      -11.44124685,      -8.316629234
          0,           0,         342,      -13.96017921,      -10.65691604,      -11.47680464,      -8.351881515
          0,           0,         343,      -13.99381593,      -10.69351802,      -11.51035133,      -8.386234438
          0,           0,         344,      -14.02918227,      -10.72977251,      -11.54558824,      -8.420833203
          0,           0,         345,      -14.06454693,      -10.76649914,      -11.58032184,      -8.458997902
          0,           0,         346,      -14.09585498,      -10.80283342,      -11.61658475,      -8.493033243
          0,           0,         347,      -14.12549746,      -10.83875604,       -11.6505168,      -8.524252649
          0,           0,         348,      -14.15843138,      -10.87521455,      -11.68272202,      -8.561302578
          0,           0,         349,      -14.19114657,      -10.91093685,      -11.71469955,      -8.593026363
          0,           0,         350,      -14.21728403,       -10.9467405,      -11.74531591,      -8.624455741
          0,           0,         351,      -14.24773452,      -10.98205156,       -11.7809418,      -8.657590405
          0,           0,         352,      -14.27852755,      -11.01743311,      -11.80554967,      -8.690233537
          0,           0,         353,      -14.30336226,      -11.05203315,      -11.82941724,      -8.713749159
          0,           0,         354,       -14.3360088,      -11.08745699,      -11.86725688,      -8.751440487
          0,           0,         355,      -14.35236318,      -11.12200123,      -11.89214133,      -8.773910941
          0,           0,         356,      -14.37699134,      -11.15807149,      -11.92528087,      -8.813336865
          0,           0,         357,      -14.40189147,      -11.19113149,       -11.9429786,      -8.834529683
          0,           0,         358,      -14.42084779,       -11.2235366,      -11.96732121,      -8.851886305
          0,           0,         359,      -14.43514599,      -11.25783401,      -11.98988395,      -8.878667222
          0,           0,         360,       -14.4533844,      -11.29107117,      -12.01052335,      -8.900377115
          0,           0,         361,      -14.47199565,      -11.32556272,       -12.0287721,      -8.928956581
          0,           0,         362,      -14.49129421,      -11.35834138,      -12.05515753,      -8.947515006
          0,           0,         363,      -14.50002916,      -11.38810022,      -12.06694441,      -8.955982179
          0,           0,         364,       -14.5261094,      -11.42362212,      -12.08220871,      -8.986235075
          0,           0,         365,       -14.5210702,      -11.45107223,      -12.07173927,      -8.991062139
          0,           0,         366,      -14.54227711,      -11.48436876,      -12.10817369,      -9.012836871
          0,           0,         367,      -14.52426243,      -11.51284628,      -12.10286674,      -9.019377109
          0,           0,         368,      -14.54130131,      -11.54140937,      -12.11255462,      -9.029662614
          0,           0,         369,      -14.56050246,      -11.56828382,      -12.11461979,      -9.029319023
          0,           0,         370,      -14.56510165,      -11.60036434,      -12.12677102,      -9.050143141
          0,           0,         371,      -14.57847438,      -11.63422168,      -12.15418708,      -9.078514689
          0,           0,         372,      -14.56387564,      -11.65923757,      -12.14672253,      -9.064458309
          0,           0,         373,      -14.58372458,      -11.68449793,      -12.14206519,      -9.077424652
          0,           0,         374,      -14.57052229,      -11.70666085,      -12.13608069,      -9.070908828
          0,           0,         375,      -14.59517987,      -11.73269881,      -12.15469967,      -9.088437598
          0,           0,         376,       -14.5839004,      -11.75361313,      -12.15465191,      -9.083220241
          0,           0,         377,      -14.59669551,      -11.77977565,      -12.16298915,      -9.093860243
          0,           0,         378,      -14.57794394,        -11.788309,      -12.16755655,      -9.066989744
          0,           0,         379,       -14.5943291,      -11.82408435,       -12.1673904,      -9.102218178
          0,           0,         380,      -14.59178885,      -11.83771621,      -12.16154687,      -9.093343411
          0,           0,         381,      -14.58823376,      -11.86756981,      -12.14950176,      -9.099899723
          0,           0,         382,      -14.60507583,      -11.87984683,      -12.17823671,      -9.108201969
          0,           0,         383,       -14.6107845,      -11.89431852,      -12.19065551,      -9.111946227
          0,           0,         384,      -14.61448203,      -11.91705464,      -12.17594634,       -9.11943086
          0,           0,         385,       -14.6073847,      -11.92284293,      -12.18040395,       -9.10643359
          0,           0,         386,      -14.60949961,      -11.94155617,      -12.16414692,      -9.117136297
          0,           0,         387,      -14.60965164,       -11.9571063,      -12.19023547,      -9.117006171
          0,           0,         388,      -14.60069847,      -11.96412699,      -12.18122429,        -9.1079598
          0,           0,         389,      -14.61383178,      -11.97485126,      -12.17883318,       -9.11684484
          0,           0,         390,      -14.61016961,       -11.9854249,      -12.16468582,      -9.119320661
          0,           0,         391,      -14.62312461,      -12.00407207,      -12.19658843,      -9.130343094
          0,           0,         392,      -14.61445775,      -11.99687199,      -12.17473687,      -9.115756129
          0,           0,         393,      -14.61934815,      -12.00756096,      -12.18006938,      -9.119199069
          0,           0,         394,      -14.60785795,      -12.00667511,      -12.18582157,      -9.111093631
          0,           0,         395,      -14.62045295,      -12.03344139,      -12.19102651,       -9.12236595
          0,           0,         396,      -14.61637845,      -12.03234243,      -12.17778391,      -9.124651981
          0,           0,         397,      -14.60279905,      -12.01368061,      -12.18712044,      -9.113901858
          0,           0,         398,      -14.60435032,      -12.00818254,      -12.17403641,      -9.112093205
          0,           0,         399,       -14.6120174,      -12.02823833,      -12.17530875,      -9.114711024
          0,           0,         400,      -14.58142103,      -11.98094365,      -12.17131512,      -9.074120598
          0,           0,         401,      -14.60537041,      -12.04611418,      -12.17581045,      -9.109000143
          0,           0,         402,      -14.60261374,       -12.0376136,      -12.18488955,      -9.115573544
          0,           0,         403,       -14.5901285,      -12.03034392,      -12.17135062,      -9.104877865
          0,           0,         404,      -14.61269549,      -12.05333822,      -12.16954039,       -9.12584845
          0,           0,         405,      -14.60710863,      -12.05373546,      -12.17914956,      -9.117993702
          0,           0,         406,      -14.60436437,      -12.04216638,       -12.1954732,      -9.111434394
          0,           0,         407,      -14.58805798,      -12.03154643,       -12.1654406,      -9.096189048
          0,           0,         408,      -14.61286126,      -12.05121349,      -12.17387464,      -9.122029028
          0,           0,         409,      -14.60074671,      -12.04177225,      -12.17163677,      -9.113263589
          0,           0,         410,      -14.59405212,      -12.05428712,      -12.17843308,      -9.110850764
          0,           0,         411,      -14.60780993,      -12.05254956,      -12.17990358,      -9.116557275
          0,           0,         412,      -14.58867806,      -12.02135033,      -12.18143459,      -9.090424722
          0,           0,         413,      -14.59923473,      -12.04935006,      -12.19628909,       -9.11319471
          0,           0,         414,      -14.61789807,      -12.05945763,       -12.1733945,      -9.119159145
          0,           0,         415,      -14.61125507,      -12.05909549,      -12.20068668,      -9.121173754
          0,           0,         416,       -14.6221096,      -12.06624582,      -12.18415318,      -9.130239957
          0,           0,         417,      -14.58547185,      -12.04697265,       -12.1486855,      -9.096397664
          0,           0,         418,      -14.60523557,      -12.05359286,      -12.16619798,      -9.111626571
          0,           0,         419,      -14.61354925,       -12.0582576,      -12.19332717,      -9.118640458
          0,           0,         420,      -14.59543538,      -12.03832313,      -12.16908649,      -9.102333975
          0,           0,         421,      -14.61451233,       -12.0734515,      -12.17774301,      -9.125685777
          0,           0,         422,      -14.59949459,      -12.05861052,       -12.1944465,       -9.11527505
          0,           0,         423,      -14.59813864,      -12.05632458,       -12.1747103,      -9.109340205
          0,           0,         424,      -14.61908342,      -12.06748344,      -12.18355886,      -9.126047686
          0,           0,         425,       -14.6114119,      -12.05603085,      -12.18448069,      -9.122540502
          0,           0,         426,      -14.62486722,      -12.07402869,      -12.19203668,      -9.128008638
          0,           0,         427,      -14.60556589,      -12.05799985,      -12.19288209,      -9.121230231
          0,           0,         428,      -14.60854261,      -12.06038018,      -12.17547072,      -9.115977361
          0,           0,         429,      -14.60874415,      -12.05701724,      -12.18425041,      -9.118143823
          0,           0,         430,      -14.60891203,      -12.05420841,      -12.16543198,      -9.118277412
          0,           0,         431,      -14.60741596,      -12.05636961,      -12.17250821,      -9.116512077
          0,           0,         432,       -14.6113033,      -12.05766473,       -12.1662225,       -9.11531953
          0,           0,         433,      -14.60560597,      -12.05871692,      -12.17174457,      -9.112854006
          0,           0,         434,      -14.61189498,      -12.07344885,      -12.17730881,      -9.124506547
          0,           0,         435,      -14.59267624,      -12.04004944,      -12.18671189,        -9.1054357
          0,           0,         436,      -14.62293211,      -12.07140911,      -12.19227896,      -9.128991758
          0,           0,         437,      -14.61180955,      -12.06504466,         -12.17118,      -9.122878837
          0,           0,         438,      -14.59595346,       -12.0644748,      -12.16754998,      -9.106183557
          0,           0,         439,      -14.60874634,      -12.05537031,      -12.18217228,      -9.117845187
          0,           0,         440,      -14.59853216,      -12.05043976,      -12.17698437,      -9.104071093
          0,           0,         441,      -14.59269125,      -12.05746681,      -12.15791023,      -9.106408309
          0,           0,         442,      -14.60497073,      -12.06625209,       -12.1693903,      -9.117212542
          0,           0,         443,      -14.59517256,      -12.05535289,       -12.1650842,      -9.106600841
          0,           0,         444,      -14.57718808,      -12.01098402,      -12.16678612,      -9.083333491
          0,           0,         445,      -14.60586374,      -12.03525256,      -12.17211038,      -9.102926632
          0,           0,         446,      -14.58787121,       -12.0169149,      -12.16529059,      -9.075572486
          0,           0,         447,      -14.60578754,       -12.0636516,      -12.19918344,       -9.11655524
          0,           0,         448,      -14.61716351,      -12.06497126,      -12.18238344,      -9.124982795
          0,           0,         449,      -14.61236556,       -12.0651098,      -12.18487518,      -9.124682241
          0,           0,         450,      -14.61132068,      -12.06198038,      -12.19263247,      -9.121661829
          0,           0,         451,      -14.58473091,      -12.03819149,      -12.17173714,       -9.10045399
          0,           0,         452,      -14.59229412,      -12.02063427,      -12.17929595,      -9.090467192
          0,           0,         453,      -14.61032325,      -12.05779632,      -12.19475157,      -9.120836403
          0,           0,         454,      -14.60127093,      -12.03994783,      -12.18399267,      -9.109794733
          0,           0,         455,      -14.61551841,      -12.07066405,      -12.18936852,      -9.127608546
          0,           0,         456,      -14.60386002,      -12.05784924,       -12.1823265,      -9.114221472
          0,           0,         457,      -14.58909923,      -12.04814126,      -12.17454927,      -9.099430965
          0,           0,         458,      -14.58831205,      -12.05427244,      -12.16524973,      -9.104662311
          0,           0,         459,      -14.62022343,      -12.07755662,      -12.18483371,      -9.128693991
          0,           0,         460,      -14.62181256,      -12.06649361,      -12.19038535,      -9.131465559
          0,           0,         461,      -14.60528525,      -12.06918041,      -12.18987062,      -9.117791475
          0,           0,         462,      -14.60949103,      -12.05309929,      -12.19470449,      -9.122190506
          0,           0,         463,      -14.59946449,      -12.06037027,      -12.16458631,       -9.11637545
          0,           0,         464,      -14.60014128,      -12.05680986,      -12.16739148,      -9.114303055
          0,           0,         465,      -14.59861665,      -12.06977861,      -12.17230266,      -9.116882623
          0,           0,         466,      -14.59463612,      -12.04354691,      -12.18035174,      -9.104026376
          0,           0,         467,      -14.59850464,       -12.0583324,      -12.16801302,       -9.10215023
          0,           0,         468,      -14.61379496,      -12.06380114,      -12.17765753,      -9.119101276
          0,           0,         469,      -14.59380523,      -12.04876357,      -12.17988227,      -9.107568076
          0,           0,         470,      -14.61399658,      -12.06050483,      -12.17963425,      -9.116807597
          0,           0,         471,      -14.61700389,      -12.06275151,      -12.17268826,      -9.127921424
          0,           0,         472,      -14.60477526,       -12.0441259,      -12.17539584,      -9.100179615
          0,           0,         473,      -14.58394795,      -12.03142348,      -12.17627023,      -9.096691157
          0,           0,         474,      -14.61167872,      -12.06564232,      -12.20233992,      -9.128421422
          0,           0,         475,       -14.5962672,      -12.05511702,      -12.17141614,      -9.107507014
          0,           0,         476,      -14.61868899,      -12.06454823,      -12.18808041,      -9.123205619
          0,           0,         477,       -14.5978885,      -12.06186315,      -12.17239856,      -9.105799872
          0,           0,         478,      -14.61368694,      -12.06766866,      -12.17561953,      -9.122720942
          0,           0,         479,       -14.6200072,      -12.07200007,      -12.19346841,       -9.12706955
          0,           0,         480,      -14.60967329,      -12.06658984,      -12.18870299,      -9.119296471
          0,           0,         481,       -14.6182078,      -12.07422445,      -12.20310644,      -9.131104542
          0,           0,         482,      -14.61602732,      -12.07183967,      -12.18586129,      -9.125716465
          0,           0,         483,      -14.62581106,      -12.05491262,      -12.18924706,      -9.124212084
          0,           0,         484,      -14.61601617,      -12.05056057,      -12.18626575,      -9.117544322
          0,           0,         485,      -14.60781431,      -12.05826327,      -12.18223247,      -9.122325699
          0,           0,         486,      -14.59924908,      -12.03898831,      -12.17381309,      -9.106254005
          0,           0,         487,      -14.61246163,       -12.0873565,      -12.18640946,      -9.130733345
          0,           0,         488,      -14.58964207,       -12.0446904,       -12.1654089,      -9.098348443
          0,           0,         489,      -14.60503702,      -12.05446601,      -12.18916298,      -9.119181674
          0,           0,         490,      -14.61502989,      -12.06220396,      -12.16993166,      -9.117530035
          0,           0,         491,      -14.61178862,      -12.05927632,      -12.17201989,      -9.119152834
          0,           0,         492,      -14.59356896,      -12.04952075,      -12.16610474,      -9.109933491
          0,           0,         493,      -14.60365831,      -12.04810539,      -12.18362556,      -9.110496813
          0,           0,         494,      -14.58928345,       -12.0399276,      -12.17518163,      -9.106975202
          0,           0,         495,      -14.61522052,      -12.06849359,       -12.1926569,      -9.127092975
          0,           0,         496,      -14.60012827,      -12.05333652,      -12.19059834,      -9.112363977
          0,           0,         497,      -14.59875234,      -12.06087395,      -12.18429215,      -9.107707405
          0,           0,         498,      -14.61569482,      -12.05538816,      -12.18246824,      -9.115580356
          0,           0,         499,      -14.61007566,       -12.0636695,      -12.17122959,      -9.119672108
          0,           0,         500,      -14.61576702,      -12.05366958,      -12.19000741,      -9.122857996
          0,           0,         501,      -14.61714462,      -12.05721311,       -12.1886459,      -9.119524035
          0,           0,         502,      -14.60468964,      -12.03328698,      -12.19169863,      -9.110528375
          0,           0,         503,      -14.59966759,       -12.0470367,      -12.16736603,      -9.102068016
          0,           0,         504,      -14.59645265,      -12.04900984,      -12.17523496,      -9.107342406
          0,           0,         505,      -14.61294117,      -12.06106974,      -12.18292854,      -9.122071111
          0,           0,         506,      -14.59648661,      -12.03995594,      -12.16878745,      -9.097680811
          0,           0,         507,      -14.58846272,      -12.03557618,      -12.18257728,       -9.09609308
          0,           0,         508,      -14.59155187,      -12.03832576,      -12.16415129,      -9.101625514
          0,           0,         509,      -14.61787513,      -12.06706326,      -12.18370553,      -9.127477945
          0,           0,         510,      -14.58273513,       -12.0353768,      -12.17669608,       -9.10159132
          0,           0,         511,       -14.6038368,      -12.05343851,      -12.18063398,      -9.097686875
          0,           0,         512,      -14.60193235,      -12.05736586,      -12.17936163,      -9.105655271
          0,           0,         513,      -14.60144657,      -12.04539714,      -12.17397312,      -9.105086847
          0,           0,         514,      -14.60535675,      -12.05131468,      -12.17515987,      -9.112556177
          0,           0,         515,       -14.5906882,      -12.04189313,       -12.1691676,       -9.10052248
          0,           0,         516,      -14.59893179,      -12.04900481,      -12.15985387,      -9.111524558
          0,           0,         517,      -14.59765258,      -12.04787044,      -12.17693685,      -9.106578579
          0,           0,         518,      -14.61387235,      -12.05653689,      -12.19817776,      -9.121967793
          0,           0,         519,      -14.59953331,      -12.06837106,      -12.15875028,      -9.115158905
          0,           0,         520,      -14.61189339,      -12.07349419,      -12.18070779,      -9.116864971
          0,           0,         521,      -14.60959957,      -12.05368708,       -12.1917241,      -9.122652879
          0,           0,         522,      -14.60257978,      -12.05852176,       -12.1883654,       -9.11300485
          0,           0,         523,      -14.61073024,      -12.06175277,      -12.18474407,       -9.12357744
          0,           0,         524,      -14.61362605,      -12.07020325,      -12.18066788,      -9.114255235
          0,           0,         525,      -14.58721723,      -12.04112571,      -12.14546654,      -9.093582064
          0,           0,         526,      -14.57639085,      -12.04243717,      -12.15949652,      -9.093784346
          0,           0,         527,      -14.61420388,      -12.06694359,       -12.1897147,      -9.126837057
          0,           0,         528,      -14.60754218,      -12.05044888,      -12.17994863,      -9.109982106
          0,           0,         529,      -14.60822346,       -12.0555554,      -12.16374103,      -9.113903581
          0,           0,         530,      -14.60171358,      -12.06267999,      -12.18619657,      -9.118736103
          0,           0,         531,      -14.62167798,      -12.08703637,      -12.19360937,      -9.133849612
          0,           0,         532,      -14.60424296,      -12.04381142,      -12.18224995,      -9.113826228
          0,           0,         533,      -14.60932303,      -12.05417161,      -12.18059903,      -9.116506217
          0,           0,         534,      -14.62491087,      -12.06253287,      -12.18124036,       -9.12571335
          0,           0,         535,      -14.60393272,      -12.06392793,      -12.18779892,      -9.112982764
          0,           0,         536,      -14.60124509,      -12.05574225,      -12.16820144,      -9.113471346
          0,           0,         537,      -14.62215874,       -12.0665982,      -12.18658769,       -9.13849875
          0,           0,         538,      -14.62062001,      -12.06124128,      -12.17972197,      -9.124478025
          0,           0,         539,       -14.6029055,      -12.05171296,      -12.18992368,      -9.106914576
          0,           0,         540,      -14.60794344,      -12.05954246,      -12.18836886,      -9.123915628
          0,           0,         541,       -14.6142041,      -12.05743891,      -12.18368053,      -9.119369011
          0,           0,         542,       -14.5921987,       -12.0331927,      -12.17302822,      -9.105297847
          0,           0,         543,      -14.60757051,      -12.04635385,       -12.1837372,      -9.107927149
          0,           0,         544,      -14.60317273,      -12.04648641,      -12.17311649,      -9.111855099
          0,           0,         545,      -14.59953303,      -12.05313182,      -12.17131561,      -9.107675367
          0,           0,         546,      -14.59378887,      -12.05852274,      -12.16177425,      -9.100848975
          0,           0,         547,      -14.61107786,      -12.06238379,      -12.16793732,      -9.116073293
          0,           0,         548,      -14.61085242,      -12.06710308,      -12.17358219,      -9.116886025
          0,           0,         549,      -14.59110686,      -12.04680687,      -12.17199333,       -9.10588489
          0,           0,         550,       -14.6175495,      -12.06739816,      -12.17438662,      -9.119408006
          0,           0,         551,      -14.61695293,      -12.06679171,      -12.17477095,      -9.124525117
          0,           0,         552,      -14.61534671,      -12.06807535,      -12.19215413,      -9.123235047
          0,           0,         553,       -14.6056668,      -12.05777322,      -12.18816085,      -9.122497892
          0,           0,         554,      -14.60237915,      -12.06294617,      -12.17513888,      -9.120310563
          0,           0,         555,      -14.60510657,      -12.05704645,       -12.1834084,      -9.118978791
          0,           0,         556,      -14.61076882,      -12.05971969,      -12.18415042,      -9.120307439
          0,           0,         557,      -14.62006369,      -12.06682886,      -12.18044107,      -9.130822129
          0,           0,         558,      -14.59792145,      -12.06317179,      -12.15592055,      -9.106461028
          0,           0,         559,      -14.60565993,      -12.06355782,      -12.16053606,      -9.110289198
          0,           0,         560,       -14.6098416,      -12.06642486,      -12.16526448,      -9.111899439
          0,           0,         561,      -14.61850313,      -12.06427006,      -12.18958179,      -9.130546103
          0,           0,         562,      -14.59751762,      -12.05431552,      -12.16624366,      -9.111255587
          0,           0,         563,      -14.61332644,      -12.06626757,      -12.18121921,      -9.124358662
          0,           0,         564,       -14.5884386,      -12.02965011,      -12.17259497,      -9.095747024
          0,           0,         565,      -14.62380446,      -12.06162274,      -12.18835562,       -9.12652191
          0,           0,         566,      -14.60408561,      -12.04735602,      -12.16685837,      -9.105705801
          0,           0,         567,      -14.60326897,      -12.05049822,      -12.17982116,      -9.111421535
          0,           0,         568,      -14.61558044,       -12.0634072,      -12.19032492,      -9.118421014
          0,           0,         569,      -14.60870932,       -12.0704298,      -12.18260185,      -9.122332434
          0,           0,         570,      -14.60462764,      -12.06451769,      -12.18725382,       -9.11351657
          0,           0,         571,      -14.59708452,      -12.03875782,      -12.17146974,      -9.104377511
          0,           0,         572,      -14.59867155,      -12.04348824,      -12.17158294,      -9.111025748
          0,           0,         573,      -14.60494063,       -12.0419355,      -12.17398372,      -9.109912992
          0,           0,         574,      -14.61473103,      -12.07107687,      -12.18184452,      -9.125197775
          0,           0,         575,       -14.5947881,       -12.0459758,      -12.18315681,      -9.106418703
          0,           0,         576,      -14.61058636,      -12.05227251,       -12.1800561,      -9.118012895
          0,           0,         577,      -14.62331856,      -12.06331813,      -12.18469439,      -9.125892909
          0,           0,         578,       -14.5965638,      -12.03851604,      -12.17296841,      -9.100379416
          0,           0,         579,      -14.60195898,      -12.06195911,       -12.1774883,      -9.113354562
          0,           0,         580,      -14.59758361,      -12.04256621,        -12.179125,      -9.100032175
          0,           0,         581,      -14.60044397,      -12.05757206,      -12.18346738,      -9.109090296
          0,           0,         582,       -14.6198543,      -12.06485127,       -12.1862796,      -9.121051422
          0,           0,         583,      -14.60804317,      -12.05499279,      -12.18082398,      -9.114263286
          0,           0,         584,      -14.61757029,       -12.0627536,      -12.17090934,         -9.122652
          0,           0,         585,       -14.6166387,      -12.08476348,      -12.17823304,      -9.131483377
          0,           0,         586,      -14.61248376,      -12.06793676,       -12.1854037,      -9.122324315
          0,           0,         587,      -14.59514606,      -12.02665826,      -12.18168562,      -9.097544104
          0,           0,         588,      -14.61814846,      -12.06302267,      -12.17568753,      -9.124454453
          0,           0,         589,      -14.61288934,      -12.05682338,      -12.18520478,      -9.114752208
          0,           0,         590,      -14.61348434,      -12.06418432,      -12.18162929,      -9.117785911
          0,           0,         591,      -14.62395491,      -12.06471422,      -12.18941269,      -9.130399453
          0,           0,         592,      -14.61704164,       -12.0668396,      -12.18630167,      -9.128593968
          0,           0,         593,      -14.60125836,      -12.06085129,      -12.16902582,      -9.119135213
          0,           0,         594,      -14.59421782,      -12.03694989,      -12.18120147,      -9.107299894
          0,           0,         595,      -14.60781397,       -12.0500192,      -12.18524205,      -9.113953539
          0,           0,         596,      -14.59806891,      -12.05969044,       -12.1667354,      -9.103546943
          0,           0,         597,      -14.59483771,      -12.04414167,      -12.18561214,      -9.107347988
          0,           0,         598,      -14.60239531,      -12.06904796,      -12.17456251,      -9.112704913
          0,           0,         599,      -14.57861605,      -12.04796932,      -12.14025244,      -9.091807826
          0,           0,         600,      -14.60547577,      -12.05051709,      -12.18921997,      -9.107833376
