VARIABLES = \
"Time_Iter","Outer_Iter","Inner_Iter",    "rms[Rho]"    ,    "rms[RhoU]"   ,    "rms[RhoV]"   ,    "rms[RhoE]"   
          0,           0,           0,      -1.365946476,      0.9158928967,       1.120758725,       4.093681727
          0,           0,           1,      -1.828116419,      0.5711099437,      0.7211442721,       3.652391576
          0,           0,           2,      -2.066464995,       0.369108114,      0.4875309424,       3.420159716
          0,           0,           3,      -2.231989406,      0.2238610553,      0.3014997975,       3.254800893
          0,           0,           4,      -2.388641459,     0.09413510241,      0.1286593802,       3.096422685
          0,           0,           5,      -2.542824776,    -0.02813459229,    -0.03753035241,       2.939207249
          0,           0,           6,      -2.688223369,     -0.1364380881,     -0.1961885651,       2.791221289
          0,           0,           7,      -2.829600196,     -0.2326774311,     -0.3528948464,       2.648797563
          0,           0,           8,      -2.972922436,      -0.317372285,     -0.5042958609,       2.506023706
          0,           0,           9,      -3.117771611,     -0.3950018693,     -0.6473898074,       2.363324489
          0,           0,          10,      -3.257573603,     -0.4673404397,     -0.7855294484,       2.226797155
          0,           0,          11,      -3.387417008,     -0.5334518145,     -0.9195662199,       2.100836119
          0,           0,          12,      -3.506896163,     -0.5932433662,      -1.046830312,       1.986036055
          0,           0,          13,      -3.616913362,     -0.6476956876,      -1.165559339,       1.881803668
          0,           0,          14,      -3.716537537,     -0.6975698141,       -1.27575363,       1.788939411
          0,           0,          15,      -3.804131464,     -0.7432235968,       -1.37615535,       1.708977306
          0,           0,          16,      -3.880471565,     -0.7851815838,      -1.463780751,       1.641123313
          0,           0,          17,      -3.948678985,     -0.8244342734,      -1.537731674,       1.581810709
          0,           0,          18,      -4.011352197,     -0.8622352605,      -1.600800097,       1.527441437
          0,           0,          19,      -4.069388663,     -0.8997018369,      -1.656892324,       1.476038319
          0,           0,          20,      -4.122854881,      -0.937568178,       -1.70911729,       1.426959463
          0,           0,          21,      -4.172081572,     -0.9761026392,      -1.759511942,       1.380059359
          0,           0,          22,      -4.218024614,      -1.015185682,      -1.808880586,       1.335118236
          0,           0,          23,      -4.261914306,      -1.054467374,      -1.856961157,       1.291716414
          0,           0,          24,      -4.304633583,      -1.093537875,      -1.903136413,       1.249465239
          0,           0,          25,      -4.346426095,      -1.132030988,      -1.947150256,       1.208225442
          0,           0,          26,      -4.387029808,      -1.169660348,      -1.989287686,       1.168140386
          0,           0,          27,      -4.425996163,      -1.206205849,      -2.030067012,       1.129520765
          0,           0,          28,      -4.462998518,      -1.241505519,        -2.0698709,        1.09264212
          0,           0,          29,      -4.497963419,       -1.27544957,      -2.108745842,       1.057608777
          0,           0,          30,      -4.531052965,      -1.307990545,       -2.14639616,       1.024307204
          0,           0,          31,      -4.562549892,      -1.339154551,      -2.182339972,      0.9924647687
          0,           0,          32,      -4.592737892,      -1.369043649,      -2.216124964,      0.9617583383
          0,           0,          33,      -4.621820729,      -1.397817913,      -2.247496107,      0.9319176583
          0,           0,          34,      -4.649918653,      -1.425670466,      -2.276470172,      0.9027686152
          0,           0,          35,      -4.677109083,      -1.452792078,      -2.303306478,      0.8742249344
          0,           0,          36,      -4.703474897,      -1.479341739,      -2.328407641,      0.8462506935
          0,           0,          37,      -4.729124536,      -1.505429547,      -2.352214369,      0.8188240758
          0,           0,          38,      -4.754180868,      -1.531113973,      -2.375138541,      0.7919201949
          0,           0,          39,      -4.778754254,       -1.55640652,      -2.397513159,      0.7655110788
          0,           0,          40,      -4.802919816,      -1.581285352,      -2.419601505,      0.7395694974
          0,           0,          41,      -4.826701455,      -1.605710345,      -2.441548196,      0.7140960407
          0,           0,          42,      -4.850088214,      -1.629637317,      -2.463417138,      0.6891041721
          0,           0,          43,      -4.873050207,      -1.653029331,      -2.485212595,      0.6646141975
          0,           0,          44,      -4.895555723,      -1.675864474,      -2.506887599,       0.640648002
          0,           0,          45,      -4.917586033,      -1.698139947,       -2.52836494,       0.617219791
          0,           0,          46,      -4.939144712,      -1.719872784,      -2.549556442,      0.5943279523
          0,           0,          47,      -4.960258854,      -1.741098023,      -2.570381483,      0.5719521428
          0,           0,          48,      -4.980972346,      -1.761865058,      -2.590778406,      0.5500564592
          0,           0,          49,      -5.001342508,      -1.782235077,      -2.610717351,      0.5285908271
          0,           0,          50,      -5.021431788,      -1.802274836,      -2.630199832,      0.5074976282
          0,           0,          51,      -5.041302067,      -1.822053471,      -2.649255992,      0.4867168721
          0,           0,          52,      -5.061013348,      -1.841638611,      -2.667940588,       0.466188207
          0,           0,          53,       -5.08062211,      -1.861093985,      -2.686324768,      0.4458532392
          0,           0,          54,      -5.100179973,      -1.880477704,      -2.704490068,      0.4256574622
          0,           0,          55,      -5.119734322,       -1.89984098,      -2.722518885,      0.4055504114
          0,           0,          56,       -5.13932671,       -1.91922945,      -2.740495558,      0.3854850892
          0,           0,          57,      -5.158990789,      -1.938673175,       -2.75849343,      0.3654272769
          0,           0,          58,      -5.178756998,      -1.958198883,      -2.776572899,      0.3453428208
          0,           0,          59,      -5.198649746,      -1.977825907,      -2.794777445,      0.3252045295
          0,           0,          60,        -5.2186843,      -1.997568976,      -2.813151927,      0.3049927131
          0,           0,          61,      -5.238874207,      -2.017439144,      -2.831728797,      0.2846895469
          0,           0,          62,      -5.259227192,      -2.037442605,      -2.850528969,      0.2642824529
          0,           0,          63,      -5.279746475,      -2.057582704,      -2.869565587,      0.2437630322
          0,           0,          64,      -5.300433068,       -2.07786017,      -2.888843518,      0.2231251234
          0,           0,          65,      -5.321283028,      -2.098274071,      -2.908364973,      0.2023673704
          0,           0,          66,      -5.342289249,      -2.118821941,      -2.928127881,      0.1814917517
          0,           0,          67,      -5.363444095,      -2.139500796,      -2.948126344,      0.1605009952
          0,           0,          68,      -5.384748265,      -2.160307835,      -2.968344185,      0.1393918523
          0,           0,          69,      -5.406195878,       -2.18124007,      -2.988776537,      0.1181663408
          0,           0,          70,      -5.427779283,      -2.202293835,       -3.00941349,      0.0968286402
          0,           0,          71,      -5.449491641,      -2.223465416,      -3.030247461,     0.07538251406
          0,           0,          72,      -5.471326265,      -2.244751601,      -3.051270628,     0.05383215928
          0,           0,          73,      -5.493280329,      -2.266149712,      -3.072471809,     0.03217885055
          0,           0,          74,      -5.515350598,      -2.287657164,      -3.093843438,     0.01042439835
          0,           0,          75,      -5.537535322,      -2.309271623,      -3.115379112,    -0.01143050668
          0,           0,          76,      -5.559831636,      -2.330990979,      -3.137074862,    -0.03338406397
          0,           0,          77,      -5.582237354,       -2.35281343,      -3.158926542,    -0.05543516968
          0,           0,          78,      -5.604750681,      -2.374737441,      -3.180930524,    -0.07758294513
          0,           0,          79,      -5.627369277,      -2.396761496,      -3.203084919,    -0.09982594457
          0,           0,          80,       -5.65009106,       -2.41888425,      -3.225388162,     -0.1221627878
          0,           0,          81,      -5.672917134,      -2.441104548,      -3.247836837,     -0.1445947655
          0,           0,          82,       -5.69584709,        -2.4634212,      -3.270431004,     -0.1671219063
          0,           0,          83,      -5.718879369,      -2.485833005,      -3.293170493,     -0.1897433147
          0,           0,          84,      -5.742013212,       -2.50833896,      -3.316054452,     -0.2124587359
          0,           0,          85,       -5.76524775,      -2.530938063,      -3.339080671,     -0.2352678533
          0,           0,          86,       -5.78858243,      -2.553629463,      -3.362249244,     -0.2581706048
          0,           0,          87,      -5.812016783,      -2.576412034,      -3.385560528,     -0.2811668375
          0,           0,          88,      -5.835551122,      -2.599284887,      -3.409014261,     -0.3042571405
          0,           0,          89,      -5.859182448,      -2.622247422,      -3.432608451,     -0.3274392978
          0,           0,          90,      -5.882909076,      -2.645298723,      -3.456341569,     -0.3507122905
          0,           0,          91,      -5.906729875,      -2.668437889,      -3.480213317,     -0.3740755249
          0,           0,          92,      -5.930644131,      -2.691664107,      -3.504222697,     -0.3975286601
          0,           0,          93,      -5.954650036,      -2.714976321,      -3.528367725,     -0.4210703386
          0,           0,          94,      -5.978748323,      -2.738373893,      -3.552645504,     -0.4447014599
          0,           0,          95,       -6.00293872,      -2.761856014,      -3.577059383,     -0.4684221553
          0,           0,          96,      -6.027220433,      -2.785421918,      -3.601607208,     -0.4922320074
          0,           0,          97,      -6.051592237,      -2.809070835,      -3.626286331,     -0.5161301922
          0,           0,          98,      -6.076052901,      -2.832802027,      -3.651096595,     -0.5401159752
          0,           0,          99,      -6.100601444,      -2.856614768,      -3.676036049,     -0.5641887901
          0,           0,         100,      -6.125238438,      -2.880508441,      -3.701096561,     -0.5883494215
          0,           0,         101,      -6.149961075,      -2.904482146,      -3.726282827,     -0.6125955351
          0,           0,         102,      -6.174762889,      -2.928534758,      -3.751595733,     -0.6369220653
          0,           0,         103,      -6.199646367,      -2.952665765,      -3.777032481,     -0.6613311588
          0,           0,         104,      -6.224612657,      -2.976874698,      -3.802590051,     -0.6858239838
          0,           0,         105,       -6.24966031,      -3.001160801,      -3.828266574,     -0.7103996114
          0,           0,         106,      -6.274787274,      -3.025523165,      -3.854059538,     -0.7350565142
          0,           0,         107,      -6.299992513,      -3.049961017,       -3.87996659,     -0.7597939971
          0,           0,         108,      -6.325274333,        -3.0744737,      -3.905988745,      -0.784610724
          0,           0,         109,      -6.350630947,      -3.099060472,      -3.932123867,     -0.8095053877
          0,           0,         110,      -6.376061356,      -3.123720669,      -3.958369814,     -0.8344772521
          0,           0,         111,      -6.401564673,      -3.148453665,      -3.984724674,     -0.8595256504
          0,           0,         112,      -6.427139066,      -3.173258819,      -4.011186887,     -0.8846492087
          0,           0,         113,      -6.452784306,      -3.198135469,      -4.037754127,     -0.9098477249
          0,           0,         114,      -6.478499749,      -3.223083005,      -4.064424467,     -0.9351207068
          0,           0,         115,      -6.504284181,       -3.24810074,      -4.091195055,     -0.9604671805
          0,           0,         116,      -6.530135614,      -3.273187958,      -4.118066263,     -0.9858855163
          0,           0,         117,      -6.556053569,      -3.298344146,      -4.145035279,      -1.011375409
          0,           0,         118,      -6.582037217,      -3.323568716,      -4.172099813,      -1.036936192
          0,           0,         119,      -6.608085576,      -3.348861063,      -4.199257908,       -1.06256706
          0,           0,         120,      -6.634197578,      -3.374220571,      -4.226507598,      -1.088267103
          0,           0,         121,      -6.660372289,      -3.399646638,      -4.253846901,      -1.114035514
          0,           0,         122,      -6.686608747,      -3.425138675,      -4.281273902,      -1.139871445
          0,           0,         123,      -6.712905715,      -3.450696088,      -4.308786962,      -1.165773806
          0,           0,         124,      -6.739262041,      -3.476318255,       -4.33638477,      -1.191741498
          0,           0,         125,      -6.765677415,      -3.502004718,      -4.364063631,      -1.217774331
          0,           0,         126,      -6.792150815,      -3.527754898,      -4.391821352,      -1.243871365
          0,           0,         127,      -6.818681299,      -3.553568174,      -4.419656287,      -1.270031673
          0,           0,         128,      -6.845267958,      -3.579443968,      -4.447566473,      -1.296254381
          0,           0,         129,      -6.871910074,      -3.605381737,      -4.475549714,      -1.322538763
          0,           0,         130,      -6.898606937,       -3.63138095,      -4.503603766,      -1.348884088
          0,           0,         131,       -6.92535771,      -3.657441072,      -4.531726405,      -1.375289527
          0,           0,         132,      -6.952161594,      -3.683561583,      -4.559915391,      -1.401754268
          0,           0,         133,      -6.979017274,       -3.70974211,      -4.588168384,      -1.428277101
          0,           0,         134,      -7.005924541,      -3.735981975,      -4.616483311,      -1.454857647
          0,           0,         135,      -7.032882999,      -3.762280709,      -4.644857767,      -1.481495377
          0,           0,         136,      -7.059891988,      -3.788637828,      -4.673289359,      -1.508189561
          0,           0,         137,      -7.086950719,      -3.815052837,      -4.701775685,      -1.534939366
          0,           0,         138,      -7.114058453,       -3.84152525,      -4.730314325,      -1.561743993
          0,           0,         139,      -7.141214251,      -3.868054696,      -4.758902896,      -1.588602483
          0,           0,         140,      -7.168417537,      -3.894640595,      -4.787538943,      -1.615514162
          0,           0,         141,      -7.195667932,      -3.921282487,      -4.816219967,      -1.642478477
          0,           0,         142,      -7.222964988,      -3.947979919,      -4.844943471,      -1.669494822
          0,           0,         143,      -7.250308124,      -3.974732433,      -4.873706955,      -1.696562495
          0,           0,         144,      -7.277696678,      -4.001539568,       -4.90250793,      -1.723680732
          0,           0,         145,      -7.305130017,       -4.02840087,      -4.931343907,      -1.750848783
          0,           0,         146,      -7.332607575,      -4.055315896,      -4.960212381,      -1.778065951
          0,           0,         147,      -7.360128844,      -4.082284215,      -4.989110847,       -1.80533158
          0,           0,         148,      -7.387693349,      -4.109305406,      -5.018036797,      -1.832645038
          0,           0,         149,       -7.41530061,       -4.13637905,      -5.046987762,      -1.860005689
          0,           0,         150,      -7.442950181,      -4.163504736,      -5.075961288,      -1.887412926
          0,           0,         151,      -7.470641638,      -4.190682067,      -5.104954935,      -1.914866156
          0,           0,         152,      -7.498374579,      -4.217910654,      -5.133966293,      -1.942364808
          0,           0,         153,      -7.526148613,      -4.245190117,      -5.162992979,      -1.969908323
          0,           0,         154,      -7.553963366,      -4.272520087,      -5.192032647,      -1.997496155
          0,           0,         155,      -7.581818478,        -4.2999002,      -5.221082987,      -2.025127772
          0,           0,         156,      -7.609713603,      -4.327330103,       -5.25014174,      -2.052802657
          0,           0,         157,      -7.637648408,       -4.35480945,      -5.279206696,      -2.080520307
          0,           0,         158,      -7.665622578,      -4.382337904,      -5.308275696,      -2.108280235
          0,           0,         159,      -7.693635812,      -4.409915136,      -5.337346642,      -2.136081971
          0,           0,         160,      -7.721687811,      -4.437540726,      -5.366416301,      -2.163924991
          0,           0,         161,      -7.749778261,      -4.465214382,      -5.395484314,      -2.191808783
          0,           0,         162,      -7.777907001,      -4.492935881,      -5.424548898,      -2.219733106
          0,           0,         163,      -7.806073772,      -4.520704942,      -5.453607731,      -2.247697576
          0,           0,         164,      -7.834278287,      -4.548521272,      -5.482659048,       -2.27570175
          0,           0,         165,      -7.862520303,      -4.576384586,      -5.511701242,      -2.303745222
          0,           0,         166,      -7.890799599,      -4.604294609,      -5.540732758,      -2.331827615
          0,           0,         167,      -7.919115969,      -4.632251077,      -5.569752108,      -2.359948572
          0,           0,         168,      -7.947469218,      -4.660253733,      -5.598757891,      -2.388107752
          0,           0,         169,      -7.975859172,       -4.68830233,      -5.627748815,      -2.416304839
          0,           0,         170,      -8.004285675,      -4.716396633,       -5.65672371,      -2.444539543
          0,           0,         171,      -8.032748587,      -4.744536411,      -5.685681519,      -2.472811588
          0,           0,         172,      -8.061247782,      -4.772721447,      -5.714621299,       -2.50112072
          0,           0,         173,      -8.089783144,      -4.800951529,      -5.743542221,        -2.5294667
          0,           0,         174,      -8.118354562,      -4.829226455,      -5.772443578,      -2.557849296
          0,           0,         175,      -8.146961931,      -4.857546031,       -5.80132476,       -2.58626829
          0,           0,         176,      -8.175605155,      -4.885910071,       -5.83018528,      -2.614723482
          0,           0,         177,      -8.204284155,      -4.914318397,      -5.859024761,      -2.643214682
          0,           0,         178,      -8.232998853,      -4.942770837,       -5.88784294,      -2.671741721
          0,           0,         179,      -8.261749185,      -4.971267229,      -5.916639664,       -2.70030444
          0,           0,         180,      -8.290535094,      -4.999807416,      -5.945414897,      -2.728902699
          0,           0,         181,      -8.319356534,      -5.028391248,      -5.974168713,      -2.757536368
          0,           0,         182,      -8.348213472,      -5.057018581,      -6.002901307,      -2.786205336
          0,           0,         183,      -8.377105864,      -5.085689277,      -6.031612959,      -2.814909496
          0,           0,         184,      -8.406033688,      -5.114403204,      -6.060304075,      -2.843648757
          0,           0,         185,      -8.434996918,      -5.143160239,      -6.088975146,      -2.872423036
          0,           0,         186,      -8.463995557,      -5.171960264,      -6.117626776,      -2.901232283
          0,           0,         187,      -8.493029596,      -5.200803163,      -6.146259659,      -2.930076437
          0,           0,         188,      -8.522099046,       -5.22968883,      -6.174874587,      -2.958955465
          0,           0,         189,      -8.551203915,      -5.258617164,      -6.203472414,      -2.987869337
          0,           0,         190,      -8.580344222,      -5.287588066,      -6.232054104,      -3.016818039
          0,           0,         191,      -8.609519994,      -5.316601447,      -6.260620725,      -3.045801566
          0,           0,         192,      -8.638731257,      -5.345657219,      -6.289173296,      -3.074819919
          0,           0,         193,      -8.667978049,      -5.374755303,      -6.317713076,      -3.103873119
          0,           0,         194,      -8.697260408,      -5.403895621,      -6.346241229,      -3.132961185
          0,           0,         195,      -8.726578392,      -5.433078104,      -6.374759094,      -3.162084161
          0,           0,         196,      -8.755932031,      -5.462302683,      -6.403267989,      -3.191242079
          0,           0,         197,      -8.785321393,      -5.491569297,      -6.431769278,      -3.220434994
          0,           0,         198,       -8.81474654,      -5.520877893,      -6.460264414,      -3.249662975
          0,           0,         199,      -8.844207557,      -5.550228413,      -6.488754887,      -3.278926098
          0,           0,         200,      -8.873704485,      -5.579620813,       -6.51724217,      -3.308224435
          0,           0,         201,      -8.903237399,      -5.609055044,      -6.545727762,      -3.337558049
          0,           0,         202,      -8.932806393,      -5.638531073,      -6.574213242,      -3.366927061
          0,           0,         203,      -8.962411578,      -5.668048863,      -6.602700156,      -3.396331585
          0,           0,         204,      -8.992052999,      -5.697608383,      -6.631190105,      -3.425771709
          0,           0,         205,      -9.021730743,      -5.727209601,      -6.659684626,       -3.45524752
          0,           0,         206,      -9.051444948,      -5.756852501,      -6.688185369,       -3.48475919
          0,           0,         207,      -9.081195675,       -5.78653706,      -6.716693903,      -3.514306813
          0,           0,         208,      -9.110983039,      -5.816263262,      -6.745211807,      -3.543890514
          0,           0,         209,      -9.140807182,        -5.8460311,      -6.773740687,      -3.573510478
          0,           0,         210,      -9.170668165,      -5.875840562,      -6.802282077,       -3.60316681
          0,           0,         211,      -9.200566117,      -5.905691642,      -6.830837538,      -3.632859658
          0,           0,         212,      -9.230501141,      -5.935584342,       -6.85940865,      -3.662589172
          0,           0,         213,      -9.260473407,      -5.965518667,      -6.887997015,      -3.692355531
          0,           0,         214,      -9.290482991,       -5.99549462,      -6.916604044,      -3.722158874
          0,           0,         215,       -9.32053001,      -6.025512211,      -6.945231168,      -3.751999364
          0,           0,         216,      -9.350614617,      -6.055571454,      -6.973879991,      -3.781877191
          0,           0,         217,      -9.380736958,       -6.08567237,       -7.00255194,      -3.811792526
          0,           0,         218,       -9.41089712,      -6.115814969,      -7.031248405,       -3.84174551
          0,           0,         219,      -9.441095301,      -6.145999286,      -7.059970638,      -3.871736399
          0,           0,         220,      -9.471331587,      -6.176225338,      -7.088720058,      -3.901765242
          0,           0,         221,      -9.501606136,      -6.206493165,       -7.11749829,       -3.93183241
          0,           0,         222,      -9.531919108,      -6.236802796,      -7.146306265,      -3.961937914
          0,           0,         223,      -9.562270635,      -6.267154265,      -7.175145407,      -3.992082005
          0,           0,         224,      -9.592660945,      -6.297547626,      -7.204016771,      -4.022264969
          0,           0,         225,      -9.623090054,      -6.327982911,      -7.232921959,      -4.052486907
          0,           0,         226,      -9.653558225,      -6.358460169,      -7.261861827,      -4.082748015
          0,           0,         227,      -9.684065632,       -6.38897945,      -7.290837347,      -4.113048534
          0,           0,         228,      -9.714612247,      -6.419540818,      -7.319850123,      -4.143388588
          0,           0,         229,      -9.745198542,      -6.450144316,      -7.348900655,      -4.173768542
          0,           0,         230,      -9.775824497,      -6.480790028,      -7.377990637,        -4.2041885
          0,           0,         231,        -9.8064902,      -6.511477989,      -7.407120507,      -4.234648545
          0,           0,         232,      -9.837196098,      -6.542208282,      -7.436291155,      -4.265149109
          0,           0,         233,         -9.867942,      -6.572981007,      -7.465504338,      -4.295690315
          0,           0,         234,      -9.898728485,      -6.603796211,      -7.494760641,      -4.326272461
          0,           0,         235,      -9.929555317,      -6.634653952,      -7.524060248,      -4.356895544
          0,           0,         236,      -9.960423212,      -6.665554369,      -7.553404743,      -4.387560044
          0,           0,         237,      -9.991331867,      -6.696497513,      -7.582794731,      -4.418266015
          0,           0,         238,      -10.02228182,      -6.727483497,      -7.612230942,      -4.449013827
          0,           0,         239,       -10.0532729,      -6.758512404,      -7.641714333,      -4.479803543
          0,           0,         240,      -10.08430583,      -6.789584314,      -7.671245898,      -4.510635402
          0,           0,         241,      -10.11538039,      -6.820699358,      -7.700825296,      -4.541509715
          0,           0,         242,      -10.14649643,      -6.851857642,       -7.73045457,      -4.572426608
          0,           0,         243,      -10.17765546,      -6.883059272,      -7.760133561,      -4.603386469
          0,           0,         244,      -10.20885654,       -6.91430439,      -7.789863311,      -4.634389688
          0,           0,         245,      -10.24010028,      -6.945593071,      -7.819644041,      -4.665436071
          0,           0,         246,      -10.27138682,      -6.976925458,      -7.849476485,      -4.696526085
          0,           0,         247,      -10.30271645,      -7.008301718,      -7.879362206,      -4.727660033
          0,           0,         248,      -10.33408896,      -7.039721924,      -7.909300365,      -4.758837825
          0,           0,         249,      -10.36550569,      -7.071186211,      -7.939290819,      -4.790060056
          0,           0,         250,      -10.39696619,      -7.102694816,      -7.969337193,      -4.821327132
          0,           0,         251,      -10.42847026,      -7.134247844,      -7.999437441,        -4.8526392
          0,           0,         252,      -10.46001811,      -7.165845431,      -8.029592973,      -4.883995752
          0,           0,         253,      -10.49161186,      -7.197487792,      -8.059804606,      -4.915399064
          0,           0,         254,      -10.52324984,      -7.229174922,      -8.090070734,      -4.946846976
          0,           0,         255,      -10.55493275,      -7.260907062,      -8.120394008,      -4.978340318
          0,           0,         256,      -10.58666101,      -7.292684554,      -8.150774439,      -5.009880537
          0,           0,         257,      -10.61843491,      -7.324507458,       -8.18121427,      -5.041467146
          0,           0,         258,      -10.65025373,      -7.356375836,      -8.211707928,      -5.073099903
          0,           0,         259,      -10.68211986,      -7.388289954,      -8.242261082,      -5.104780527
          0,           0,         260,        -10.714032,      -7.420250047,      -8.272874037,      -5.136507489
          0,           0,         261,      -10.74599155,      -7.452256533,      -8.303546174,      -5.168283374
          0,           0,         262,       -10.7779988,      -7.484309172,      -8.334275968,      -5.200106271
          0,           0,         263,       -10.8100524,      -7.516408464,      -8.365067595,      -5.231977589
          0,           0,         264,      -10.84215118,       -7.54855449,      -8.395918555,      -5.263896082
          0,           0,         265,      -10.87429951,      -7.580747529,      -8.426828063,      -5.295864146
          0,           0,         266,       -10.9064987,      -7.612987633,      -8.457797922,      -5.327881048
          0,           0,         267,      -10.93874319,      -7.645275618,      -8.488831923,      -5.359948541
          0,           0,         268,      -10.97103726,      -7.677611017,      -8.519927985,      -5.392064375
          0,           0,         269,       -11.0033824,       -7.70999426,      -8.551082291,      -5.424230321
          0,           0,         270,       -11.0357744,      -7.742426038,      -8.582303684,      -5.456448073
          0,           0,         271,       -11.0682223,      -7.774905892,      -8.613580436,      -5.488715157
          0,           0,         272,      -11.10071431,      -7.807434433,      -8.644924796,      -5.521031997
          0,           0,         273,      -11.13325751,      -7.840012382,      -8.676334822,       -5.55340201
          0,           0,         274,        -11.165853,      -7.872638944,       -8.70780319,      -5.585821529
          0,           0,         275,      -11.19849967,      -7.905315296,      -8.739338235,       -5.61829722
          0,           0,         276,      -11.23119667,      -7.938040604,      -8.770935551,      -5.650816114
          0,           0,         277,      -11.26394693,      -7.970816842,       -8.80259436,      -5.683393253
          0,           0,         278,      -11.29675246,      -8.003643089,      -8.834323401,      -5.716027074
          0,           0,         279,      -11.32960475,      -8.036520575,      -8.866113555,      -5.748713517
          0,           0,         280,      -11.36251199,      -8.069447926,      -8.897979154,      -5.781449542
          0,           0,         281,      -11.39547526,      -8.102426435,      -8.929890568,      -5.814237962
          0,           0,         282,      -11.42848748,      -8.135456674,       -8.96188127,      -5.847080905
          0,           0,         283,      -11.46156126,      -8.168538571,      -8.993947013,      -5.879984964
          0,           0,         284,      -11.49468058,      -8.201673416,      -9.026072079,       -5.91294477
          0,           0,         285,      -11.52786266,      -8.234858372,      -9.058236042,      -5.945949284
          0,           0,         286,      -11.56108838,      -8.268098128,      -9.090513499,      -5.979020225
          0,           0,         287,      -11.59438458,      -8.301388161,      -9.122824601,      -6.012132222
          0,           0,         288,       -11.6277287,      -8.334733616,      -9.155216446,      -6.045311988
          0,           0,         289,      -11.66113114,      -8.368131786,      -9.187677248,      -6.078554055
          0,           0,         290,      -11.69458593,      -8.401583804,      -9.220215768,      -6.111845762
          0,           0,         291,      -11.72809648,      -8.435089885,      -9.252804026,      -6.145196995
          0,           0,         292,      -11.76166769,      -8.468649519,      -9.285460853,      -6.178598488
          0,           0,         293,      -11.79529686,      -8.502263614,      -9.318200917,      -6.212058665
          0,           0,         294,      -11.82898926,      -8.535929391,      -9.350962277,      -6.245569463
          0,           0,         295,      -11.86271814,      -8.569656683,      -9.383878845,      -6.279165987
          0,           0,         296,      -11.89654795,      -8.603434776,      -9.416792258,      -6.312799768
          0,           0,         297,      -11.93041056,      -8.637267643,      -9.449815718,      -6.346506319
          0,           0,         298,      -11.96429315,      -8.671159825,      -9.482914542,      -6.380258717
          0,           0,         299,      -11.99829416,      -8.705104414,      -9.516045228,      -6.414075352
          0,           0,         300,      -12.03231193,      -8.739106239,      -9.549271501,      -6.447950866
          0,           0,         301,      -12.06639299,      -8.773163968,      -9.582546556,      -6.481868178
          0,           0,         302,      -12.10054318,      -8.807276525,      -9.615908934,      -6.515887088
          0,           0,         303,      -12.13475621,      -8.841444201,      -9.649327115,      -6.549924311
          0,           0,         304,      -12.16903624,      -8.875672043,       -9.68287333,      -6.584041708
          0,           0,         305,      -12.20334414,      -8.909951567,      -9.716368244,      -6.618212545
          0,           0,         306,      -12.23775448,      -8.944291846,        -9.7500281,      -6.652460733
          0,           0,         307,      -12.27217825,      -8.978683693,      -9.783767868,      -6.686748413
          0,           0,         308,      -12.30671234,      -9.013133023,        -9.8175439,      -6.721104291
          0,           0,         309,      -12.34119407,      -9.047641372,      -9.851382314,      -6.755523848
          0,           0,         310,      -12.37581785,      -9.082201022,      -9.885390887,      -6.789988911
          0,           0,         311,      -12.41052016,      -9.116815517,      -9.919283419,      -6.824532529
          0,           0,         312,      -12.44519869,      -9.151488162,      -9.953347576,      -6.859123323
          0,           0,         313,      -12.48002868,      -9.186207042,      -9.987545511,      -6.893748177
          0,           0,         314,       -12.5148905,      -9.220995407,      -10.02177725,      -6.928558969
          0,           0,         315,      -12.54969787,      -9.255822994,      -10.05604298,      -6.963274434
          0,           0,         316,      -12.58464252,      -9.290702599,       -10.0902305,      -6.998039305
          0,           0,         317,       -12.6195492,      -9.325638295,      -10.12474191,       -7.03294837
          0,           0,         318,      -12.65461427,      -9.360620031,      -10.15917319,      -7.067896828
          0,           0,         319,      -12.68967588,      -9.395643586,       -10.1936309,      -7.102815413
          0,           0,         320,      -12.72476808,      -9.430740803,      -10.22843831,      -7.137963922
          0,           0,         321,      -12.75977408,      -9.465854072,      -10.26300142,      -7.172919909
          0,           0,         322,      -12.79516891,      -9.501032065,      -10.29766165,      -7.208149094
          0,           0,         323,      -12.83015054,      -9.536238219,      -10.33237906,      -7.243202725
          0,           0,         324,      -12.86537593,       -9.57149329,      -10.36729917,      -7.278412682
          0,           0,         325,      -12.90070058,      -9.606785909,      -10.40229404,      -7.313742573
          0,           0,         326,      -12.93592633,      -9.642083128,      -10.43684004,      -7.348847688
          0,           0,         327,      -12.97141286,      -9.677474391,      -10.47241375,      -7.384474566
          0,           0,         328,       -13.0066976,       -9.71285109,      -10.50726781,      -7.419862077
          0,           0,         329,      -13.04184472,      -9.748279143,      -10.54246136,       -7.45513095
          0,           0,         330,      -13.07757275,      -9.783680496,      -10.57741516,      -7.490447755
          0,           0,         331,       -13.1124857,      -9.819178211,       -10.6125348,      -7.526034025
          0,           0,         332,      -13.14783714,      -9.854602788,      -10.64738747,      -7.561352887
          0,           0,         333,       -13.1828645,      -9.890105504,      -10.68339516,      -7.596788556
          0,           0,         334,       -13.2182388,      -9.925575133,      -10.71782219,      -7.632296759
          0,           0,         335,      -13.25348247,      -9.961040783,      -10.75356239,      -7.667639353
          0,           0,         336,      -13.28875268,      -9.996529874,      -10.78840051,      -7.703245839
          0,           0,         337,      -13.32371275,      -10.03200049,      -10.82373959,      -7.738832007
          0,           0,         338,      -13.35875613,      -10.06740768,      -10.85958136,      -7.774231863
          0,           0,         339,      -13.39319838,      -10.10282179,      -10.89481727,      -7.809546011
          0,           0,         340,      -13.42843364,      -10.13819211,      -10.92959617,       -7.84470681
          0,           0,         341,      -13.46284651,      -10.17347368,      -10.96495233,      -7.879849652
          0,           0,         342,      -13.49736239,      -10.20886532,      -10.99981542,      -7.915450839
          0,           0,         343,      -13.53192247,      -10.24398607,      -11.03583579,      -7.950337559
          0,           0,         344,       -13.5659931,      -10.27907858,      -11.06945996,      -7.984863929
          0,           0,         345,      -13.60073982,      -10.31417364,      -11.10529291,      -8.020509181
          0,           0,         346,      -13.63341497,      -10.34891931,      -11.13942148,      -8.054079811
          0,           0,         347,      -13.66763466,      -10.38391811,      -11.17550347,      -8.089188265
          0,           0,         348,       -13.7007158,      -10.41852257,      -11.20843288,      -8.123025576
          0,           0,         349,      -13.73421843,       -10.4532972,      -11.24379311,      -8.158659309
          0,           0,         350,      -13.76607048,      -10.48770349,      -11.27676251,      -8.191458245
          0,           0,         351,      -13.79860037,      -10.52174083,       -11.3091839,      -8.224868971
          0,           0,         352,      -13.83072203,      -10.55601771,      -11.34484169,      -8.259489405
          0,           0,         353,      -13.86343186,      -10.58994203,      -11.38044818,      -8.293322452
          0,           0,         354,      -13.89302628,      -10.62361252,       -11.4115932,      -8.325466948
          0,           0,         355,      -13.92518631,      -10.65697357,      -11.44410232,      -8.358212734
          0,           0,         356,      -13.95627008,      -10.69026824,      -11.47457539,      -8.389977193
          0,           0,         357,      -13.98703721,      -10.72336811,      -11.50890081,      -8.423044075
          0,           0,         358,      -14.01585869,      -10.75626164,      -11.54037685,      -8.454075218
          0,           0,         359,      -14.04342062,      -10.78860058,      -11.57170356,      -8.485365702
          0,           0,         360,      -14.06789138,      -10.82032144,      -11.60116108,      -8.511826771
          0,           0,         361,      -14.09954952,      -10.85282563,      -11.63111736,      -8.546389015
          0,           0,         362,      -14.12751702,       -10.8841339,      -11.66312229,      -8.574456301
          0,           0,         363,      -14.15130034,      -10.91537966,      -11.68956353,      -8.602388318
          0,           0,         364,      -14.17969872,      -10.94611715,      -11.72151191,      -8.630236177
          0,           0,         365,      -14.20271325,      -10.97718005,      -11.74468906,      -8.657317257
          0,           0,         366,      -14.23191979,      -11.00754046,      -11.77229117,      -8.687064882
          0,           0,         367,       -14.2493888,      -11.03663831,      -11.79709494,      -8.706516227
          0,           0,         368,      -14.27253283,      -11.06666541,      -11.82445452,       -8.73568046
          0,           0,         369,       -14.2966505,      -11.09589215,      -11.84663497,      -8.760676539
          0,           0,         370,       -14.3108592,      -11.12431435,      -11.86810196,      -8.779821413
          0,           0,         371,      -14.33904942,       -11.1540007,      -11.89334087,      -8.810806724
          0,           0,         372,      -14.35656908,      -11.18229952,      -11.91364222,      -8.829742035
          0,           0,         373,      -14.36971877,      -11.20956643,      -11.92905868,       -8.84310651
          0,           0,         374,      -14.39245284,      -11.23634947,      -11.95265472,      -8.864092832
          0,           0,         375,      -14.41663817,      -11.26422074,       -11.9720419,      -8.892343357
          0,           0,         376,      -14.41487735,      -11.29027233,      -11.97876619,      -8.900287133
          0,           0,         377,      -14.43360394,      -11.31648522,      -12.00175588,      -8.913760579
          0,           0,         378,      -14.45353188,      -11.34278372,      -12.01499003,      -8.939621666
          0,           0,         379,      -14.46990024,      -11.36852851,      -12.03604402,      -8.955136366
          0,           0,         380,      -14.48505185,       -11.3950034,        -12.045533,      -8.973572199
          0,           0,         381,      -14.48953117,      -11.41999778,      -12.06228118,      -8.983987364
          0,           0,         382,      -14.49407056,      -11.44108183,      -12.06399013,      -8.978561058
          0,           0,         383,      -14.51643682,      -11.47003788,       -12.0687224,      -9.012189215
          0,           0,         384,      -14.51921261,      -11.49306045,      -12.08830973,      -9.016964772
          0,           0,         385,      -14.53035926,      -11.51411184,      -12.08720159,      -9.018989197
          0,           0,         386,      -14.54152795,      -11.53736252,       -12.1018169,      -9.034456342
          0,           0,         387,      -14.55025711,      -11.56336018,      -12.10942617,      -9.046521888
          0,           0,         388,      -14.55237429,      -11.58385354,      -12.11844361,      -9.047450985
          0,           0,         389,      -14.56108019,      -11.60707163,      -12.12076344,      -9.056206438
          0,           0,         390,      -14.56318911,      -11.62923984,      -12.13228482,      -9.065028378
          0,           0,         391,      -14.54526118,      -11.64407214,      -12.11737222,      -9.048718926
          0,           0,         392,      -14.56884249,      -11.66812693,      -12.13359685,      -9.065534655
          0,           0,         393,       -14.5820812,      -11.69042138,      -12.13930901,      -9.081622964
          0,           0,         394,      -14.57572856,      -11.71054627,      -12.14778022,      -9.077577877
          0,           0,         395,      -14.57838094,      -11.73129367,      -12.16517264,      -9.088567119
          0,           0,         396,      -14.56679211,      -11.74610341,      -12.12864767,      -9.070297146
          0,           0,         397,      -14.56066647,      -11.76051805,      -12.15023854,      -9.074214752
          0,           0,         398,      -14.57339993,      -11.78041697,      -12.15102401,      -9.091182538
          0,           0,         399,      -14.60051402,      -11.80612739,      -12.16474949,      -9.114425793
          0,           0,         400,      -14.60881681,      -11.82094339,       -12.1667814,      -9.104969944
          0,           0,         401,      -14.59487613,       -11.8369202,      -12.17796169,      -9.110924887
          0,           0,         402,      -14.59918317,      -11.84980852,      -12.17492431,      -9.109933827
          0,           0,         403,      -14.61297807,      -11.87011524,      -12.17015743,      -9.116626828
          0,           0,         404,      -14.60174241,      -11.88038997,      -12.16042779,      -9.105756028
          0,           0,         405,      -14.61296417,      -11.89913386,      -12.18241792,      -9.121990383
          0,           0,         406,      -14.60078905,      -11.91450064,      -12.16910942,      -9.119004975
          0,           0,         407,      -14.60309833,       -11.9212086,      -12.16945659,      -9.109758349
          0,           0,         408,      -14.59192085,       -11.9208675,      -12.16928926,      -9.100456749
          0,           0,         409,      -14.61174792,      -11.94538306,      -12.17524602,      -9.119659719
          0,           0,         410,      -14.61397539,      -11.94508365,       -12.1792683,      -9.117425306
          0,           0,         411,      -14.61769959,      -11.96796883,      -12.17382472,      -9.122760277
          0,           0,         412,       -14.6049818,       -11.9673509,      -12.19262496,      -9.119606229
          0,           0,         413,      -14.61010968,      -11.97826878,      -12.17623384,      -9.112670584
          0,           0,         414,      -14.61232792,      -11.98605739,       -12.1746956,      -9.110121352
          0,           0,         415,      -14.61454792,        -11.992844,      -12.17061188,      -9.119937068
          0,           0,         416,       -14.6207801,      -12.00488575,      -12.18031174,      -9.123961706
          0,           0,         417,      -14.61696077,      -12.00340964,      -12.17945057,      -9.122235514
          0,           0,         418,      -14.62106802,      -12.02355974,      -12.18747198,      -9.127050269
          0,           0,         419,      -14.60534305,      -12.01042276,      -12.18452436,      -9.114282132
          0,           0,         420,      -14.62093041,      -12.02687478,      -12.18206995,      -9.128387492
          0,           0,         421,      -14.60339181,       -12.0150951,        -12.165204,      -9.099306656
          0,           0,         422,      -14.62105374,      -12.03247875,       -12.1833285,      -9.123894937
          0,           0,         423,      -14.62946445,      -12.04380319,      -12.19073468,      -9.133755443
          0,           0,         424,       -14.6134926,      -12.04098896,      -12.17203908,      -9.122503975
          0,           0,         425,        -14.625951,      -12.04517508,      -12.18752841,      -9.132008756
          0,           0,         426,      -14.61408941,      -12.04828797,       -12.1689537,      -9.119619107
          0,           0,         427,      -14.61378215,      -12.03740842,      -12.16494951,      -9.116227623
          0,           0,         428,      -14.62045783,      -12.04179559,      -12.18789402,      -9.113922092
          0,           0,         429,      -14.62832306,      -12.06113396,      -12.19054763,      -9.133716419
          0,           0,         430,      -14.61975291,      -12.06181581,      -12.18065798,      -9.129291022
          0,           0,         431,      -14.61409958,      -12.05139302,      -12.18564423,      -9.126149181
          0,           0,         432,      -14.60856586,      -12.05012905,      -12.17823393,      -9.118136599
          0,           0,         433,      -14.62717729,      -12.06311925,       -12.1755981,      -9.131836005
          0,           0,         434,      -14.60620484,      -12.05934011,      -12.16743344,      -9.117282643
          0,           0,         435,      -14.59586227,      -12.04845598,      -12.17161711,      -9.109965078
          0,           0,         436,      -14.59869758,      -12.04103166,      -12.18479852,      -9.105305865
          0,           0,         437,      -14.62668118,      -12.06200704,      -12.18637864,      -9.127548192
          0,           0,         438,      -14.61264278,      -12.05293504,      -12.17782038,      -9.117197932
          0,           0,         439,      -14.61485946,       -12.0535803,      -12.18323913,       -9.12120316
          0,           0,         440,      -14.61393016,      -12.06029369,      -12.17380774,      -9.122714543
          0,           0,         441,       -14.6012933,       -12.0290131,      -12.18302558,      -9.097933835
          0,           0,         442,      -14.60781238,      -12.06538022,      -12.17451231,      -9.112552953
          0,           0,         443,      -14.61446578,      -12.04991903,      -12.18225151,      -9.120052984
          0,           0,         444,      -14.61801328,      -12.06653636,      -12.17822316,      -9.125989801
          0,           0,         445,      -14.62961379,      -12.07065235,        -12.199169,      -9.138325609
          0,           0,         446,      -14.61367524,      -12.07306026,      -12.17002001,      -9.118907437
          0,           0,         447,      -14.60429345,       -12.0661555,      -12.17476192,       -9.12849017
          0,           0,         448,       -14.6211873,      -12.06670301,      -12.19543219,      -9.130127328
          0,           0,         449,      -14.61729057,      -12.06515607,      -12.17664659,      -9.119908129
          0,           0,         450,      -14.61386481,      -12.07104035,      -12.17576107,      -9.124522256
          0,           0,         451,      -14.61122329,      -12.05701122,      -12.18465687,       -9.12289836
          0,           0,         452,      -14.61571031,      -12.06257479,      -12.18860101,       -9.12340187
          0,           0,         453,       -14.6003489,      -12.04090074,      -12.19229369,      -9.121451855
          0,           0,         454,      -14.60737048,      -12.06444712,      -12.18047242,      -9.115283172
          0,           0,         455,      -14.62044137,      -12.05978184,      -12.18392578,       -9.12506774
          0,           0,         456,      -14.62534745,      -12.08159158,      -12.18480509,      -9.140165014
          0,           0,         457,      -14.62251169,      -12.07747332,      -12.18477555,      -9.130849058
          0,           0,         458,      -14.61668114,      -12.06085227,      -12.17456415,      -9.119666377
          0,           0,         459,      -14.63608833,      -12.09094344,      -12.19270665,      -9.143075215
          0,           0,         460,      -14.61897285,      -12.05209866,      -12.18636893,       -9.12150856
          0,           0,         461,       -14.6207925,      -12.06243488,      -12.19052608,      -9.130365085
          0,           0,         462,      -14.61478289,      -12.06846939,      -12.17707461,      -9.123932086
          0,           0,         463,      -14.60317368,      -12.06055274,      -12.17723104,      -9.116889197
          0,           0,         464,       -14.6048077,      -12.04745172,      -12.17202838,      -9.106941955
          0,           0,         465,      -14.60433602,      -12.05492441,      -12.17463588,      -9.111795829
          0,           0,         466,      -14.60765043,      -12.05525984,      -12.18454276,      -9.112029345
          0,           0,         467,      -14.61055195,       -12.0608313,      -12.18226309,      -9.124390953
          0,           0,         468,      -14.61268683,      -12.07329174,      -12.17506693,      -9.126558672
          0,           0,         469,      -14.61632517,      -12.05675696,      -12.18554408,      -9.119500845
          0,           0,         470,      -14.61432765,      -12.05595691,       -12.1866319,      -9.123711665
          0,           0,         471,      -14.60978518,      -12.05963168,      -12.18970707,      -9.123160458
          0,           0,         472,      -14.62518604,      -12.08105372,      -12.17978052,      -9.130222953
          0,           0,         473,      -14.62350493,      -12.06655036,      -12.18696072,       -9.12766802
          0,           0,         474,       -14.6161472,      -12.07254985,      -12.19821139,      -9.126226134
          0,           0,         475,      -14.61743828,      -12.05868951,      -12.18424419,      -9.124083692
          0,           0,         476,      -14.62011521,      -12.07003463,      -12.18296962,      -9.130272201
          0,           0,         477,      -14.60563764,      -12.05242012,      -12.17721322,      -9.118193524
          0,           0,         478,      -14.61162844,      -12.06496744,      -12.17554978,      -9.128827606
          0,           0,         479,      -14.61557447,      -12.05942701,      -12.17827714,      -9.118092495
          0,           0,         480,      -14.60905776,      -12.07373772,      -12.18022842,       -9.12586881
          0,           0,         481,      -14.62990705,      -12.07539089,      -12.19236273,      -9.135863462
          0,           0,         482,      -14.62204705,      -12.06831743,      -12.19519646,      -9.130056162
          0,           0,         483,      -14.61172318,      -12.06109396,      -12.18712724,      -9.124120226
          0,           0,         484,      -14.62047851,      -12.08486596,      -12.18761794,      -9.131576078
          0,           0,         485,      -14.62477869,      -12.06561415,      -12.19002037,       -9.12737032
          0,           0,         486,      -14.61629945,      -12.06710602,      -12.18367254,      -9.120545159
          0,           0,         487,      -14.62210343,      -12.08354455,      -12.17838096,       -9.12794924
          0,           0,         488,      -14.61984295,      -12.08001763,      -12.18962881,      -9.138089079
          0,           0,         489,      -14.62579624,      -12.07924718,      -12.17579016,      -9.132090822
          0,           0,         490,      -14.60716768,       -12.0576969,      -12.18131265,      -9.117589899
          0,           0,         491,      -14.62472068,      -12.06504492,      -12.17289976,      -9.129028274
          0,           0,         492,       -14.6066938,      -12.04652696,      -12.18811603,      -9.118387071
          0,           0,         493,      -14.61886387,      -12.07150811,      -12.18613051,       -9.12872005
          0,           0,         494,      -14.62508574,      -12.07358631,      -12.19551563,      -9.130340956
          0,           0,         495,      -14.62201651,      -12.08113591,      -12.18100512,      -9.131150347
          0,           0,         496,       -14.6229193,       -12.0731116,      -12.19148791,      -9.133078673
          0,           0,         497,      -14.60293758,      -12.04431205,      -12.18778551,      -9.106834263
          0,           0,         498,       -14.6248693,      -12.06810084,       -12.1932319,      -9.134956807
          0,           0,         499,      -14.62489638,      -12.07375432,      -12.18733047,      -9.130056581
          0,           0,         500,      -14.62180428,      -12.06276604,      -12.19456455,        -9.1260029
          0,           0,         501,      -14.62136459,      -12.07835171,      -12.19713454,      -9.129284102
          0,           0,         502,      -14.62399325,      -12.06622183,      -12.19745874,      -9.131743016
          0,           0,         503,      -14.61528934,      -12.04113237,      -12.19754786,      -9.116734251
          0,           0,         504,      -14.62479821,      -12.06506873,      -12.19273701,      -9.131586286
          0,           0,         505,      -14.62591191,      -12.06416034,      -12.19329294,      -9.122773365
          0,           0,         506,      -14.61393208,      -12.05806474,      -12.19539922,      -9.117030268
          0,           0,         507,      -14.61165418,      -12.05208621,      -12.16717437,       -9.11310913
          0,           0,         508,      -14.59565728,       -12.0465437,      -12.19031478,      -9.103443903
          0,           0,         509,      -14.61131584,      -12.06524343,      -12.19906807,      -9.122302447
          0,           0,         510,      -14.62190063,      -12.07655586,      -12.18373855,      -9.125830497
          0,           0,         511,      -14.63410854,      -12.08429201,      -12.18375995,       -9.13357417
          0,           0,         512,      -14.60166709,      -12.06042177,      -12.16486673,      -9.113472701
          0,           0,         513,      -14.62029935,      -12.08719286,      -12.18018675,       -9.13750415
          0,           0,         514,      -14.61704272,      -12.06015068,      -12.18099403,      -9.121609792
          0,           0,         515,      -14.62657904,       -12.0704096,      -12.18467887,      -9.138605233
          0,           0,         516,      -14.61510515,       -12.0680096,      -12.18748606,      -9.122144643
          0,           0,         517,      -14.60957031,      -12.06565496,      -12.18165752,      -9.117877248
          0,           0,         518,      -14.62868016,      -12.06622405,      -12.19292602,      -9.137014565
          0,           0,         519,      -14.60972397,      -12.06906178,      -12.18636697,      -9.118739094
          0,           0,         520,      -14.61414783,      -12.07097667,      -12.18231378,      -9.123845385
          0,           0,         521,      -14.62136646,      -12.07570044,      -12.18937873,      -9.137310474
          0,           0,         522,        -14.601818,      -12.04590383,      -12.18362801,      -9.114955436
          0,           0,         523,      -14.61943974,      -12.07116846,      -12.17959581,      -9.129899762
          0,           0,         524,      -14.62148146,      -12.07984178,      -12.18999343,      -9.129375843
          0,           0,         525,      -14.62138384,      -12.07574236,      -12.17993156,      -9.135704701
          0,           0,         526,      -14.61614043,      -12.06405059,      -12.18555948,      -9.121176465
          0,           0,         527,      -14.59532156,      -12.05924485,      -12.17205066,      -9.105285565
          0,           0,         528,      -14.60272792,      -12.03372655,      -12.19394987,      -9.111619658
          0,           0,         529,      -14.61701031,      -12.05692972,      -12.18648984,      -9.119721494
          0,           0,         530,      -14.61685248,      -12.06979455,      -12.19098576,      -9.126475414
          0,           0,         531,       -14.6104948,      -12.05597407,      -12.19287199,        -9.1241486
          0,           0,         532,      -14.62514957,      -12.07124422,      -12.18487242,      -9.127885694
          0,           0,         533,      -14.62104989,      -12.05922765,      -12.18831127,      -9.127212562
          0,           0,         534,       -14.6209541,      -12.06282805,      -12.17869035,      -9.134285326
          0,           0,         535,      -14.61663318,      -12.06059064,      -12.18262889,      -9.117565539
          0,           0,         536,       -14.6018601,      -12.07705023,      -12.16832034,      -9.113757014
          0,           0,         537,      -14.60297796,      -12.06391032,      -12.16307565,      -9.110634348
          0,           0,         538,      -14.61023085,      -12.05146615,      -12.17906872,      -9.108836912
          0,           0,         539,      -14.61326617,      -12.05960046,      -12.19252185,      -9.120957572
          0,           0,         540,      -14.61865458,      -12.07855561,      -12.18005659,      -9.133231679
          0,           0,         541,       -14.6175489,      -12.05949422,      -12.18161411,      -9.126099199
          0,           0,         542,      -14.60706898,      -12.06289899,      -12.18504875,      -9.125350972
          0,           0,         543,      -14.62416907,      -12.06966753,       -12.1718448,      -9.128814413
          0,           0,         544,      -14.58806493,      -12.03167499,      -12.16244208,      -9.094738643
          0,           0,         545,      -14.61858903,      -12.05099084,      -12.18046747,      -9.126720896
          0,           0,         546,       -14.6330607,      -12.07552319,      -12.17562107,      -9.140785524
          0,           0,         547,      -14.60752217,      -12.05637488,      -12.17061767,      -9.108384892
          0,           0,         548,      -14.61111469,      -12.06740415,      -12.17565782,       -9.12315481
          0,           0,         549,       -14.6279196,      -12.07755032,      -12.19273682,      -9.130408167
          0,           0,         550,      -14.62372152,      -12.06090986,      -12.19058239,      -9.127025243
          0,           0,         551,      -14.63316892,      -12.07325941,       -12.2020532,      -9.134543535
          0,           0,         552,      -14.60260632,      -12.05413635,      -12.17918375,      -9.114137529
          0,           0,         553,      -14.62385614,      -12.06427037,      -12.18790834,       -9.13298505
          0,           0,         554,      -14.61226072,      -12.06619729,      -12.19624944,      -9.119632315
          0,           0,         555,      -14.61437883,      -12.06691109,       -12.1805615,      -9.134117516
          0,           0,         556,      -14.59846018,      -12.04610775,      -12.18308369,      -9.118547754
          0,           0,         557,      -14.61167639,      -12.06644227,      -12.18681431,      -9.123489338
          0,           0,         558,      -14.63721759,      -12.08141987,      -12.19653233,      -9.141148825
          0,           0,         559,      -14.61362665,      -12.07846061,      -12.18013793,      -9.120499811
          0,           0,         560,      -14.62112549,      -12.07401643,      -12.18815691,      -9.129683354
          0,           0,         561,      -14.61808106,      -12.07326332,      -12.18732872,      -9.131034619
          0,           0,         562,      -14.62346086,      -12.06269208,      -12.16545071,      -9.123628761
          0,           0,         563,      -14.60845996,      -12.06152858,      -12.16833584,      -9.110140375
          0,           0,         564,      -14.62939851,       -12.0711197,      -12.19150616,       -9.13611824
          0,           0,         565,      -14.62024702,      -12.06745875,      -12.17873054,      -9.124904206
          0,           0,         566,       -14.6142952,      -12.07115377,      -12.17859779,      -9.126900049
          0,           0,         567,      -14.61274361,      -12.07242375,      -12.17801775,      -9.117538604
          0,           0,         568,      -14.61935265,      -12.07012208,      -12.17558881,      -9.124566337
          0,           0,         569,      -14.63182765,      -12.07634667,      -12.19005125,      -9.131680053
          0,           0,         570,      -14.62661086,      -12.06530777,      -12.19480755,      -9.125783819
          0,           0,         571,      -14.60884778,      -12.04306643,      -12.18856889,      -9.107491031
          0,           0,         572,      -14.62348227,      -12.06683709,      -12.18364236,      -9.134038716
          0,           0,         573,      -14.61659809,      -12.07524868,      -12.17371048,      -9.125279181
          0,           0,         574,      -14.61634689,       -12.0636485,      -12.16747061,       -9.12372799
          0,           0,         575,      -14.62232002,      -12.06274507,      -12.18052085,      -9.124199805
          0,           0,         576,      -14.61544505,      -12.04950815,      -12.18773764,      -9.112070474
          0,           0,         577,      -14.60408949,      -12.05343018,      -12.18257131,      -9.118093981
          0,           0,         578,      -14.62172176,      -12.06627059,       -12.1894277,      -9.125265034
          0,           0,         579,      -14.61885934,      -12.06549567,      -12.20536011,      -9.129176471
          0,           0,         580,      -14.62175989,      -12.06674046,      -12.19823208,      -9.128768536
          0,           0,         581,       -14.6252664,      -12.06371301,      -12.18003642,      -9.122886629
          0,           0,         582,      -14.61724327,       -12.0659802,      -12.19765104,      -9.123761077
          0,           0,         583,      -14.60990095,      -12.05387774,      -12.18950905,       -9.11841398
          0,           0,         584,      -14.62424871,      -12.07379879,      -12.18792296,      -9.133365229
          0,           0,         585,      -14.63057085,      -12.06880935,      -12.18848499,      -9.141364577
          0,           0,         586,      -14.62280211,      -12.06189376,      -12.17583583,      -9.130062262
          0,           0,         587,      -14.61416143,      -12.04913355,      -12.18833967,      -9.119531428
          0,           0,         588,      -14.61461131,      -12.06866282,      -12.17637306,      -9.123380053
          0,           0,         589,      -14.60851878,      -12.05115947,      -12.17430186,      -9.113074546
          0,           0,         590,      -14.60073547,      -12.06050378,      -12.17462473,      -9.114290811
          0,           0,         591,      -14.60681121,      -12.04440032,      -12.17833025,      -9.115530407
          0,           0,         592,      -14.62231928,      -12.06247459,      -12.17602053,      -9.126318973
          0,           0,         593,      -14.61595091,        -12.068078,      -12.18506513,       -9.12403916
          0,           0,         594,      -14.61454591,      -12.06856817,       -12.1934263,      -9.125916346
          0,           0,         595,      -14.62364911,      -12.06856666,      -12.19252963,      -9.135666819
          0,           0,         596,      -14.60806893,      -12.06031177,      -12.17987772,      -9.115232538
          0,           0,         597,      -14.61568975,      -12.05986746,      -12.19560598,      -9.120964091
          0,           0,         598,      -14.61733081,      -12.05050595,      -12.19255621,      -9.118026417
          0,           0,         599,      -14.60544707,      -12.05988198,      -12.16871386,      -9.123258152
          0,           0,         600,       -14.5910072,      -12.05578093,      -12.18291022,       -9.10883604
