VARIABLES = \
"Time_Iter","Outer_Iter","Inner_Iter",    "rms[Rho]"    ,    "rms[RhoU]"   ,    "rms[RhoV]"   ,    "rms[RhoE]"   
          0,           0,           0,      -1.578375997,      0.6440477911,      0.9312044601,       3.881252206
          0,           0,           1,      -2.022136139,      0.3423313683,      0.5315522587,       3.456397098
          0,           0,           2,      -2.273792984,       0.120933996,      0.2840378972,       3.210311463
          0,           0,           3,      -2.432642703,     -0.0275661414,     0.08485014334,       3.051068445
          0,           0,           4,      -2.591299336,     -0.1684216409,    -0.09596926935,       2.891059842
          0,           0,           5,      -2.750689364,     -0.3040975961,     -0.2614995279,       2.729605651
          0,           0,           6,       -2.90343356,     -0.4269511627,     -0.4172038162,       2.574792172
          0,           0,           7,      -3.052490687,     -0.5438788405,     -0.5739698347,       2.424218729
          0,           0,           8,      -3.201299586,     -0.6506705299,     -0.7308607278,       2.274443263
          0,           0,           9,      -3.348094778,     -0.7455955862,     -0.8833071011,        2.12683882
          0,           0,          10,      -3.490566845,     -0.8313993113,      -1.031404712,       1.983455077
          0,           0,          11,      -3.627382954,      -0.909279412,       -1.17697582,       1.845771597
          0,           0,          12,      -3.758137991,     -0.9786716875,      -1.319929662,       1.714500316
          0,           0,          13,      -3.882134745,      -1.039580862,      -1.456409678,       1.590345648
          0,           0,          14,      -3.997851939,      -1.093592646,      -1.581552217,       1.474683331
          0,           0,          15,      -4.103502601,      -1.142663181,       -1.69471585,       1.369469977
          0,           0,          16,      -4.197000071,      -1.187811981,      -1.798230413,       1.277208919
          0,           0,          17,      -4.277125195,      -1.229385377,      -1.892546064,       1.199276499
          0,           0,          18,      -4.345281871,      -1.267929337,      -1.976172176,       1.133828321
          0,           0,          19,      -4.404670953,      -1.304432738,      -2.048544761,       1.076874656
          0,           0,          20,      -4.458319415,      -1.339980989,       -2.11108107,       1.024856022
          0,           0,          21,      -4.508369514,      -1.375367068,      -2.166384807,      0.9756423831
          0,           0,          22,      -4.556020809,      -1.410924885,      -2.217172828,      0.9284101497
          0,           0,          23,      -4.601655628,      -1.446593424,      -2.265378398,        0.88320092
          0,           0,          24,      -4.645248797,      -1.482106437,      -2.311834555,      0.8402920135
          0,           0,          25,      -4.686795094,       -1.51718628,      -2.356708956,      0.7997254676
          0,           0,          26,      -4.726427185,      -1.551647115,      -2.400181022,      0.7612621926
          0,           0,          27,      -4.764366761,      -1.585387473,       -2.44267677,      0.7245646867
          0,           0,          28,      -4.800843916,      -1.618333831,       -2.48466693,      0.6893479353
          0,           0,          29,       -4.83602898,      -1.650391148,      -2.526435406,      0.6554360296
          0,           0,          30,      -4.869987931,      -1.681434923,      -2.568030098,      0.6227500187
          0,           0,          31,      -4.902666559,      -1.711339427,      -2.609365722,      0.5912852055
          0,           0,          32,      -4.933924285,      -1.740018524,      -2.650307158,      0.5610863707
          0,           0,          33,      -4.963619345,      -1.767453557,      -2.690654117,      0.5322043175
          0,           0,          34,      -4.991693849,      -1.793696791,      -2.730060562,      0.5046563851
          0,           0,          35,       -5.01821928,       -1.81885421,      -2.767997947,      0.4784028987
          0,           0,          36,       -5.04338569,      -1.843060577,      -2.803847671,      0.4533458326
          0,           0,          37,      -5.067452649,      -1.866456192,      -2.837100192,      0.4293422773
          0,           0,          38,      -5.090691144,      -1.889171845,      -2.867547789,      0.4062263392
          0,           0,          39,       -5.11333875,      -1.911320661,      -2.895363674,      0.3838315609
          0,           0,          40,      -5.135577528,       -1.93299407,      -2.921016268,      0.3620091286
          0,           0,          41,      -5.157531274,      -1.954262225,      -2.945100058,      0.3406382941
          0,           0,          42,      -5.179272741,      -1.975176834,      -2.968170072,      0.3196307974
          0,           0,          43,      -5.200836272,      -1.995775371,      -2.990648542,      0.2989273747
          0,           0,          44,      -5.222230117,       -2.01608549,      -3.012801259,      0.2784915511
          0,           0,          45,       -5.24344659,      -2.036130024,      -3.034754855,      0.2583036915
          0,           0,          46,      -5.264472463,      -2.055930985,      -3.056540912,      0.2383505174
          0,           0,          47,      -5.285295711,      -2.075511213,      -3.078134499,      0.2186206274
          0,           0,          48,      -5.305911513,      -2.094896193,      -3.099484002,       0.199099116
          0,           0,          49,      -5.326325305,      -2.114114051,      -3.120535035,      0.1797652649
          0,           0,          50,      -5.346552878,      -2.133194503,      -3.141245554,      0.1605923267
          0,           0,          51,      -5.366618367,      -2.152168022,       -3.16159388,      0.1415493706
          0,           0,          52,      -5.386551606,      -2.171064606,      -3.181580278,      0.1226033987
          0,           0,          53,       -5.40638552,      -2.189912885,      -3.201226607,       0.103721224
          0,           0,          54,      -5.426153258,      -2.208739598,      -3.220574182,     0.08487133398
          0,           0,          55,      -5.445886883,      -2.227569427,      -3.239676305,     0.06602458658
          0,           0,          56,        -5.4656173,      -2.246424845,      -3.258592652,     0.04715382962
          0,           0,          57,      -5.485372594,      -2.265325992,      -3.277383274,     0.02823526735
          0,           0,          58,      -5.505178325,      -2.284290769,      -3.296108247,    0.009247830478
          0,           0,          59,      -5.525056125,       -2.30333491,      -3.314819394,   -0.009825789435
          0,           0,          60,      -5.545025506,      -2.322472321,      -3.333562722,    -0.02900083865
          0,           0,          61,      -5.565103403,      -2.341714934,      -3.352373698,    -0.04829036434
          0,           0,          62,      -5.585303488,       -2.36107266,      -3.371284933,    -0.06770466941
          0,           0,          63,      -5.605635812,      -2.380553668,      -3.390321475,      -0.087251027
          0,           0,          64,      -5.626107543,      -2.400164619,      -3.409502897,     -0.1069346612
          0,           0,          65,      -5.646727096,      -2.419910434,      -3.428840339,     -0.1267616178
          0,           0,          66,      -5.667497617,      -2.439794679,      -3.448348534,     -0.1467339179
          0,           0,          67,      -5.688420645,      -2.459819555,       -3.46803567,      -0.166852514
          0,           0,          68,       -5.70949714,      -2.479986218,      -3.487905475,     -0.1871179771
          0,           0,          69,      -5.730727291,      -2.500295027,       -3.50795741,      -0.207530313
          0,           0,          70,       -5.75210962,      -2.520745554,      -3.528192445,     -0.2280882506
          0,           0,          71,      -5.773640841,      -2.541336473,      -3.548613772,     -0.2487891958
          0,           0,          72,       -5.79531691,      -2.562066158,      -3.569220277,     -0.2696301209
          0,           0,          73,      -5.817136479,       -2.58293237,      -3.590002362,     -0.2906097581
          0,           0,          74,      -5.839097703,       -2.60393284,        -3.6109548,     -0.3117266789
          0,           0,          75,      -5.861196074,      -2.625064802,      -3.632075824,     -0.3329772455
          0,           0,          76,      -5.883426003,      -2.646325651,      -3.653360935,     -0.3543569484
          0,           0,          77,      -5.905783264,      -2.667712707,      -3.674804302,     -0.3758623719
          0,           0,          78,       -5.92826498,      -2.689223329,      -3.696398234,     -0.3974911144
          0,           0,          79,      -5.950867596,      -2.710855075,      -3.718139194,     -0.4192400689
          0,           0,          80,      -5.973587919,      -2.732605328,      -3.740017303,     -0.4411065635
          0,           0,          81,      -5.996424727,      -2.754471799,      -3.762028802,      -0.463089502
          0,           0,          82,      -6.019375109,      -2.776452243,      -3.784168765,     -0.4851863288
          0,           0,          83,      -6.042436528,      -2.798544615,      -3.806431356,     -0.5073947781
          0,           0,          84,      -6.065606622,      -2.820747071,      -3.828812914,     -0.5297128164
          0,           0,          85,      -6.088883914,      -2.843057907,      -3.851308673,     -0.5521388312
          0,           0,          86,      -6.112266925,      -2.865475629,      -3.873915405,     -0.5746713147
          0,           0,          87,      -6.135754043,      -2.887998842,      -3.896630299,      -0.597308735
          0,           0,          88,       -6.15934361,      -2.910626278,      -3.919450031,     -0.6200495779
          0,           0,          89,      -6.183034701,      -2.933356848,      -3.942372248,     -0.6428929336
          0,           0,          90,      -6.206826602,      -2.956189491,      -3.965395395,     -0.6658379301
          0,           0,          91,       -6.23071842,      -2.979123292,      -3.988516821,     -0.6888835815
          0,           0,          92,      -6.254709417,      -3.002157447,      -4.011734765,     -0.7120291102
          0,           0,          93,      -6.278798934,      -3.025291235,      -4.035047818,     -0.7352738169
          0,           0,          94,      -6.302986429,      -3.048523971,      -4.058454606,     -0.7586170961
          0,           0,          95,      -6.327271411,      -3.071855097,      -4.081953533,     -0.7820584178
          0,           0,          96,      -6.351652736,      -3.095284109,      -4.105545869,     -0.8055966553
          0,           0,          97,      -6.376129924,      -3.118810421,       -4.12922886,     -0.8292313238
          0,           0,          98,      -6.400703172,      -3.142433584,      -4.153000413,     -0.8529624668
          0,           0,          99,      -6.425371822,       -3.16615311,      -4.176859779,     -0.8767894689
          0,           0,         100,      -6.450135368,      -3.189968662,      -4.200805537,     -0.9007118334
          0,           0,         101,      -6.474994354,      -3.213880035,      -4.224838335,     -0.9247301159
          0,           0,         102,      -6.499946148,      -3.237886441,      -4.248960629,     -0.9488420162
          0,           0,         103,      -6.524990399,      -3.261987486,      -4.273169183,     -0.9730471347
          0,           0,         104,      -6.550127543,      -3.286182895,      -4.297462055,     -0.9973457708
          0,           0,         105,       -6.57535698,      -3.310472308,      -4.321839097,      -1.021737442
          0,           0,         106,      -6.600678412,      -3.334855365,      -4.346299319,       -1.04622182
          0,           0,         107,      -6.626091956,      -3.359331717,      -4.370842215,      -1.070798919
          0,           0,         108,      -6.651597005,      -3.383901027,      -4.395467509,      -1.095468452
          0,           0,         109,      -6.677192452,      -3.408562872,       -4.42017543,      -1.120229527
          0,           0,         110,      -6.702877564,      -3.433316858,      -4.444965575,      -1.145081513
          0,           0,         111,      -6.728651902,      -3.458162627,      -4.469837328,      -1.170024052
          0,           0,         112,      -6.754515057,      -3.483099823,      -4.494790125,      -1.195056821
          0,           0,         113,      -6.780466583,      -3.508128082,      -4.519823059,      -1.220179492
          0,           0,         114,       -6.80650612,      -3.533246999,      -4.544933301,      -1.245391905
          0,           0,         115,       -6.83263301,      -3.558456216,      -4.570124982,      -1.270693265
          0,           0,         116,      -6.858846647,      -3.583755394,      -4.595396764,       -1.29608319
          0,           0,         117,      -6.885146572,      -3.609144196,      -4.620747597,      -1.321561403
          0,           0,         118,      -6.911532323,      -3.634622264,      -4.646176828,       -1.34712757
          0,           0,         119,      -6.938003276,      -3.660189228,      -4.671684305,      -1.372781165
          0,           0,         120,      -6.964559616,      -3.685844791,      -4.697268164,      -1.398522382
          0,           0,         121,      -6.991200731,      -3.711588589,       -4.72292856,      -1.424350783
          0,           0,         122,      -7.017925213,      -3.737420138,      -4.748665313,      -1.450265335
          0,           0,         123,      -7.044732158,       -3.76333911,      -4.774479258,      -1.476265129
          0,           0,         124,      -7.071621329,      -3.789345156,      -4.800369989,      -1.502350006
          0,           0,         125,      -7.098592843,      -3.815437921,      -4.826336978,      -1.528520115
          0,           0,         126,      -7.125646458,      -3.841617036,      -4.852379717,      -1.554775237
          0,           0,         127,      -7.152781766,      -3.867882122,      -4.878497808,      -1.581115024
          0,           0,         128,      -7.179998252,      -3.894232797,        -4.9046909,      -1.607539071
          0,           0,         129,      -7.207295314,      -3.920668682,      -4.930958538,      -1.634046914
          0,           0,         130,      -7.234672294,      -3.947189413,      -4.957300053,       -1.66063804
          0,           0,         131,      -7.262128948,      -3.973794605,      -4.983716404,      -1.687312242
          0,           0,         132,      -7.289664667,      -4.000483844,      -5.010206575,      -1.714069008
          0,           0,         133,      -7.317279071,      -4.027256743,      -5.036769935,      -1.740908014
          0,           0,         134,      -7.344971765,      -4.054112917,      -5.063406226,      -1.767828904
          0,           0,         135,      -7.372742284,       -4.08105198,      -5.090115281,      -1.794831274
          0,           0,         136,      -7.400590165,      -4.108073538,      -5.116896859,      -1.821914723
          0,           0,         137,      -7.428514968,      -4.135177196,       -5.14375067,      -1.849078871
          0,           0,         138,      -7.456516267,      -4.162362559,      -5.170676433,      -1.876323338
          0,           0,         139,      -7.484593624,       -4.18962923,      -5.197673876,      -1.903647736
          0,           0,         140,      -7.512746608,       -4.21697681,      -5.224742717,      -1.931051674
          0,           0,         141,      -7.540974793,      -4.244404898,      -5.251882661,      -1.958534762
          0,           0,         142,      -7.569277766,      -4.271913096,      -5.279093404,      -1.986096617
          0,           0,         143,      -7.597655113,      -4.299501001,      -5.306374647,      -2.013736851
          0,           0,         144,      -7.626106424,      -4.327168211,      -5.333726088,      -2.041455078
          0,           0,         145,      -7.654631288,       -4.35491432,      -5.361147434,      -2.069250907
          0,           0,         146,      -7.683229295,      -4.382738922,      -5.388638384,      -2.097123945
          0,           0,         147,      -7.711900038,      -4.410641612,      -5.416198643,      -2.125073799
          0,           0,         148,      -7.740643113,       -4.43862198,      -5.443827913,      -2.153100073
          0,           0,         149,       -7.76945812,      -4.466679619,      -5.471525896,      -2.181202375
          0,           0,         150,      -7.798344659,      -4.494814119,      -5.499292293,      -2.209380306
          0,           0,         151,      -7.827302332,      -4.523025069,      -5.527126806,      -2.237633472
          0,           0,         152,      -7.856330744,      -4.551312058,       -5.55502913,      -2.265961473
          0,           0,         153,      -7.885429504,      -4.579674674,      -5.582998966,      -2.294363912
          0,           0,         154,      -7.914598225,      -4.608112507,      -5.611036008,      -2.322840394
          0,           0,         155,      -7.943836512,      -4.636625143,      -5.639139954,      -2.351390516
          0,           0,         156,      -7.973143986,      -4.665212171,      -5.667310497,       -2.38001388
          0,           0,         157,      -8.002520263,      -4.693873179,      -5.695547334,       -2.40871009
          0,           0,         158,      -8.031964962,      -4.722607754,      -5.723850153,      -2.437478745
          0,           0,         159,      -8.061477707,      -4.751415486,      -5.752218657,      -2.466319447
          0,           0,         160,      -8.091058116,      -4.780295962,      -5.780652531,      -2.495231795
          0,           0,         161,      -8.120705825,      -4.809248773,       -5.80915147,      -2.524215392
          0,           0,         162,      -8.150420461,      -4.838273509,      -5.837715174,      -2.553269842
          0,           0,         163,      -8.180201655,      -4.867369762,      -5.866343337,      -2.582394747
          0,           0,         164,      -8.210049036,      -4.896537122,      -5.895035642,      -2.611589708
          0,           0,         165,      -8.239962253,      -4.925775184,        -5.9237918,      -2.640854332
          0,           0,         166,      -8.269940939,      -4.955083542,        -5.9526115,      -2.670188227
          0,           0,         167,      -8.299984729,       -4.98446179,      -5.981494442,      -2.699590989
          0,           0,         168,      -8.330093288,      -5.013909528,      -6.010440326,      -2.729062239
          0,           0,         169,       -8.36026625,      -5.043426352,      -6.039448848,      -2.758601576
          0,           0,         170,       -8.39050326,      -5.073011862,      -6.068519703,       -2.78820861
          0,           0,         171,      -8.420803985,      -5.102665661,      -6.097652601,      -2.817882958
          0,           0,         172,      -8.451168077,      -5.132387351,      -6.126847247,       -2.84762423
          0,           0,         173,      -8.481595186,      -5.162176538,      -6.156103348,      -2.877432038
          0,           0,         174,       -8.51208498,      -5.192032829,      -6.185420601,      -2.907305999
          0,           0,         175,      -8.542637126,      -5.221955831,      -6.214798731,      -2.937245732
          0,           0,         176,      -8.573251295,      -5.251945157,      -6.244237431,      -2.967250861
          0,           0,         177,      -8.603927135,      -5.282000418,       -6.27373641,      -2.997320994
          0,           0,         178,       -8.63466434,       -5.31212123,       -6.30329541,      -3.027455764
          0,           0,         179,      -8.665462577,       -5.34230721,      -6.332914117,      -3.057654799
          0,           0,         180,      -8.696321531,      -5.372557977,      -6.362592255,      -3.087917722
          0,           0,         181,      -8.727240878,      -5.402873153,      -6.392329573,      -3.118244162
          0,           0,         182,      -8.758220283,       -5.43325236,      -6.422125765,      -3.148633743
          0,           0,         183,      -8.789259458,      -5.463695223,      -6.451980561,      -3.179086106
          0,           0,         184,      -8.820358079,      -5.494201375,      -6.481893679,       -3.20960089
          0,           0,         185,      -8.851515852,      -5.524770442,       -6.51186486,      -3.240177731
          0,           0,         186,      -8.882732459,      -5.555402059,      -6.541893851,      -3.270816268
          0,           0,         187,      -8.914007615,      -5.586095862,      -6.571980355,      -3.301516151
          0,           0,         188,      -8.945341007,      -5.616851487,      -6.602124133,      -3.332277014
          0,           0,         189,      -8.976732313,      -5.647668574,      -6.632324888,      -3.363098504
          0,           0,         190,      -9.008181275,      -5.678546764,      -6.662582409,      -3.393980272
          0,           0,         191,      -9.039687597,      -5.709485707,      -6.692896407,      -3.424921984
          0,           0,         192,      -9.071250997,      -5.740485046,      -6.723266674,      -3.455923279
          0,           0,         193,      -9.102871164,      -5.771544432,      -6.753692854,      -3.486983812
          0,           0,         194,      -9.134547819,      -5.802663513,      -6.784174824,      -3.518103245
          0,           0,         195,      -9.166280706,      -5.833841949,      -6.814712284,      -3.549281247
          0,           0,         196,      -9.198069524,      -5.865079395,      -6.845304954,      -3.580517483
          0,           0,         197,      -9.229914052,      -5.896375511,      -6.875952606,      -3.611811623
          0,           0,         198,      -9.261813918,      -5.927729956,      -6.906655032,      -3.643163314
          0,           0,         199,       -9.29376896,      -5.959142394,      -6.937412007,      -3.674572248
          0,           0,         200,      -9.325778838,      -5.990612493,      -6.968223287,      -3.706038097
          0,           0,         201,      -9.357843301,      -6.022139915,      -6.999088564,      -3.737560511
          0,           0,         202,       -9.38996214,      -6.053724345,      -7.030007674,      -3.769139239
          0,           0,         203,      -9.422135019,      -6.085365435,      -7.060980391,      -3.800773841
          0,           0,         204,      -9.454361746,       -6.11706288,      -7.092006513,      -3.832464119
          0,           0,         205,      -9.486641979,      -6.148816338,      -7.123085759,      -3.864209667
          0,           0,         206,      -9.518975592,      -6.180625498,       -7.15421795,      -3.896010236
          0,           0,         207,      -9.551362309,      -6.212490042,      -7.185402786,      -3.927865524
          0,           0,         208,      -9.583801874,      -6.244409658,      -7.216640158,      -3.959775196
          0,           0,         209,      -9.616293985,      -6.276384014,      -7.247929824,      -3.991738899
          0,           0,         210,      -9.648838427,      -6.308412803,      -7.279271427,      -4.023756364
          0,           0,         211,      -9.681434946,      -6.340495722,      -7.310665046,      -4.055827309
          0,           0,         212,      -9.714083416,      -6.372632448,      -7.342110228,       -4.08795142
          0,           0,         213,      -9.746783554,      -6.404822689,      -7.373606878,      -4.120128429
          0,           0,         214,       -9.77953513,      -6.437066129,      -7.405154736,      -4.152358048
          0,           0,         215,      -9.812337788,      -6.469362461,      -7.436753558,      -4.184639844
          0,           0,         216,      -9.845191584,      -6.501711383,      -7.468403269,      -4.216973704
          0,           0,         217,      -9.878096015,      -6.534112594,      -7.500103602,        -4.2493592
          0,           0,         218,       -9.91105108,      -6.566565803,      -7.531854387,      -4.281796213
          0,           0,         219,      -9.944056352,      -6.599070695,      -7.563655248,      -4.314284176
          0,           0,         220,      -9.977111745,      -6.631626965,      -7.595506346,      -4.346823051
          0,           0,         221,      -10.01021704,       -6.66423434,      -7.627407226,      -4.379412425
          0,           0,         222,      -10.04337195,      -6.696892506,      -7.659357534,       -4.41205205
          0,           0,         223,      -10.07657651,      -6.729601187,       -7.69135749,      -4.444741725
          0,           0,         224,      -10.10983028,      -6.762360076,      -7.723406818,       -4.47748106
          0,           0,         225,      -10.14313295,      -6.795168877,      -7.755505004,      -4.510269729
          0,           0,         226,      -10.17648486,      -6.828027287,      -7.787652027,      -4.543107639
          0,           0,         227,      -10.20988502,      -6.860935064,      -7.819847732,      -4.575994275
          0,           0,         228,      -10.24333419,      -6.893891886,      -7.852092377,      -4.608929767
          0,           0,         229,      -10.27683102,      -6.926897388,      -7.884385264,      -4.641913087
          0,           0,         230,      -10.31037637,      -6.959951409,      -7.916725926,      -4.674944613
          0,           0,         231,      -10.34396955,      -6.993053598,      -7.949114232,      -4.708024125
          0,           0,         232,      -10.37761043,      -7.026203679,      -7.981551048,      -4.741150937
          0,           0,         233,      -10.41129907,      -7.059401339,      -8.014035573,      -4.774325079
          0,           0,         234,      -10.44503466,      -7.092646299,      -8.046566621,      -4.807545863
          0,           0,         235,      -10.47881801,      -7.125938271,      -8.079145336,       -4.84081332
          0,           0,         236,      -10.51264784,      -7.159276982,      -8.111771517,      -4.874127314
          0,           0,         237,      -10.54652472,      -7.192662129,        -8.1444438,      -4.907487314
          0,           0,         238,      -10.58044821,      -7.226093395,       -8.17716317,      -4.940893128
          0,           0,         239,      -10.61441927,      -7.259570609,       -8.20992879,      -4.974345085
          0,           0,         240,      -10.64843501,      -7.293093289,      -8.242742094,      -5.007841682
          0,           0,         241,      -10.68249765,      -7.326661278,      -8.275599938,      -5.041383283
          0,           0,         242,      -10.71660566,      -7.360274162,      -8.308504774,      -5.074969385
          0,           0,         243,      -10.75076052,      -7.393931926,      -8.341454777,      -5.108600668
          0,           0,         244,      -10.78496084,      -7.427633966,      -8.374450058,      -5.142275366
          0,           0,         245,      -10.81920669,      -7.461380096,      -8.407491455,       -5.17599446
          0,           0,         246,        -10.853497,      -7.495170058,      -8.440578104,      -5.209756381
          0,           0,         247,       -10.8878327,      -7.529003264,      -8.473710023,      -5.243560936
          0,           0,         248,      -10.92221396,      -7.562880166,      -8.506884941,       -5.27741116
          0,           0,         249,      -10.95664126,      -7.596799669,      -8.540106285,      -5.311302472
          0,           0,         250,      -10.99111286,      -7.630761987,        -8.5733726,      -5.345237289
          0,           0,         251,      -11.02562798,      -7.664766392,      -8.606685167,      -5.379213427
          0,           0,         252,      -11.06018737,      -7.698812798,      -8.640038925,      -5.413231291
          0,           0,         253,      -11.09479354,      -7.732901441,      -8.673437724,      -5.447293688
          0,           0,         254,      -11.12944067,       -7.76703055,      -8.706877185,      -5.481392031
          0,           0,         255,      -11.16413219,      -7.801201043,      -8.740361081,      -5.515533112
          0,           0,         256,      -11.19886943,      -7.835412645,      -8.773892359,      -5.549717442
          0,           0,         257,      -11.23364882,      -7.869664501,      -8.807466349,      -5.583941125
          0,           0,         258,      -11.26847447,      -7.903956402,      -8.841080185,      -5.618204202
          0,           0,         259,      -11.30334006,      -7.938288055,      -8.874740811,      -5.652507634
          0,           0,         260,      -11.33824975,      -7.972658951,      -8.908438837,      -5.686848776
          0,           0,         261,      -11.37320672,       -8.00706966,      -8.942184335,      -5.721234802
          0,           0,         262,      -11.40820193,      -8.041519391,       -8.97596879,      -5.755658097
          0,           0,         263,      -11.44324206,      -8.076006182,      -9.009793077,      -5.790113823
          0,           0,         264,      -11.47832316,      -8.110532463,      -9.043672579,      -5.824613847
          0,           0,         265,      -11.51344697,      -8.145095654,      -9.077580314,      -5.859146719
          0,           0,         266,      -11.54861199,      -8.179696772,        -9.1115298,      -5.893719197
          0,           0,         267,      -11.58382222,      -8.214334309,      -9.145531331,      -5.928326951
          0,           0,         268,      -11.61907061,      -8.249009288,      -9.179562462,       -5.96297471
          0,           0,         269,       -11.6543684,      -8.283720554,      -9.213645453,      -5.997662285
          0,           0,         270,      -11.68970047,      -8.318468852,      -9.247762358,      -6.032388419
          0,           0,         271,      -11.72508118,      -8.353251298,      -9.281910942,      -6.067141147
          0,           0,         272,      -11.76049186,      -8.388067792,      -9.316110771,      -6.101919947
          0,           0,         273,      -11.79596148,      -8.422922003,      -9.350367627,      -6.136760214
          0,           0,         274,      -11.83145843,       -8.45781018,      -9.384638597,      -6.171625189
          0,           0,         275,      -11.86700087,      -8.492731065,      -9.418944311,      -6.206511945
          0,           0,         276,      -11.90259666,      -8.527687284,      -9.453320162,      -6.241453413
          0,           0,         277,       -11.9382029,      -8.562675755,      -9.487705977,       -6.27640912
          0,           0,         278,      -11.97387523,      -8.597697517,      -9.522147586,      -6.311408229
          0,           0,         279,      -12.00957702,      -8.632751534,      -9.556615195,      -6.346437376
          0,           0,         280,       -12.0453179,      -8.667838325,      -9.591136125,      -6.381502147
          0,           0,         281,      -12.08109996,      -8.702958117,      -9.625718925,      -6.416609937
          0,           0,         282,      -12.11692341,      -8.738105354,      -9.660268773,      -6.451734825
          0,           0,         283,      -12.15280241,      -8.773287467,      -9.694892583,      -6.486907593
          0,           0,         284,      -12.18867677,       -8.80849509,      -9.729577902,      -6.522063124
          0,           0,         285,       -12.2246538,      -8.843736733,      -9.764267891,      -6.557299269
          0,           0,         286,      -12.26059687,      -8.879005536,      -9.798997884,      -6.592527584
          0,           0,         287,      -12.29662183,       -8.91430392,      -9.833733311,       -6.62779164
          0,           0,         288,      -12.33268746,      -8.949636495,      -9.868624439,      -6.663149385
          0,           0,         289,      -12.36876613,      -8.984990555,      -9.903442516,      -6.698479676
          0,           0,         290,      -12.40486855,      -9.020362594,      -9.938307884,      -6.733783214
          0,           0,         291,      -12.44105082,      -9.055782886,      -9.973269232,      -6.769238079
          0,           0,         292,       -12.4773016,      -9.091216487,      -10.00819581,      -6.804654033
          0,           0,         293,      -12.51352352,      -9.126684473,      -10.04321215,      -6.840109077
          0,           0,         294,      -12.54973863,      -9.162169479,      -10.07820289,      -6.875552749
          0,           0,         295,      -12.58618819,      -9.197686863,      -10.11331191,      -6.911090442
          0,           0,         296,      -12.62242431,      -9.233210769,       -10.1483656,      -6.946515207
          0,           0,         297,      -12.65888379,      -9.268778382,      -10.18345608,      -6.982117768
          0,           0,         298,      -12.69521612,      -9.304364268,      -10.21865159,      -7.017649259
          0,           0,         299,      -12.73163582,      -9.339971352,       -10.2537982,      -7.053252087
          0,           0,         300,      -12.76808359,      -9.375600342,      -10.28903677,      -7.088847973
          0,           0,         301,      -12.80470587,      -9.411265291,      -10.32436233,      -7.124594348
          0,           0,         302,      -12.84124827,      -9.446949203,      -10.35966143,      -7.160300391
          0,           0,         303,      -12.87782861,       -9.48262826,      -10.39497627,      -7.195985645
          0,           0,         304,      -12.91445142,      -9.518309545,      -10.43026956,      -7.231438114
          0,           0,         305,      -12.95100025,      -9.554061063,      -10.46568318,      -7.267278104
          0,           0,         306,      -12.98763083,       -9.58980165,      -10.50095546,      -7.303033442
          0,           0,         307,       -13.0241732,      -9.625563241,       -10.5363266,      -7.338698742
          0,           0,         308,      -13.06108053,      -9.661330085,      -10.57182637,      -7.374436074
          0,           0,         309,      -13.09814981,      -9.697230306,      -10.60773261,      -7.410972372
          0,           0,         310,      -13.13452888,      -9.732953978,       -10.6428346,      -7.446033378
          0,           0,         311,      -13.17100336,       -9.76876337,      -10.67859391,      -7.481618342
          0,           0,         312,      -13.20812105,      -9.804603566,      -10.71402304,      -7.517557411
          0,           0,         313,      -13.24480177,      -9.840509029,       -10.7497355,      -7.553534445
          0,           0,         314,       -13.2813316,      -9.876335627,      -10.78525217,      -7.589088661
          0,           0,         315,      -13.31845668,      -9.912217573,      -10.82042815,      -7.625003489
          0,           0,         316,      -13.35513208,      -9.948103523,      -10.85636862,      -7.660944025
          0,           0,         317,      -13.39237839,      -9.984129633,       -10.8927537,      -7.697700655
          0,           0,         318,       -13.4288195,      -10.01990666,      -10.92732005,       -7.73284331
          0,           0,         319,      -13.46534015,      -10.05600199,      -10.96373219,      -7.769450129
          0,           0,         320,      -13.50240782,      -10.09178844,        -10.998659,      -7.804374551
          0,           0,         321,      -13.53919092,      -10.12777628,      -11.03499903,      -7.840602452
          0,           0,         322,      -13.57638364,      -10.16373099,      -11.07068722,      -7.876293774
          0,           0,         323,      -13.61264349,      -10.19976868,      -11.10611882,      -7.912544361
          0,           0,         324,       -13.6482561,      -10.23542845,      -11.13984026,      -7.946369552
          0,           0,         325,      -13.68631083,      -10.27152174,      -11.17690969,       -7.98378987
          0,           0,         326,      -13.72197249,      -10.30751314,      -11.21246128,      -8.020276329
          0,           0,         327,      -13.75892241,      -10.34339741,      -11.24787882,      -8.054997932
          0,           0,         328,      -13.79381206,      -10.37916856,       -11.2818144,      -8.089248347
          0,           0,         329,      -13.83082841,       -10.4153082,      -11.31910451,      -8.126097909
          0,           0,         330,      -13.86664187,      -10.45133278,      -11.35505597,       -8.16338245
          0,           0,         331,       -13.8999823,      -10.48694019,      -11.38783774,      -8.195437683
          0,           0,         332,      -13.93634995,      -10.52297216,       -11.4233904,      -8.231435201
          0,           0,         333,      -13.97355614,      -10.55891696,       -11.4591399,      -8.267944384
          0,           0,         334,      -14.00397997,      -10.59472431,      -11.49216645,      -8.300769308
          0,           0,         335,      -14.04248089,      -10.63038906,      -11.52720131,      -8.337580231
          0,           0,         336,      -14.07565255,       -10.6665902,      -11.56166593,      -8.373559169
          0,           0,         337,      -14.10784183,      -10.70239453,      -11.59549537,       -8.40660211
          0,           0,         338,      -14.14556393,      -10.73851153,      -11.63138058,      -8.444574664
          0,           0,         339,      -14.17348092,      -10.77400808,      -11.66236843,      -8.476340496
          0,           0,         340,      -14.20371282,      -10.80933462,      -11.69250661,      -8.507218263
          0,           0,         341,      -14.23294078,      -10.84456437,      -11.72182074,      -8.537229052
          0,           0,         342,       -14.2622525,      -10.88259472,      -11.76114379,      -8.584609995
          0,           0,         343,      -14.29238886,      -10.91667325,      -11.78692821,      -8.608818865
          0,           0,         344,      -14.32201261,      -10.95140279,      -11.81636872,      -8.636478772
          0,           0,         345,      -14.34528501,      -10.98878668,      -11.84841411,      -8.678803177
          0,           0,         346,      -14.37128692,      -11.02319254,       -11.8796094,      -8.701115725
          0,           0,         347,      -14.38889348,      -11.05732495,      -11.89196748,      -8.722928119
          0,           0,         348,      -14.41689957,      -11.09381378,      -11.92846671,      -8.761184774
          0,           0,         349,      -14.43841454,      -11.12904465,      -11.94484514,      -8.788304064
          0,           0,         350,      -14.46157764,      -11.16436912,      -11.97966546,      -8.821207328
          0,           0,         351,      -14.46919828,      -11.19863992,      -11.99593139,      -8.839263635
          0,           0,         352,      -14.48569787,      -11.23206587,      -12.01515754,      -8.861479966
          0,           0,         353,       -14.5054098,      -11.26705115,      -12.02812244,      -8.885417156
          0,           0,         354,      -14.51793788,       -11.3055987,      -12.05588259,      -8.924395639
          0,           0,         355,      -14.52801537,      -11.33728347,      -12.06460828,      -8.935454604
          0,           0,         356,      -14.54194695,      -11.37208664,      -12.08311837,      -8.958524168
          0,           0,         357,      -14.54176985,      -11.40222751,      -12.09537227,      -8.960815524
          0,           0,         358,      -14.55819928,      -11.43654199,      -12.10123528,       -8.99154485
          0,           0,         359,      -14.55647917,      -11.46716288,      -12.10548686,       -8.98224593
          0,           0,         360,      -14.56129579,      -11.50384315,      -12.13655662,      -9.018181764
          0,           0,         361,      -14.56168496,      -11.54113422,      -12.12621178,      -9.037790517
          0,           0,         362,      -14.57845469,      -11.56357955,      -12.13939809,      -9.029693698
          0,           0,         363,      -14.59314499,      -11.59961616,      -12.13921232,       -9.05228643
          0,           0,         364,      -14.58778342,      -11.62702297,      -12.13629593,      -9.053758953
          0,           0,         365,      -14.56935118,      -11.65972461,      -12.14612672,      -9.058750848
          0,           0,         366,      -14.57877924,      -11.68173105,      -12.14541439,      -9.058399926
          0,           0,         367,      -14.60022788,      -11.71586293,      -12.16326824,      -9.081607991
          0,           0,         368,      -14.59855922,       -11.7404635,      -12.16173752,       -9.08454342
          0,           0,         369,      -14.59385281,      -11.76749555,      -12.16412743,      -9.085241562
          0,           0,         370,      -14.61489041,      -11.80354851,      -12.17525998,       -9.11321205
          0,           0,         371,      -14.59448779,       -11.8180245,      -12.16323875,      -9.091566653
          0,           0,         372,      -14.59669548,      -11.83185907,      -12.16478272,      -9.086154111
          0,           0,         373,      -14.61449338,      -11.86458457,      -12.18141038,      -9.113846956
          0,           0,         374,      -14.60955961,      -11.87744868,      -12.17851496,      -9.110727425
          0,           0,         375,      -14.61358743,      -11.90687383,      -12.17526378,      -9.113824209
          0,           0,         376,      -14.60313253,      -11.92026029,      -12.16314908,      -9.107617843
          0,           0,         377,      -14.59409609,      -11.93238847,      -12.17453665,      -9.095788327
          0,           0,         378,      -14.61776474,      -11.97146736,      -12.17896861,      -9.128341041
          0,           0,         379,      -14.61927865,      -11.96077316,      -12.17832182,      -9.126043325
          0,           0,         380,        -14.617707,      -11.97905433,      -12.19709717,      -9.120559684
          0,           0,         381,      -14.61506798,      -11.97859998,      -12.18376653,      -9.112843542
          0,           0,         382,      -14.61562163,       -11.9981684,      -12.17635238,      -9.117746789
          0,           0,         383,       -14.6104368,      -11.97557284,      -12.18260574,      -9.103034797
          0,           0,         384,      -14.60916183,      -12.00649401,      -12.18800067,      -9.110611498
          0,           0,         385,       -14.6192341,       -12.0329989,      -12.17159418,       -9.12954695
          0,           0,         386,      -14.59567929,      -12.00902776,      -12.17800948,      -9.104694252
          0,           0,         387,      -14.60664999,      -12.00679539,      -12.18250627,      -9.103167564
          0,           0,         388,      -14.62274251,      -12.03117181,      -12.18995158,       -9.12598663
          0,           0,         389,      -14.60802343,       -12.0271129,      -12.17747937,       -9.11834967
          0,           0,         390,       -14.6147942,      -12.04584892,      -12.17666898,      -9.125757553
          0,           0,         391,      -14.61649052,      -12.04703965,      -12.17677995,      -9.120195947
          0,           0,         392,      -14.61411388,      -12.05145767,      -12.17997065,      -9.121606097
          0,           0,         393,      -14.61603072,      -12.03368552,      -12.18427645,      -9.112779369
          0,           0,         394,      -14.60817523,      -12.05104918,      -12.17635359,       -9.11645231
          0,           0,         395,      -14.61603382,      -12.05131412,      -12.18217227,      -9.125939606
          0,           0,         396,      -14.61896942,      -12.05709412,      -12.18477412,      -9.126086585
          0,           0,         397,      -14.59717723,      -12.03980605,      -12.17574623,      -9.107877179
          0,           0,         398,      -14.60052441,      -12.04465203,      -12.18992972,      -9.107340042
          0,           0,         399,       -14.6137151,      -12.06350106,      -12.18361001,      -9.127012156
          0,           0,         400,      -14.60289426,      -12.03558517,      -12.17699091,      -9.102286097
          0,           0,         401,      -14.60925919,       -12.0565743,       -12.1727226,      -9.123196963
          0,           0,         402,       -14.6105627,      -12.04643367,      -12.17956663,      -9.122638474
          0,           0,         403,      -14.61305184,      -12.04110709,      -12.18172086,      -9.114625938
          0,           0,         404,      -14.61098587,      -12.05516778,      -12.18931186,      -9.124714961
          0,           0,         405,      -14.58855533,      -12.03191003,      -12.16611725,      -9.094734425
          0,           0,         406,      -14.61207394,      -12.05181095,       -12.1791519,      -9.120399146
          0,           0,         407,      -14.59994824,      -12.06031534,      -12.18295457,      -9.113808386
          0,           0,         408,       -14.6129191,      -12.06191878,      -12.17652862,      -9.121147531
          0,           0,         409,      -14.60365337,      -12.05274645,      -12.18275513,      -9.110013978
          0,           0,         410,      -14.60411971,      -12.05258378,      -12.17566768,      -9.116465271
          0,           0,         411,      -14.62452415,      -12.05522018,      -12.18583795,      -9.130417098
          0,           0,         412,        -14.624772,      -12.07523494,      -12.18273168,      -9.134000059
          0,           0,         413,      -14.59172969,      -12.04616086,      -12.17478389,      -9.100264455
          0,           0,         414,      -14.59885078,      -12.04831722,       -12.1744645,      -9.110662991
          0,           0,         415,      -14.60262739,      -12.06995392,      -12.17693133,      -9.124412045
          0,           0,         416,      -14.61324716,      -12.08121926,      -12.18159969,      -9.129498026
          0,           0,         417,      -14.61827343,      -12.07514021,      -12.20016635,      -9.130346014
          0,           0,         418,       -14.5928105,      -12.05900606,      -12.17967417,      -9.107779536
          0,           0,         419,      -14.60624073,      -12.04299066,      -12.16938026,      -9.111530016
          0,           0,         420,      -14.60675425,      -12.04777544,      -12.18752948,      -9.114866372
          0,           0,         421,      -14.60660547,      -12.06294077,      -12.18921027,       -9.11630612
          0,           0,         422,      -14.60150594,      -12.04768334,      -12.17780867,      -9.102999289
          0,           0,         423,        -14.615351,      -12.04823182,      -12.18271655,      -9.117111776
          0,           0,         424,      -14.62038868,      -12.06418281,      -12.18327254,      -9.129690375
          0,           0,         425,      -14.60514109,      -12.05788219,      -12.17582244,      -9.108807969
          0,           0,         426,      -14.60854154,      -12.05818637,      -12.18047979,      -9.112124127
          0,           0,         427,      -14.61381464,      -12.05270823,      -12.16875095,      -9.119809595
          0,           0,         428,      -14.62037609,      -12.05846315,      -12.18159487,       -9.11938018
          0,           0,         429,      -14.61606643,      -12.06665978,      -12.17934676,      -9.123662653
          0,           0,         430,      -14.61354153,      -12.05600532,      -12.17820225,      -9.111650005
          0,           0,         431,      -14.62474965,      -12.05431559,      -12.19109597,      -9.125600854
          0,           0,         432,      -14.60959246,      -12.04690086,      -12.17567644,      -9.114545271
          0,           0,         433,      -14.61822766,      -12.05854853,      -12.17617253,      -9.123216658
          0,           0,         434,      -14.61144158,      -12.06418374,      -12.18614425,      -9.116619019
          0,           0,         435,       -14.5921157,      -12.04414102,      -12.17475419,       -9.10222575
          0,           0,         436,      -14.58927593,      -12.04840318,      -12.16092323,      -9.101161775
          0,           0,         437,       -14.6076884,      -12.05098832,      -12.18320966,      -9.124144845
          0,           0,         438,      -14.61692412,      -12.05903519,       -12.1885141,      -9.120880562
          0,           0,         439,      -14.60919047,      -12.05824659,      -12.16963572,      -9.120898396
          0,           0,         440,      -14.62617215,      -12.06874141,      -12.18814255,      -9.135437482
          0,           0,         441,      -14.60266809,      -12.05787485,      -12.17101532,      -9.119904997
          0,           0,         442,      -14.60868424,      -12.05171887,      -12.17858305,      -9.111823257
          0,           0,         443,      -14.61684484,       -12.0647205,      -12.17717734,       -9.12785544
          0,           0,         444,      -14.61700335,      -12.06918442,      -12.19059746,      -9.124649055
          0,           0,         445,      -14.61303038,       -12.0597461,      -12.17702915,      -9.113201816
          0,           0,         446,       -14.6180643,      -12.05446576,      -12.16602531,      -9.115047602
          0,           0,         447,      -14.60743641,      -12.06121029,      -12.19374366,      -9.114450129
          0,           0,         448,      -14.61497947,      -12.06958277,      -12.17868243,      -9.122415042
          0,           0,         449,      -14.61355611,       -12.0489049,      -12.18204963,      -9.118274924
          0,           0,         450,      -14.60178213,      -12.05082326,      -12.17262035,      -9.112910052
          0,           0,         451,      -14.60579715,      -12.05016864,      -12.17529364,      -9.114604399
          0,           0,         452,      -14.59943209,      -12.05291708,      -12.17880343,        -9.1070779
          0,           0,         453,      -14.61130828,      -12.05678965,      -12.17056371,      -9.118906161
          0,           0,         454,      -14.60532007,      -12.06291562,      -12.16865521,      -9.115557973
          0,           0,         455,      -14.60094147,      -12.03497764,      -12.17686819,      -9.098821142
          0,           0,         456,      -14.61314695,      -12.04954737,      -12.17889439,      -9.117464057
          0,           0,         457,      -14.59404346,       -12.0632637,      -12.17536867,      -9.114322369
          0,           0,         458,      -14.61075652,      -12.04719856,       -12.1674008,      -9.109195776
          0,           0,         459,      -14.60708813,      -12.05289171,      -12.17649691,      -9.113151397
          0,           0,         460,       -14.6157056,      -12.06155333,      -12.17831078,      -9.125175026
          0,           0,         461,      -14.61934008,      -12.08186601,      -12.18706747,      -9.129839279
          0,           0,         462,      -14.61227595,      -12.05409506,      -12.18761601,      -9.111825315
          0,           0,         463,      -14.61123764,      -12.05045908,      -12.17322932,      -9.113572504
          0,           0,         464,      -14.62677651,      -12.06063189,      -12.18210227,      -9.131080481
          0,           0,         465,      -14.61832562,      -12.07341644,      -12.18539871,      -9.122421889
          0,           0,         466,      -14.61117579,       -12.0471189,      -12.19005049,      -9.114945386
          0,           0,         467,      -14.62103182,      -12.07064899,      -12.18211611,       -9.12660393
          0,           0,         468,       -14.6262396,      -12.07091977,      -12.17701996,      -9.135420366
          0,           0,         469,      -14.59965286,      -12.04719984,      -12.17734311,      -9.111593229
          0,           0,         470,      -14.59651669,      -12.05274522,      -12.17825268,       -9.11153085
          0,           0,         471,      -14.60976712,      -12.04967872,      -12.17419264,      -9.115485251
          0,           0,         472,      -14.60239562,      -12.02079017,      -12.16326735,      -9.099665631
          0,           0,         473,      -14.60833574,      -12.05715151,      -12.18287346,      -9.115290983
          0,           0,         474,      -14.61767438,      -12.04845703,      -12.17578223,      -9.118135979
          0,           0,         475,      -14.60484599,      -12.05162296,      -12.19346787,      -9.112725033
          0,           0,         476,      -14.60027012,      -12.05062077,      -12.18093807,      -9.105093216
          0,           0,         477,      -14.61737258,      -12.05584336,      -12.18722158,      -9.116976715
          0,           0,         478,      -14.60272328,      -12.06320753,      -12.17707442,      -9.110497707
          0,           0,         479,      -14.62021214,      -12.06635163,      -12.17364478,      -9.131371901
          0,           0,         480,      -14.60542913,      -12.05141755,      -12.17549653,      -9.113912218
          0,           0,         481,      -14.59903177,      -12.04815303,      -12.16748711,      -9.109188996
          0,           0,         482,      -14.61501731,      -12.06144179,      -12.18563534,      -9.121338907
          0,           0,         483,      -14.62471302,       -12.0642429,      -12.18588032,      -9.125233859
          0,           0,         484,      -14.60202678,      -12.06296306,      -12.17667199,      -9.113874843
          0,           0,         485,      -14.61803345,      -12.07478091,       -12.1796488,      -9.130951893
          0,           0,         486,      -14.61520304,      -12.05468011,      -12.17716199,      -9.116437565
          0,           0,         487,      -14.60283121,      -12.05081455,      -12.20480832,      -9.121338464
          0,           0,         488,      -14.61303672,      -12.07201352,      -12.17973224,      -9.121696541
          0,           0,         489,      -14.59113569,      -12.04893096,      -12.17701437,       -9.11150915
          0,           0,         490,      -14.59472297,      -12.04852885,      -12.17861404,      -9.109078225
          0,           0,         491,      -14.61653027,      -12.06168589,      -12.18832039,      -9.127425131
          0,           0,         492,      -14.58417278,      -12.02433155,      -12.18416219,      -9.099120537
          0,           0,         493,      -14.59198485,      -12.04899746,      -12.16768823,      -9.104377173
          0,           0,         494,      -14.61206383,      -12.06395375,      -12.17149621,      -9.117707173
          0,           0,         495,      -14.59231751,      -12.04251499,      -12.17216755,      -9.101326609
          0,           0,         496,      -14.60637971,      -12.03864234,      -12.17457528,      -9.104518328
          0,           0,         497,      -14.62528746,      -12.07737297,      -12.18076988,      -9.130759946
          0,           0,         498,      -14.60435699,       -12.0637409,      -12.17919493,      -9.112747566
          0,           0,         499,       -14.6104848,      -12.05646343,      -12.19321599,      -9.116157855
          0,           0,         500,      -14.60990934,      -12.06254836,      -12.16918391,      -9.120822457
          0,           0,         501,      -14.61871575,      -12.06105545,      -12.17908708,      -9.128104579
          0,           0,         502,      -14.61922997,      -12.06674562,      -12.16966097,      -9.129948877
          0,           0,         503,      -14.61056576,      -12.04752787,      -12.18263523,      -9.109268962
          0,           0,         504,      -14.60873739,      -12.05455849,      -12.17759675,      -9.118391237
          0,           0,         505,      -14.58722619,       -12.0375852,      -12.19139329,      -9.101853938
          0,           0,         506,      -14.61055182,      -12.05565033,      -12.17736471,      -9.115619316
          0,           0,         507,      -14.61537274,      -12.05948058,      -12.18916378,      -9.126263216
          0,           0,         508,      -14.61263179,      -12.06676293,       -12.1750841,      -9.122132649
          0,           0,         509,      -14.58892251,        -12.053819,      -12.18286023,       -9.11155879
          0,           0,         510,      -14.61415181,      -12.07470654,      -12.18647226,      -9.126312847
          0,           0,         511,       -14.6001419,      -12.03826963,      -12.17708754,      -9.100866481
          0,           0,         512,      -14.60835638,      -12.05886041,      -12.19238707,      -9.118895447
          0,           0,         513,      -14.59429061,      -12.03351518,      -12.17578406,      -9.103655231
          0,           0,         514,      -14.61150919,      -12.05839059,      -12.19832907,      -9.114157117
          0,           0,         515,      -14.59825528,      -12.05096197,       -12.1776798,      -9.113344271
          0,           0,         516,      -14.60097616,      -12.06157863,      -12.18231539,      -9.116630633
          0,           0,         517,       -14.5920288,      -12.04527745,      -12.17245655,      -9.098463741
          0,           0,         518,      -14.61327956,       -12.0564217,      -12.17673415,      -9.118284689
          0,           0,         519,      -14.60383211,       -12.0564913,      -12.18700816,      -9.113317406
          0,           0,         520,      -14.59335345,      -12.02761149,      -12.16682354,      -9.097604869
          0,           0,         521,       -14.6173044,      -12.06181812,      -12.18921284,      -9.121662866
          0,           0,         522,      -14.62025219,      -12.07382617,      -12.17963831,      -9.129204111
          0,           0,         523,      -14.60448045,      -12.05488601,      -12.18196488,      -9.112178022
          0,           0,         524,      -14.62132997,      -12.06956729,      -12.18377211,      -9.123658254
          0,           0,         525,      -14.59021371,      -12.03896991,      -12.17010439,      -9.106011424
          0,           0,         526,       -14.6003682,      -12.05576733,      -12.16792749,       -9.10748159
          0,           0,         527,      -14.60576786,      -12.05711208,      -12.16998203,      -9.110433075
          0,           0,         528,      -14.60688045,      -12.05574654,       -12.1839647,      -9.118135829
          0,           0,         529,      -14.61341852,      -12.06401056,      -12.18616922,      -9.121275814
          0,           0,         530,      -14.60857721,      -12.05998416,      -12.17148548,      -9.119359122
          0,           0,         531,       -14.5974519,      -12.04665317,      -12.16919968,      -9.107946949
          0,           0,         532,      -14.61421609,      -12.06732472,      -12.17334737,      -9.126141002
          0,           0,         533,      -14.61010394,      -12.07084413,      -12.16209644,      -9.120211188
          0,           0,         534,      -14.60420037,      -12.05663335,      -12.18213036,        -9.1151716
          0,           0,         535,       -14.6037963,      -12.05318995,      -12.17696827,      -9.116410763
          0,           0,         536,      -14.61204849,      -12.07078164,      -12.16844322,      -9.116924687
          0,           0,         537,      -14.60633987,      -12.05737442,      -12.18047282,      -9.116841471
          0,           0,         538,      -14.61312894,      -12.05844476,      -12.17979482,      -9.117057682
          0,           0,         539,      -14.61126588,      -12.06526514,      -12.18190695,      -9.122162727
          0,           0,         540,      -14.60769262,      -12.06907756,      -12.18862525,      -9.120830078
          0,           0,         541,      -14.61037541,      -12.06371097,      -12.18690633,       -9.12214908
          0,           0,         542,      -14.61026247,      -12.05395183,      -12.17151346,      -9.115960606
          0,           0,         543,      -14.60156603,      -12.04517249,      -12.16989913,      -9.106546573
          0,           0,         544,      -14.61321553,        -12.067021,      -12.17569322,      -9.124281023
          0,           0,         545,      -14.60650154,      -12.05594935,      -12.16184539,      -9.110046401
          0,           0,         546,      -14.59920976,      -12.03760694,      -12.16957939,      -9.100778873
          0,           0,         547,      -14.60049048,       -12.0345081,      -12.17017026,      -9.102159173
          0,           0,         548,      -14.60994752,      -12.06132848,      -12.17831414,      -9.118887904
          0,           0,         549,      -14.61550546,      -12.06789588,      -12.16732152,      -9.115774211
          0,           0,         550,      -14.61568934,      -12.06536731,      -12.19477673,      -9.125663372
          0,           0,         551,      -14.63197074,       -12.0808856,      -12.18406147,      -9.140220042
          0,           0,         552,       -14.5927425,      -12.04550266,      -12.17820775,      -9.105740815
          0,           0,         553,      -14.61808709,       -12.0602659,      -12.17077692,      -9.117729581
          0,           0,         554,      -14.61204282,      -12.05732052,      -12.18242527,      -9.126027551
          0,           0,         555,      -14.60394212,       -12.0463371,      -12.17429354,      -9.104368625
          0,           0,         556,      -14.60923808,      -12.06347377,      -12.17767454,      -9.125823928
          0,           0,         557,      -14.61084864,      -12.04788161,      -12.18166674,      -9.114718235
          0,           0,         558,      -14.61815078,      -12.04953663,      -12.18392685,       -9.11858531
          0,           0,         559,      -14.62420939,      -12.05321214,      -12.19079865,      -9.122696903
          0,           0,         560,      -14.60759053,      -12.05361455,      -12.17147459,       -9.11074255
          0,           0,         561,      -14.60467246,       -12.0646984,      -12.16909489,      -9.112640972
          0,           0,         562,      -14.59526531,       -12.0362165,      -12.17221747,      -9.096271761
          0,           0,         563,      -14.59053001,      -12.05744465,      -12.17154218,      -9.106773085
          0,           0,         564,      -14.60442927,      -12.04141292,      -12.17971806,      -9.105599479
          0,           0,         565,       -14.6015281,      -12.04888418,      -12.17046989,      -9.111809198
          0,           0,         566,      -14.61707211,      -12.08044501,      -12.17622113,      -9.131644874
          0,           0,         567,      -14.59949632,      -12.04441012,      -12.16702835,      -9.101324961
          0,           0,         568,        -14.610721,      -12.05625751,      -12.17381515,      -9.124471046
          0,           0,         569,      -14.61824627,      -12.06874925,      -12.17621954,      -9.120402508
          0,           0,         570,      -14.60673038,      -12.06157237,       -12.1851826,      -9.122869696
          0,           0,         571,      -14.60962888,       -12.0571154,      -12.19009528,      -9.117772823
          0,           0,         572,      -14.61419174,      -12.05826184,      -12.17948615,      -9.118946595
          0,           0,         573,      -14.61745279,      -12.04906939,      -12.17900088,      -9.114990737
          0,           0,         574,      -14.60615991,      -12.06626125,      -12.17838662,      -9.119772859
          0,           0,         575,      -14.60186932,      -12.05815817,      -12.17030221,      -9.108977195
          0,           0,         576,      -14.61390515,      -12.06576818,      -12.18759762,      -9.125060649
          0,           0,         577,      -14.61259737,      -12.04971471,      -12.18447378,      -9.117594859
          0,           0,         578,      -14.60974673,      -12.06358116,      -12.17919296,      -9.120972891
          0,           0,         579,      -14.61247534,      -12.05158477,      -12.18095691,      -9.117115455
          0,           0,         580,      -14.61316355,      -12.06913719,      -12.18553368,      -9.120902348
          0,           0,         581,      -14.61329358,      -12.06180408,      -12.18207567,      -9.124011043
          0,           0,         582,      -14.61678252,      -12.06703717,      -12.16888048,      -9.122358023
          0,           0,         583,      -14.61560631,      -12.06525237,      -12.17606297,      -9.123407536
          0,           0,         584,      -14.60786437,      -12.05621486,      -12.19176622,      -9.124766348
          0,           0,         585,      -14.60588576,        -12.044875,      -12.17002899,      -9.110710777
          0,           0,         586,      -14.60863752,      -12.05554886,       -12.1768783,      -9.114488464
          0,           0,         587,      -14.59223193,      -12.04518426,      -12.16600766,      -9.109939243
          0,           0,         588,       -14.6159261,      -12.05574742,      -12.18367979,      -9.116731542
          0,           0,         589,      -14.60646194,      -12.05800281,      -12.17580826,      -9.119979408
          0,           0,         590,      -14.60819629,      -12.06619471,      -12.17149322,      -9.121761533
          0,           0,         591,      -14.59366634,      -12.04537405,      -12.17317912,      -9.111163318
          0,           0,         592,      -14.60762438,      -12.05934561,      -12.18709423,      -9.117786336
          0,           0,         593,      -14.60848803,       -12.0522273,      -12.17617471,      -9.116801347
          0,           0,         594,      -14.61088773,      -12.05002374,      -12.17889001,       -9.11822619
          0,           0,         595,      -14.61214507,      -12.04949807,      -12.18640969,      -9.118987757
          0,           0,         596,        -14.602012,      -12.05240022,      -12.18600273,      -9.112532624
          0,           0,         597,      -14.61850649,      -12.04971964,      -12.18826344,      -9.123026868
          0,           0,         598,      -14.61196734,      -12.06457326,      -12.18192256,      -9.121624633
          0,           0,         599,      -14.60751621,      -12.04486903,       -12.1893444,      -9.116247156
          0,           0,         600,      -14.61378305,      -12.05186685,       -12.1712405,      -9.111155374
