VARIABLES = \
"Time_Iter","Outer_Iter","Inner_Iter",    "rms[Rho]"    ,    "rms[RhoU]"   ,    "rms[RhoV]"   ,    "rms[RhoE]"   
          0,           0,           0,      -1.393926798,      0.8506427009,       1.110072525,       4.065701405
          0,           0,           1,      -1.856005168,       0.546007276,      0.6900767284,       3.619144997
          0,           0,           2,      -2.102898608,      0.3379060236,      0.4550914064,       3.377858121
          0,           0,           3,      -2.268897524,      0.1912984597,       0.261659046,       3.212484353
          0,           0,           4,      -2.425990879,     0.06101167218,     0.08641427477,       3.054836927
          0,           0,           5,      -2.579133888,    -0.05983443309,    -0.07926035875,       2.900076495
          0,           0,           6,      -2.727147305,     -0.1693255536,     -0.2373151286,        2.75092325
          0,           0,           7,      -2.872428499,     -0.2675840306,     -0.3929921005,       2.605494644
          0,           0,           8,      -3.016168918,      -0.351714382,     -0.5445024289,       2.462626697
          0,           0,           9,      -3.158617985,     -0.4258447844,     -0.6894791817,       2.322481423
          0,           0,          10,      -3.296951746,     -0.4948841322,     -0.8298642386,       2.187662587
          0,           0,          11,      -3.425445922,     -0.5598613611,     -0.9664062503,       2.063035401
          0,           0,          12,      -3.542141483,     -0.6202181295,      -1.094696433,       1.950545911
          0,           0,          13,      -3.650578216,      -0.675836885,      -1.211316528,       1.847834736
          0,           0,          14,      -3.752707331,      -0.726997199,      -1.318270665,       1.753782453
          0,           0,          15,      -3.845587766,     -0.7740285752,      -1.416677754,       1.670572713
          0,           0,          16,      -3.926641975,     -0.8175125363,      -1.503020212,       1.598950079
          0,           0,          17,      -3.997854177,     -0.8585100153,      -1.574633274,       1.535639153
          0,           0,          18,      -4.062612029,     -0.8983064904,      -1.634505349,       1.476820452
          0,           0,          19,       -4.12181744,     -0.9379539968,       -1.68847161,       1.421294658
          0,           0,          20,      -4.174827168,     -0.9780322976,      -1.740576768,       1.369643965
          0,           0,          21,      -4.222348215,      -1.018685146,      -1.791908564,       1.321907603
          0,           0,          22,      -4.266868049,      -1.059792027,      -1.841822489,       1.276853647
          0,           0,          23,      -4.310830125,       -1.10111289,       -1.88949436,       1.232952467
          0,           0,          24,      -4.355291756,      -1.142376576,      -1.934740858,       1.189344346
          0,           0,          25,      -4.399992498,      -1.183309836,      -1.978006552,       1.145983688
          0,           0,          26,      -4.444084226,      -1.223628244,      -2.019885033,       1.103286788
          0,           0,          27,      -4.486769509,      -1.263024822,      -2.060689701,       1.061752947
          0,           0,          28,      -4.527546347,      -1.301176443,      -2.100377942,       1.021760822
          0,           0,          29,      -4.566157976,      -1.337798787,      -2.138762097,       0.983510976
          0,           0,          30,      -4.602446056,       -1.37270904,      -2.175693847,       0.947065092
          0,           0,          31,      -4.636285483,      -1.405878038,      -2.211115042,       0.912399763
          0,           0,          32,      -4.667632077,      -1.437419146,      -2.244999397,      0.8794443503
          0,           0,          33,       -4.69661119,      -1.467567383,      -2.277299671,      0.8480675153
          0,           0,          34,      -4.723550713,      -1.496609983,      -2.307939909,      0.8180804874
          0,           0,          35,      -4.748918549,      -1.524817737,      -2.336865522,      0.7892639845
          0,           0,          36,      -4.773233577,      -1.552402297,      -2.364138165,       0.761381149
          0,           0,          37,      -4.796949839,      -1.579498181,      -2.389936756,      0.7342168228
          0,           0,          38,       -4.82038999,      -1.606165912,      -2.414547201,      0.7076071145
          0,           0,          39,      -4.843732493,      -1.632406743,      -2.438299028,      0.6814495201
          0,           0,          40,      -4.867028858,      -1.658188793,      -2.461501303,      0.6557014986
          0,           0,          41,      -4.890248677,      -1.683469647,      -2.484404974,      0.6303626742
          0,           0,          42,       -4.91332466,      -1.708205541,      -2.507179091,      0.6054532596
          0,           0,          43,      -4.936171957,      -1.732364344,      -2.529905175,      0.5810139077
          0,           0,          44,      -4.958723527,      -1.755935105,      -2.552603646,      0.5570761181
          0,           0,          45,      -4.980943981,       -1.77892805,      -2.575246913,      0.5336517223
          0,           0,          46,      -5.002821246,       -1.80137357,      -2.597790465,      0.5107372426
          0,           0,          47,      -5.024368406,      -1.823317981,      -2.620185123,      0.4883100297
          0,           0,          48,      -5.045616651,      -1.844819956,       -2.64238862,      0.4663323436
          0,           0,          49,      -5.066610403,      -1.865945593,      -2.664372753,      0.4447541677
          0,           0,          50,      -5.087402827,      -1.886764499,      -2.686126718,      0.4235165915
          0,           0,          51,      -5.108049095,      -1.907345854,      -2.707655582,      0.4025582655
          0,           0,          52,      -5.128603311,      -1.927755175,      -2.728976685,      0.3818180515
          0,           0,          53,      -5.149119565,      -1.948052182,      -2.750115582,      0.3612348916
          0,           0,          54,       -5.16964556,      -1.968289402,      -2.771101835,      0.3407535517
          0,           0,          55,      -5.190224491,      -1.988513065,      -2.791980562,      0.3203236525
          0,           0,          56,      -5.210892974,      -2.008761342,      -2.812787193,      0.2999009079
          0,           0,          57,      -5.231679518,      -2.029065356,      -2.833555216,      0.2794489289
          0,           0,          58,      -5.252609186,      -2.049450407,      -2.854317836,      0.2589351766
          0,           0,          59,      -5.273700993,      -2.069938369,      -2.875104977,      0.2383321352
          0,           0,          60,      -5.294968316,      -2.090546346,      -2.895945987,       0.217618727
          0,           0,          61,      -5.316420837,        -2.1112829,      -2.916863674,      0.1967785081
          0,           0,          62,       -5.33806188,      -2.132156853,      -2.937877711,      0.1758011738
          0,           0,          63,      -5.359895623,      -2.153174724,      -2.958997913,      0.1546762729
          0,           0,          64,      -5.381923654,      -2.174341286,      -2.980233749,      0.1333964071
          0,           0,          65,      -5.404146794,      -2.195658325,        -3.0016115,      0.1119542933
          0,           0,          66,      -5.426559679,      -2.217127377,      -3.023133742,     0.09034842036
          0,           0,          67,      -5.449154623,      -2.238750595,      -3.044792483,     0.06858483617
          0,           0,          68,      -5.471929197,      -2.260528304,      -3.066594559,     0.04666187137
          0,           0,          69,      -5.494879449,      -2.282459919,      -3.088544606,     0.02457941399
          0,           0,          70,      -5.518001963,      -2.304544261,      -3.110645119,    0.002337468062
          0,           0,          71,      -5.541293197,      -2.326779756,      -3.132898852,      -0.020063343
          0,           0,          72,      -5.564750206,      -2.349164398,      -3.155306869,     -0.0426226268
          0,           0,          73,      -5.588368715,      -2.371695493,      -3.177870776,    -0.06533837195
          0,           0,          74,      -5.612141874,      -2.394370613,      -3.200587097,    -0.08820621843
          0,           0,          75,       -5.63606622,      -2.417187282,      -3.223455916,     -0.1112245714
          0,           0,          76,      -5.660137775,       -2.44014276,      -3.246482554,     -0.1343907983
          0,           0,          77,      -5.684351072,        -2.4632343,      -3.269666791,     -0.1577008807
          0,           0,          78,      -5.708705385,      -2.486458903,      -3.293004402,     -0.1811544777
          0,           0,          79,      -5.733196375,      -2.509813516,      -3.316493824,     -0.2047484186
          0,           0,          80,      -5.757819632,      -2.533294798,      -3.340132804,      -0.228479333
          0,           0,          81,        -5.7825703,      -2.556899148,       -3.36391645,     -0.2523434989
          0,           0,          82,      -5.807442655,       -2.58062384,      -3.387848216,     -0.2763361548
          0,           0,          83,      -5.832435653,      -2.604465732,      -3.411924134,      -0.300456097
          0,           0,          84,      -5.857546787,      -2.628421989,      -3.436141699,     -0.3247009709
          0,           0,          85,      -5.882774064,      -2.652489886,      -3.460496371,     -0.3490689058
          0,           0,          86,       -5.90811371,      -2.676666344,      -3.484983943,     -0.3735566412
          0,           0,          87,      -5.933562932,      -2.700948566,      -3.509602209,     -0.3981616948
          0,           0,          88,      -5.959118859,      -2.725333831,      -3.534349072,     -0.4228814913
          0,           0,          89,      -5.984778373,      -2.749819596,      -3.559222256,     -0.4477133194
          0,           0,          90,      -6.010538305,      -2.774403303,      -3.584218944,      -0.472654336
          0,           0,          91,      -6.036395827,      -2.799082517,      -3.609336031,     -0.4977019428
          0,           0,          92,       -6.06234878,      -2.823855006,      -3.634569823,     -0.5228539877
          0,           0,          93,      -6.088394813,      -2.848718393,      -3.659919438,     -0.5481084176
          0,           0,          94,      -6.114530552,      -2.873670549,       -3.68538289,     -0.5734621436
          0,           0,          95,      -6.140754689,       -2.89870944,      -3.710955192,     -0.5989137771
          0,           0,          96,      -6.167065507,      -2.923832942,      -3.736632957,     -0.6244616381
          0,           0,          97,      -6.193460567,       -2.94903898,      -3.762414309,     -0.6501034386
          0,           0,          98,      -6.219937417,      -2.974325555,      -3.788297148,     -0.6758368587
          0,           0,          99,      -6.246493863,      -2.999690754,      -3.814278967,     -0.7016598454
          0,           0,         100,      -6.273128059,       -3.02513275,      -3.840357428,     -0.7275705931
          0,           0,         101,      -6.299838358,      -3.050649724,      -3.866530074,     -0.7535674259
          0,           0,         102,      -6.326622159,      -3.076240181,       -3.89279314,     -0.7796478518
          0,           0,         103,      -6.353477922,       -3.10190245,      -3.919145169,     -0.8058103163
          0,           0,         104,       -6.38040339,      -3.127634826,      -3.945584099,     -0.8320527315
          0,           0,         105,      -6.407396544,      -3.153435705,      -3.972107648,     -0.8583731307
          0,           0,         106,      -6.434454991,      -3.179303583,      -3.998712012,     -0.8847691067
          0,           0,         107,      -6.461578166,      -3.205236955,      -4.025396995,     -0.9112399213
          0,           0,         108,      -6.488764703,      -3.231234456,      -4.052159417,     -0.9377841512
          0,           0,         109,      -6.516012897,      -3.257294718,      -4.078996886,     -0.9644000617
          0,           0,         110,      -6.543320992,      -3.283416396,       -4.10590712,     -0.9910858568
          0,           0,         111,      -6.570687397,      -3.309598196,      -4.132887852,      -1.017839855
          0,           0,         112,      -6.598110673,      -3.335838868,      -4.159936705,      -1.044660513
          0,           0,         113,      -6.625589349,      -3.362137221,      -4.187051589,      -1.071546224
          0,           0,         114,       -6.65312205,       -3.38849211,      -4.214230335,      -1.098495482
          0,           0,         115,      -6.680707466,      -3.414902432,       -4.24147078,      -1.125506835
          0,           0,         116,       -6.70834434,      -3.441367123,      -4.268770788,      -1.152578868
          0,           0,         117,      -6.736031483,      -3.467885219,      -4.296128082,      -1.179710211
          0,           0,         118,      -6.763768191,      -3.494455915,       -4.32354002,      -1.206899825
          0,           0,         119,       -6.79155283,      -3.521078246,      -4.351005836,      -1.234145995
          0,           0,         120,      -6.819384634,      -3.547751174,      -4.378523438,       -1.26144767
          0,           0,         121,      -6.847262564,      -3.574473819,      -4.406090723,      -1.288803617
          0,           0,         122,      -6.875185368,      -3.601245376,       -4.43370544,      -1.316212447
          0,           0,         123,      -6.903153262,      -3.628065742,       -4.46136603,      -1.343673568
          0,           0,         124,      -6.931168465,      -3.654934083,      -4.489070065,      -1.371188512
          0,           0,         125,       -6.95922557,      -3.681849036,      -4.516817913,      -1.398752685
          0,           0,         126,      -6.987321402,      -3.708809561,      -4.544606495,      -1.426363189
          0,           0,         127,      -7.015456556,      -3.735815113,      -4.572433129,      -1.454020278
          0,           0,         128,      -7.043630998,      -3.762865094,       -4.60029618,      -1.481723429
          0,           0,         129,      -7.071844332,      -3.789958918,      -4.628193943,      -1.509471781
          0,           0,         130,      -7.100096107,      -3.817096037,      -4.656124659,      -1.537264504
          0,           0,         131,      -7.128385782,      -3.844275927,      -4.684086786,      -1.565100742
          0,           0,         132,       -7.15671273,      -3.871498076,      -4.712078928,      -1.592979587
          0,           0,         133,      -7.185076315,      -3.898761992,      -4.740099655,      -1.620900133
          0,           0,         134,      -7.213475959,       -3.92606721,      -4.768147464,      -1.648861522
          0,           0,         135,      -7.241911149,      -3.953413292,      -4.796220799,      -1.676862958
          0,           0,         136,      -7.270381376,      -3.980799817,      -4.824318317,      -1.704903642
          0,           0,         137,      -7.298886295,      -4.008226412,      -4.852438602,      -1.732982947
          0,           0,         138,      -7.327425639,      -4.035692703,      -4.880580061,      -1.761100339
          0,           0,         139,      -7.355998846,       -4.06319832,      -4.908741509,      -1.789254971
          0,           0,         140,      -7.384605304,      -4.090742945,      -4.936922189,      -1.817445939
          0,           0,         141,      -7.413244622,       -4.11832626,      -4.965120663,      -1.845672597
          0,           0,         142,      -7.441916684,      -4.145947992,      -4.993335591,      -1.873934541
          0,           0,         143,      -7.470621343,      -4.173607882,      -5.021565857,      -1.902231343
          0,           0,         144,      -7.499358355,      -4.201305678,      -5.049810461,      -1.930562502
          0,           0,         145,      -7.528127433,      -4.229041138,      -5.078068444,      -1.958927489
          0,           0,         146,      -7.556928293,      -4.256814033,      -5.106338859,      -1.987325788
          0,           0,         147,      -7.585760687,      -4.284624154,      -5.134620802,      -2.015756918
          0,           0,         148,      -7.614624403,      -4.312471306,      -5.162913419,      -2.044220434
          0,           0,         149,      -7.643519253,      -4.340355311,      -5.191215913,      -2.072715926
          0,           0,         150,      -7.672445073,      -4.368276003,      -5.219527538,      -2.101243014
          0,           0,         151,      -7.701401711,      -4.396233228,        -5.2478476,      -2.129801338
          0,           0,         152,       -7.73038902,      -4.424226847,      -5.276175458,      -2.158390559
          0,           0,         153,      -7.759406857,      -4.452256728,      -5.304510509,       -2.18701035
          0,           0,         154,      -7.788455105,      -4.480322749,      -5.332852227,      -2.215660417
          0,           0,         155,      -7.817533653,        -4.5084248,      -5.361200108,      -2.244340484
          0,           0,         156,      -7.846642397,      -4.536562778,      -5.389553699,      -2.273050288
          0,           0,         157,      -7.875781237,       -4.56473659,        -5.4179126,      -2.301789584
          0,           0,         158,      -7.904950078,       -4.59294615,      -5.446276463,      -2.330558144
          0,           0,         159,      -7.934148832,       -4.62119138,      -5.474644987,      -2.359355755
          0,           0,         160,      -7.963377422,      -4.649472208,      -5.503017917,      -2.388182225
          0,           0,         161,      -7.992635778,      -4.677788569,      -5.531395041,      -2.417037381
          0,           0,         162,      -8.021923834,      -4.706140404,      -5.559776192,      -2.445921061
          0,           0,         163,      -8.051241522,       -4.73452766,      -5.588161244,      -2.474833117
          0,           0,         164,      -8.080588779,      -4.762950285,      -5.616550121,      -2.503773411
          0,           0,         165,      -8.109965548,      -4.791408235,      -5.644942783,      -2.532741824
          0,           0,         166,      -8.139371767,      -4.819901468,      -5.673339232,      -2.561738242
          0,           0,         167,      -8.168807384,      -4.848429946,      -5.701739507,      -2.590762568
          0,           0,         168,      -8.198272353,      -4.876993633,      -5.730143654,       -2.61981472
          0,           0,         169,      -8.227766518,      -4.905592481,      -5.758551762,      -2.648894546
          0,           0,         170,      -8.257289921,      -4.934226473,      -5.786963931,      -2.678002048
          0,           0,         171,      -8.286842508,      -4.962895584,      -5.815380491,      -2.707137167
          0,           0,         172,      -8.316424202,       -4.99159978,      -5.843801693,      -2.736299833
          0,           0,         173,      -8.346034972,      -5.020339034,      -5.872227727,      -2.765490021
          0,           0,         174,      -8.375674791,      -5.049113321,      -5.900658868,      -2.794707708
          0,           0,         175,       -8.40534359,      -5.077922618,      -5.929095392,      -2.823952861
          0,           0,         176,      -8.435041307,      -5.106766897,      -5.957537613,      -2.853225456
          0,           0,         177,      -8.464767856,       -5.13564613,      -5.985985875,      -2.882525455
          0,           0,         178,      -8.494523157,      -5.164560285,      -6.014440544,      -2.911852832
          0,           0,         179,       -8.52430713,      -5.193509333,      -6.042901994,      -2.941207567
          0,           0,         180,      -8.554119718,      -5.222493243,       -6.07137063,       -2.97058966
          0,           0,         181,      -8.583960842,      -5.251511983,      -6.099846871,        -2.9999991
          0,           0,         182,      -8.613830424,      -5.280565519,      -6.128331169,      -3.029435889
          0,           0,         183,      -8.643728367,      -5.309653815,      -6.156823974,      -3.058900011
          0,           0,         184,      -8.673654606,      -5.338776834,      -6.185325751,      -3.088391478
          0,           0,         185,       -8.70360904,      -5.367934535,      -6.213836959,      -3.117910284
          0,           0,         186,      -8.733591567,      -5.397126876,      -6.242358095,      -3.147456425
          0,           0,         187,      -8.763602105,      -5.426353813,      -6.270889666,      -3.177029913
          0,           0,         188,      -8.793640537,      -5.455615297,      -6.299432155,      -3.206630736
          0,           0,         189,      -8.823706777,       -5.48491128,      -6.327986087,      -3.236258913
          0,           0,         190,      -8.853800699,      -5.514241707,      -6.356551955,      -3.265914429
          0,           0,         191,      -8.883922211,      -5.543606523,      -6.385130304,      -3.295597294
          0,           0,         192,      -8.914071175,      -5.573005668,      -6.413721623,      -3.325307498
          0,           0,         193,      -8.944247475,       -5.60243908,      -6.442326452,      -3.355045041
          0,           0,         194,      -8.974450998,      -5.631906694,      -6.470945309,      -3.384809918
          0,           0,         195,      -9.004681605,       -5.66140844,      -6.499578701,      -3.414602126
          0,           0,         196,      -9.034939169,      -5.690944245,      -6.528227172,      -3.444421644
          0,           0,         197,      -9.065223548,      -5.720514034,      -6.556891245,      -3.474268471
          0,           0,         198,      -9.095534606,      -5.750117729,      -6.585571372,      -3.504142586
          0,           0,         199,      -9.125872206,      -5.779755245,      -6.614268117,      -3.534043974
          0,           0,         200,      -9.156236184,      -5.809426494,      -6.642981977,      -3.563972608
          0,           0,         201,      -9.186626425,      -5.839131392,      -6.671713425,      -3.593928476
          0,           0,         202,      -9.217042738,       -5.86886984,      -6.700462959,      -3.623911542
          0,           0,         203,      -9.247484968,      -5.898641742,      -6.729231125,      -3.653921764
          0,           0,         204,      -9.277952971,         -5.928447,      -6.758018317,      -3.683959126
          0,           0,         205,      -9.308446596,       -5.95828551,      -6.786825057,      -3.714023604
          0,           0,         206,      -9.338965659,      -5.988157164,      -6.815651756,      -3.744115132
          0,           0,         207,      -9.369510039,      -6.018061851,      -6.844498946,      -3.774233696
          0,           0,         208,      -9.400079485,      -6.047999457,       -6.87336699,      -3.804379189
          0,           0,         209,       -9.43067386,      -6.077969864,      -6.902256369,      -3.834551598
          0,           0,         210,       -9.46129299,      -6.107972953,      -6.931167534,      -3.864750869
          0,           0,         211,      -9.491936739,      -6.138008603,      -6.960100831,      -3.894976951
          0,           0,         212,      -9.522604859,      -6.168076683,      -6.989056676,      -3.925229786
          0,           0,         213,      -9.553297258,      -6.198177065,      -7.018035538,      -3.955509277
          0,           0,         214,      -9.584013656,      -6.228309613,      -7.047037739,      -3.985815369
          0,           0,         215,      -9.614753939,      -6.258474199,       -7.07606365,      -4.016148001
          0,           0,         216,      -9.645517915,      -6.288670678,      -7.105113641,      -4.046507099
          0,           0,         217,      -9.676305344,      -6.318898904,      -7.134188102,      -4.076892534
          0,           0,         218,      -9.707116155,      -6.349158753,      -7.163287328,      -4.107304337
          0,           0,         219,      -9.737950001,      -6.379450053,       -7.19241162,      -4.137742276
          0,           0,         220,      -9.768806862,      -6.409772664,      -7.221561389,      -4.168206363
          0,           0,         221,        -9.7996864,      -6.440126444,      -7.250736906,      -4.198696497
          0,           0,         222,      -9.830588519,      -6.470511223,      -7.279938481,      -4.229212539
          0,           0,         223,      -9.861512979,      -6.500926848,      -7.309166365,      -4.259754392
          0,           0,         224,      -9.892459575,      -6.531373167,      -7.338420736,      -4.290321974
          0,           0,         225,      -9.923428331,      -6.561850023,      -7.367702099,      -4.320915307
          0,           0,         226,      -9.954418685,      -6.592357224,      -7.397010461,      -4.351533975
          0,           0,         227,      -9.985430756,      -6.622894645,      -7.426346248,      -4.382178268
          0,           0,         228,      -10.01646419,      -6.653462085,      -7.455709629,      -4.412847718
          0,           0,         229,      -10.04751895,      -6.684059382,      -7.485100834,       -4.44354234
          0,           0,         230,      -10.07859472,      -6.714686386,      -7.514519974,      -4.474262198
          0,           0,         231,      -10.10969115,      -6.745342882,      -7.543967302,      -4.505006827
          0,           0,         232,      -10.14080841,      -6.776028737,      -7.573443211,      -4.535776355
          0,           0,         233,      -10.17194615,       -6.80674375,      -7.602947588,      -4.566570573
          0,           0,         234,      -10.20310404,      -6.837487736,      -7.632480777,      -4.597389405
          0,           0,         235,      -10.23428198,      -6.868260532,      -7.662042865,      -4.628232663
          0,           0,         236,      -10.26548019,      -6.899061983,      -7.691634117,      -4.659100483
          0,           0,         237,      -10.29669757,      -6.929891847,       -7.72125443,      -4.689992124
          0,           0,         238,      -10.32793474,      -6.960749962,       -7.75090419,      -4.720908056
          0,           0,         239,      -10.35919127,      -6.991636157,      -7.780583723,      -4.751847837
          0,           0,         240,      -10.39046689,      -7.022550209,      -7.810292308,      -4.782811293
          0,           0,         241,      -10.42176173,      -7.053492024,      -7.840030979,        -4.8137988
          0,           0,         242,      -10.45307522,      -7.084461304,      -7.869799337,      -4.844809561
          0,           0,         243,      -10.48440701,      -7.115457861,      -7.899597323,      -4.875843473
          0,           0,         244,      -10.51575751,       -7.14648157,      -7.929425599,      -4.906900796
          0,           0,         245,       -10.5471265,      -7.177532289,      -7.959284003,      -4.937981757
          0,           0,         246,      -10.57851313,      -7.208609636,      -7.989172407,      -4.969085106
          0,           0,         247,      -10.60991761,      -7.239713603,      -8.019091085,      -5.000211155
          0,           0,         248,      -10.64134022,        -7.2708439,      -8.049039697,      -5.031360034
          0,           0,         249,      -10.67278024,      -7.302000388,      -8.079018617,      -5.062531708
          0,           0,         250,      -10.70423683,      -7.333182791,      -8.109028247,      -5.093725037
          0,           0,         251,      -10.73571137,      -7.364390978,      -8.139068314,      -5.124941286
          0,           0,         252,      -10.76720328,      -7.395624733,      -8.169138501,      -5.156179654
          0,           0,         253,      -10.79871077,      -7.426883906,      -8.199239151,      -5.187439543
          0,           0,         254,       -10.8302366,      -7.458168267,       -8.22936992,      -5.218721834
          0,           0,         255,      -10.86177776,      -7.489477529,      -8.259531187,      -5.250025073
          0,           0,         256,      -10.89333593,      -7.520811656,      -8.289723051,        -5.2813503
          0,           0,         257,      -10.92490967,      -7.552170259,       -8.31994547,      -5.312696128
          0,           0,         258,      -10.95649983,      -7.583553417,      -8.350198009,      -5.344064787
          0,           0,         259,      -10.98810464,      -7.614960597,      -8.380480858,      -5.375452394
          0,           0,         260,      -11.01972607,      -7.646391741,       -8.41079414,      -5.406861672
          0,           0,         261,      -11.05136447,      -7.677846865,       -8.44113848,      -5.438292633
          0,           0,         262,      -11.08301685,      -7.709325586,      -8.471511833,      -5.469744017
          0,           0,         263,      -11.11468406,      -7.740827514,      -8.501915574,      -5.501214634
          0,           0,         264,      -11.14636661,      -7.772352725,      -8.532350664,      -5.532706731
          0,           0,         265,      -11.17806445,      -7.803900888,      -8.562815775,      -5.564217996
          0,           0,         266,      -11.20977641,      -7.835471938,      -8.593310159,      -5.595750317
          0,           0,         267,       -11.2415033,      -7.867065517,      -8.623836176,      -5.627301982
          0,           0,         268,       -11.2732418,      -7.898681244,      -8.654390053,      -5.658871015
          0,           0,         269,      -11.30499699,      -7.930319395,      -8.684974878,      -5.690462237
          0,           0,         270,      -11.33676813,      -7.961979627,      -8.715589624,      -5.722073451
          0,           0,         271,      -11.36855121,       -7.99366166,      -8.746234545,      -5.753702962
          0,           0,         272,      -11.40034827,      -8.025365193,      -8.776907374,      -5.785352101
          0,           0,         273,      -11.43216045,      -8.057089943,      -8.807611454,      -5.817019525
          0,           0,         274,      -11.46398497,      -8.088836167,      -8.838344792,      -5.848706719
          0,           0,         275,      -11.49582204,      -8.120603486,      -8.869109874,      -5.880412377
          0,           0,         276,      -11.52767309,      -8.152391332,      -8.899903159,      -5.912136841
          0,           0,         277,      -11.55953604,       -8.18419962,      -8.930721817,       -5.94387665
          0,           0,         278,      -11.59141208,      -8.216028574,      -8.961572134,      -5.975637185
          0,           0,         279,      -11.62330022,      -8.247877314,      -8.992451915,      -6.007415242
          0,           0,         280,      -11.65520434,      -8.279746774,       -9.02336319,      -6.039213375
          0,           0,         281,      -11.68711842,      -8.311635409,      -9.054299397,      -6.071026847
          0,           0,         282,        -11.719043,      -8.343543705,      -9.085265631,      -6.102857364
          0,           0,         283,      -11.75098225,      -8.375471723,      -9.116262165,       -6.13470991
          0,           0,         284,       -11.7829303,      -8.407418073,      -9.147283578,      -6.166570621
          0,           0,         285,      -11.81489422,      -8.439384188,      -9.178331158,      -6.198455729
          0,           0,         286,       -11.8468804,      -8.471369677,       -9.20941551,       -6.23036411
          0,           0,         287,      -11.87885624,      -8.503372338,      -9.240521687,      -6.262278531
          0,           0,         288,      -11.91085397,      -8.535393586,      -9.271655858,      -6.294211116
          0,           0,         289,      -11.94286175,      -8.567433926,       -9.30282348,      -6.326164696
          0,           0,         290,      -11.97488153,      -8.599491315,      -9.334011177,      -6.358128077
          0,           0,         291,        -12.006914,      -8.631567683,      -9.365231203,      -6.390116486
          0,           0,         292,      -12.03896434,      -8.663660795,      -9.396480461,      -6.422120119
          0,           0,         293,      -12.07100443,      -8.695770931,      -9.427754242,      -6.454126834
          0,           0,         294,      -12.10306159,      -8.727897789,      -9.459050227,      -6.486156447
          0,           0,         295,      -12.13514498,      -8.760043806,      -9.490382498,      -6.518216863
          0,           0,         296,      -12.16722303,      -8.792204316,      -9.521732766,      -6.550269392
          0,           0,         297,      -12.19933176,      -8.824383851,      -9.553116565,      -6.582364076
          0,           0,         298,      -12.23140609,      -8.856576362,      -9.584527898,      -6.614443363
          0,           0,         299,      -12.26352187,      -8.888787366,      -9.615958072,      -6.646555332
          0,           0,         300,      -12.29563817,      -8.921014744,       -9.64741433,      -6.678681843
          0,           0,         301,      -12.32777168,      -8.953254545,      -9.678895904,      -6.710815517
          0,           0,         302,      -12.35994713,      -8.985514845,      -9.710415252,      -6.742990467
          0,           0,         303,      -12.39206514,      -9.017785429,      -9.741952105,      -6.775132564
          0,           0,         304,       -12.4242122,      -9.050074781,        -9.7735065,      -6.807315491
          0,           0,         305,      -12.45637508,      -9.082375053,      -9.805096598,      -6.839507178
          0,           0,         306,      -12.48859816,      -9.114696243,      -9.836717129,      -6.871743175
          0,           0,         307,      -12.52073586,      -9.147024631,      -9.868347145,      -6.903943728
          0,           0,         308,       -12.5529713,      -9.179375237,      -9.900007649,      -6.936216671
          0,           0,         309,      -12.58514653,      -9.211736186,      -9.931700203,      -6.968462368
          0,           0,         310,      -12.61734379,      -9.244108673,      -9.963396316,      -7.000714707
          0,           0,         311,      -12.64954831,      -9.276495086,      -9.995139676,      -7.032987411
          0,           0,         312,      -12.68177251,      -9.308895599,      -10.02688256,      -7.065260056
          0,           0,         313,      -12.71403983,      -9.341314209,      -10.05869155,       -7.09759844
          0,           0,         314,      -12.74630643,      -9.373746238,      -10.09046802,      -7.129915339
          0,           0,         315,      -12.77852157,      -9.406183751,      -10.12233038,      -7.162241533
          0,           0,         316,      -12.81075998,      -9.438635148,      -10.15416493,      -7.194577845
          0,           0,         317,      -12.84302712,      -9.471099437,      -10.18602439,      -7.226939013
          0,           0,         318,      -12.87529254,      -9.503578498,      -10.21793315,      -7.259295765
          0,           0,         319,      -12.90755212,      -9.536070615,      -10.24984282,      -7.291669144
          0,           0,         320,       -12.9397768,      -9.568572977,      -10.28178027,      -7.324067173
          0,           0,         321,      -12.97204603,      -9.601082914,      -10.31372537,      -7.356431654
          0,           0,         322,      -13.00438834,      -9.633612162,       -10.3457275,      -7.388879133
          0,           0,         323,       -13.0366411,      -9.666149319,       -10.3777122,      -7.421286508
          0,           0,         324,      -13.06885997,      -9.698685698,      -10.40974201,      -7.453671225
          0,           0,         325,      -13.10114645,      -9.731243186,      -10.44179534,      -7.486117289
          0,           0,         326,      -13.13340729,      -9.763807311,      -10.47383903,      -7.518525868
          0,           0,         327,      -13.16566299,      -9.796383185,      -10.50592237,      -7.550944931
          0,           0,         328,      -13.19801608,      -9.828982773,      -10.53796553,      -7.583464034
          0,           0,         329,      -13.23022816,      -9.861568611,       -10.5701052,      -7.615857359
          0,           0,         330,      -13.26270883,      -9.894190363,      -10.60231434,      -7.648480639
          0,           0,         331,      -13.29486921,      -9.926796083,        -10.634426,      -7.680935981
          0,           0,         332,      -13.32711904,      -9.959424549,      -10.66655582,      -7.713366838
          0,           0,         333,      -13.35941942,      -9.992059935,      -10.69872952,      -7.745804009
          0,           0,         334,      -13.39150318,      -10.02468805,      -10.73090077,      -7.778249414
          0,           0,         335,      -13.42364986,      -10.05733945,      -10.76312046,      -7.810754216
          0,           0,         336,      -13.45575747,      -10.08998956,      -10.79526966,      -7.843107603
          0,           0,         337,      -13.48822932,      -10.12267902,      -10.82763455,      -7.875824066
          0,           0,         338,      -13.52010793,      -10.15532245,      -10.85980416,      -7.907995681
          0,           0,         339,       -13.5526377,      -10.18803172,       -10.8921082,      -7.940714364
          0,           0,         340,       -13.5846996,      -10.22069677,      -10.92427558,      -7.973061628
          0,           0,         341,      -13.61686142,      -10.25338587,      -10.95657253,      -8.005483759
          0,           0,         342,      -13.64899487,      -10.28610717,      -10.98889421,      -8.038021008
          0,           0,         343,      -13.68057935,      -10.31881291,      -11.02091712,      -8.070237334
          0,           0,         344,      -13.71254395,      -10.35147462,      -11.05327258,      -8.102514052
          0,           0,         345,      -13.74431616,      -10.38418771,      -11.08551228,      -8.134590255
          0,           0,         346,      -13.77634877,       -10.4169753,      -11.11786997,      -8.167416163
          0,           0,         347,       -13.8078643,      -10.44963017,      -11.15012362,        -8.1993535
          0,           0,         348,      -13.83939879,      -10.48237758,      -11.18208407,       -8.23187946
          0,           0,         349,      -13.87016087,      -10.51507359,      -11.21405576,       -8.26323255
          0,           0,         350,      -13.90097196,      -10.54779347,      -11.24610985,      -8.295122418
          0,           0,         351,      -13.93367483,      -10.58058548,      -11.27835435,      -8.327553194
          0,           0,         352,      -13.96359529,      -10.61331967,      -11.31032306,      -8.359265776
          0,           0,         353,      -13.99519686,      -10.64599535,      -11.34247063,      -8.391091834
          0,           0,         354,      -14.02478295,      -10.67882358,      -11.37406994,      -8.422336984
          0,           0,         355,      -14.05489864,      -10.71140763,      -11.40606279,      -8.453202756
          0,           0,         356,      -14.08684074,      -10.74425267,      -11.43671581,      -8.485483649
          0,           0,         357,      -14.11316878,      -10.77690496,      -11.46885114,      -8.514594899
          0,           0,         358,      -14.14143362,      -10.80959104,      -11.49956573,      -8.545371962
          0,           0,         359,       -14.1704626,       -10.8419951,      -11.53073981,      -8.574954646
          0,           0,         360,      -14.19728247,      -10.87485127,      -11.56169128,      -8.605124329
          0,           0,         361,      -14.22574646,      -10.90745032,      -11.59306241,      -8.634399751
          0,           0,         362,      -14.25342849,      -10.94034434,      -11.62167593,      -8.665197296
          0,           0,         363,      -14.27929925,      -10.97281337,      -11.65132521,      -8.692346464
          0,           0,         364,      -14.30650157,      -11.00549879,      -11.68304269,      -8.723401653
          0,           0,         365,      -14.32924282,      -11.03804032,      -11.71138401,      -8.748507877
          0,           0,         366,      -14.35289566,       -11.0706089,      -11.74117012,      -8.776911044
          0,           0,         367,      -14.37135122,      -11.10275721,      -11.76971219,      -8.796964685
          0,           0,         368,      -14.38987119,       -11.1349845,      -11.79292253,      -8.820437173
          0,           0,         369,      -14.41448828,      -11.16729614,      -11.82147021,      -8.845488742
          0,           0,         370,      -14.42907482,      -11.19942701,      -11.84744958,      -8.865895809
          0,           0,         371,      -14.45152391,      -11.23202804,      -11.87017547,      -8.890357342
          0,           0,         372,      -14.46605127,      -11.26354417,      -11.89725666,      -8.910100684
          0,           0,         373,      -14.47647072,      -11.29574686,      -11.92268651,      -8.929813502
          0,           0,         374,      -14.48920473,      -11.32687138,       -11.9416466,      -8.948051312
          0,           0,         375,      -14.51470015,      -11.35984644,      -11.96748738,      -8.973477447
          0,           0,         376,      -14.52070865,      -11.39106082,      -11.98876568,      -8.988722889
          0,           0,         377,      -14.52382293,      -11.42150648,      -11.99615957,       -8.99383207
          0,           0,         378,      -14.54057769,      -11.45307566,      -12.01627071,      -9.013129274
          0,           0,         379,      -14.55750296,      -11.48452987,      -12.03404962,      -9.028191664
          0,           0,         380,      -14.56042449,      -11.51425028,      -12.05033668,      -9.037832828
          0,           0,         381,       -14.5610035,      -11.54380296,      -12.06436587,      -9.042320171
          0,           0,         382,      -14.55591829,      -11.57033215,      -12.07886886,      -9.041077419
          0,           0,         383,      -14.57745121,       -11.6036534,      -12.09099418,      -9.070229122
          0,           0,         384,      -14.57895791,      -11.62940302,      -12.09229717,      -9.063654863
          0,           0,         385,      -14.58541953,      -11.65906742,      -12.11014639,      -9.077564277
          0,           0,         386,      -14.58570067,      -11.68891966,      -12.11942516,       -9.08776771
          0,           0,         387,      -14.59870251,       -11.7149586,      -12.12500344,      -9.089647502
          0,           0,         388,      -14.59721311,      -11.73859106,      -12.13956939,       -9.09249834
          0,           0,         389,      -14.57941964,      -11.76219327,      -12.13860593,      -9.086418565
          0,           0,         390,      -14.59749982,       -11.7878776,      -12.13530578,      -9.094803285
          0,           0,         391,      -14.60585155,      -11.81218403,      -12.15107427,      -9.107813066
          0,           0,         392,       -14.5822535,      -11.82166816,      -12.14098409,      -9.081992037
          0,           0,         393,      -14.58863258,      -11.85191324,      -12.14336561,       -9.10520207
          0,           0,         394,      -14.60310816,       -11.8716373,      -12.15986961,      -9.113908173
          0,           0,         395,      -14.60356209,       -11.8947806,      -12.16372938,      -9.115137332
          0,           0,         396,      -14.60636272,      -11.91731338,      -12.16268282,      -9.115228002
          0,           0,         397,      -14.60119786,      -11.92382258,      -12.16011594,      -9.104709611
          0,           0,         398,      -14.60017118,      -11.94094325,      -12.17777407,      -9.114602324
          0,           0,         399,      -14.60105017,      -11.95081655,      -12.15459638,      -9.110212688
          0,           0,         400,      -14.60756999,      -11.96219583,      -12.17255676,      -9.107288183
          0,           0,         401,      -14.61049404,      -11.96922959,        -12.165655,      -9.109483094
          0,           0,         402,      -14.60560993,      -11.99580471,       -12.1776281,      -9.119665989
          0,           0,         403,       -14.6160905,      -11.99448793,      -12.17786958,      -9.119325914
          0,           0,         404,      -14.61093837,      -12.00836901,      -12.16730125,       -9.12280953
          0,           0,         405,      -14.61011751,      -12.01254076,      -12.18279345,      -9.121057323
          0,           0,         406,      -14.60108894,      -11.99350967,      -12.16848415,      -9.097745131
          0,           0,         407,      -14.60683988,      -12.01796611,      -12.17727864,      -9.116412607
          0,           0,         408,      -14.60568905,      -12.03313169,      -12.16241166,      -9.114799487
          0,           0,         409,      -14.61041223,      -12.03516151,      -12.17061504,      -9.113668075
          0,           0,         410,      -14.60154574,      -12.02469261,      -12.16685209,      -9.115349905
          0,           0,         411,      -14.61190901,      -12.04321712,      -12.18064952,      -9.123541499
          0,           0,         412,      -14.60612808,       -12.0344262,      -12.15579362,       -9.11050851
          0,           0,         413,      -14.60672789,      -12.05537996,       -12.1808236,      -9.121819687
          0,           0,         414,      -14.59418792,      -12.03929687,      -12.16019165,      -9.101403781
          0,           0,         415,      -14.61008891,      -12.04195686,      -12.16745597,      -9.114460768
          0,           0,         416,      -14.60581619,      -12.05082168,      -12.16884596,       -9.11202326
          0,           0,         417,      -14.62091293,      -12.05680561,      -12.16597785,      -9.118953528
          0,           0,         418,      -14.60900379,      -12.04318898,      -12.16428261,      -9.117372155
          0,           0,         419,      -14.61231343,      -12.05733609,      -12.17992794,      -9.118254848
          0,           0,         420,      -14.61394192,      -12.05932608,      -12.16835789,      -9.119857358
          0,           0,         421,      -14.59954827,      -12.04161062,      -12.17563116,      -9.112342811
          0,           0,         422,      -14.59151382,      -12.04310733,      -12.16093116,      -9.100083651
          0,           0,         423,       -14.5832872,      -12.01870317,      -12.17164916,      -9.089776457
          0,           0,         424,      -14.60511564,      -12.05841255,      -12.17473459,      -9.107504243
          0,           0,         425,       -14.6095815,      -12.07095024,      -12.18540621,      -9.124506384
          0,           0,         426,      -14.61115602,      -12.06199652,      -12.16572804,      -9.123358696
          0,           0,         427,      -14.59447749,      -12.05768096,      -12.17086899,      -9.111157874
          0,           0,         428,      -14.60854636,      -12.03909546,      -12.18340183,      -9.116817534
          0,           0,         429,      -14.60525454,      -12.06213908,       -12.1770097,      -9.114894586
          0,           0,         430,      -14.61476619,      -12.06875856,      -12.18740688,      -9.127896604
          0,           0,         431,      -14.60973928,      -12.05228567,      -12.17633696,      -9.114826367
          0,           0,         432,      -14.61710924,      -12.06354991,      -12.18718084,      -9.127338063
          0,           0,         433,      -14.61409107,      -12.05496516,      -12.18761462,      -9.120803414
          0,           0,         434,      -14.61166638,      -12.06526014,      -12.17841042,      -9.119637224
          0,           0,         435,      -14.60598131,       -12.0544793,      -12.17374923,      -9.117242167
          0,           0,         436,      -14.60573001,      -12.04348056,      -12.17698035,      -9.115398521
          0,           0,         437,       -14.6038575,      -12.05336667,      -12.17133543,      -9.103083041
          0,           0,         438,      -14.59186852,       -12.0303298,       -12.1879712,      -9.103549771
          0,           0,         439,       -14.6282986,      -12.06164428,      -12.17518498,      -9.122764862
          0,           0,         440,      -14.61754744,      -12.06420752,      -12.17598242,       -9.12654416
          0,           0,         441,      -14.61531635,       -12.0695086,      -12.16712956,      -9.127972143
          0,           0,         442,      -14.62305621,      -12.06550606,      -12.16428578,      -9.124166033
          0,           0,         443,      -14.61183773,      -12.05594111,      -12.19544215,      -9.124407447
          0,           0,         444,      -14.61952293,       -12.0616062,      -12.18438246,      -9.125292363
          0,           0,         445,      -14.59581657,       -12.0340872,      -12.16280415,      -9.104653175
          0,           0,         446,      -14.61613715,      -12.06415727,      -12.17745782,      -9.122214727
          0,           0,         447,      -14.60841377,      -12.05701829,      -12.18439058,      -9.114866142
          0,           0,         448,      -14.59181378,      -12.03262215,      -12.16967626,       -9.09945228
          0,           0,         449,      -14.61388878,      -12.06111699,      -12.17675657,      -9.119956214
          0,           0,         450,      -14.60285778,      -12.05988534,      -12.17179789,      -9.118550748
          0,           0,         451,      -14.60783449,      -12.06081125,      -12.17577554,      -9.116574993
          0,           0,         452,      -14.61422441,      -12.06854345,      -12.18133457,      -9.125256991
          0,           0,         453,      -14.61360393,      -12.06624534,      -12.18157164,      -9.125311424
          0,           0,         454,      -14.61247603,      -12.06903844,      -12.18732716,      -9.128701546
          0,           0,         455,      -14.61176134,      -12.05917052,      -12.17569333,      -9.122258639
          0,           0,         456,      -14.59617687,      -12.03547696,      -12.16513716,      -9.112586499
          0,           0,         457,      -14.61373383,      -12.06674445,       -12.1849448,      -9.124227444
          0,           0,         458,      -14.61136157,       -12.0648897,      -12.18514431,      -9.121709367
          0,           0,         459,      -14.61494588,       -12.0675384,      -12.17485099,       -9.12880842
          0,           0,         460,      -14.60397585,      -12.04908369,      -12.17941794,      -9.113548981
          0,           0,         461,      -14.59641297,      -12.05687147,      -12.17072895,      -9.104710943
          0,           0,         462,      -14.60115619,      -12.06683201,       -12.1711606,      -9.108612936
          0,           0,         463,      -14.60432091,      -12.05224706,      -12.17671968,      -9.109557769
          0,           0,         464,      -14.60290175,      -12.04030677,      -12.16867866,      -9.111251702
          0,           0,         465,       -14.6186908,      -12.06304426,      -12.17901836,      -9.119015085
          0,           0,         466,      -14.61599188,      -12.07115073,      -12.18561097,      -9.122308343
          0,           0,         467,      -14.60870266,      -12.04711935,      -12.16369539,      -9.118986704
          0,           0,         468,      -14.60951952,      -12.06069764,      -12.16874203,      -9.116401259
          0,           0,         469,      -14.60083273,      -12.04019064,      -12.18170881,      -9.107198475
          0,           0,         470,       -14.5988668,      -12.05437137,       -12.1845123,      -9.106609539
          0,           0,         471,      -14.60713059,      -12.05421483,       -12.1769264,      -9.113975273
          0,           0,         472,      -14.61383639,      -12.05166041,      -12.17425717,      -9.117607436
          0,           0,         473,       -14.6069313,       -12.0535202,       -12.1759828,      -9.117363156
          0,           0,         474,      -14.60375131,      -12.04420937,      -12.18372062,      -9.112576262
          0,           0,         475,      -14.61266939,      -12.06642775,      -12.17203606,      -9.124938002
          0,           0,         476,      -14.59524466,      -12.04379674,      -12.18086149,      -9.109857925
          0,           0,         477,      -14.59406532,      -12.05262824,      -12.17263107,      -9.106741123
          0,           0,         478,      -14.61637104,      -12.07953625,      -12.18637389,      -9.132003458
          0,           0,         479,      -14.61001425,      -12.06187101,      -12.17580082,      -9.124051531
          0,           0,         480,      -14.59635424,      -12.06260795,      -12.17664544,       -9.10986823
          0,           0,         481,      -14.62452795,      -12.07148182,      -12.18210367,      -9.134497987
          0,           0,         482,       -14.5965171,      -12.05080223,      -12.17121535,       -9.11532744
          0,           0,         483,       -14.6248898,      -12.07697924,      -12.18584322,      -9.135431233
          0,           0,         484,      -14.61334618,      -12.05570446,      -12.17222896,      -9.116071391
          0,           0,         485,      -14.61260469,      -12.04414972,      -12.18552475,      -9.119718053
          0,           0,         486,      -14.60497892,       -12.0588575,      -12.18620649,      -9.118453632
          0,           0,         487,      -14.61680598,      -12.06220406,      -12.18122157,      -9.122899757
          0,           0,         488,      -14.61135971,      -12.06443568,      -12.17866454,      -9.120626859
          0,           0,         489,      -14.60917076,      -12.06694629,      -12.16478878,      -9.116796878
          0,           0,         490,      -14.60527693,      -12.05610986,      -12.18024636,      -9.117899652
          0,           0,         491,      -14.61113608,      -12.06585326,        -12.177587,      -9.125770007
          0,           0,         492,      -14.60603037,      -12.05574549,      -12.17097761,      -9.118202964
          0,           0,         493,      -14.61495313,      -12.05970721,      -12.18947893,      -9.118752539
          0,           0,         494,      -14.61427665,      -12.07588893,       -12.1840322,      -9.127130018
          0,           0,         495,      -14.60956422,      -12.06324661,      -12.18002956,      -9.122229521
          0,           0,         496,      -14.61139174,      -12.04654139,      -12.17639833,      -9.118545581
          0,           0,         497,      -14.61495013,      -12.06522129,       -12.1854312,       -9.12415124
          0,           0,         498,       -14.6141264,      -12.04708566,      -12.18385971,       -9.11428615
          0,           0,         499,      -14.61134639,      -12.07293795,      -12.16557968,      -9.120044119
          0,           0,         500,      -14.61825354,      -12.07330409,      -12.18394362,      -9.137297491
          0,           0,         501,      -14.59607905,      -12.03742801,       -12.1701217,       -9.10817558
          0,           0,         502,      -14.60387742,      -12.05457078,      -12.17867374,      -9.115154886
          0,           0,         503,      -14.60817609,      -12.05089749,      -12.17323368,       -9.11431008
          0,           0,         504,      -14.61352323,      -12.06058905,      -12.17629889,      -9.119789656
          0,           0,         505,      -14.60352312,      -12.06450435,      -12.16633825,      -9.117788475
          0,           0,         506,      -14.60542302,      -12.05847478,      -12.18657569,      -9.108773608
          0,           0,         507,      -14.62240216,      -12.05503321,      -12.17718041,      -9.126686888
          0,           0,         508,      -14.60117704,       -12.0496132,      -12.18116644,      -9.109728187
          0,           0,         509,      -14.62331048,      -12.06679056,      -12.18451169,      -9.139479216
          0,           0,         510,      -14.58355605,      -12.04766008,      -12.16108874,      -9.093372189
          0,           0,         511,      -14.61468993,      -12.07120098,      -12.18272968,      -9.119774043
          0,           0,         512,      -14.60707962,      -12.04465759,      -12.17904034,      -9.116168892
          0,           0,         513,      -14.61882828,      -12.05541259,      -12.18961594,      -9.124332233
          0,           0,         514,      -14.59343976,      -12.05185743,      -12.16145417,      -9.105396527
          0,           0,         515,      -14.59768444,       -12.0428839,      -12.18241274,      -9.111901068
          0,           0,         516,      -14.61489486,      -12.05759744,      -12.17992863,       -9.12269594
          0,           0,         517,      -14.61153366,      -12.05897987,      -12.18479052,      -9.114010819
          0,           0,         518,      -14.60548993,      -12.05819466,      -12.17537861,      -9.116383779
          0,           0,         519,      -14.60240227,      -12.04973294,      -12.17540355,      -9.114175432
          0,           0,         520,      -14.61640042,      -12.06351793,      -12.17905185,      -9.118929918
          0,           0,         521,       -14.6153643,      -12.06536685,      -12.17672618,       -9.12529757
          0,           0,         522,      -14.61387915,      -12.05753839,      -12.19767217,      -9.118536268
          0,           0,         523,      -14.59629752,      -12.03907018,      -12.16390455,      -9.095723991
          0,           0,         524,      -14.62406534,      -12.07261074,      -12.17551817,       -9.12228092
          0,           0,         525,      -14.61938631,      -12.05104366,      -12.19598617,      -9.120543979
          0,           0,         526,      -14.62041026,      -12.06960837,      -12.18650332,       -9.12881748
          0,           0,         527,      -14.60938897,      -12.05633612,      -12.17202965,      -9.107963942
          0,           0,         528,      -14.61216914,       -12.0667508,      -12.18000571,      -9.121712373
          0,           0,         529,      -14.60958886,      -12.05816779,      -12.17622395,      -9.127516318
          0,           0,         530,        -14.619039,      -12.05406223,       -12.1879504,      -9.123468343
          0,           0,         531,      -14.60143317,      -12.04867092,      -12.18186537,      -9.114892715
          0,           0,         532,      -14.60989235,      -12.05299612,      -12.17978277,      -9.106166169
          0,           0,         533,      -14.61420509,      -12.06528635,      -12.17182752,      -9.117069773
          0,           0,         534,      -14.61210879,      -12.04769914,      -12.16761061,      -9.112151185
          0,           0,         535,      -14.60138674,      -12.03808958,      -12.17763262,      -9.104949491
          0,           0,         536,      -14.61915862,      -12.07057951,      -12.17614544,      -9.120646452
          0,           0,         537,      -14.59733398,      -12.04950221,      -12.18305381,       -9.11281946
          0,           0,         538,      -14.60981159,      -12.06785919,      -12.18208136,      -9.124028648
          0,           0,         539,      -14.61126686,       -12.0515901,      -12.16996969,       -9.12956596
          0,           0,         540,      -14.60635651,      -12.06140241,      -12.17321581,      -9.110338219
          0,           0,         541,      -14.60715798,      -12.05428503,      -12.16799249,      -9.116190287
          0,           0,         542,      -14.58041231,      -12.03597754,       -12.1756939,      -9.099766658
          0,           0,         543,      -14.60957549,      -12.03090066,      -12.17581205,      -9.103419498
          0,           0,         544,      -14.59515591,      -12.04896342,      -12.16274248,      -9.106611212
          0,           0,         545,      -14.60588816,      -12.05430177,      -12.16929575,      -9.114544238
          0,           0,         546,      -14.62633327,      -12.07833692,      -12.17660334,       -9.12970565
          0,           0,         547,      -14.60393445,      -12.04032576,      -12.18363407,      -9.105265622
          0,           0,         548,      -14.61516892,      -12.06639234,      -12.17534247,      -9.129130954
          0,           0,         549,      -14.61351177,      -12.04381424,      -12.19160779,      -9.120986387
          0,           0,         550,      -14.60862161,      -12.04928664,      -12.18471074,      -9.103159162
          0,           0,         551,       -14.6005275,      -12.05207417,      -12.16694303,       -9.10666292
          0,           0,         552,      -14.61337368,       -12.0503877,      -12.18323233,      -9.112267781
          0,           0,         553,      -14.61063055,      -12.05119662,      -12.18664398,      -9.111247982
          0,           0,         554,      -14.60605296,      -12.05551228,      -12.16631454,      -9.113828101
          0,           0,         555,      -14.60601634,      -12.06458795,      -12.18329909,      -9.119528879
          0,           0,         556,      -14.61184324,      -12.05619946,      -12.18213791,      -9.122804495
          0,           0,         557,      -14.63031203,      -12.07584977,      -12.19668998,      -9.143086997
          0,           0,         558,      -14.61522145,      -12.05831822,      -12.16698189,      -9.119045057
          0,           0,         559,      -14.61463486,      -12.06358184,       -12.1728476,      -9.120833558
          0,           0,         560,      -14.60631161,      -12.06034467,      -12.17476816,      -9.121793144
          0,           0,         561,      -14.61619909,      -12.07321058,       -12.1735709,      -9.129182619
          0,           0,         562,       -14.5887527,      -12.03238313,      -12.16830138,      -9.097834368
          0,           0,         563,      -14.60195426,      -12.04767867,      -12.18279047,      -9.115226018
          0,           0,         564,      -14.61125128,      -12.05572961,      -12.17799266,      -9.115506047
          0,           0,         565,      -14.61192918,      -12.07265475,      -12.16426002,      -9.113075246
          0,           0,         566,      -14.61399184,      -12.05394782,      -12.17073261,      -9.116528636
          0,           0,         567,      -14.60875153,      -12.05391519,       -12.1778833,      -9.110223231
          0,           0,         568,      -14.60209175,      -12.04347018,      -12.16202836,      -9.111541118
          0,           0,         569,       -14.6063955,      -12.04575246,      -12.17338328,      -9.107673872
          0,           0,         570,      -14.60067039,      -12.06395645,      -12.17047553,      -9.117206092
          0,           0,         571,      -14.59910044,      -12.05217321,      -12.18609166,      -9.109247606
          0,           0,         572,      -14.62476717,      -12.07573634,      -12.18178525,      -9.127323022
          0,           0,         573,       -14.5859492,      -12.04584875,       -12.1540942,      -9.097088278
          0,           0,         574,      -14.60893071,      -12.07677251,       -12.1827289,      -9.131590749
          0,           0,         575,      -14.61008484,       -12.0617759,      -12.16148482,      -9.120580873
          0,           0,         576,      -14.60017703,      -12.06591938,      -12.17406266,      -9.108138109
          0,           0,         577,      -14.60307383,      -12.04925006,      -12.17032468,      -9.114553169
          0,           0,         578,      -14.60142838,      -12.04844609,      -12.18320171,       -9.12064655
          0,           0,         579,      -14.61030984,      -12.04878935,      -12.18054274,      -9.109155611
          0,           0,         580,      -14.61497894,       -12.0656002,      -12.16247759,      -9.117855908
          0,           0,         581,      -14.59532269,      -12.04229565,      -12.16454175,      -9.102842222
          0,           0,         582,        -14.607975,      -12.06062947,      -12.17755424,      -9.113429216
          0,           0,         583,      -14.61783494,      -12.06815865,      -12.16473867,      -9.125956143
          0,           0,         584,      -14.61072034,      -12.04911323,      -12.17357385,      -9.116661616
          0,           0,         585,      -14.61075394,      -12.06800269,      -12.18444091,      -9.126001995
          0,           0,         586,      -14.60682439,       -12.0488581,      -12.18398108,      -9.113266111
          0,           0,         587,      -14.61138091,      -12.06475816,      -12.18649677,      -9.123349436
          0,           0,         588,      -14.62075652,      -12.06594328,      -12.19573153,      -9.124360781
          0,           0,         589,       -14.6135011,       -12.0663422,      -12.18194939,      -9.121804963
          0,           0,         590,      -14.61118687,      -12.04934238,      -12.16562972,      -9.117036793
          0,           0,         591,      -14.61314857,      -12.05712221,      -12.18966903,      -9.119628584
          0,           0,         592,      -14.60171991,      -12.05204099,      -12.16694632,      -9.107082848
          0,           0,         593,      -14.59893817,      -12.05404489,      -12.17690212,      -9.115934317
          0,           0,         594,      -14.62204651,      -12.05333521,      -12.18614105,       -9.12468262
          0,           0,         595,      -14.59904008,       -12.0337482,      -12.18457227,      -9.098694797
          0,           0,         596,       -14.5928408,      -12.02443388,      -12.17985848,       -9.09671859
          0,           0,         597,      -14.59194009,      -12.03100639,      -12.17842101,      -9.103722482
          0,           0,         598,      -14.60348396,       -12.0551265,      -12.17076566,      -9.111989752
          0,           0,         599,      -14.60455453,      -12.03659311,      -12.18095415,      -9.103627489
          0,           0,         600,      -14.59994821,       -12.0478092,      -12.16812945,       -9.11283157
