VARIABLES = \
"Time_Iter","Outer_Iter","Inner_Iter",    "rms[Rho]"    ,    "rms[RhoU]"   ,    "rms[RhoV]"   ,    "rms[RhoE]"   
          0,           0,           0,      -1.437040724,      0.8487355423,       1.051088037,       4.022587479
          0,           0,           1,      -1.890182039,      0.5587389632,       0.640403466,       3.584282663
          0,           0,           2,      -2.137772131,      0.3552779806,      0.4081407445,       3.343223023
          0,           0,           3,      -2.297339437,      0.2114929487,      0.2266488938,       3.184342759
          0,           0,           4,      -2.449667142,     0.08387761942,     0.05666731239,       3.031928777
          0,           0,           5,      -2.597393236,    -0.03155050083,      -0.106850893,        2.88312359
          0,           0,           6,      -2.742168194,     -0.1299065053,       -0.26446704,       2.737809039
          0,           0,           7,      -2.887803681,     -0.2160301164,     -0.4167856678,        2.59314292
          0,           0,           8,      -3.026909026,     -0.2918694763,     -0.5606584007,       2.456123051
          0,           0,           9,      -3.158090706,     -0.3621122536,     -0.6959702173,       2.327920399
          0,           0,          10,      -3.284602887,     -0.4308335492,      -0.824720914,       2.205209967
          0,           0,          11,      -3.405390951,     -0.4971826623,     -0.9473864373,       2.088921573
          0,           0,          12,      -3.515112559,     -0.5586828223,      -1.061631288,       1.984515012
          0,           0,          13,      -3.612702997,     -0.6148097347,      -1.165095225,       1.893583701
          0,           0,          14,      -3.701880667,     -0.6665601304,      -1.259766307,       1.812632105
          0,           0,          15,      -3.784702386,     -0.7148602205,      -1.346350293,       1.738893303
          0,           0,          16,      -3.861593316,     -0.7603427676,      -1.423420942,       1.670912198
          0,           0,          17,      -3.932805069,     -0.8037640421,      -1.492229489,       1.607550067
          0,           0,          18,      -3.997854553,     -0.8460493763,      -1.556081784,       1.548383802
          0,           0,          19,      -4.056885673,     -0.8880176814,      -1.616267789,       1.492906013
          0,           0,          20,      -4.111457114,      -0.930204202,      -1.671840783,       1.440038467
          0,           0,          21,      -4.163269614,     -0.9728867953,      -1.722272788,       1.388780112
          0,           0,          22,      -4.213539713,      -1.016187959,      -1.768417728,       1.338462769
          0,           0,          23,      -4.262851961,      -1.060118145,       -1.81176703,       1.288813975
          0,           0,          24,      -4.311030683,      -1.104565695,      -1.853667243,       1.240040279
          0,           0,          25,      -4.357556555,       -1.14929641,      -1.895117326,       1.192548539
          0,           0,          26,      -4.402135224,      -1.193980367,      -1.936785317,       1.146556529
          0,           0,          27,      -4.444828356,      -1.238238853,      -1.979058144,       1.101991828
          0,           0,          28,      -4.485844176,      -1.281702586,      -2.022083222,        1.05862729
          0,           0,          29,      -4.525364123,       -1.32406499,      -2.065833146,       1.016220206
          0,           0,          30,       -4.56349144,      -1.365119119,      -2.110129639,      0.9745858806
          0,           0,          31,      -4.600261091,      -1.404770466,      -2.154655572,      0.9336307097
          0,           0,          32,      -4.635636564,       -1.44302387,      -2.198958708,      0.8933875673
          0,           0,          33,       -4.66952644,      -1.479952797,      -2.242473721,      0.8540182348
          0,           0,          34,      -4.701829292,      -1.515662394,      -2.284550019,      0.8157775318
          0,           0,          35,      -4.732504205,      -1.550258335,      -2.324556306,      0.7789302098
          0,           0,          36,      -4.761622256,       -1.58382399,      -2.362017558,      0.7436636571
          0,           0,          37,      -4.789366264,      -1.616413057,       -2.39673018,      0.7100369093
          0,           0,          38,       -4.81598069,      -1.648050283,      -2.428778267,      0.6779876296
          0,           0,          39,      -4.841705067,      -1.678741017,      -2.458464505,      0.6473788664
          0,           0,          40,      -4.866726616,       -1.70848127,      -2.486188592,      0.6180561416
          0,           0,          41,      -4.891163697,       -1.73726649,      -2.512341725,      0.5898855623
          0,           0,          42,      -4.915088122,      -1.765102184,      -2.537259281,      0.5627581091
          0,           0,          43,      -4.938548955,      -1.792005067,      -2.561203846,      0.5365832284
          0,           0,          44,      -4.961595301,      -1.818005838,      -2.584379833,      0.5112730276
          0,           0,          45,      -4.984281986,       -1.84314861,      -2.606946688,      0.4867376612
          0,           0,          46,      -5.006670771,      -1.867491058,      -2.629041045,      0.4628839952
          0,           0,          47,       -5.02882867,       -1.89110087,       -2.65075893,      0.4396161485
          0,           0,          48,       -5.05081612,       -1.91405287,      -2.672172358,      0.4168451425
          0,           0,          49,      -5.072684245,      -1.936425683,      -2.693330295,      0.3944924953
          0,           0,          50,      -5.094477282,      -1.958299361,      -2.714264574,      0.3724876297
          0,           0,          51,      -5.116231315,      -1.979753408,      -2.734997014,      0.3507698159
          0,           0,          52,      -5.137976999,       -2.00086508,       -2.75554386,      0.3292851147
          0,           0,          53,      -5.159743267,      -2.021706878,      -2.775922344,      0.3079821292
          0,           0,          54,      -5.181550483,      -2.042345215,       -2.79615602,      0.2868186638
          0,           0,          55,       -5.20341882,      -2.062840605,      -2.816270122,      0.2657537714
          0,           0,          56,      -5.225365345,      -2.083246442,      -2.836294444,      0.2447505517
          0,           0,          57,      -5.247403767,      -2.103609074,      -2.856260679,      0.2237765601
          0,           0,          58,      -5.269546307,      -2.123967442,      -2.876202033,      0.2028019059
          0,           0,          59,      -5.291799713,      -2.144354359,      -2.896150235,      0.1818037576
          0,           0,          60,      -5.314170334,      -2.164796567,      -2.916135584,      0.1607608815
          0,           0,          61,      -5.336660838,      -2.185315303,      -2.936188749,      0.1396571137
          0,           0,          62,      -5.359277242,      -2.205927428,      -2.956334591,      0.1184748607
          0,           0,          63,      -5.382020413,      -2.226646168,      -2.976595385,     0.09720264285
          0,           0,          64,      -5.404889853,      -2.247482127,      -2.996997119,     0.07583129048
          0,           0,          65,      -5.427887066,      -2.268443512,      -3.017550803,     0.05435145758
          0,           0,          66,      -5.451011554,      -2.289535929,       -3.03826707,     0.03275650816
          0,           0,          67,      -5.474260915,       -2.31076334,      -3.059155985,     0.01104237319
          0,           0,          68,      -5.497633504,      -2.332128476,      -3.080223976,    -0.01079487209
          0,           0,          69,       -5.52112794,      -2.353632934,      -3.101474248,    -0.03275879771
          0,           0,          70,      -5.544743275,      -2.375277695,      -3.122908254,    -0.05485243236
          0,           0,          71,      -5.568477459,      -2.397062939,      -3.144527498,    -0.07707744084
          0,           0,          72,      -5.592327124,      -2.418987776,      -3.166330077,     -0.0994339117
          0,           0,          73,       -5.61628876,      -2.441050991,      -3.188314601,     -0.1219212157
          0,           0,          74,      -5.640359817,      -2.463251326,      -3.210479435,     -0.1445393361
          0,           0,          75,      -5.664540221,         -2.485587,      -3.232820941,     -0.1672900741
          0,           0,          76,       -5.68882206,      -2.508055107,      -3.255336327,     -0.1901684142
          0,           0,          77,      -5.713202534,       -2.53065301,      -3.278020627,     -0.2131731593
          0,           0,          78,       -5.73768035,       -2.55337784,      -3.300869082,     -0.2363042987
          0,           0,          79,      -5.762251711,      -2.576226511,      -3.323878714,     -0.2595596679
          0,           0,          80,      -5.786912919,      -2.599195707,      -3.347045757,     -0.2829369198
          0,           0,          81,      -5.811660237,      -2.622282124,      -3.370367927,     -0.3064335221
          0,           0,          82,       -5.83649212,       -2.64548355,      -3.393842488,     -0.3300488032
          0,           0,          83,      -5.861407253,      -2.668796573,      -3.417463936,     -0.3537822437
          0,           0,          84,      -5.886400111,      -2.692216821,      -3.441227901,     -0.3776296144
          0,           0,          85,      -5.911465646,      -2.715740127,      -3.465129392,     -0.4015868252
          0,           0,          86,      -5.936598637,      -2.739363064,      -3.489166052,      -0.425649547
          0,           0,          87,      -5.961796752,      -2.763082289,      -3.513332858,     -0.4498160869
          0,           0,          88,      -5.987056533,      -2.786894193,      -3.537627054,      -0.474083761
          0,           0,          89,      -6.012374715,      -2.810795172,      -3.562045928,     -0.4984500728
          0,           0,          90,      -6.037747421,      -2.834781742,      -3.586586336,       -0.52291162
          0,           0,          91,      -6.063171896,      -2.858850632,      -3.611244137,     -0.5474659557
          0,           0,          92,      -6.088645765,      -2.882998632,      -3.636015559,     -0.5721110843
          0,           0,          93,      -6.114166061,      -2.907222527,      -3.660897817,     -0.5968444694
          0,           0,          94,      -6.139729573,      -2.931519124,      -3.685887777,     -0.6216633053
          0,           0,          95,      -6.165333083,      -2.955885212,      -3.710982225,     -0.6465647351
          0,           0,          96,       -6.19097463,      -2.980317813,      -3.736179335,     -0.6715469534
          0,           0,          97,      -6.216651071,       -3.00481407,      -3.761475692,     -0.6966067966
          0,           0,          98,      -6.242359216,      -3.029371015,      -3.786865289,     -0.7217413475
          0,           0,          99,      -6.268095103,      -3.053985656,      -3.812344797,      -0.746947123
          0,           0,         100,      -6.293855993,      -3.078655327,      -3.837912981,     -0.7722215258
          0,           0,         101,      -6.319639955,      -3.103377349,      -3.863566439,     -0.7975624375
          0,           0,         102,      -6.345445127,      -3.128149095,      -3.889301819,     -0.8229677346
          0,           0,         103,      -6.371269549,      -3.152968023,      -3.915116522,     -0.8484352319
          0,           0,         104,      -6.397111043,      -3.177831648,      -3.941007516,      -0.873962537
          0,           0,         105,      -6.422967413,      -3.202737554,      -3.966971621,     -0.8995471973
          0,           0,         106,      -6.448836551,      -3.227683406,      -3.993005647,     -0.9251867711
          0,           0,         107,      -6.474716449,      -3.252666941,      -4.019106473,     -0.9508788427
          0,           0,         108,      -6.500605289,      -3.277685987,      -4.045271007,     -0.9766211059
          0,           0,         109,      -6.526501383,      -3.302738454,      -4.071496215,      -1.002411321
          0,           0,         110,      -6.552403076,      -3.327822328,      -4.097779126,      -1.028247209
          0,           0,         111,      -6.578308881,       -3.35293568,      -4.124116773,      -1.054126579
          0,           0,         112,      -6.604217534,      -3.378076655,      -4.150506133,      -1.080047374
          0,           0,         113,      -6.630127681,      -3.403243506,      -4.176944496,      -1.106007412
          0,           0,         114,      -6.656038128,      -3.428434599,      -4.203428919,      -1.132004626
          0,           0,         115,        -6.6819479,      -3.453648378,      -4.229956382,      -1.158037063
          0,           0,         116,      -6.707856094,      -3.478883368,       -4.25652402,      -1.184102773
          0,           0,         117,      -6.733761924,      -3.504138193,      -4.283129062,      -1.210199862
          0,           0,         118,      -6.759664443,      -3.529411589,      -4.309768578,       -1.23632628
          0,           0,         119,      -6.785563307,      -3.554702291,      -4.336439902,      -1.262480423
          0,           0,         120,      -6.811458268,      -3.580009193,      -4.363140462,      -1.288660734
          0,           0,         121,      -6.837348975,       -3.60533125,      -4.389867601,      -1.314865545
          0,           0,         122,      -6.863235069,      -3.630667512,      -4.416618715,      -1.341093162
          0,           0,         123,      -6.889116328,      -3.656017124,       -4.44339163,      -1.367341967
          0,           0,         124,      -6.914992978,       -3.68137937,      -4.470182807,      -1.393610824
          0,           0,         125,      -6.940865282,      -3.706753473,      -4.496988248,      -1.419898645
          0,           0,         126,       -6.96673257,       -3.73213888,      -4.523808462,      -1.446203061
          0,           0,         127,      -6.992596281,      -3.757535016,       -4.55063986,       -1.47252407
          0,           0,         128,      -7.018455431,      -3.782941554,      -4.577481454,      -1.498859069
          0,           0,         129,       -7.04431013,      -3.808358168,      -4.604330389,      -1.525206773
          0,           0,         130,      -7.070161454,      -3.833784671,      -4.631184051,      -1.551566712
          0,           0,         131,      -7.096010304,      -3.859220902,      -4.658040444,      -1.577938218
          0,           0,         132,      -7.121857375,      -3.884666749,      -4.684897779,       -1.60432046
          0,           0,         133,      -7.147702597,      -3.910122301,      -4.711753977,      -1.630711817
          0,           0,         134,      -7.173547836,      -3.935587831,      -4.738606504,      -1.657112565
          0,           0,         135,      -7.199394758,      -3.961063144,      -4.765454744,      -1.683522943
          0,           0,         136,      -7.225243031,      -3.986548258,      -4.792297804,      -1.709941289
          0,           0,         137,      -7.251093167,      -4.012043323,      -4.819133932,      -1.736366697
          0,           0,         138,      -7.276946242,      -4.037548601,      -4.845961313,      -1.762798785
          0,           0,         139,      -7.302803358,       -4.06306442,      -4.872778379,      -1.789237244
          0,           0,         140,      -7.328665542,      -4.088591155,       -4.89958376,      -1.815681749
          0,           0,         141,      -7.354533821,      -4.114129226,      -4.926376242,      -1.842132024
          0,           0,         142,       -7.38040923,      -4.139679098,      -4.953154716,      -1.868587843
          0,           0,         143,      -7.406292869,      -4.165241285,      -4.979918245,      -1.895049096
          0,           0,         144,      -7.432185846,      -4.190816337,      -5.006666087,      -1.921515716
          0,           0,         145,      -7.458089279,      -4.216404838,      -5.033397543,      -1.947987704
          0,           0,         146,      -7.484004283,      -4.242007403,      -5.060112017,      -1.974465107
          0,           0,         147,      -7.509931974,      -4.267624673,      -5.086809015,       -2.00094802
          0,           0,         148,      -7.535873468,      -4.293257317,       -5.11348815,      -2.027436603
          0,           0,         149,      -7.561829793,      -4.318905839,      -5.140148394,      -2.053930989
          0,           0,         150,      -7.587801742,      -4.344571021,      -5.166790357,      -2.080431079
          0,           0,         151,      -7.613791336,      -4.370253778,      -5.193414053,      -2.106938065
          0,           0,         152,      -7.639799441,      -4.395954831,      -5.220019722,      -2.133452144
          0,           0,         153,       -7.66582684,      -4.421674882,      -5.246607466,      -2.159973436
          0,           0,         154,      -7.691874495,      -4.447414665,      -5.273177204,       -2.18650226
          0,           0,         155,      -7.717943449,      -4.473174938,      -5.299728986,      -2.213039059
          0,           0,         156,      -7.744034743,      -4.498956466,       -5.32626308,      -2.239584341
          0,           0,         157,      -7.770149405,      -4.524760018,      -5.352779925,      -2.266138653
          0,           0,         158,      -7.796288437,      -4.550586361,      -5.379280055,      -2.292702571
          0,           0,         159,      -7.822452811,      -4.576436257,      -5.405764093,      -2.319276689
          0,           0,         160,      -7.848643467,      -4.602310464,      -5.432232728,      -2.345861615
          0,           0,         161,      -7.874861316,      -4.628209733,      -5.458686707,      -2.372457976
          0,           0,         162,      -7.901107233,      -4.654134808,      -5.485126828,      -2.399066412
          0,           0,         163,      -7.927382069,      -4.680086423,      -5.511553946,      -2.425687574
          0,           0,         164,      -7.953686644,      -4.706065301,      -5.537968967,       -2.45232213
          0,           0,         165,      -7.980021751,      -4.732072155,      -5.564372843,      -2.478970758
          0,           0,         166,      -8.006388152,      -4.758107684,      -5.590766562,      -2.505634138
          0,           0,         167,      -8.032786586,      -4.784172573,      -5.617151166,      -2.532312971
          0,           0,         168,      -8.059217751,      -4.810267492,      -5.643527723,      -2.559007943
          0,           0,         169,      -8.085682331,      -4.836393095,      -5.669897341,      -2.585719766
          0,           0,         170,      -8.112180974,      -4.862550021,      -5.696261152,      -2.612449137
          0,           0,         171,      -8.138714297,       -4.88873889,      -5.722620314,      -2.639196758
          0,           0,         172,      -8.165282893,      -4.914960305,      -5.748976007,      -2.665963331
          0,           0,         173,      -8.191887323,      -4.941214849,      -5.775329423,      -2.692749546
          0,           0,         174,      -8.218528119,      -4.967503087,      -5.801681764,      -2.719556093
          0,           0,         175,      -8.245205788,      -4.993825564,      -5.828034245,      -2.746383652
          0,           0,         176,       -8.27192081,      -5.020182807,      -5.854388086,      -2.773232903
          0,           0,         177,      -8.298673635,      -5.046575322,      -5.880744509,      -2.800104506
          0,           0,         178,      -8.325464683,      -5.073003593,       -5.90710473,      -2.826999115
          0,           0,         179,      -8.352294364,      -5.099468087,      -5.933469965,      -2.853917379
          0,           0,         180,      -8.379163039,      -5.125969247,      -5.959841421,      -2.880859916
          0,           0,         181,      -8.406071064,        -5.1525075,      -5.986220299,      -2.907827352
          0,           0,         182,      -8.433018766,      -5.179083249,      -6.012607786,      -2.934820297
          0,           0,         183,      -8.460006429,      -5.205696878,       -6.03900504,      -2.961839316
          0,           0,         184,      -8.487034338,      -5.232348751,      -6.065413228,      -2.988884998
          0,           0,         185,      -8.514102749,      -5.259039212,      -6.091833484,      -3.015957896
          0,           0,         186,      -8.541211887,      -5.285768584,      -6.118266929,      -3.043058544
          0,           0,         187,      -8.568361964,      -5.312537172,      -6.144714647,      -3.070187469
          0,           0,         188,      -8.595553163,       -5.33934526,      -6.171177718,      -3.097345167
          0,           0,         189,      -8.622785664,      -5.366193114,      -6.197657192,      -3.124532137
          0,           0,         190,      -8.650059602,      -5.393080982,      -6.224154083,      -3.151748842
          0,           0,         191,      -8.677375116,      -5.420009092,      -6.250669397,      -3.178995741
          0,           0,         192,      -8.704732302,      -5.446977651,      -6.277204081,      -3.206273239
          0,           0,         193,      -8.732131271,      -5.473986842,      -6.303759081,       -3.23358178
          0,           0,         194,      -8.759571862,      -5.501036799,      -6.330335112,      -3.260921551
          0,           0,         195,      -8.787054487,      -5.528127751,      -6.356933288,      -3.288293248
          0,           0,         196,      -8.814579376,      -5.555259858,      -6.383554557,      -3.315697391
          0,           0,         197,      -8.842146291,      -5.582433232,      -6.410199674,      -3.343134082
          0,           0,         198,      -8.869755034,      -5.609647969,      -6.436869394,      -3.370603461
          0,           0,         199,      -8.897405687,      -5.636904169,      -6.463564566,       -3.39810591
          0,           0,         200,      -8.925098283,       -5.66420191,       -6.49028592,      -3.425641767
          0,           0,         201,      -8.952832838,      -5.691541253,      -6.517034136,       -3.45321131
          0,           0,         202,      -8.980609315,       -5.71892225,      -6.543809911,      -3.480814846
          0,           0,         203,      -9.008427676,      -5.746344932,      -6.570613873,      -3.508452596
          0,           0,         204,      -9.036287862,      -5.773809319,      -6.597446649,      -3.536124785
          0,           0,         205,      -9.064189733,      -5.801315415,      -6.624308787,      -3.563831579
          0,           0,         206,      -9.092133248,      -5.828863218,      -6.651200899,      -3.591573191
          0,           0,         207,      -9.120118269,      -5.856452708,      -6.678123478,      -3.619349764
          0,           0,         208,      -9.148144681,      -5.884083854,      -6.705077034,      -3.647161444
          0,           0,         209,      -9.176212374,      -5.911756616,      -6.732062091,      -3.675008374
          0,           0,         210,      -9.204321183,      -5.939470938,      -6.759078987,      -3.702890655
          0,           0,         211,      -9.232471022,      -5.967226764,      -6.786128283,      -3.730808446
          0,           0,         212,      -9.260661705,      -5.995024015,      -6.813210301,      -3.758761792
          0,           0,         213,      -9.288893053,      -6.022862606,      -6.840325432,      -3.786750755
          0,           0,         214,      -9.317164994,      -6.050742452,      -6.867474075,      -3.814775496
          0,           0,         215,      -9.345477263,      -6.078663443,      -6.894656467,      -3.842835964
          0,           0,         216,      -9.373829682,      -6.106625471,      -6.921873023,      -3.870932258
          0,           0,         217,      -9.402222172,      -6.134628422,      -6.949123986,      -3.899064413
          0,           0,         218,      -9.430654414,       -6.16267216,       -6.97640961,      -3.927232389
          0,           0,         219,      -9.459126299,      -6.190756557,      -7.003730155,      -3.955436234
          0,           0,         220,       -9.48763752,      -6.218881466,      -7.031085774,      -3.983675884
          0,           0,         221,      -9.516187948,      -6.247046741,      -7.058476839,       -4.01195134
          0,           0,         222,      -9.544777405,      -6.275252227,      -7.085903392,      -4.040262664
          0,           0,         223,      -9.573405615,      -6.303497763,      -7.113365689,      -4.068609749
          0,           0,         224,      -9.602072416,      -6.331783179,      -7.140863801,       -4.09699256
          0,           0,         225,      -9.630777516,      -6.360108306,      -7.168397968,      -4.125411028
          0,           0,         226,      -9.659520716,      -6.388472963,      -7.195968308,      -4.153865114
          0,           0,         227,      -9.688301819,      -6.416876958,      -7.223574843,      -4.182354732
          0,           0,         228,      -9.717120476,      -6.445320109,      -7.251217726,      -4.210879764
          0,           0,         229,       -9.74597659,      -6.473802212,       -7.27889703,      -4.239440129
          0,           0,         230,      -9.774869776,      -6.502323068,      -7.306612748,      -4.268035733
          0,           0,         231,      -9.803799915,      -6.530882484,      -7.334364971,       -4.29666652
          0,           0,         232,      -9.832766766,      -6.559480257,      -7.362153834,      -4.325332437
          0,           0,         233,      -9.861770029,      -6.588116158,      -7.389979239,      -4.354033223
          0,           0,         234,      -9.890809455,      -6.616789982,      -7.417841268,      -4.382768819
          0,           0,         235,      -9.919884753,      -6.645501495,       -7.44573992,      -4.411539046
          0,           0,         236,      -9.948995564,      -6.674250482,       -7.47367497,      -4.440343652
          0,           0,         237,      -9.978141948,      -6.703036728,      -7.501646711,       -4.46918284
          0,           0,         238,      -10.00732356,      -6.731860006,      -7.529654958,      -4.498056327
          0,           0,         239,      -10.03653984,      -6.760720049,      -7.557699764,      -4.526963632
          0,           0,         240,      -10.06579095,      -6.789616678,      -7.585781071,      -4.555905161
          0,           0,         241,       -10.0950763,      -6.818549626,      -7.613898559,      -4.584880379
          0,           0,         242,       -10.1243956,      -6.847518631,      -7.642052358,      -4.613889113
          0,           0,         243,      -10.15374893,      -6.876523491,      -7.670242412,      -4.642931195
          0,           0,         244,      -10.18313589,      -6.905563948,      -7.698468723,      -4.672006728
          0,           0,         245,      -10.21255582,       -6.93463973,       -7.72673088,      -4.701114963
          0,           0,         246,      -10.24200906,      -6.963750661,      -7.755029367,      -4.730256494
          0,           0,         247,      -10.27149488,      -6.992896415,      -7.783363261,       -4.75943037
          0,           0,         248,      -10.30101322,      -7.022076793,      -7.811732891,       -4.78863676
          0,           0,         249,      -10.33056375,      -7.051291552,      -7.840138641,      -4.817875732
          0,           0,         250,       -10.3601465,      -7.080540396,      -7.868579617,      -4.847146842
          0,           0,         251,      -10.38976053,      -7.109823112,      -7.897055892,      -4.876449594
          0,           0,         252,      -10.41940615,      -7.139139415,      -7.925567363,      -4.905783951
          0,           0,         253,      -10.44908316,      -7.168489094,      -7.954114229,      -4.935150319
          0,           0,         254,      -10.47879053,       -7.19787182,      -7.982695508,      -4.964547397
          0,           0,         255,      -10.50852893,      -7.227287418,      -8.011311757,      -4.993975801
          0,           0,         256,      -10.53829797,      -7.256735626,      -8.039962953,      -5.023435427
          0,           0,         257,      -10.56809644,      -7.286216133,      -8.068648521,      -5.052925293
          0,           0,         258,      -10.59792494,       -7.31572873,      -8.097368095,      -5.082445723
          0,           0,         259,      -10.62778293,      -7.345273121,      -8.126122544,      -5.111996038
          0,           0,         260,      -10.65767084,      -7.374849136,      -8.154910619,       -5.14157718
          0,           0,         261,      -10.68758696,      -7.404456388,      -8.183731933,      -5.171187703
          0,           0,         262,      -10.71753195,      -7.434094735,      -8.212587578,      -5.200827529
          0,           0,         263,      -10.74750553,      -7.463763843,      -8.241476495,      -5.230496993
          0,           0,         264,      -10.77750768,      -7.493463602,      -8.270398866,       -5.26019598
          0,           0,         265,      -10.80753774,      -7.523193579,      -8.299354292,      -5.289923593
          0,           0,         266,      -10.83759482,      -7.552953579,      -8.328341297,      -5.319679188
          0,           0,         267,      -10.86768078,      -7.582743385,      -8.357362998,      -5.349464636
          0,           0,         268,      -10.89779362,       -7.61256277,      -8.386417062,      -5.379278466
          0,           0,         269,      -10.92793266,      -7.642411419,      -8.415503351,      -5.409119423
          0,           0,         270,      -10.95809848,      -7.672289112,      -8.444620656,      -5.438988107
          0,           0,         271,      -10.98829079,      -7.702195495,      -8.473770682,      -5.468884613
          0,           0,         272,      -11.01850966,      -7.732130456,      -8.502953583,      -5.498808748
          0,           0,         273,      -11.04875273,      -7.762093535,      -8.532165952,       -5.52875866
          0,           0,         274,      -11.07902377,      -7.792085003,      -8.561412497,      -5.558738136
          0,           0,         275,      -11.10931997,      -7.822104159,       -8.59068684,      -5.588743019
          0,           0,         276,      -11.13964152,      -7.852150848,      -8.619994843,      -5.618774385
          0,           0,         277,      -11.16998764,      -7.882224785,      -8.649332813,      -5.648832389
          0,           0,         278,      -11.20035777,      -7.912325805,      -8.678700042,      -5.678915896
          0,           0,         279,      -11.23075143,      -7.942453423,      -8.708100862,      -5.709025259
          0,           0,         280,      -11.26117095,      -7.972607878,      -8.737530037,      -5.739160073
          0,           0,         281,      -11.29161471,      -8.002788751,      -8.766988409,      -5.769321809
          0,           0,         282,      -11.32208249,      -8.032995654,      -8.796476613,      -5.799507646
          0,           0,         283,      -11.35257519,      -8.063228521,      -8.825994582,      -5.829718551
          0,           0,         284,      -11.38308858,      -8.093486845,      -8.855543624,      -5.859954687
          0,           0,         285,      -11.41362454,      -8.123770633,      -8.885121342,      -5.890214951
          0,           0,         286,      -11.44418436,      -8.154079554,      -8.914728417,      -5.920499154
          0,           0,         287,      -11.47476789,      -8.184413545,      -8.944363402,      -5.950807706
          0,           0,         288,      -11.50537083,      -8.214772056,      -8.974024498,      -5.981138196
          0,           0,         289,      -11.53599773,      -8.245155024,      -9.003718063,      -6.011495098
          0,           0,         290,      -11.56664658,      -8.275562544,      -9.033437946,      -6.041874443
          0,           0,         291,      -11.59732026,      -8.305994252,      -9.063184826,      -6.072281829
          0,           0,         292,      -11.62801574,       -8.33644992,      -9.092964282,      -6.102708838
          0,           0,         293,      -11.65872785,      -8.366929051,      -9.122765546,      -6.133157629
          0,           0,         294,       -11.6894588,      -8.397430771,      -9.152595558,      -6.163626136
          0,           0,         295,      -11.72021842,      -8.427956329,       -9.18245838,      -6.194124519
          0,           0,         296,      -11.75099309,      -8.458505281,       -9.21234232,      -6.224641416
          0,           0,         297,      -11.78179834,      -8.489076659,      -9.242255392,      -6.255187559
          0,           0,         298,      -11.81260683,      -8.519670063,      -9.272190969,       -6.28573959
          0,           0,         299,      -11.84344528,      -8.550286306,      -9.302158933,      -6.316323498
          0,           0,         300,      -11.87430138,      -8.580924847,      -9.332150635,      -6.346926177
          0,           0,         301,      -11.90518154,      -8.611585342,      -9.362166444,      -6.377555287
          0,           0,         302,      -11.93607472,      -8.642266347,      -9.392205647,      -6.408196897
          0,           0,         303,      -11.96698923,      -8.672969756,      -9.422279825,      -6.438869257
          0,           0,         304,       -11.9979209,      -8.703694306,      -9.452373637,      -6.469552863
          0,           0,         305,       -12.0288834,      -8.734441089,      -9.482497311,       -6.50027121
          0,           0,         306,      -12.05985772,      -8.765208251,      -9.512640031,      -6.531001555
          0,           0,         307,      -12.09085739,      -8.795996535,      -9.542798588,      -6.561755695
          0,           0,         308,      -12.12186753,      -8.826805244,      -9.573006629,      -6.592530169
          0,           0,         309,      -12.15288633,      -8.857632367,      -9.603226682,       -6.62330972
          0,           0,         310,      -12.18392983,      -8.888481119,      -9.633462969,      -6.654114025
          0,           0,         311,      -12.21499795,      -8.919350962,      -9.663719498,      -6.684953618
          0,           0,         312,      -12.24609548,      -8.950239954,      -9.694021904,       -6.71581327
          0,           0,         313,      -12.27718396,      -8.981147724,      -9.724329876,      -6.746669012
          0,           0,         314,       -12.3083021,      -9.012075848,      -9.754671176,      -6.777560952
          0,           0,         315,       -12.3394395,      -9.043022889,      -9.785042635,      -6.808474859
          0,           0,         316,      -12.37059114,      -9.073990993,      -9.815408345,      -6.839399219
          0,           0,         317,      -12.40174287,      -9.104972286,      -9.845850539,      -6.870322917
          0,           0,         318,      -12.43292675,       -9.13597828,       -9.87623734,       -6.90127447
          0,           0,         319,      -12.46415198,      -9.167002056,      -9.906690308,        -6.9322782
          0,           0,         320,      -12.49534342,      -9.198041632,      -9.937173074,       -6.96325862
          0,           0,         321,      -12.52657544,       -9.22910065,      -9.967691538,      -6.994272993
          0,           0,         322,      -12.55783767,      -9.260180961,      -9.998206339,      -7.025316764
          0,           0,         323,      -12.58911827,      -9.291276852,       -10.0287404,      -7.056388349
          0,           0,         324,      -12.62041658,      -9.322389586,      -10.05930619,      -7.087462697
          0,           0,         325,      -12.65167076,      -9.353521814,      -10.08986936,       -7.11852909
          0,           0,         326,      -12.68299346,      -9.384669831,      -10.12051358,      -7.149624896
          0,           0,         327,      -12.71431437,      -9.415837858,      -10.15113522,      -7.180750074
          0,           0,         328,      -12.74561571,      -9.447013004,      -10.18174899,      -7.211854366
          0,           0,         329,      -12.77703524,      -9.478220817,      -10.21244873,      -7.243041896
          0,           0,         330,      -12.80838626,       -9.50942928,      -10.24314993,      -7.274202082
          0,           0,         331,      -12.83977734,      -9.540671238,      -10.27384615,      -7.305407866
          0,           0,         332,      -12.87121803,      -9.571921972,      -10.30454418,      -7.336643706
          0,           0,         333,      -12.90253734,      -9.603183573,      -10.33528191,      -7.367775415
          0,           0,         334,      -12.93403588,      -9.634482171,      -10.36603027,      -7.399061502
          0,           0,         335,       -12.9653791,      -9.665767179,      -10.39683143,       -7.43020159
          0,           0,         336,      -12.99691628,      -9.697089455,      -10.42772586,      -7.461542277
          0,           0,         337,       -13.0282288,      -9.728410476,      -10.45845043,      -7.492691271
          0,           0,         338,      -13.05991448,      -9.759784533,      -10.48939619,      -7.524142186
          0,           0,         339,      -13.09142049,      -9.791138513,      -10.52023915,      -7.555501892
          0,           0,         340,      -13.12276411,      -9.822517711,      -10.55103566,      -7.586763841
          0,           0,         341,      -13.15423511,      -9.853912334,      -10.58191729,      -7.617992736
          0,           0,         342,      -13.18577752,      -9.885305747,      -10.61291016,      -7.649327642
          0,           0,         343,      -13.21726889,      -9.916725706,      -10.64376363,      -7.680554168
          0,           0,         344,      -13.24871069,       -9.94816641,      -10.67479887,      -7.711908727
          0,           0,         345,      -13.28034338,       -9.97964435,      -10.70576369,      -7.743435477
          0,           0,         346,      -13.31180354,      -10.01110722,      -10.73661205,      -7.774712659
          0,           0,         347,      -13.34351018,      -10.04259657,      -10.76763536,      -7.806279583
          0,           0,         348,      -13.37501887,      -10.07407583,      -10.79865215,      -7.837559365
          0,           0,         349,      -13.40660764,      -10.10562078,      -10.82969932,      -7.868983721
          0,           0,         350,      -13.43833335,      -10.13714512,      -10.86068486,      -7.900548125
          0,           0,         351,      -13.46927382,      -10.16865727,       -10.8916528,      -7.931478911
          0,           0,         352,      -13.50139709,      -10.20024613,      -10.92285587,       -7.96333023
          0,           0,         353,      -13.53228167,      -10.23179085,      -10.95359648,       -7.99427605
          0,           0,         354,      -13.56415219,      -10.26337264,      -10.98491772,      -8.025968263
          0,           0,         355,      -13.59532231,      -10.29495199,      -11.01582885,      -8.056934105
          0,           0,         356,       -13.6267584,      -10.32657644,      -11.04664873,      -8.088405287
          0,           0,         357,      -13.65826473,      -10.35818179,      -11.07773392,      -8.119583308
          0,           0,         358,      -13.68968825,      -10.38981405,      -11.10907524,       -8.15095825
          0,           0,         359,       -13.7210953,      -10.42148573,      -11.14028085,      -8.182482593
          0,           0,         360,      -13.75196889,      -10.45312913,      -11.17080231,      -8.213106282
          0,           0,         361,       -13.7830553,       -10.4847782,      -11.20147375,      -8.244130938
          0,           0,         362,      -13.81367844,      -10.51641286,      -11.23281369,      -8.274991019
          0,           0,         363,      -13.84517546,      -10.54815522,      -11.26381782,      -8.306492399
          0,           0,         364,      -13.87625305,      -10.57991165,       -11.2954996,      -8.337711976
          0,           0,         365,      -13.90669002,      -10.61156082,      -11.32528026,      -8.368140158
          0,           0,         366,      -13.93719472,      -10.64328063,      -11.35608817,      -8.398800488
          0,           0,         367,      -13.96747249,       -10.6749962,      -11.38736504,        -8.4292785
          0,           0,         368,      -13.99827253,      -10.70686701,      -11.41737367,      -8.460215882
          0,           0,         369,      -14.02769579,      -10.73846092,      -11.44696297,      -8.489596114
          0,           0,         370,        -14.059077,      -10.77025632,      -11.47891405,      -8.520834849
          0,           0,         371,      -14.08698511,      -10.80187322,      -11.50879316,       -8.54975169
          0,           0,         372,      -14.11620681,      -10.83363457,      -11.53880432,      -8.579824964
          0,           0,         373,      -14.14407006,      -10.86546682,      -11.56805121,      -8.608569013
          0,           0,         374,      -14.17251707,      -10.89722329,      -11.59827171,      -8.637939902
          0,           0,         375,      -14.19951322,      -10.92886408,       -11.6277883,      -8.665059983
          0,           0,         376,      -14.22950915,       -10.9606472,      -11.65727062,      -8.694379676
          0,           0,         377,      -14.25436888,      -10.99241777,      -11.68607031,       -8.72113525
          0,           0,         378,      -14.28142561,      -11.02391147,      -11.71462658,      -8.749487454
          0,           0,         379,       -14.3007494,      -11.05555201,      -11.73921799,      -8.770489177
          0,           0,         380,      -14.33141479,      -11.08717345,      -11.77029319,      -8.800006656
          0,           0,         381,      -14.35336144,      -11.11864381,      -11.79534116,      -8.823516859
          0,           0,         382,       -14.3709007,      -11.15006986,      -11.82068699,      -8.843876613
          0,           0,         383,      -14.40093384,      -11.18219032,       -11.8519414,      -8.874809202
          0,           0,         384,      -14.42082001,       -11.2133002,      -11.87668592,      -8.896124445
          0,           0,         385,      -14.43493653,      -11.24440305,      -11.89994333,      -8.913790232
          0,           0,         386,      -14.45149473,      -11.27564128,      -11.92012144,      -8.934540345
          0,           0,         387,      -14.45574975,      -11.30495544,      -11.94390641,      -8.935940039
          0,           0,         388,      -14.48661372,      -11.33793135,      -11.97028017,      -8.971351985
          0,           0,         389,      -14.49989313,      -11.36846259,      -11.98905919,      -8.985872385
          0,           0,         390,      -14.51319501,      -11.39987462,      -12.00691444,      -9.005133929
          0,           0,         391,      -14.53219769,      -11.43054519,      -12.02527417,      -9.019054886
          0,           0,         392,      -14.54076977,       -11.4607691,      -12.04556826,      -9.032809117
          0,           0,         393,      -14.54955176,      -11.49000165,      -12.05880899,      -9.043051449
          0,           0,         394,      -14.55693972,      -11.51922816,      -12.07485402,      -9.051075707
          0,           0,         395,      -14.56670235,       -11.5486498,      -12.09246639,      -9.059413669
          0,           0,         396,      -14.56140816,      -11.57762926,      -12.09859189,      -9.059960416
          0,           0,         397,      -14.57782563,      -11.60664212,      -12.12035832,      -9.077317651
          0,           0,         398,      -14.58292392,      -11.63491831,      -12.12266494,      -9.083703891
          0,           0,         399,      -14.58823852,      -11.66164491,      -12.12710569,      -9.090776885
          0,           0,         400,      -14.59875576,      -11.68905615,      -12.14091968,      -9.093098322
          0,           0,         401,      -14.59411773,      -11.71611395,      -12.15078786,      -9.104891961
          0,           0,         402,      -14.61522065,      -11.74269944,      -12.17021034,      -9.112920394
          0,           0,         403,      -14.61154823,      -11.77006854,      -12.16818147,      -9.121222833
          0,           0,         404,      -14.60545858,      -11.79066177,      -12.17677168,      -9.115085902
          0,           0,         405,      -14.61535965,      -11.81658661,      -12.16508771,      -9.121153473
          0,           0,         406,      -14.61785549,      -11.83544065,      -12.18772845,      -9.128800291
          0,           0,         407,      -14.61917299,      -11.85815052,      -12.16654525,      -9.120978464
          0,           0,         408,      -14.61570784,      -11.87856091,      -12.17373522,      -9.119404035
          0,           0,         409,      -14.60395952,      -11.88846086,      -12.19686227,      -9.122490858
          0,           0,         410,      -14.62170096,      -11.91288204,      -12.18045569,      -9.131374778
          0,           0,         411,      -14.60974609,      -11.92582347,      -12.18165084,      -9.116940636
          0,           0,         412,      -14.61259625,      -11.94220697,      -12.18471053,      -9.120220837
          0,           0,         413,      -14.60000458,      -11.94609645,      -12.18092995,       -9.10911562
          0,           0,         414,      -14.60412486,      -11.94693931,       -12.1815574,      -9.103097169
          0,           0,         415,      -14.61358897,      -11.97997171,      -12.19142366,      -9.120032243
          0,           0,         416,      -14.61797503,      -11.98726704,      -12.19729201,      -9.125900754
          0,           0,         417,        -14.580724,       -11.9485001,      -12.18033161,      -9.084099541
          0,           0,         418,      -14.59312372,       -11.9902791,      -12.18734395,      -9.104651655
          0,           0,         419,      -14.61846799,      -12.01496473,      -12.20991335,      -9.134722205
          0,           0,         420,       -14.6131747,      -12.01644499,      -12.20065087,      -9.120949354
          0,           0,         421,      -14.62917275,      -12.02511535,      -12.20316223,      -9.137615446
          0,           0,         422,      -14.62753362,      -12.04294363,      -12.19517922,      -9.135918596
          0,           0,         423,      -14.62415244,      -12.03895831,      -12.19413776,      -9.128107963
          0,           0,         424,      -14.62586509,      -12.04874304,      -12.19691655,      -9.135079827
          0,           0,         425,       -14.6331917,      -12.04654332,      -12.21499514,      -9.142362388
          0,           0,         426,      -14.62439774,      -12.04736371,      -12.20987463,      -9.137627302
          0,           0,         427,      -14.63017739,      -12.06876615,      -12.21593699,      -9.146296764
          0,           0,         428,      -14.62719483,      -12.05059679,      -12.20340577,      -9.141703833
          0,           0,         429,       -14.6190508,      -12.05506135,      -12.20697895,      -9.126868102
          0,           0,         430,      -14.62161373,      -12.05398278,      -12.21265719,      -9.131791876
          0,           0,         431,      -14.62126049,      -12.05206523,      -12.20224345,      -9.129243581
          0,           0,         432,      -14.60056278,      -12.05767556,      -12.19462346,      -9.123682973
          0,           0,         433,      -14.62403438,      -12.06948358,      -12.20884846,      -9.145286698
          0,           0,         434,       -14.6348048,      -12.07205464,      -12.21486125,      -9.141280274
          0,           0,         435,      -14.61966367,       -12.0579039,      -12.19116219,       -9.12081415
          0,           0,         436,      -14.62610019,       -12.0670413,      -12.20680121,      -9.134934108
          0,           0,         437,       -14.6303015,       -12.0730709,      -12.21759384,      -9.144320997
          0,           0,         438,      -14.62594818,      -12.07435162,       -12.1985688,       -9.14164343
          0,           0,         439,      -14.60988441,      -12.05148806,      -12.19782102,      -9.118184511
          0,           0,         440,      -14.63005335,      -12.07735978,      -12.22192527,      -9.143698515
          0,           0,         441,      -14.62980496,      -12.08107094,      -12.21539391,       -9.14250497
          0,           0,         442,      -14.63732321,      -12.08588353,      -12.21350629,       -9.15067061
          0,           0,         443,      -14.61329499,      -12.05908853,      -12.20512997,      -9.130955127
          0,           0,         444,      -14.59818569,      -12.03939397,      -12.19482796,      -9.116281924
          0,           0,         445,      -14.62263681,      -12.07579384,      -12.20055094,      -9.137866697
          0,           0,         446,      -14.61313438,      -12.05448198,       -12.2084337,      -9.133007983
          0,           0,         447,      -14.60736687,      -12.06554532,      -12.19717818,      -9.125893915
          0,           0,         448,      -14.61428186,      -12.04409939,      -12.18828836,      -9.111624614
          0,           0,         449,      -14.62028387,      -12.07314445,      -12.19778375,      -9.133802793
          0,           0,         450,      -14.60577538,       -12.0664838,      -12.19802945,      -9.124992463
          0,           0,         451,      -14.62228725,      -12.06125099,      -12.21446385,      -9.122242851
          0,           0,         452,      -14.61738043,      -12.06799276,      -12.20132034,      -9.126115633
          0,           0,         453,      -14.62711035,      -12.07372048,      -12.20806635,      -9.136732995
          0,           0,         454,      -14.62887188,      -12.08412676,      -12.21275484,      -9.146443974
          0,           0,         455,       -14.6158942,      -12.06755055,      -12.18991836,      -9.119372239
          0,           0,         456,      -14.62967973,      -12.06339088,      -12.19328816,       -9.13642934
          0,           0,         457,      -14.62725276,      -12.07000257,      -12.21686717,      -9.133923594
          0,           0,         458,      -14.61923147,      -12.05846599,      -12.21150561,      -9.131254232
          0,           0,         459,      -14.61956469,      -12.07165525,      -12.19447421,       -9.12596573
          0,           0,         460,      -14.62222658,      -12.05851283,      -12.21096397,      -9.131677317
          0,           0,         461,      -14.62516491,      -12.07751199,      -12.20950098,      -9.139038509
          0,           0,         462,      -14.62078609,      -12.06094646,      -12.21596833,      -9.126624572
          0,           0,         463,      -14.62178529,      -12.06268244,      -12.19524241,       -9.12535337
          0,           0,         464,      -14.61743732,      -12.07178241,      -12.18681616,      -9.128983403
          0,           0,         465,      -14.60517321,      -12.05492909,      -12.18285785,      -9.114103225
          0,           0,         466,      -14.62188443,      -12.06601834,      -12.19747789,       -9.12464163
          0,           0,         467,      -14.62607964,      -12.08136151,      -12.20794131,      -9.143916292
          0,           0,         468,      -14.60527757,       -12.0636977,      -12.20793299,      -9.124201068
          0,           0,         469,      -14.62559235,      -12.05572056,        -12.206482,      -9.135695963
          0,           0,         470,      -14.61757963,      -12.05268128,      -12.21858177,      -9.115459992
          0,           0,         471,       -14.6204216,      -12.06641422,      -12.21289643,      -9.135856087
          0,           0,         472,      -14.61900523,      -12.05917375,       -12.2151618,      -9.132971419
          0,           0,         473,      -14.61513887,      -12.08301082,      -12.20910788,      -9.133532892
          0,           0,         474,      -14.63441548,      -12.07678613,      -12.20943173,      -9.145852809
          0,           0,         475,      -14.62156582,      -12.05887567,      -12.21914077,      -9.130167136
          0,           0,         476,      -14.62879883,      -12.07046659,      -12.20735267,      -9.137723026
          0,           0,         477,      -14.63778992,      -12.07823069,      -12.21225174,      -9.139134634
          0,           0,         478,      -14.61416658,      -12.06382032,      -12.20223851,      -9.136949915
          0,           0,         479,       -14.6254772,      -12.06501084,      -12.20450858,      -9.123985894
          0,           0,         480,      -14.62049512,      -12.07539957,      -12.20825571,      -9.132293654
          0,           0,         481,       -14.6227282,      -12.07187485,      -12.21615376,      -9.139330571
          0,           0,         482,      -14.62012764,      -12.04979982,      -12.20837788,      -9.126795674
          0,           0,         483,      -14.62795689,      -12.07183642,      -12.19551933,      -9.130728786
          0,           0,         484,      -14.60953805,      -12.06562671,      -12.19565917,      -9.124608816
          0,           0,         485,      -14.61985688,      -12.06532405,      -12.20384748,        -9.1312993
          0,           0,         486,      -14.62570092,        -12.078748,      -12.19283601,      -9.134002835
          0,           0,         487,      -14.62262592,       -12.0748666,      -12.19880241,      -9.140300824
          0,           0,         488,      -14.62602661,      -12.06684867,      -12.20996572,      -9.132426781
          0,           0,         489,      -14.61472478,      -12.05758117,      -12.20124424,      -9.126515394
          0,           0,         490,      -14.62582042,      -12.08003016,      -12.20769001,      -9.135680595
          0,           0,         491,      -14.62122884,      -12.06750746,      -12.20366736,      -9.128606651
          0,           0,         492,      -14.62350197,      -12.07603711,      -12.20501079,      -9.132796015
          0,           0,         493,      -14.61535948,      -12.06309422,      -12.20507584,      -9.129182195
          0,           0,         494,       -14.6252676,       -12.0743565,       -12.2066284,      -9.131954242
          0,           0,         495,      -14.62520825,      -12.07998197,      -12.19491553,      -9.135678707
          0,           0,         496,      -14.62835304,      -12.07473603,      -12.20896062,      -9.131700311
          0,           0,         497,      -14.63951283,      -12.07190266,      -12.21140989,      -9.147637367
          0,           0,         498,      -14.63240229,      -12.08093496,      -12.20346117,      -9.142214071
          0,           0,         499,       -14.6270981,      -12.07298355,      -12.20866568,      -9.136390322
          0,           0,         500,      -14.63035015,      -12.07228744,      -12.20708262,       -9.13283256
          0,           0,         501,       -14.6268998,      -12.07892605,      -12.20442007,      -9.142668213
          0,           0,         502,      -14.63189152,       -12.0662147,       -12.2136344,      -9.137299168
          0,           0,         503,      -14.63118095,      -12.07058923,      -12.21216478,      -9.143701256
          0,           0,         504,       -14.6301493,      -12.07264793,      -12.19831962,      -9.142465277
          0,           0,         505,      -14.62630347,      -12.06619422,      -12.20589926,      -9.133188159
          0,           0,         506,      -14.62109677,      -12.07247686,      -12.20751711,      -9.123333038
          0,           0,         507,      -14.63434899,       -12.0827352,      -12.20956192,      -9.138296868
          0,           0,         508,      -14.63389753,      -12.07714549,      -12.19607327,      -9.132773125
          0,           0,         509,      -14.63538736,      -12.07680601,        -12.225796,      -9.138122216
          0,           0,         510,       -14.6288323,      -12.07864376,      -12.21740797,      -9.138886437
          0,           0,         511,      -14.63585325,      -12.06333111,      -12.20501337,      -9.133900984
          0,           0,         512,      -14.62727203,      -12.08437075,      -12.22844013,      -9.140212656
          0,           0,         513,      -14.61805976,      -12.06709979,      -12.20307126,      -9.133477232
          0,           0,         514,      -14.63608507,      -12.07350044,       -12.2166096,      -9.141006888
          0,           0,         515,      -14.61279391,      -12.05471374,       -12.1991645,      -9.115501293
          0,           0,         516,      -14.61792739,      -12.06211836,       -12.2137199,      -9.129331748
          0,           0,         517,       -14.6402001,      -12.07953807,      -12.20817995,      -9.148799516
          0,           0,         518,      -14.61025202,       -12.0393149,      -12.20443247,       -9.11611233
          0,           0,         519,        -14.636843,       -12.0774864,      -12.20721637,      -9.143282736
          0,           0,         520,      -14.62546244,      -12.06950349,      -12.19843819,      -9.139088551
          0,           0,         521,      -14.60909516,      -12.06823983,      -12.19796555,       -9.12803024
          0,           0,         522,       -14.6155766,      -12.05516838,      -12.20106972,      -9.122502638
          0,           0,         523,      -14.60950307,      -12.06028525,      -12.20701265,      -9.122512701
          0,           0,         524,      -14.62329134,       -12.0731323,      -12.20034115,      -9.137340085
          0,           0,         525,       -14.6273943,      -12.07555845,      -12.20201205,      -9.138105846
          0,           0,         526,      -14.64068142,      -12.08224346,      -12.20899563,       -9.14955264
          0,           0,         527,      -14.64244981,      -12.08717071,      -12.21066862,      -9.148899965
          0,           0,         528,      -14.62698918,      -12.05735725,      -12.22052416,      -9.126772995
          0,           0,         529,      -14.61886033,      -12.05483137,      -12.20284083,      -9.120085546
          0,           0,         530,      -14.63835426,      -12.06896243,      -12.21685893,      -9.143698821
          0,           0,         531,      -14.61628401,      -12.06169148,      -12.19542133,      -9.123732774
          0,           0,         532,      -14.64033811,      -12.08539442,      -12.20015119,      -9.147284791
          0,           0,         533,      -14.62699196,      -12.07377997,      -12.20717252,      -9.135046582
          0,           0,         534,      -14.61815379,      -12.06566706,      -12.21276324,      -9.127957496
          0,           0,         535,       -14.6196718,      -12.06218726,      -12.20973396,       -9.12890621
          0,           0,         536,      -14.62433308,      -12.08517819,      -12.18534757,      -9.138601978
          0,           0,         537,      -14.62774224,      -12.07947008,      -12.20324268,      -9.140919614
          0,           0,         538,      -14.61684607,      -12.07954732,      -12.19602942,      -9.127826253
          0,           0,         539,      -14.63194804,      -12.08310721,      -12.20166306,      -9.148291286
          0,           0,         540,      -14.63452984,      -12.08189408,      -12.21274885,      -9.140706409
          0,           0,         541,      -14.60510655,      -12.06680238,      -12.17650888,      -9.117960025
          0,           0,         542,      -14.61875093,      -12.05714033,      -12.22024989,      -9.129019067
          0,           0,         543,      -14.62922114,      -12.07915049,      -12.21958442,      -9.144899804
          0,           0,         544,      -14.61302504,      -12.04844299,      -12.21328689,      -9.121475928
          0,           0,         545,      -14.62343294,      -12.06488956,       -12.2098693,      -9.131248774
          0,           0,         546,      -14.60238843,      -12.04475279,      -12.18917194,      -9.115804619
          0,           0,         547,      -14.62721204,      -12.05879493,      -12.19944362,      -9.128599741
          0,           0,         548,      -14.62389152,      -12.08350815,      -12.19274951,       -9.13925724
          0,           0,         549,      -14.61487332,      -12.07655981,      -12.21323445,      -9.130932606
          0,           0,         550,      -14.61584108,       -12.0723019,       -12.1951258,      -9.129899557
          0,           0,         551,      -14.60956833,      -12.06357402,      -12.19332141,      -9.129795441
          0,           0,         552,      -14.63834545,      -12.07512927,       -12.2122405,      -9.135484276
          0,           0,         553,      -14.61721808,      -12.05961456,      -12.19993584,      -9.131705191
          0,           0,         554,      -14.61985529,      -12.06193976,      -12.20071732,      -9.130949794
          0,           0,         555,      -14.62639663,      -12.06158134,      -12.18933521,      -9.134066987
          0,           0,         556,       -14.6085969,      -12.05980599,      -12.19939936,      -9.116855773
          0,           0,         557,      -14.60535222,      -12.04555119,      -12.19267462,      -9.115973996
          0,           0,         558,      -14.62422648,      -12.06464481,      -12.20788902,      -9.131444614
          0,           0,         559,       -14.6299183,      -12.06644355,      -12.20571013,      -9.140794516
          0,           0,         560,      -14.59411409,      -12.01492173,      -12.19977316,      -9.094079643
          0,           0,         561,      -14.62938393,      -12.05431898,      -12.19709079,      -9.122717947
          0,           0,         562,      -14.61394324,      -12.06254998,      -12.19369418,      -9.133357082
          0,           0,         563,      -14.63860473,      -12.08017141,      -12.20507087,      -9.140182463
          0,           0,         564,      -14.61666227,      -12.06581631,      -12.19805013,      -9.123772968
          0,           0,         565,      -14.60866244,      -12.04951408,      -12.20785214,      -9.120523142
          0,           0,         566,      -14.63054853,      -12.07918054,      -12.21862661,      -9.138895685
          0,           0,         567,      -14.62884984,      -12.07901063,      -12.21913179,       -9.14654056
          0,           0,         568,       -14.6081312,      -12.05657723,      -12.18318469,      -9.119642502
          0,           0,         569,      -14.60963881,      -12.05060431,      -12.19466355,      -9.118694474
          0,           0,         570,      -14.61370976,      -12.06849813,      -12.19157834,      -9.127488083
          0,           0,         571,      -14.62249918,      -12.06034588,      -12.21189983,      -9.130550025
          0,           0,         572,      -14.62971676,      -12.08059058,       -12.2130539,      -9.147409791
          0,           0,         573,      -14.62104046,      -12.07836724,      -12.20896054,      -9.126987421
          0,           0,         574,      -14.61653012,      -12.06302286,      -12.20055487,      -9.128667558
          0,           0,         575,      -14.61783506,      -12.07056073,      -12.19829495,      -9.126438383
          0,           0,         576,       -14.6385744,      -12.07650206,       -12.2009864,      -9.138534029
          0,           0,         577,      -14.61500369,       -12.0662992,      -12.20086766,      -9.126342083
          0,           0,         578,      -14.63181477,      -12.07424923,      -12.19860215,      -9.144503682
          0,           0,         579,      -14.63125281,      -12.06088683,      -12.20915962,      -9.136829001
          0,           0,         580,      -14.61985987,      -12.06634499,      -12.20309916,      -9.126913189
          0,           0,         581,      -14.63501331,      -12.07044468,      -12.20558791,      -9.141028431
          0,           0,         582,      -14.62916546,       -12.0708605,      -12.21538052,      -9.137429137
          0,           0,         583,      -14.62837696,      -12.06681744,      -12.21289076,      -9.136142747
          0,           0,         584,      -14.62023188,      -12.07685059,      -12.18628353,      -9.132063721
          0,           0,         585,      -14.60362655,      -12.04786876,      -12.20688409,      -9.113814022
          0,           0,         586,      -14.62294152,      -12.06978079,      -12.20651568,      -9.134283514
          0,           0,         587,      -14.62563381,      -12.06710247,      -12.20847797,      -9.131576148
          0,           0,         588,      -14.62936087,      -12.08704941,      -12.21258668,      -9.146778215
          0,           0,         589,      -14.62620844,      -12.08289115,      -12.20935042,      -9.135509554
          0,           0,         590,      -14.63051176,      -12.07691551,      -12.21775812,      -9.143102849
          0,           0,         591,      -14.64073954,      -12.07239993,      -12.22528951,      -9.144232785
          0,           0,         592,      -14.62010175,      -12.05194224,      -12.20315258,      -9.123439734
          0,           0,         593,       -14.6237303,      -12.07941443,      -12.21348279,       -9.13883306
          0,           0,         594,      -14.62570129,       -12.0570917,      -12.21905103,      -9.135910372
          0,           0,         595,      -14.62190518,       -12.0775239,      -12.19676758,      -9.138575215
          0,           0,         596,       -14.6204225,       -12.0801025,      -12.19554445,      -9.130079457
          0,           0,         597,      -14.61371267,      -12.06185712,      -12.20290664,      -9.127719116
          0,           0,         598,      -14.62947847,      -12.06754198,      -12.20043948,      -9.131930981
          0,           0,         599,      -14.61521489,       -12.0727562,      -12.19801256,      -9.129568062
          0,           0,         600,      -14.63346998,      -12.07830136,      -12.20848367,      -9.141331554
