VARIABLES = \
"Time_Iter","Outer_Iter","Inner_Iter",    "rms[Rho]"    ,    "rms[RhoU]"   ,    "rms[RhoV]"   ,    "rms[RhoE]"   
          0,           0,           0,      -1.234046028,       1.082449598,       1.234432216,       4.225582175
          0,           0,           1,       -1.73013666,      0.7040052209,      0.8016227782,       3.748932213
          0,           0,           2,      -1.974318649,      0.5148208317,      0.5788504175,        3.51268886
          0,           0,           3,      -2.133456499,      0.3728873664,      0.3986819943,       3.354028723
          0,           0,           4,      -2.282793525,      0.2488767878,       0.230845312,        3.20440702
          0,           0,           5,      -2.433515263,      0.1323096916,      0.0688795858,       3.051999205
          0,           0,           6,      -2.575147754,     0.03288791679,    -0.08571413573,       2.908202258
          0,           0,           7,      -2.714466249,    -0.05105550535,     -0.2347849745,       2.768314569
          0,           0,           8,      -2.851948333,     -0.1227305487,     -0.3769216473,       2.632291831
          0,           0,           9,      -2.983607743,      -0.188756658,     -0.5120468838,       2.503834927
          0,           0,          10,      -3.108464432,     -0.2534429418,     -0.6411955975,       2.382965121
          0,           0,          11,      -3.224731684,     -0.3165642103,     -0.7627385751,       2.270421503
          0,           0,          12,      -3.331586116,     -0.3758052935,     -0.8748898834,       2.167571222
          0,           0,          13,      -3.431789639,     -0.4300979455,     -0.9778644648,       2.073286352
          0,           0,          14,      -3.524944962,     -0.4798252379,       -1.07194967,       1.988078339
          0,           0,          15,      -3.606819457,     -0.5256343558,      -1.156965054,       1.914740087
          0,           0,          16,      -3.676804436,     -0.5681145896,       -1.23327962,        1.85280027
          0,           0,          17,      -3.738557269,     -0.6081153616,      -1.302451959,       1.798101409
          0,           0,          18,      -3.796216185,     -0.6467834707,      -1.366795335,       1.746182234
          0,           0,          19,      -3.852375575,     -0.6851538767,      -1.427931354,       1.694475137
          0,           0,          20,      -3.907496165,     -0.7238032255,      -1.486232041,       1.642745804
          0,           0,          21,       -3.96073087,     -0.7628593076,      -1.541159196,       1.592032686
          0,           0,          22,      -4.011305321,     -0.8022411686,      -1.592048707,       1.543277136
          0,           0,          23,      -4.059158613,     -0.8418615066,      -1.638780566,       1.496722402
          0,           0,          24,      -4.104717531,     -0.8817038929,      -1.681986203,       1.452083203
          0,           0,          25,      -4.148507579,     -0.9217804634,      -1.722660123,       1.408910933
          0,           0,          26,      -4.190913545,     -0.9620517336,      -1.761664615,       1.366845448
          0,           0,          27,      -4.232030342,      -1.002377875,      -1.799657979,       1.325741464
          0,           0,          28,       -4.27180096,      -1.042526364,      -1.837137276,        1.28557224
          0,           0,          29,      -4.310236724,      -1.082218027,      -1.874478662,        1.24626825
          0,           0,          30,      -4.347427346,      -1.121180098,      -1.911924739,       1.207705126
          0,           0,          31,      -4.383360187,      -1.159193815,      -1.949505806,       1.169833996
          0,           0,          32,      -4.417821238,      -1.196113659,      -1.986991051,       1.132783902
          0,           0,          33,      -4.450496861,       -1.23187174,      -2.023879046,       1.096818648
          0,           0,          34,      -4.481165064,       -1.26646797,      -2.059469634,       1.062209649
          0,           0,          35,      -4.509825061,      -1.299947193,      -2.092999595,       1.029120771
          0,           0,          36,      -4.536659142,      -1.332373285,      -2.123825197,      0.9975919855
          0,           0,          37,      -4.561933062,      -1.363815741,      -2.151541878,      0.9675663637
          0,           0,          38,      -4.585910438,      -1.394334352,      -2.176065034,      0.9389340376
          0,           0,          39,      -4.608817523,      -1.423973295,      -2.197613868,      0.9115597256
          0,           0,          40,      -4.630841722,      -1.452765657,      -2.216638504,      0.8853004837
          0,           0,          41,         -4.652156,      -1.480735766,      -2.233697837,      0.8600008864
          0,           0,          42,      -4.672910741,      -1.507905423,       -2.24935612,      0.8355130618
          0,           0,          43,      -4.693229604,      -1.534293323,      -2.264113901,      0.8117140787
          0,           0,          44,      -4.713213075,      -1.559918763,       -2.27837548,      0.7885049196
          0,           0,          45,      -4.732945441,      -1.584803501,      -2.292445879,      0.7658055809
          0,           0,          46,      -4.752494477,      -1.608973532,      -2.306543926,      0.7435537117
          0,           0,          47,      -4.771918306,       -1.63246009,      -2.320816592,      0.7216966251
          0,           0,          48,      -4.791265638,      -1.655299589,      -2.335358403,      0.7001893206
          0,           0,          49,      -4.810576446,      -1.677534298,      -2.350223457,      0.6789927501
          0,           0,          50,      -4.829885287,       -1.69921205,      -2.365439884,      0.6580696272
          0,           0,          51,      -4.849222501,      -1.720385484,      -2.381017402,      0.6373850497
          0,           0,          52,      -4.868612298,       -1.74110996,      -2.396955201,      0.6169073908
          0,           0,          53,      -4.888077584,      -1.761442984,      -2.413244004,      0.5966039176
          0,           0,          54,      -4.907642543,      -1.781442678,      -2.429872836,      0.5764389562
          0,           0,          55,      -4.927330478,      -1.801165857,      -2.446831056,       0.556375494
          0,           0,          56,      -4.947162069,      -1.820666223,      -2.464109596,       0.536377377
          0,           0,          57,      -4.967150492,      -1.839993044,      -2.481694749,      0.5164151091
          0,           0,          58,      -4.987308288,      -1.859191017,      -2.499581016,      0.4964593877
          0,           0,          59,      -5.007651756,      -1.878300876,      -2.517766876,      0.4764781941
          0,           0,          60,       -5.02818924,      -1.897358332,       -2.53625042,      0.4564476651
          0,           0,          61,      -5.048925163,      -1.916394314,      -2.555026291,       0.436348219
          0,           0,          62,      -5.069860339,       -1.93543477,      -2.574091366,      0.4161650725
          0,           0,          63,      -5.090991813,      -1.954502065,        -2.5934422,      0.3958891938
          0,           0,          64,      -5.112311788,      -1.973614746,      -2.613075963,      0.3755166534
          0,           0,          65,      -5.133815782,      -1.992788596,      -2.632987236,      0.3550419797
          0,           0,          66,      -5.155499126,      -2.012037317,      -2.653170987,       0.334461152
          0,           0,          67,      -5.177358126,      -2.031372313,      -2.673620924,      0.3137699887
          0,           0,          68,      -5.199388071,      -2.050803056,      -2.694329361,      0.2929658671
          0,           0,          69,      -5.221584896,      -2.070337794,      -2.715290732,      0.2720460176
          0,           0,          70,      -5.243948058,      -2.089984127,      -2.736499167,      0.2510049657
          0,           0,          71,       -5.26647439,       -2.10974803,      -2.757948703,      0.2298398043
          0,           0,          72,      -5.289160088,      -2.129634597,      -2.779635102,       0.208548547
          0,           0,          73,      -5.312002068,      -2.149648362,      -2.801552786,      0.1871288289
          0,           0,          74,      -5.334996801,      -2.169792835,      -2.823698505,      0.1655790091
          0,           0,          75,      -5.358142699,      -2.190070801,      -2.846064736,      0.1438960072
          0,           0,          76,       -5.38143663,      -2.210484397,      -2.868647291,      0.1220785031
          0,           0,          77,       -5.40487485,      -2.231035298,      -2.891443273,      0.1001259755
          0,           0,          78,      -5.428453028,      -2.251724796,      -2.914449624,     0.07803873577
          0,           0,          79,      -5.452167539,      -2.272553942,      -2.937662614,     0.05581673082
          0,           0,          80,      -5.476015027,      -2.293523336,      -2.961080681,     0.03345997276
          0,           0,          81,      -5.499992613,      -2.314633362,      -2.984697124,     0.01096817459
          0,           0,          82,      -5.524096473,      -2.335883946,       -3.00850969,    -0.01165764242
          0,           0,          83,      -5.548320007,      -2.357274432,      -3.032511615,    -0.03441411138
          0,           0,          84,      -5.572656541,      -2.378804187,      -3.056704994,    -0.05729749167
          0,           0,          85,      -5.597099891,      -2.400472455,      -3.081087119,    -0.08030476623
          0,           0,          86,      -5.621648597,      -2.422279122,      -3.105654916,     -0.1034365482
          0,           0,          87,      -5.646300064,      -2.444224034,      -3.130404748,     -0.1266925526
          0,           0,          88,      -5.671049327,        -2.4663057,      -3.155333895,     -0.1500704178
          0,           0,          89,      -5.695892383,      -2.488522815,      -3.180437915,     -0.1735684255
          0,           0,          90,      -5.720826208,      -2.510874301,      -3.205712882,     -0.1971855765
          0,           0,          91,      -5.745847788,      -2.533359009,      -3.231155613,     -0.2209208732
          0,           0,          92,      -5.770954134,      -2.555975634,      -3.256763207,     -0.2447732697
          0,           0,          93,      -5.796142206,      -2.578722784,      -3.282532808,     -0.2687416671
          0,           0,          94,      -5.821406477,      -2.601599563,      -3.308456818,     -0.2928226909
          0,           0,          95,      -5.846744864,      -2.624604705,      -3.334536793,     -0.3170159026
          0,           0,          96,      -5.872155862,      -2.647737077,      -3.360773458,     -0.3413212232
          0,           0,          97,      -5.897636171,      -2.670995448,      -3.387162161,     -0.3657369281
          0,           0,          98,      -5.923182418,      -2.694378536,      -3.413699038,     -0.3902612299
          0,           0,          99,      -5.948791327,      -2.717885059,      -3.440380626,     -0.4148924023
          0,           0,         100,      -5.974461092,      -2.741513406,      -3.467206143,     -0.4396296923
          0,           0,         101,      -6.000187475,      -2.765262776,      -3.494168303,     -0.4644704969
          0,           0,         102,      -6.025968332,        -2.7891319,      -3.521264422,     -0.4894137382
          0,           0,         103,      -6.051800187,      -2.813119235,      -3.548491434,     -0.5144572936
          0,           0,         104,      -6.077679886,      -2.837223227,       -3.57584561,      -0.539599194
          0,           0,         105,      -6.103604362,      -2.861442303,      -3.603323064,     -0.5648373835
          0,           0,         106,      -6.129571041,      -2.885774927,      -3.630919405,     -0.5901702271
          0,           0,         107,       -6.15557689,      -2.910219459,       -3.65863056,     -0.6155955639
          0,           0,         108,      -6.181618935,      -2.934774226,      -3.686452193,     -0.6411112232
          0,           0,         109,      -6.207694311,      -2.959437544,       -3.71437985,     -0.6667150564
          0,           0,         110,       -6.23380019,      -2.984207691,      -3.742408936,     -0.6924048652
          0,           0,         111,       -6.25993372,      -3.009082943,      -3.770534615,     -0.7181783461
          0,           0,         112,      -6.286092305,      -3.034061541,      -3.798751993,     -0.7440332911
          0,           0,         113,      -6.312273247,      -3.059141621,      -3.827055932,     -0.7699673209
          0,           0,         114,       -6.33847392,      -3.084321325,      -3.855441057,     -0.7959780186
          0,           0,         115,      -6.364691726,      -3.109598794,      -3.883901802,     -0.8220629032
          0,           0,         116,      -6.390924261,      -3.134972055,      -3.912432563,      -0.848219532
          0,           0,         117,      -6.417169161,      -3.160439139,      -3.941027512,     -0.8744453778
          0,           0,         118,      -6.443424111,       -3.18599804,      -3.969680562,     -0.9007378402
          0,           0,         119,      -6.469686951,       -3.21164675,      -3.998385421,     -0.9270943228
          0,           0,         120,      -6.495955537,       -3.23738316,      -4.027135617,     -0.9535121371
          0,           0,         121,      -6.522227857,      -3.263205127,      -4.055924466,     -0.9799885781
          0,           0,         122,      -6.548502029,      -3.289110469,      -4.084745073,      -1.006520927
          0,           0,         123,      -6.574776268,      -3.315096949,      -4.113590345,      -1.033106427
          0,           0,         124,      -6.601048855,       -3.34116227,      -4.142452985,      -1.059742262
          0,           0,         125,      -6.627318119,      -3.367304073,      -4.171325501,      -1.086425543
          0,           0,         126,      -6.653582404,      -3.393519926,      -4.200200226,      -1.113153283
          0,           0,         127,      -6.679840059,      -3.419807326,      -4.229069341,      -1.139922377
          0,           0,         128,       -6.70608943,      -3.446163706,      -4.257924887,      -1.166729591
          0,           0,         129,      -6.732328892,      -3.472586433,      -4.286758792,       -1.19357158
          0,           0,         130,         -6.758557,      -3.499072836,      -4.315562815,      -1.220444981
          0,           0,         131,      -6.784772901,      -3.525620166,      -4.344329545,      -1.247346688
          0,           0,         132,      -6.810974996,       -3.55222571,      -4.373049742,      -1.274272855
          0,           0,         133,      -6.837162414,      -3.578886678,      -4.401715124,      -1.301220129
          0,           0,         134,       -6.86333491,      -3.605600227,      -4.430318071,      -1.328185482
          0,           0,         135,      -6.889496766,      -3.632363695,      -4.458838453,      -1.355169372
          0,           0,         136,       -6.91564444,      -3.659174107,      -4.487282537,      -1.382166188
          0,           0,         137,       -6.94177053,      -3.686027843,      -4.515650297,      -1.409166844
          0,           0,         138,      -6.967877815,      -3.712921913,      -4.543928722,      -1.436170285
          0,           0,         139,      -6.993970663,      -3.739853468,       -4.57210803,      -1.463176814
          0,           0,         140,      -7.020050016,      -3.766819301,       -4.60018199,      -1.490183906
          0,           0,         141,      -7.046115385,       -3.79381601,      -4.628145123,      -1.517187801
          0,           0,         142,      -7.072166514,      -3.820840158,       -4.65599184,      -1.544184896
          0,           0,         143,      -7.098203596,      -3.847888289,      -4.683716806,      -1.571171937
          0,           0,         144,      -7.124227074,      -3.874956915,      -4.711315328,      -1.598145846
          0,           0,         145,      -7.150237507,      -3.902042501,      -4.738782878,      -1.625103655
          0,           0,         146,      -7.176235428,      -3.929141468,      -4.766116792,       -1.65204225
          0,           0,         147,      -7.202221518,      -3.956250229,      -4.793314096,      -1.678958709
          0,           0,         148,      -7.228196516,      -3.983365173,      -4.820372296,      -1.705850171
          0,           0,         149,       -7.25416123,      -4.010482674,      -4.847289541,      -1.732713854
          0,           0,         150,      -7.280116537,      -4.037599101,      -4.874064623,      -1.759547073
          0,           0,         151,      -7.306063386,       -4.06471083,       -4.90069698,      -1.786347254
          0,           0,         152,      -7.332002775,      -4.091814247,      -4.927186692,      -1.813111921
          0,           0,         153,      -7.357935762,      -4.118905761,      -4.953534488,      -1.839838732
          0,           0,         154,      -7.383863467,      -4.145981816,      -4.979741726,       -1.86652548
          0,           0,         155,      -7.409787048,      -4.173038895,      -5.005810364,      -1.893170092
          0,           0,         156,      -7.435707698,      -4.200073534,      -5.031742935,      -1.919770636
          0,           0,         157,      -7.461626636,      -4.227082332,      -5.057542505,      -1.946325319
          0,           0,         158,      -7.487545114,      -4.254061967,      -5.083212649,      -1.972832513
          0,           0,         159,      -7.513464412,      -4.281009202,      -5.108757417,      -1.999290749
          0,           0,         160,       -7.53938583,      -4.307920899,      -5.134181297,      -2.025698734
          0,           0,         161,      -7.565310693,      -4.334794033,      -5.159489168,      -2.052055349
          0,           0,         162,      -7.591240337,      -4.361625701,      -5.184686254,      -2.078359654
          0,           0,         163,      -7.617176102,      -4.388413137,      -5.209778081,      -2.104610887
          0,           0,         164,      -7.643119337,      -4.415153719,      -5.234770428,      -2.130808467
          0,           0,         165,      -7.669071387,      -4.441844984,      -5.259669271,      -2.156951996
          0,           0,         166,      -7.695033593,      -4.468484639,      -5.284480759,      -2.183041255
          0,           0,         167,      -7.721007293,      -4.495070567,      -5.309211148,      -2.209076206
          0,           0,         168,      -7.746993806,      -4.521600843,      -5.333866774,       -2.23505699
          0,           0,         169,       -7.77299445,      -4.548073738,      -5.358454007,      -2.260983925
          0,           0,         170,      -7.799010515,      -4.574487729,       -5.38297923,      -2.286857499
          0,           0,         171,      -7.825043283,      -4.600841505,      -5.407448787,       -2.31267837
          0,           0,         172,      -7.851094014,      -4.627133975,      -5.431868963,      -2.338447362
          0,           0,         173,      -7.877163947,      -4.653364272,      -5.456245958,      -2.364165456
          0,           0,         174,        -7.9032543,      -4.679531754,      -5.480585874,      -2.389833793
          0,           0,         175,      -7.929366266,      -4.705636009,      -5.504894658,      -2.415453651
          0,           0,         176,      -7.955501018,      -4.731676856,      -5.529178128,      -2.441026456
          0,           0,         177,      -7.981659699,      -4.757654344,      -5.553441932,      -2.466553765
          0,           0,         178,      -8.007843431,      -4.783568748,       -5.57769154,      -2.492037253
          0,           0,         179,      -8.034053299,      -4.809420572,       -5.60193224,      -2.517478723
          0,           0,         180,      -8.060290379,      -4.835210537,      -5.626169115,      -2.542880081
          0,           0,         181,      -8.086555702,      -4.860939582,      -5.650407061,      -2.568243322
          0,           0,         182,      -8.112850285,      -4.886608855,      -5.674650763,      -2.593570551
          0,           0,         183,      -8.139175103,      -4.912219704,      -5.698904691,      -2.618863926
          0,           0,         184,      -8.165531112,      -4.937773669,      -5.723173131,      -2.644125702
          0,           0,         185,      -8.191919245,      -4.963272476,       -5.74746014,       -2.66935819
          0,           0,         186,       -8.21834039,       -4.98871802,      -5.771769568,      -2.694563743
          0,           0,         187,      -8.244795419,      -5.014112359,      -5.796105086,      -2.719744763
          0,           0,         188,      -8.271285179,      -5.039457705,      -5.820470167,      -2.744903716
          0,           0,         189,      -8.297810489,      -5.064756403,      -5.844868053,      -2.770043055
          0,           0,         190,      -8.324372136,      -5.090010928,       -5.86930183,      -2.795165287
          0,           0,         191,      -8.350970887,      -5.115223867,      -5.893774421,      -2.820272909
          0,           0,         192,       -8.37760747,       -5.14039791,      -5.918288533,      -2.845368439
          0,           0,         193,      -8.404282626,      -5.165535832,       -5.94284669,      -2.870454389
          0,           0,         194,      -8.430997016,      -5.190640487,       -5.96745135,      -2.895533249
          0,           0,         195,      -8.457751326,      -5.215714797,      -5.992104692,      -2.920607549
          0,           0,         196,       -8.48454621,      -5.240761731,       -6.01680886,      -2.945679759
          0,           0,         197,      -8.511382278,      -5.265784301,      -6.041565754,      -2.970752323
          0,           0,         198,      -8.538260136,      -5.290785544,      -6.066377194,      -2.995827657
          0,           0,         199,      -8.565180377,      -5.315768523,      -6.091244892,      -3.020908185
          0,           0,         200,      -8.592143568,      -5.340736309,      -6.116170392,      -3.045996255
          0,           0,         201,      -8.619150244,      -5.365691964,      -6.141155154,      -3.071094177
          0,           0,         202,      -8.646200957,      -5.390638554,      -6.166200527,      -3.096204269
          0,           0,         203,      -8.673296185,      -5.415579109,      -6.191307744,      -3.121328694
          0,           0,         204,      -8.700436466,      -5.440516656,      -6.216477934,      -3.146469743
          0,           0,         205,      -8.727622269,      -5.465454167,      -6.241712167,      -3.171629477
          0,           0,         206,      -8.754854059,      -5.490394585,      -6.267011426,      -3.196809995
          0,           0,         207,      -8.782132304,      -5.515340812,      -6.292376582,      -3.222013379
          0,           0,         208,      -8.809457435,      -5.540295695,      -6.317808476,      -3.247241605
          0,           0,         209,      -8.836829874,       -5.56526202,       -6.34330784,      -3.272496567
          0,           0,         210,       -8.86425006,      -5.590242525,       -6.36887532,      -3.297780159
          0,           0,         211,      -8.891718393,      -5.615239874,      -6.394511627,       -3.32309418
          0,           0,         212,      -8.919235324,      -5.640256691,      -6.420217278,      -3.348440543
          0,           0,         213,      -8.946801117,      -5.665295499,      -6.445992777,       -3.37382082
          0,           0,         214,      -8.974416272,      -5.690358762,      -6.471838599,      -3.399236653
          0,           0,         215,      -9.002081095,      -5.715448894,      -6.497755255,      -3.424689759
          0,           0,         216,      -9.029795967,      -5.740568209,      -6.523742997,      -3.450181622
          0,           0,         217,      -9.057561284,      -5.765718963,      -6.549802201,       -3.47571376
          0,           0,         218,       -9.08537744,      -5.790903348,      -6.575933235,      -3.501287759
          0,           0,         219,      -9.113244611,      -5.816123456,      -6.602136338,      -3.526904784
          0,           0,         220,      -9.141163311,      -5.841381317,       -6.62841175,      -3.552566315
          0,           0,         221,      -9.169133779,      -5.866678916,      -6.654759763,      -3.578273693
          0,           0,         222,      -9.197156405,      -5.892018117,      -6.681180522,      -3.604028075
          0,           0,         223,      -9.225231542,      -5.917400757,      -6.707674113,      -3.629830787
          0,           0,         224,      -9.253359403,      -5.942828588,      -6.734240892,      -3.655682944
          0,           0,         225,      -9.281540401,      -5.968303303,      -6.760880858,      -3.681585748
          0,           0,         226,      -9.309774896,      -5.993826496,      -6.787594178,      -3.707540146
          0,           0,         227,      -9.338063122,      -6.019399743,      -6.814380947,      -3.733547206
          0,           0,         228,      -9.366405487,      -6.045024525,      -6.841241377,      -3.759608135
          0,           0,         229,      -9.394802179,      -6.070702291,      -6.868175382,      -3.785723872
          0,           0,         230,      -9.423253651,       -6.09643435,      -6.895183119,      -3.811894809
          0,           0,         231,      -9.451760124,      -6.122222097,       -6.92226471,      -3.838122559
          0,           0,         232,      -9.480322049,       -6.14806675,      -6.949420159,      -3.864407751
          0,           0,         233,      -9.508939714,       -6.17396951,      -6.976649467,      -3.890751027
          0,           0,         234,       -9.53761316,      -6.199931567,      -7.003952844,      -3.917153528
          0,           0,         235,      -9.566343059,      -6.225953985,      -7.031330198,      -3.943615709
          0,           0,         236,      -9.595129525,      -6.252037857,      -7.058781589,      -3.970138556
          0,           0,         237,      -9.623973286,      -6.278184146,      -7.086307253,      -3.996722469
          0,           0,         238,      -9.652873916,      -6.304393922,       -7.11390717,      -4.023368834
          0,           0,         239,      -9.681832145,      -6.330668047,      -7.141581346,      -4.050077669
          0,           0,         240,      -9.710848622,      -6.357007396,      -7.169329753,      -4.076849789
          0,           0,         241,       -9.73992312,      -6.383412846,      -7.197152276,      -4.103685669
          0,           0,         242,      -9.769056387,      -6.409885238,      -7.225049459,       -4.13058626
          0,           0,         243,      -9.798248432,      -6.436425349,      -7.253021172,      -4.157552087
          0,           0,         244,      -9.827499834,        -6.4630339,      -7.281067513,      -4.184583522
          0,           0,         245,      -9.856810795,        -6.4897117,      -7.309188351,      -4.211681327
          0,           0,         246,      -9.886181851,      -6.516459379,      -7.337383441,      -4.238846035
          0,           0,         247,      -9.915612874,      -6.543277668,      -7.365653698,      -4.266078247
          0,           0,         248,       -9.94510488,      -6.570167153,       -7.39399898,      -4.293378253
          0,           0,         249,      -9.974657533,      -6.597128461,       -7.42241836,      -4.320746309
          0,           0,         250,      -10.00427152,      -6.624162283,      -7.450913634,      -4.348183755
          0,           0,         251,      -10.03394694,      -6.651269194,      -7.479484069,      -4.375690744
          0,           0,         252,      -10.06368476,      -6.678449599,      -7.508129372,      -4.403266951
          0,           0,         253,      -10.09348412,      -6.705704213,      -7.536849916,      -4.430913255
          0,           0,         254,      -10.12334731,      -6.733033609,      -7.565646021,      -4.458631297
          0,           0,         255,      -10.15327301,       -6.76043824,      -7.594518184,      -4.486420494
          0,           0,         256,      -10.18326253,       -6.78791858,      -7.623465594,      -4.514281275
          0,           0,         257,      -10.21331503,      -6.815475078,      -7.652488415,      -4.542212607
          0,           0,         258,      -10.24343136,      -6.843108433,      -7.681587798,      -4.570217758
          0,           0,         259,      -10.27361213,      -6.870819221,      -7.710764545,      -4.598297754
          0,           0,         260,      -10.30385864,      -6.898607397,      -7.740015862,      -4.626448571
          0,           0,         261,      -10.33416948,      -6.926473757,      -7.769343102,      -4.654672879
          0,           0,         262,      -10.36454543,      -6.954418928,      -7.798749477,      -4.682973544
          0,           0,         263,      -10.39498702,      -6.982443183,      -7.828232173,      -4.711347734
          0,           0,         264,      -10.42549615,      -7.010546714,      -7.857789981,      -4.739796896
          0,           0,         265,      -10.45606916,      -7.038730461,      -7.887427935,      -4.768321315
          0,           0,         266,      -10.48671012,      -7.066994737,      -7.917141542,      -4.796923152
          0,           0,         267,      -10.51741873,      -7.095339856,      -7.946932081,      -4.825600609
          0,           0,         268,      -10.54819252,      -7.123766294,      -7.976802893,      -4.854353571
          0,           0,         269,       -10.5790352,      -7.152274539,      -8.006748748,      -4.883184813
          0,           0,         270,      -10.60994495,      -7.180865017,      -8.036775455,      -4.912092842
          0,           0,         271,      -10.64092145,      -7.209538799,      -8.066880742,      -4.941083167
          0,           0,         272,      -10.67196754,      -7.238295183,      -8.097063337,      -4.970148303
          0,           0,         273,      -10.70308154,       -7.26713529,      -8.127326094,      -4.999290318
          0,           0,         274,      -10.73426346,      -7.296059855,      -8.157667621,      -5.028515354
          0,           0,         275,      -10.76551496,      -7.325068646,      -8.188085604,      -5.057816657
          0,           0,         276,      -10.79683326,      -7.354163123,      -8.218589707,       -5.08720215
          0,           0,         277,      -10.82822174,      -7.383342792,      -8.249168861,      -5.116664895
          0,           0,         278,      -10.85967787,      -7.412608907,        -8.2798284,      -5.146212218
          0,           0,         279,      -10.89120413,      -7.441961302,      -8.310569363,      -5.175838251
          0,           0,         280,      -10.92279696,       -7.47140086,      -8.341393967,      -5.205547649
          0,           0,         281,      -10.95445723,      -7.500928225,      -8.372293593,      -5.235338989
          0,           0,         282,      -10.98618548,      -7.530543834,      -8.403278751,       -5.26521455
          0,           0,         283,      -11.01799017,      -7.560248332,      -8.434337437,      -5.295172353
          0,           0,         284,      -11.04985057,      -7.590041797,      -8.465485158,      -5.325214676
          0,           0,         285,      -11.08178722,      -7.619924688,      -8.496705972,      -5.355333926
          0,           0,         286,      -11.11378925,      -7.649899772,      -8.528017725,      -5.385553195
          0,           0,         287,      -11.14584748,       -7.67996424,      -8.559407289,      -5.415844564
          0,           0,         288,       -11.1779877,      -7.710120879,      -8.590870886,      -5.446229274
          0,           0,         289,        -11.210179,      -7.740370414,      -8.622431725,       -5.47669781
          0,           0,         290,      -11.24243643,      -7.770712912,      -8.654057529,      -5.507256671
          0,           0,         291,      -11.27475499,      -7.801148056,      -8.685784569,      -5.537900555
          0,           0,         292,      -11.30715651,      -7.831676722,      -8.717556959,      -5.568619747
          0,           0,         293,       -11.3395871,      -7.862302169,      -8.749445719,      -5.599442757
          0,           0,         294,      -11.37210333,       -7.89302121,      -8.781395448,      -5.630343498
          0,           0,         295,      -11.40466318,      -7.923838779,      -8.813434037,      -5.661347559
          0,           0,         296,      -11.43726626,       -7.95475221,      -8.845562385,      -5.692434181
          0,           0,         297,      -11.46994651,      -7.985759708,      -8.877732427,      -5.723581032
          0,           0,         298,      -11.50266697,      -8.016871728,      -8.910019241,      -5.754873632
          0,           0,         299,      -11.53543977,      -8.048079553,      -8.942368394,      -5.786219875
          0,           0,         300,      -11.56826794,      -8.079386059,      -8.974792873,       -5.81765934
          0,           0,         301,      -11.60111138,      -8.110792544,      -9.007304926,      -5.849177795
          0,           0,         302,      -11.63402429,      -8.142305102,      -9.039898175,      -5.880849561
          0,           0,         303,       -11.6669726,      -8.173915164,      -9.072539442,      -5.912567654
          0,           0,         304,      -11.69993422,      -8.205629511,      -9.105271935,       -5.94438336
          0,           0,         305,       -11.7329394,      -8.237444903,       -9.13804803,      -5.976271024
          0,           0,         306,      -11.76596901,      -8.269365156,      -9.170922216,       -6.00826907
          0,           0,         307,      -11.79899534,      -8.301390776,      -9.203856324,      -6.040362806
          0,           0,         308,      -11.83206611,      -8.333521033,      -9.236842009,      -6.072542491
          0,           0,         309,      -11.86512934,      -8.365756855,      -9.269903326,      -6.104809177
          0,           0,         310,      -11.89817574,       -8.39810166,       -9.30302266,      -6.137194957
          0,           0,         311,      -11.93125616,      -8.430554512,      -9.336180863,      -6.169650011
          0,           0,         312,      -11.96429826,       -8.46311552,      -9.369447864,      -6.202233689
          0,           0,         313,      -11.99735177,      -8.495776358,      -9.402733844,      -6.234834268
          0,           0,         314,      -12.03032087,       -8.52855231,      -9.436038885,      -6.267565674
          0,           0,         315,       -12.0633145,      -8.561442745,      -9.469388357,      -6.300445683
          0,           0,         316,      -12.09623874,      -8.594432123,      -9.502810031,      -6.333331179
          0,           0,         317,      -12.12907103,      -8.627537955,      -9.536229045,      -6.366343036
          0,           0,         318,      -12.16189045,      -8.660749404,      -9.569687907,      -6.399428252
          0,           0,         319,      -12.19466487,      -8.694064108,      -9.603066641,       -6.43254938
          0,           0,         320,      -12.22730849,      -8.727503837,      -9.636634711,      -6.465827646
          0,           0,         321,      -12.25980589,      -8.761053397,      -9.670165671,      -6.499259548
          0,           0,         322,      -12.29224929,      -8.794703222,      -9.703621144,      -6.532700576
          0,           0,         323,      -12.32456223,      -8.828449948,      -9.737048144,      -6.566071912
          0,           0,         324,      -12.35669534,      -8.862318827,      -9.770446987,      -6.599673338
          0,           0,         325,      -12.38874477,       -8.89629643,      -9.803918234,      -6.633395661
          0,           0,         326,      -12.42063065,      -8.930373389,      -9.837257503,      -6.667117804
          0,           0,         327,      -12.45228997,      -8.964538198,      -9.870532079,        -6.7007525
          0,           0,         328,       -12.4838772,       -8.99884352,      -9.903690654,      -6.734743213
          0,           0,         329,      -12.51514284,      -9.033217048,      -9.937022094,      -6.768583558
          0,           0,         330,      -12.54625901,      -9.067704704,      -9.970141818,      -6.802593514
          0,           0,         331,      -12.57706572,      -9.102269052,      -10.00300616,      -6.836583518
          0,           0,         332,      -12.60773917,      -9.136930946,      -10.03593947,      -6.870575275
          0,           0,         333,      -12.63807034,      -9.171670817,       -10.0686742,      -6.904538091
          0,           0,         334,      -12.66833182,      -9.206500804,      -10.10122945,      -6.938768892
          0,           0,         335,      -12.69832877,      -9.241406883,      -10.13357963,      -6.972898098
          0,           0,         336,      -12.72794062,      -9.276365229,      -10.16582477,      -7.006987987
          0,           0,         337,      -12.75718428,      -9.311378201,      -10.19779188,      -7.040900201
          0,           0,         338,      -12.78636635,      -9.346460394,      -10.22961886,      -7.075258771
          0,           0,         339,      -12.81512293,       -9.38162419,      -10.26118358,      -7.109523677
          0,           0,         340,      -12.84328502,      -9.416760115,      -10.29281744,      -7.143369373
          0,           0,         341,      -12.87163064,      -9.451946917,      -10.32374115,      -7.177318387
          0,           0,         342,      -12.89969506,       -9.48711097,      -10.35469456,      -7.211220477
          0,           0,         343,      -12.92742855,      -9.522290978,      -10.38515509,       -7.24493872
          0,           0,         344,       -12.9548694,      -9.557439398,       -10.4152139,      -7.278845519
          0,           0,         345,      -12.98184227,      -9.592574527,      -10.44561169,      -7.312554336
          0,           0,         346,      -13.00853741,      -9.627604881,      -10.47498515,      -7.345585744
          0,           0,         347,       -13.0346059,      -9.662622051,      -10.50520457,      -7.379201327
          0,           0,         348,      -13.06143631,      -9.697483155,      -10.53388746,      -7.412404622
          0,           0,         349,      -13.08740314,      -9.732227339,      -10.56228096,      -7.444991104
          0,           0,         350,      -13.11316611,       -9.76682078,      -10.59090723,      -7.477698101
          0,           0,         351,      -13.13871456,      -9.801333809,      -10.61894225,      -7.510950094
          0,           0,         352,      -13.16409313,      -9.835586705,      -10.64643921,      -7.542888189
          0,           0,         353,      -13.18939346,       -9.86958057,      -10.67445777,      -7.574703776
          0,           0,         354,      -13.21384651,       -9.90334738,      -10.70136728,      -7.606303657
          0,           0,         355,      -13.23854692,      -9.936811306,      -10.72892917,      -7.637832093
          0,           0,         356,      -13.26320309,      -9.969937916,      -10.75524678,      -7.668417562
          0,           0,         357,      -13.28788595,      -10.00273509,      -10.78065852,      -7.698749714
          0,           0,         358,      -13.31260092,      -10.03516764,       -10.8059208,      -7.729558215
          0,           0,         359,      -13.33646902,      -10.06724358,      -10.83301426,      -7.760077793
          0,           0,         360,      -13.36030264,      -10.09881865,      -10.85833915,      -7.788983315
          0,           0,         361,      -13.38416919,      -10.12996523,      -10.88456234,      -7.818117316
          0,           0,         362,      -13.40748258,      -10.16056875,      -10.90800364,      -7.846903874
          0,           0,         363,      -13.43214982,      -10.19079677,      -10.93201611,       -7.87611305
          0,           0,         364,      -13.45559483,      -10.22030245,       -10.9559974,      -7.902910448
          0,           0,         365,      -13.47861603,      -10.24952085,      -10.98190568,      -7.930295862
          0,           0,         366,      -13.50158713,      -10.27808131,      -11.00554928,      -7.957447457
          0,           0,         367,      -13.52535399,      -10.30625352,      -11.02985289,       -7.98442971
          0,           0,         368,      -13.54889585,      -10.33355666,      -11.05266602,      -8.009501675
          0,           0,         369,      -13.57189005,      -10.36053002,      -11.07597007,      -8.035578768
          0,           0,         370,      -13.59446038,      -10.38720845,      -11.09997629,      -8.061789968
          0,           0,         371,      -13.61879808,      -10.41298128,      -11.12285087,      -8.086897866
          0,           0,         372,      -13.64187519,      -10.43849335,      -11.14582152,      -8.111590723
          0,           0,         373,      -13.66498871,      -10.46348609,      -11.17044168,      -8.136486312
          0,           0,         374,      -13.68677017,      -10.48801342,      -11.19216197,      -8.159566529
          0,           0,         375,      -13.71162179,      -10.51196158,      -11.21390493,      -8.183412664
          0,           0,         376,      -13.73440011,       -10.5357245,      -11.23824291,      -8.206589503
          0,           0,         377,      -13.75521405,      -10.55922347,       -11.2614497,       -8.22992392
          0,           0,         378,        -13.779976,      -10.58229365,      -11.28321675,      -8.253575361
          0,           0,         379,      -13.80167958,      -10.60506003,       -11.3064651,      -8.275999448
          0,           0,         380,      -13.82476107,      -10.62761359,      -11.32893859,      -8.299473603
          0,           0,         381,      -13.84929083,      -10.64926583,       -11.3521181,      -8.319089121
          0,           0,         382,      -13.86886626,      -10.67165536,      -11.37374823,      -8.342223179
          0,           0,         383,      -13.89276688,       -10.6934042,      -11.39586399,      -8.363576653
          0,           0,         384,      -13.91737882,      -10.71490479,      -11.41940187,      -8.385042365
          0,           0,         385,      -13.94072435,      -10.73695649,       -11.4390076,      -8.409044163
          0,           0,         386,       -13.9636733,      -10.75766958,      -11.46196865,      -8.426963915
          0,           0,         387,      -13.98426008,      -10.77946012,      -11.48530546,      -8.451511643
          0,           0,         388,      -14.00858601,      -10.80047558,      -11.50634155,       -8.47252519
          0,           0,         389,      -14.02660162,      -10.82107154,      -11.52657429,      -8.488844604
          0,           0,         390,      -14.04786998,      -10.84306764,      -11.55179098,      -8.514447621
          0,           0,         391,      -14.07280374,       -10.8643738,      -11.57200925,      -8.537157301
          0,           0,         392,      -14.09565256,      -10.88548884,      -11.59730142,        -8.5583046
          0,           0,         393,      -14.11511055,      -10.90704762,      -11.61833619,      -8.576842641
          0,           0,         394,      -14.14293123,      -10.92805197,      -11.63980466,      -8.596623565
          0,           0,         395,      -14.16332094,      -10.94948862,      -11.66549126,      -8.619485475
          0,           0,         396,      -14.18320025,      -10.96998242,      -11.67746536,       -8.63529638
          0,           0,         397,      -14.20296813,      -10.99089683,      -11.70596988,        -8.6532913
          0,           0,         398,      -14.21845888,      -11.01312555,        -11.721082,      -8.675676712
          0,           0,         399,       -14.2364338,      -11.03460298,      -11.74566154,      -8.698496492
          0,           0,         400,      -14.26346465,      -11.05562947,      -11.76670568,      -8.718068154
          0,           0,         401,      -14.28243275,      -11.07762697,      -11.78290372,      -8.736095539
          0,           0,         402,      -14.30128889,       -11.0990203,      -11.79870202,       -8.75088646
          0,           0,         403,      -14.31385787,      -11.11855421,      -11.82239589,      -8.755186481
          0,           0,         404,      -14.33440172,      -11.14185492,      -11.84726338,      -8.792325863
          0,           0,         405,       -14.3473291,       -11.1636605,      -11.85807181,      -8.804384427
          0,           0,         406,       -14.3745229,      -11.18532344,      -11.87621071,      -8.826691904
          0,           0,         407,      -14.38695262,      -11.20825316,      -11.90079385,      -8.844144574
          0,           0,         408,      -14.40242826,      -11.22913908,      -11.91771876,      -8.854896701
          0,           0,         409,      -14.41754718,      -11.25149054,      -11.93424981,      -8.870983858
          0,           0,         410,      -14.43257998,      -11.27514417,      -11.94914705,      -8.892023106
          0,           0,         411,      -14.44307927,      -11.29467777,      -11.95815881,      -8.897638436
          0,           0,         412,      -14.45063475,      -11.31533089,       -11.9766263,      -8.913346559
          0,           0,         413,      -14.46340738,      -11.33966184,      -11.99340013,      -8.932002955
          0,           0,         414,      -14.47255359,      -11.36124245,      -12.00598607,      -8.935597867
          0,           0,         415,      -14.48242762,      -11.38350597,      -12.00991969,      -8.950369933
          0,           0,         416,      -14.49466478,      -11.40661902,      -12.04070485,      -8.963050069
          0,           0,         417,      -14.50404106,      -11.42639615,      -12.03854157,      -8.973751702
          0,           0,         418,      -14.52035345,      -11.44813859,      -12.04983066,      -8.984808735
          0,           0,         419,      -14.53168419,      -11.47290261,      -12.07123092,      -9.004562736
          0,           0,         420,      -14.55021446,      -11.49483336,      -12.07321411,      -9.025166706
          0,           0,         421,      -14.54193436,       -11.5159503,      -12.09046711,      -9.014568919
          0,           0,         422,      -14.52738931,      -11.53070328,       -12.0946723,      -9.006473387
          0,           0,         423,      -14.55531362,      -11.55576387,      -12.09781985,      -9.027250409
          0,           0,         424,      -14.55179367,      -11.57789789,      -12.12142708,      -9.038203027
          0,           0,         425,      -14.55783434,      -11.60040769,      -12.11093754,      -9.050318405
          0,           0,         426,      -14.57989151,       -11.6280618,      -12.12443308,      -9.066508252
          0,           0,         427,      -14.56706075,      -11.63845281,      -12.10471438,      -9.047414819
          0,           0,         428,      -14.57443856,      -11.66559118,      -12.12161553,      -9.062716677
          0,           0,         429,       -14.5995844,      -11.68858402,      -12.15018826,      -9.084736912
          0,           0,         430,      -14.59046018,       -11.7128094,      -12.13951147,      -9.091563312
          0,           0,         431,      -14.56536562,      -11.71924833,       -12.1479116,      -9.066477945
          0,           0,         432,      -14.59232439,      -11.74021616,      -12.14015252,      -9.075266249
          0,           0,         433,      -14.59477556,      -11.76829649,      -12.14559159,      -9.095304545
          0,           0,         434,      -14.59989719,      -11.78182627,      -12.15048053,      -9.088702934
          0,           0,         435,      -14.59113601,      -11.79391946,       -12.1483923,      -9.082868584
          0,           0,         436,      -14.59256628,      -11.81482399,      -12.16091642,      -9.094639121
          0,           0,         437,      -14.59321554,      -11.83170076,      -12.15811251,      -9.098976748
          0,           0,         438,      -14.59530446,      -11.84508146,      -12.15894234,      -9.090220508
          0,           0,         439,      -14.59288779,      -11.85953684,      -12.17920625,      -9.100144195
          0,           0,         440,       -14.6047269,      -11.86366259,      -12.16033149,       -9.09447823
          0,           0,         441,      -14.60825585,      -11.89440869,      -12.17082197,      -9.107397944
          0,           0,         442,      -14.61700979,      -11.90901597,      -12.16926479,      -9.107758801
          0,           0,         443,      -14.60916392,      -11.92926794,      -12.17922037,      -9.124032024
          0,           0,         444,      -14.60225773,      -11.92965215,      -12.16944654,      -9.105144061
          0,           0,         445,      -14.58855707,      -11.94455036,      -12.15370976,      -9.097829856
          0,           0,         446,      -14.60538192,      -11.95676116,      -12.17693924,      -9.119771767
          0,           0,         447,      -14.59602162,      -11.95050114,      -12.16224687,      -9.089774986
          0,           0,         448,      -14.61400392,      -11.97913861,      -12.17989277,      -9.120504709
          0,           0,         449,      -14.60046947,      -11.96908538,      -12.18123836,      -9.103152251
          0,           0,         450,      -14.60948832,      -11.98925116,      -12.17937822,      -9.118887597
          0,           0,         451,      -14.59744657,      -11.99867428,      -12.16366152,      -9.114919872
          0,           0,         452,       -14.6050361,      -12.00343838,      -12.16039496,      -9.111868277
          0,           0,         453,      -14.60332415,      -12.00521692,      -12.17482019,      -9.117652112
          0,           0,         454,      -14.61033304,      -12.02129722,       -12.1756457,      -9.120658596
          0,           0,         455,      -14.61187689,      -12.01327328,      -12.17574326,      -9.114337987
          0,           0,         456,       -14.6118161,      -12.01103605,      -12.16144044,      -9.110412064
          0,           0,         457,      -14.61294177,      -12.02655605,      -12.18281998,      -9.117977363
          0,           0,         458,      -14.59914514,      -12.02750686,      -12.15799564,      -9.101677615
          0,           0,         459,      -14.60257648,      -12.03304121,      -12.17734113,      -9.109513331
          0,           0,         460,      -14.59569713,      -12.03539016,      -12.15571824,      -9.105164556
          0,           0,         461,       -14.5960998,      -12.02055012,      -12.18221777,      -9.101415027
          0,           0,         462,      -14.60611524,      -12.03300618,      -12.16124572,      -9.111060049
          0,           0,         463,      -14.61679154,       -12.0472143,      -12.18536942,      -9.122602042
          0,           0,         464,      -14.61514678,      -12.06629322,       -12.1816725,      -9.126557645
          0,           0,         465,       -14.6068181,      -12.04151736,      -12.16405458,      -9.112273462
          0,           0,         466,       -14.6229813,      -12.05964219,      -12.18109781,      -9.124132019
          0,           0,         467,      -14.61247292,      -12.05414415,      -12.18076071,      -9.123112675
          0,           0,         468,      -14.62136401,      -12.05191002,      -12.18228661,      -9.126719126
          0,           0,         469,      -14.61313797,      -12.04458878,      -12.18920927,      -9.120974152
          0,           0,         470,      -14.60006029,      -12.03664438,      -12.18092365,      -9.103751781
          0,           0,         471,      -14.62233717,      -12.05289909,      -12.18526286,      -9.132695911
          0,           0,         472,      -14.59865996,      -12.03286366,      -12.17993226,      -9.105898686
          0,           0,         473,      -14.62102106,      -12.06512332,      -12.18170956,      -9.127935172
          0,           0,         474,      -14.61641231,      -12.04308939,      -12.17819532,      -9.118436356
          0,           0,         475,        -14.588129,      -12.02321958,      -12.18911037,      -9.104224648
          0,           0,         476,      -14.60824166,      -12.06015005,      -12.18404877,      -9.121728868
          0,           0,         477,      -14.61694877,      -12.06124396,      -12.18786973,      -9.124375413
          0,           0,         478,      -14.61914061,      -12.06377245,      -12.17657442,      -9.119142999
          0,           0,         479,       -14.6148485,      -12.05876876,      -12.16254529,      -9.121990367
          0,           0,         480,      -14.61127943,      -12.06433154,      -12.18962765,      -9.117597208
          0,           0,         481,      -14.62294098,      -12.07123888,      -12.18148603,       -9.13202779
          0,           0,         482,      -14.61106757,           -12.056,      -12.16832463,      -9.112810053
          0,           0,         483,      -14.60847625,      -12.06240274,       -12.1650981,      -9.115463187
          0,           0,         484,      -14.60583113,      -12.03555341,      -12.17450082,      -9.106061758
          0,           0,         485,      -14.60303937,      -12.04206772,      -12.17989152,      -9.108406689
          0,           0,         486,      -14.61581596,      -12.06272148,       -12.1966898,      -9.125504602
          0,           0,         487,       -14.6151592,      -12.05468828,      -12.17688956,      -9.119039523
          0,           0,         488,      -14.60691593,      -12.04621106,      -12.17409802,      -9.107157017
          0,           0,         489,      -14.62122154,      -12.07107242,      -12.16692896,      -9.126022855
          0,           0,         490,      -14.59536682,      -12.03071878,      -12.18150095,      -9.109288623
          0,           0,         491,      -14.61469909,      -12.06551754,       -12.1729796,      -9.123985618
          0,           0,         492,      -14.58758397,      -12.05342766,      -12.16523582,       -9.10782226
          0,           0,         493,      -14.60249857,      -12.05894633,      -12.18099931,      -9.118588182
          0,           0,         494,      -14.60790893,      -12.05065471,      -12.17520797,      -9.109932749
          0,           0,         495,      -14.60728713,       -12.0542877,      -12.17474247,      -9.112128811
          0,           0,         496,      -14.60063263,       -12.0466059,      -12.16620281,      -9.112959406
          0,           0,         497,      -14.62028244,      -12.06032688,      -12.18054793,      -9.121585909
          0,           0,         498,      -14.60416876,      -12.05683079,      -12.16918157,      -9.113748557
          0,           0,         499,      -14.60658779,       -12.0538835,       -12.1915357,      -9.119989495
          0,           0,         500,      -14.61082894,      -12.05826941,      -12.17301299,      -9.119736711
          0,           0,         501,      -14.61547693,      -12.06202466,      -12.17442776,      -9.125881184
          0,           0,         502,      -14.63366777,      -12.07813911,      -12.18658864,      -9.131578078
          0,           0,         503,      -14.59045124,       -12.0390127,       -12.1721511,      -9.108116868
          0,           0,         504,      -14.61949373,        -12.057175,      -12.18573381,       -9.12058446
          0,           0,         505,      -14.59938183,      -12.03932725,      -12.17948126,      -9.100137931
          0,           0,         506,      -14.60307019,      -12.06626457,      -12.16082319,      -9.112044875
          0,           0,         507,      -14.59194358,       -12.0483129,      -12.18170599,      -9.107073877
          0,           0,         508,       -14.6214821,      -12.06791907,       -12.1786209,      -9.124682722
          0,           0,         509,      -14.61670957,      -12.05866144,      -12.18186118,      -9.129872899
          0,           0,         510,      -14.61191575,      -12.05843117,      -12.17326026,      -9.111919863
          0,           0,         511,      -14.60990622,      -12.06588777,      -12.16837489,      -9.122728392
          0,           0,         512,      -14.61446407,      -12.05634234,      -12.19163911,      -9.123042485
          0,           0,         513,      -14.60994166,      -12.05110808,      -12.18375892,      -9.116516977
          0,           0,         514,      -14.60023678,      -12.02678782,      -12.17397456,      -9.088193033
          0,           0,         515,      -14.62762493,      -12.06074223,      -12.17907812,      -9.126942317
          0,           0,         516,      -14.62511209,      -12.06516667,      -12.18108442,      -9.119427369
          0,           0,         517,      -14.61583205,      -12.05002262,       -12.1760388,       -9.11219162
          0,           0,         518,      -14.61036539,      -12.06778232,      -12.17124519,       -9.11500052
          0,           0,         519,      -14.61664238,      -12.06259881,      -12.17798177,      -9.125086015
          0,           0,         520,      -14.61647003,      -12.05263548,      -12.17390689,      -9.114694811
          0,           0,         521,      -14.61584931,      -12.05754753,      -12.18016398,       -9.11651056
          0,           0,         522,      -14.59491437,       -12.0430835,      -12.17867865,      -9.103056084
          0,           0,         523,      -14.60037464,      -12.03385341,      -12.17433918,      -9.109010843
          0,           0,         524,      -14.58816111,      -12.03305389,      -12.17307427,      -9.105563546
          0,           0,         525,      -14.60655237,      -12.05100535,      -12.16692673,      -9.115462065
          0,           0,         526,      -14.59356403,      -12.05103122,      -12.16305262,      -9.107559413
          0,           0,         527,      -14.60842335,       -12.0489467,      -12.16729954,       -9.11190813
          0,           0,         528,      -14.61464379,       -12.0624082,      -12.18409224,      -9.121484136
          0,           0,         529,       -14.6143079,      -12.06432611,      -12.19110365,      -9.123360521
          0,           0,         530,      -14.59638561,      -12.03797044,      -12.16786602,       -9.10357892
          0,           0,         531,      -14.59728632,      -12.05019883,      -12.16405421,      -9.108974621
          0,           0,         532,      -14.61358228,      -12.06429902,      -12.16395843,      -9.123583779
          0,           0,         533,      -14.61276352,      -12.05444371,      -12.17161115,      -9.121055824
          0,           0,         534,      -14.61392714,      -12.06690137,      -12.18427014,      -9.123032732
          0,           0,         535,      -14.61326292,      -12.06213959,      -12.18041973,      -9.120202427
          0,           0,         536,      -14.61512236,      -12.07458786,      -12.18098588,      -9.129950685
          0,           0,         537,      -14.61567251,      -12.06311075,      -12.18467358,      -9.120160235
          0,           0,         538,      -14.62323969,       -12.0579258,      -12.18104327,      -9.118527007
          0,           0,         539,      -14.61781144,      -12.06282508,       -12.1834021,      -9.116222708
          0,           0,         540,      -14.60621346,         -12.05069,      -12.18399839,      -9.114768615
          0,           0,         541,      -14.60244177,       -12.0473679,      -12.17894884,      -9.104275948
          0,           0,         542,      -14.59647993,      -12.03693082,      -12.16730912,      -9.105041668
          0,           0,         543,       -14.6078242,      -12.06323726,      -12.17093373,      -9.112687804
          0,           0,         544,      -14.62000203,      -12.05375477,      -12.18556187,      -9.128607762
          0,           0,         545,      -14.62769815,      -12.06688223,       -12.1823312,       -9.12880638
          0,           0,         546,      -14.61014955,      -12.06966569,      -12.16517708,      -9.121947397
          0,           0,         547,      -14.61467563,      -12.05555258,      -12.17353368,      -9.117468285
          0,           0,         548,      -14.60453583,       -12.0609045,      -12.15576888,      -9.117454156
          0,           0,         549,       -14.5982307,      -12.06541605,      -12.17861339,      -9.118203723
          0,           0,         550,      -14.60285785,      -12.04297547,      -12.17272071,      -9.107861853
          0,           0,         551,      -14.60926827,      -12.05334455,      -12.18678861,      -9.109053855
          0,           0,         552,       -14.6147033,      -12.06056785,      -12.18771884,      -9.121125726
          0,           0,         553,      -14.61557797,      -12.07160514,       -12.1695617,      -9.120742428
          0,           0,         554,      -14.62975489,      -12.06521531,      -12.17533083,      -9.129334039
          0,           0,         555,      -14.61399935,      -12.06192546,      -12.19548572,      -9.120928984
          0,           0,         556,      -14.61693927,      -12.04231827,      -12.18003938,      -9.122020324
          0,           0,         557,      -14.61987675,      -12.05101727,      -12.18450311,      -9.122026261
          0,           0,         558,      -14.60717601,      -12.05439785,      -12.17426815,      -9.116282751
          0,           0,         559,      -14.62599382,      -12.07458103,      -12.18348278,      -9.137373887
          0,           0,         560,      -14.61164401,      -12.06115562,      -12.17311176,      -9.123588503
          0,           0,         561,      -14.61231525,      -12.06097458,      -12.18453888,      -9.122462434
          0,           0,         562,      -14.60698253,      -12.05488513,      -12.17372014,      -9.117914589
          0,           0,         563,      -14.60723184,       -12.0541328,      -12.18051683,      -9.119282992
          0,           0,         564,      -14.58124947,      -12.00480494,      -12.17506768,      -9.076321404
          0,           0,         565,      -14.60920563,      -12.05897545,      -12.16291046,      -9.112264314
          0,           0,         566,      -14.59708713,      -12.04614046,       -12.1604128,      -9.100640692
          0,           0,         567,      -14.59697724,      -12.05374633,      -12.16695773,      -9.108435562
          0,           0,         568,      -14.60368452,      -12.03131811,      -12.18860883,      -9.110973446
          0,           0,         569,       -14.6195643,      -12.06668319,      -12.18497384,      -9.126946404
          0,           0,         570,      -14.61194369,      -12.06013782,      -12.18189472,      -9.121319452
          0,           0,         571,       -14.6009911,      -12.04323756,      -12.18176972,      -9.103809583
          0,           0,         572,      -14.61100561,       -12.0542837,      -12.18003914,      -9.117232551
          0,           0,         573,      -14.59488952,      -12.03070315,      -12.17685144,      -9.091521246
          0,           0,         574,      -14.60431785,      -12.04439415,      -12.17596849,      -9.108490951
          0,           0,         575,      -14.61630866,      -12.06076271,      -12.19296247,      -9.131094892
          0,           0,         576,      -14.62068365,      -12.06225387,       -12.1882212,       -9.12902388
          0,           0,         577,      -14.60606034,      -12.05429954,      -12.19338658,      -9.118478733
          0,           0,         578,       -14.6174128,      -12.06900527,      -12.18906248,      -9.125535728
          0,           0,         579,      -14.63657328,      -12.08695922,      -12.19224748,      -9.140365089
          0,           0,         580,      -14.61619426,       -12.0619398,      -12.18726928,      -9.123156138
          0,           0,         581,      -14.61823372,      -12.05155175,      -12.18517042,      -9.110083378
          0,           0,         582,      -14.61038939,      -12.06972874,      -12.18438046,      -9.123048771
          0,           0,         583,      -14.61723252,      -12.07593528,      -12.19116987,       -9.13501069
          0,           0,         584,      -14.60183061,      -12.05764019,      -12.17434101,      -9.108195841
          0,           0,         585,      -14.60999638,      -12.04979083,      -12.18310427,      -9.112658313
          0,           0,         586,      -14.58700755,      -12.03027301,      -12.17444158,      -9.095960285
          0,           0,         587,      -14.59360029,      -12.04193725,      -12.18121235,      -9.107801244
          0,           0,         588,      -14.60824014,      -12.06433964,      -12.18614408,      -9.117717456
          0,           0,         589,      -14.61047055,      -12.06567117,      -12.16747917,      -9.119589674
          0,           0,         590,      -14.60982127,      -12.04586094,      -12.16586483,      -9.103557672
          0,           0,         591,      -14.59938907,      -12.05393526,      -12.19424232,      -9.110585518
          0,           0,         592,      -14.61255258,      -12.05854584,      -12.18587803,      -9.116635836
          0,           0,         593,      -14.61018815,      -12.05077711,      -12.17905665,      -9.112136637
          0,           0,         594,       -14.6006811,      -12.04325317,      -12.18798892,      -9.111010981
          0,           0,         595,      -14.61223206,      -12.05918865,      -12.18572523,      -9.119866264
          0,           0,         596,      -14.61101146,      -12.05526969,      -12.18890373,      -9.116582459
          0,           0,         597,      -14.58424818,      -12.04943481,      -12.16437744,      -9.100530676
          0,           0,         598,      -14.61377379,       -12.0640784,      -12.17822718,      -9.118457298
          0,           0,         599,      -14.62740379,      -12.07005187,      -12.17243037,      -9.132158728
          0,           0,         600,      -14.60914491,      -12.06544228,      -12.18071513,      -9.117738796
