TITLE     = "Visualization of the solution"
VARIABLES = "x"
"y"
"Pressure_Coefficient"
ZONE T="Zone"
 STRANDID=0, SOLUTIONTIME=0
 Nodes=684, Elements=1153, ZONETYPE=FEQuadrilateral
 DATAPACKING=POINT
 DT=(DOUBLE DOUBLE DOUBLE )
 9.996291995E-01 5.174541730E-04 2.265754547E-01
 9.851635695E-01 3.166107927E-03 1.796025843E-01
 9.724075198E-01 5.481761415E-03 1.133036296E-01
 9.570094943E-01 8.194237947E-03 5.468003137E-02
 9.434990287E-01 1.068863273E-02 1.848705273E-02
 9.305257201E-01 1.291511580E-02 -1.234083058E-02
 9.195320606E-01 1.489647664E-02 -4.080003589E-02
 9.070204496E-01 1.701507345E-02 -7.075965199E-02
 8.955548406E-01 1.902456768E-02 -1.072923428E-01
 8.829119205E-01 2.106444910E-02 -1.269204025E-01
 8.703597784E-01 2.301728167E-02 -1.453567597E-01
 8.580176830E-01 2.484843880E-02 -1.533412521E-01
 8.455750942E-01 2.663901635E-02 -1.663450755E-01
 8.341139555E-01 2.828828804E-02 -1.849879280E-01
 8.224269748E-01 2.991665900E-02 -1.960261142E-01
 8.096896410E-01 3.160581738E-02 -2.021271409E-01
 7.969638705E-01 3.326787427E-02 -2.151127330E-01
 7.852576971E-01 3.479669988E-02 -2.309987857E-01
 7.728560567E-01 3.635825962E-02 -2.423062470E-01
 7.607731819E-01 3.782534227E-02 -2.500539639E-01
 7.478436828E-01 3.936021775E-02 -2.608317166E-01
 7.344728112E-01 4.093024135E-02 -2.763954516E-01
 7.235651612E-01 4.217855260E-02 -2.866014886E-01
 7.119284868E-01 4.345711693E-02 -2.951905567E-01
 7.002126575E-01 4.472202435E-02 -3.086990055E-01
 6.869058013E-01 4.612646624E-02 -3.221555204E-01
 6.739027500E-01 4.743206128E-02 -3.344367838E-01
 6.630149484E-01 4.849551246E-02 -3.471915445E-01
 6.510306597E-01 4.961944744E-02 -3.574033520E-01
 6.399788260E-01 5.060461536E-02 -3.666980463E-01
 6.279843450E-01 5.163639039E-02 -3.768972800E-01
 6.165562272E-01 5.257480219E-02 -3.899574888E-01
 6.057370901E-01 5.342660472E-02 -4.010000899E-01
 5.935795903E-01 5.430176854E-02 -4.070955609E-01
 5.815777779E-01 5.511017889E-02 -4.161117121E-01
 5.680103302E-01 5.596899241E-02 -4.263323826E-01
 5.550293326E-01 5.670262128E-02 -4.329598724E-01
 5.421889424E-01 5.735579878E-02 -4.418977654E-01
 5.307905078E-01 5.787659436E-02 -4.421579606E-01
 5.186025500E-01 5.834760889E-02 -4.456247864E-01
 5.062042475E-01 5.880529061E-02 -4.565739049E-01
 4.954454005E-01 5.912204832E-02 -4.554822594E-01
 4.824497402E-01 5.941915885E-02 -4.542686031E-01
 4.697665870E-01 5.964550748E-02 -4.563848289E-01
 4.560555816E-01 5.982283503E-02 -4.563828961E-01
 4.424046278E-01 5.990627781E-02 -4.579994156E-01
 4.295092225E-01 5.991940573E-02 -4.554759926E-01
 4.163126051E-01 5.983874947E-02 -4.503165160E-01
 4.039323926E-01 5.970912799E-02 -4.495745176E-01
 3.910160959E-01 5.951360986E-02 -4.480223331E-01
 3.789854646E-01 5.925914645E-02 -4.448891070E-01
 3.677982092E-01 5.896665156E-02 -4.420076703E-01
 3.548552990E-01 5.857270211E-02 -4.394107974E-01
 3.427990675E-01 5.813522637E-02 -4.314906937E-01
 3.305856884E-01 5.762259662E-02 -4.283799644E-01
 3.204372227E-01 5.716845393E-02 -4.250760719E-01
 3.086658716E-01 5.657675117E-02 -4.216956157E-01
 2.961893082E-01 5.589263886E-02 -4.152906997E-01
 2.825924158E-01 5.505199730E-02 -4.083141976E-01
 2.702116072E-01 5.423715711E-02 -4.039989348E-01
 2.583730817E-01 5.339347571E-02 -3.971167091E-01
 2.459047586E-01 5.243659392E-02 -3.891555520E-01
 2.331172526E-01 5.138171092E-02 -3.828573616E-01
 2.209012806E-01 5.031256750E-02 -3.774412950E-01
 2.091033757E-01 4.921084270E-02 -3.696833490E-01
 1.973163486E-01 4.804026335E-02 -3.617481550E-01
 1.848287880E-01 4.673682526E-02 -3.560695011E-01
 1.728223413E-01 4.539826885E-02 -3.486856052E-01
 1.606538147E-01 4.396099970E-02 -3.403729617E-01
 1.485934258E-01 4.245287552E-02 -3.373503774E-01
 1.373579204E-01 4.098051041E-02 -3.289823280E-01
 1.258110851E-01 3.936125711E-02 -3.210675708E-01
 1.143615842E-01 3.767141327E-02 -3.149627926E-01
 1.034556180E-01 3.596129268E-02 -3.077194127E-01
 9.336271137E-02 3.428317234E-02 -2.979875090E-01
 8.227254450E-02 3.232079744E-02 -2.858942166E-01
 7.084483653E-02 3.014576994E-02 -2.784253989E-01
 6.116533279E-02 2.815269306E-02 -2.665559383E-01
 5.181945860E-02 2.607506514E-02 -2.569069994E-01
 4.304404184E-02 2.395349368E-02 -2.412214043E-01
 3.543734550E-02 2.193019912E-02 -2.323427002E-01
 2.885435522E-02 2.000896633E-02 -2.167321856E-01
 2.326525934E-02 1.819987036E-02 -2.213985563E-01
 1.918715425E-02 1.674068719E-02 -2.400806049E-01
 1.541127916E-02 1.526291762E-02 -1.787406644E-01
 1.261606254E-02 1.405053586E-02 -1.647420243E-01
 1.019998733E-02 1.290812716E-02 -1.538576480E-01
 8.449008688E-03 1.199272834E-02 -1.504972342E-01
 6.815390196E-03 1.107161865E-02 -1.241680872E-01
 5.270416383E-03 1.010453049E-02 -1.837086098E-02
 3.273028880E-03 8.674021810E-03 1.395861572E-02
 1.610620064E-03 7.235476747E-03 9.955526020E-02
 2.480332623E-04 5.754551850E-03 2.676493368E-01
 -1.068671234E-03 3.738306696E-03 3.220985220E-01
 -1.702744397E-03 2.119777724E-03 9.092099284E-01
 -1.961949281E-03 7.934043533E-04 7.912773668E-01
 -1.979583642E-03 -8.330161218E-04 7.564668369E-01
 -1.596991322E-03 -2.809378318E-03 9.283704906E-01
 -6.711549358E-04 -5.045604892E-03 7.174379828E-01
 8.745387895E-04 -7.464449387E-03 7.439388135E-01
 3.027776722E-03 -9.967730381E-03 6.112499111E-01
 5.006791092E-03 -1.185127627E-02 4.674249232E-01
 7.315985393E-03 -1.375221275E-02 4.260634394E-01
 9.037480690E-03 -1.501937304E-02 3.472881668E-01
 1.114368252E-02 -1.644712500E-02 2.467899569E-01
 1.362260245E-02 -1.798955724E-02 2.130450682E-01
 1.688784175E-02 -1.984131150E-02 1.628741088E-01
 2.013342641E-02 -2.151852287E-02 9.959074321E-02
 2.419986576E-02 -2.343627624E-02 5.425978736E-02
 2.965078503E-02 -2.576611005E-02 -3.002440080E-02
 3.528256342E-02 -2.794775553E-02 -8.112442569E-02
 4.228219762E-02 -3.039670363E-02 -1.087473285E-01
 4.983237013E-02 -3.279011324E-02 -1.603673353E-01
 5.856018886E-02 -3.529597819E-02 -1.813744649E-01
 6.727771461E-02 -3.758020699E-02 -2.132668122E-01
 7.768190652E-02 -4.007736966E-02 -2.325335894E-01
 8.761152625E-02 -4.227045923E-02 -2.621248009E-01
 9.843026847E-02 -4.446266964E-02 -2.757201020E-01
 1.096133813E-01 -4.656847566E-02 -2.897521735E-01
 1.214867607E-01 -4.863942787E-02 -3.058229520E-01
 1.330069900E-01 -5.050792545E-02 -3.225211791E-01
 1.436667591E-01 -5.212618038E-02 -3.332304602E-01
 1.548810005E-01 -5.372015014E-02 -3.431098148E-01
 1.666253060E-01 -5.528486893E-02 -3.579891732E-01
 1.781707108E-01 -5.670554191E-02 -3.706840496E-01
 1.898635775E-01 -5.806499347E-02 -3.804669486E-01
 2.003262341E-01 -5.919470266E-02 -3.946198904E-01
 2.116195261E-01 -6.032454222E-02 -4.043083770E-01
 2.237360924E-01 -6.144091114E-02 -4.128505505E-01
 2.355966866E-01 -6.244231761E-02 -4.239732469E-01
 2.473608404E-01 -6.334876269E-02 -4.361805919E-01
 2.594192624E-01 -6.416495144E-02 -4.463740483E-01
 2.706679404E-01 -6.484151632E-02 -4.549593302E-01
 2.831853330E-01 -6.549886614E-02 -4.634171331E-01
 2.952973545E-01 -6.604015082E-02 -4.757473469E-01
 3.079102635E-01 -6.646874547E-02 -4.842152844E-01
 3.195450902E-01 -6.676179171E-02 -4.896431176E-01
 3.317197263E-01 -6.695780903E-02 -4.944706420E-01
 3.419626355E-01 -6.703069061E-02 -4.990419965E-01
 3.532376885E-01 -6.701063365E-02 -4.986258278E-01
 3.642166555E-01 -6.688211858E-02 -4.963853349E-01
 3.750085533E-01 -6.666243821E-02 -4.936298243E-01
 3.866666555E-01 -6.630656868E-02 -4.870077797E-01
 3.990471065E-01 -6.581508368E-02 -4.793620446E-01
 4.109757245E-01 -6.519749016E-02 -4.690470296E-01
 4.238948822E-01 -6.440120190E-02 -4.515439905E-01
 4.361383021E-01 -6.351365149E-02 -4.353837441E-01
 4.491860271E-01 -6.246201694E-02 -4.145803202E-01
 4.615842402E-01 -6.133270264E-02 -3.983917311E-01
 4.739747345E-01 -6.005975977E-02 -3.707291923E-01
 4.861226082E-01 -5.874850973E-02 -3.448311653E-01
 4.980495572E-01 -5.733561143E-02 -3.196048091E-01
 5.112628937E-01 -5.572006479E-02 -2.892209192E-01
 5.243524313E-01 -5.402748287E-02 -2.647365818E-01
 5.369114876E-01 -5.233066902E-02 -2.353502263E-01
 5.504878759E-01 -5.044036731E-02 -2.081833179E-01
 5.632166862E-01 -4.858815670E-02 -1.803911182E-01
 5.765079260E-01 -4.665872455E-02 -1.539994160E-01
 5.893960595E-01 -4.471725971E-02 -1.311894229E-01
 6.022044420E-01 -4.278301820E-02 -1.051769671E-01
 6.150051951E-01 -4.082096368E-02 -8.225364685E-02
 6.288530231E-01 -3.871151432E-02 -6.071401085E-02
 6.420581937E-01 -3.664192930E-02 -3.741749538E-02
 6.555905938E-01 -3.456948698E-02 -1.455419444E-02
 6.692052484E-01 -3.247097135E-02 2.114683112E-03
 6.817755103E-01 -3.053681739E-02 1.996931438E-02
 6.941169500E-01 -2.859690227E-02 4.170893575E-02
 7.088235021E-01 -2.633714303E-02 6.444946448E-02
 7.218494415E-01 -2.435428649E-02 8.085557290E-02
 7.333623171E-01 -2.261286974E-02 9.773920964E-02
 7.463069558E-01 -2.068702318E-02 1.146108720E-01
 7.594016790E-01 -1.875983924E-02 1.323640520E-01
 7.726510763E-01 -1.683804207E-02 1.514567644E-01
 7.850580215E-01 -1.508804318E-02 1.688315934E-01
 7.979777455E-01 -1.332554687E-02 1.821328777E-01
 8.090630770E-01 -1.182552148E-02 1.975936024E-01
 8.202462196E-01 -1.035221945E-02 2.159009229E-01
 8.325987458E-01 -8.815073408E-03 2.290613153E-01
 8.449987769E-01 -7.329725195E-03 2.431947844E-01
 8.570569754E-01 -5.950244144E-03 2.598184801E-01
 8.681768179E-01 -4.755157977E-03 2.776469757E-01
 8.799457550E-01 -3.633912187E-03 2.885584649E-01
 8.928727508E-01 -2.511902945E-03 2.986547943E-01
 9.029666185E-01 -1.732740784E-03 3.085974027E-01
 9.138835669E-01 -1.029245090E-03 3.137677618E-01
 9.240915179E-01 -4.630032636E-04 3.172411391E-01
 9.344749451E-01 -1.893340232E-05 3.248171985E-01
 9.476096034E-01 3.995294101E-04 3.181194163E-01
 9.620500803E-01 6.732220645E-04 3.294199101E-01
 9.764921665E-01 7.571210153E-04 3.396478170E-01
 9.889903665E-01 6.752929185E-04 3.123673947E-01
 -5.000000000E-01 -1.000000000E+00 2.321056109E-02
 3.500000000E+00 -1.000000000E+00 1.427945157E-02
 3.500000000E+00 1.000000000E+00 3.185599820E-03
 -5.000000000E-01 1.000000000E+00 4.240924483E-04
 -5.000000000E-01 5.000000000E-01 3.341743511E-02
 -5.000000000E-01 2.752797990E-12 9.352377152E-02
 -5.000000000E-01 -5.000000000E-01 5.366636714E-02
 -9.421907698E-13 -1.000000000E+00 9.983464768E-03
 5.000000000E-01 -1.000000000E+00 -2.044955871E-02
 1.000000000E+00 -1.000000000E+00 -4.938189429E-03
 1.500000000E+00 -1.000000000E+00 2.299916635E-02
 2.000000000E+00 -1.000000000E+00 2.286887190E-02
 2.500000000E+00 -1.000000000E+00 1.736236084E-02
 3.000000000E+00 -1.000000000E+00 1.459155692E-02
 3.500000000E+00 -5.000000000E-01 1.729921222E-02
 3.500000000E+00 -2.752797990E-12 1.751229834E-02
 3.500000000E+00 5.000000000E-01 9.312172472E-03
 3.000000000E+00 1.000000000E+00 3.407091014E-04
 2.500000000E+00 1.000000000E+00 -5.525183587E-03
 2.000000000E+00 1.000000000E+00 -1.874935162E-02
 1.500000000E+00 1.000000000E+00 -4.792050361E-02
 1.000000000E+00 1.000000000E+00 -8.720246195E-02
 5.000000000E-01 1.000000000E+00 -8.097329248E-02
 1.733724275E-12 1.000000000E+00 -2.406638774E-02
 6.786717372E-01 -4.444834615E-02 1.275912752E-02
 7.796217634E-01 -2.850949408E-02 1.515022671E-01
 9.091801187E-01 -1.335549022E-02 2.956061715E-01
 5.804537497E-01 -6.240512372E-02 -1.429043158E-01
 7.073515830E-01 5.443853871E-02 -2.945403819E-01
 2.722051134E-01 6.937149027E-02 -3.871904622E-01
 2.753088823E-01 -7.655570330E-02 -4.367298647E-01
 9.159882064E-01 2.906133751E-02 -5.003821156E-02
 8.040278043E-01 4.590899116E-02 -2.041458407E-01
 6.001906473E-01 6.451876976E-02 -3.924487475E-01
 4.220233150E-01 7.061993115E-02 -4.402368598E-01
 4.181850357E-01 -7.633145262E-02 -4.345421415E-01
 1.840367331E+00 -5.655775590E-01 2.293468772E-02
 1.774167282E+00 5.582784581E-01 -1.014415013E-02
 3.031176384E+00 2.156837110E-01 1.055634049E-02
 7.614808676E-01 -6.200332265E-01 -7.049211846E-03
 4.925954730E-01 -6.783505108E-02 -3.205295978E-01
 3.019146406E-01 -7.145769037E-01 -3.982991290E-02
 1.252248114E-01 -6.457753832E-02 -2.820163809E-01
 1.945958029E-01 -6.819646065E-02 -3.711357024E-01
 3.503589300E-01 -7.817102599E-02 -4.734342087E-01
 7.500000000E-01 5.669872981E-01 -1.194937438E-01
 5.019448978E-01 6.797481165E-02 -4.428576949E-01
 2.734845344E+00 -5.326941035E-01 1.448963773E-02
 1.157103830E+00 6.940181503E-01 -5.881716123E-02
 9.946600700E-01 3.285135097E-01 -5.255910806E-02
 1.256594480E+00 -6.287860003E-01 3.201902165E-02
 1.459545504E+00 -2.131234769E-01 3.781277075E-02
 3.329557257E-01 6.148818087E-01 -1.098322996E-01
 1.013238737E-01 4.527757727E-02 -2.844106867E-01
 1.656966370E-01 5.857726783E-02 -3.294427514E-01
 3.471462123E-01 6.732838986E-02 -4.241354166E-01
 2.249603415E+00 -5.829925227E-01 1.620407407E-02
 2.035145944E+00 -1.986187905E-01 1.488649053E-02
 2.420184003E+00 -1.843199002E-01 1.141544595E-02
 2.184610304E+00 1.582043933E-01 5.765559318E-03
 1.799252983E+00 1.328371796E-01 6.310244911E-03
 -2.740812451E-01 2.322345187E-01 8.365831544E-02
 -1.003736451E-01 6.206511582E-01 -1.782895776E-02
 2.969094647E-02 3.285711292E-01 -3.843535346E-02
 4.646946178E-02 3.595919471E-02 -2.022630602E-01
 -2.713215712E-01 -2.368381191E-01 1.090312057E-01
 -1.459865622E-01 -6.018984374E-01 1.559393148E-02
 1.367129040E-01 -3.727180659E-01 -5.000788086E-02
 2.191382168E+00 6.008303191E-01 -3.231337300E-03
 2.738061915E+00 6.037901844E-01 3.889043832E-03
 -2.353749404E-01 -4.546537445E-03 1.487436366E-01
 -1.277104738E-01 1.263739894E-01 1.394217946E-01
 -1.098718087E-01 -1.272934895E-01 1.680229711E-01
 7.034188605E-02 -4.776194440E-02 -1.874623857E-01
 3.541428151E-02 -3.614541312E-02 -3.339051810E-02
 -7.418643797E-02 -3.213674898E-01 4.281535008E-02
 8.365578536E-03 -1.819008672E-01 5.609362515E-02
 1.591824707E-01 -2.190315605E-01 -1.564889511E-01
 -2.229140532E-02 -9.891236310E-02 1.866705063E-01
 -1.099287081E-01 -2.339237852E-02 2.771465622E-01
 -7.062091859E-02 5.515877151E-02 2.639940206E-01
 3.302292305E-02 -1.163011712E-01 4.068121006E-02
 3.109359017E+00 -2.612770072E-01 1.517236329E-02
 -5.113455234E-02 -3.902869463E-02 3.608314740E-01
 -5.119159843E-02 1.130537563E-02 4.812141959E-01
 -2.806903465E-02 5.010423649E-02 2.830841829E-01
 2.420821825E-02 2.397826948E-02 -1.824239115E-01
 -3.634471174E-02 1.017911123E-01 1.325990665E-01
 3.459885064E-02 1.132212417E-01 -2.635764274E-02
 7.423590570E-02 3.950183905E-02 -2.589472563E-01
 -2.032461622E-02 1.841665248E-01 3.587099275E-02
 7.464667200E-02 1.967924178E-01 -1.044083557E-01
 2.116871323E-01 5.979901920E-02 -3.615433237E-01
 1.663207949E-01 2.819417781E-01 -1.614892983E-01
 1.897760753E-01 6.094597741E-02 -3.456764005E-01
 2.194653443E-01 1.836250487E-01 -2.418613924E-01
 2.847003835E-01 2.605964755E-01 -2.344486128E-01
 2.976193328E-01 1.611587275E-01 -3.100374355E-01
 3.680787856E-01 2.193701949E-01 -2.915511529E-01
 3.124051459E-01 6.963387427E-02 -4.080717359E-01
 3.729379848E-01 1.433699004E-01 -3.558745938E-01
 4.376864596E-01 1.814195011E-01 -3.306057831E-01
 5.507624464E-01 7.009296705E-02 -4.210378104E-01
 5.239355680E-01 7.066382104E-02 -4.304798604E-01
 4.630585623E-01 7.113720534E-02 -4.416849288E-01
 4.462101272E-01 2.723084072E-01 -2.623627617E-01
 5.302984264E-01 2.076207336E-01 -3.025965211E-01
 3.838411006E-01 7.191123904E-02 -4.325643385E-01
 5.421995265E-01 3.434243983E-01 -2.237325322E-01
 6.319967462E-01 2.603593377E-01 -2.339126909E-01
 6.570440240E-01 6.119496361E-02 -3.431964567E-01
 6.141926529E-01 1.648967821E-01 -3.005483171E-01
 7.088921586E-01 1.839284998E-01 -2.295485704E-01
 7.565542897E-01 5.062314449E-02 -2.474654894E-01
 7.360938518E-01 2.690211965E-01 -1.883455209E-01
 8.164521661E-01 1.990674669E-01 -1.515440127E-01
 8.679521308E-01 3.819156766E-02 -1.371119616E-01
 8.434497445E-01 4.197015498E-02 -1.634082361E-01
 7.706280571E-01 1.312477646E-01 -2.060357904E-01
 8.565348896E-01 1.324538530E-01 -1.250872462E-01
 9.656723906E-01 2.126729983E-02 7.483796498E-02
 6.709697256E-01 1.280272911E-01 -2.880562237E-01
 5.470172438E-01 1.406740903E-01 -3.551907021E-01
 2.419301069E-01 1.221558800E-01 -3.142087359E-01
 1.845760346E-01 1.178013456E-01 -2.782038233E-01
 6.264843900E-01 1.086397260E-01 -3.309801972E-01
 6.348188939E-01 6.085429171E-02 -3.627424834E-01
 9.031678470E-01 1.963820385E-01 -7.803023926E-02
 9.492860307E-01 1.220338054E-01 -2.848425869E-02
 9.951460305E-01 1.947759960E-01 -1.855429558E-02
 1.115492001E+00 2.696416854E-01 -1.096085424E-02
 1.023115775E+00 1.207826833E-01 3.012057326E-02
 8.959075330E-01 8.414155425E-02 -8.188942640E-02
 8.923953242E-01 3.361750269E-02 -1.006336532E-01
 8.144352996E-01 9.656656048E-02 -1.729742246E-01
 9.898024022E-01 7.306268750E-02 5.203043007E-02
 1.040194150E+00 5.093099342E-02 1.014168054E-01
 3.252053368E-01 1.166039577E-01 -3.630898702E-01
 9.325655172E-02 1.126976132E-01 -1.797663055E-01
 4.267871227E-01 1.258007398E-01 -3.811792063E-01
 4.824247955E-01 1.299335470E-01 -3.745978076E-01
 6.790482446E-01 3.841430589E-01 -1.705717756E-01
 1.428382500E-01 4.501254858E-01 -8.164160634E-02
 1.002909319E+00 3.396496781E-02 1.356867653E-01
 1.000558839E+00 1.343306975E-02 2.113329903E-01
 4.288313260E-01 3.999414330E-01 -1.938287937E-01
 5.188711721E-01 1.069896644E-01 -3.952446403E-01
 -8.296396019E-03 -5.916695910E-02 3.586237717E-01
 1.094529593E-02 -2.045014459E-02 2.829033396E-01
 2.026050452E-02 -2.664949384E-02 1.406777947E-01
 9.831833262E-01 1.816514360E-02 1.179222090E-01
 2.906006809E-02 -7.344876579E-02 7.044590053E-02
 5.318665118E-02 -4.431944682E-02 -1.217106775E-01
 6.609842558E-01 9.622753240E-02 -3.159593350E-01
 6.809035664E-01 5.960247556E-02 -3.197053834E-01
 6.947195675E-01 9.633245416E-02 -2.849316402E-01
 7.170853823E-01 1.262368888E-01 -2.478383206E-01
 7.370420126E-01 9.237327636E-02 -2.479519850E-01
 7.301000555E-01 5.100069896E-02 -2.756335781E-01
 3.614943863E-01 1.064071921E-01 -3.900883327E-01
 3.903964453E-01 1.065487871E-01 -3.961521276E-01
 8.505869253E-01 3.360592938E-01 -1.190982088E-01
 6.895817996E-02 -8.992234681E-02 -1.050548625E-01
 1.022254704E-01 -5.505530948E-02 -2.590755838E-01
 8.278599614E-02 -1.398851282E-01 -6.447193777E-02
 1.147622879E-01 -1.102413799E-01 -1.954485227E-01
 1.623816890E-01 -6.631453112E-02 -3.336074548E-01
 5.589911992E-01 1.069226522E-01 -3.774192025E-01
 5.740096092E-01 6.549037647E-02 -4.103314035E-01
 5.605531906E-01 5.159870917E-01 -1.665275184E-01
 1.299667603E-02 6.574018384E-02 5.234203774E-02
 3.594085668E-01 7.074372701E-02 -4.256568466E-01
 5.299193327E-02 7.747583741E-02 -1.317938819E-01
 9.781299996E-01 3.838360501E-02 7.043078303E-02
 9.521450927E-01 3.531566407E-02 2.765211583E-02
 9.393850438E-01 2.449594487E-02 3.323390567E-03
 9.316380386E-01 3.754054200E-02 -1.773593891E-02
 9.086040743E-01 4.749098249E-02 -6.544047482E-02
 8.841627364E-01 4.924462952E-02 -1.068383219E-01
 8.619535856E-01 5.706294271E-02 -1.365944612E-01
 8.332680037E-01 6.120172806E-02 -1.649279626E-01
 9.452486810E-01 6.397399408E-02 -3.607108608E-03
 9.515422100E-01 1.999235589E-02 3.476891819E-02
 3.372787497E-01 6.663211804E-02 -4.202720930E-01
 3.407889916E-01 8.289856224E-02 -4.057535342E-01
 9.039125790E-01 2.924189276E-02 -7.584995307E-02
 8.187112536E-01 4.539060734E-02 -1.893719383E-01
 8.118118860E-01 6.463022878E-02 -1.896728470E-01
 7.805397175E-01 4.772502760E-02 -2.284918432E-01
 7.815445199E-01 8.047769618E-02 -2.130892031E-01
 4.540894789E-01 1.039472797E-01 -4.070847671E-01
 4.852085934E-01 9.438122162E-02 -4.123808863E-01
 4.442884909E-01 8.436146265E-02 -4.278694443E-01
 4.200336188E-01 9.049109845E-02 -4.182642210E-01
 7.417084893E-01 5.293143751E-02 -2.613964646E-01
 2.142161734E-01 9.881291112E-02 -3.190626849E-01
 2.412005136E-01 6.521255673E-02 -3.733510493E-01
 6.962923505E-01 5.935934235E-02 -3.042529230E-01
 3.269213464E-01 7.031428576E-02 -4.129652696E-01
 3.179264162E-01 8.790147357E-02 -3.892469791E-01
 2.995974253E-01 8.230451246E-02 -3.907998978E-01
 7.530562438E-01 6.838967456E-02 -2.455217299E-01
 7.717451060E-01 6.031294424E-02 -2.309964159E-01
 3.957334116E-01 6.952399434E-02 -4.370432358E-01
 7.903605320E-01 5.727993900E-02 -2.146497795E-01
 4.483551676E-01 6.931692316E-02 -4.444479304E-01
 6.448432927E-01 5.944107649E-02 -3.545377668E-01
 6.433509244E-01 7.594161729E-02 -3.441928048E-01
 6.231216740E-01 7.771995795E-02 -3.598651700E-01
 5.953560207E-01 8.757070806E-02 -3.723202578E-01
 6.708491006E-01 7.548820504E-02 -3.203982203E-01
 4.359685755E-01 7.135683500E-02 -4.401617413E-01
 4.764813145E-01 7.379422650E-02 -4.377332697E-01
 4.079844106E-01 7.263355653E-02 -4.349900616E-01
 6.906587365E-01 7.374066346E-02 -3.005014215E-01
 7.914299243E-01 4.379570638E-02 -2.175794030E-01
 7.684936704E-01 4.656894364E-02 -2.400007824E-01
 -1.201496739E-01 2.648134130E-01 4.371625425E-02
 5.636210154E-01 6.623221913E-02 -4.173918482E-01
 5.702933584E-01 8.290613844E-02 -3.960623549E-01
 5.378695533E-01 8.639713201E-02 -4.090992907E-01
 8.795563781E-01 3.302708613E-02 -1.251638654E-01
 7.108548112E-01 7.137064022E-02 -2.830289046E-01
 3.717353185E-01 8.544763480E-02 -4.145000354E-01
 2.553595425E+00 2.129186089E-01 6.002132633E-03
 8.553896476E-01 3.774242410E-02 -1.508918115E-01
 -2.041321162E-02 -3.128258549E-02 4.122231043E-01
 3.937833660E-03 -1.581185958E-02 4.720032886E-01
 -1.818261714E-02 -6.113488816E-03 7.657387619E-01
 -1.448376126E-02 1.777266665E-02 5.153549831E-01
 2.856045364E-01 1.204443133E-01 -3.465870280E-01
 2.722186096E-01 9.291649218E-02 -3.630187520E-01
 2.559481793E-01 7.537394653E-02 -3.719771683E-01
 8.303939864E-01 4.135348748E-02 -1.809329167E-01
 8.664307565E-02 7.414231089E-02 -2.121313736E-01
 1.202152139E-01 8.406185795E-02 -2.429830847E-01
 1.407866219E-01 5.426202610E-02 -3.092484260E-01
 6.137716719E-02 5.135662024E-02 -1.991344309E-01
 8.551106861E-02 5.265240700E-02 -2.494243391E-01
 5.884083013E-01 1.217407918E-01 -3.463120210E-01
 -4.016474208E-04 3.554562277E-02 1.762512290E-01
 1.055515632E-02 1.644490693E-02 -1.140270670E-01
 2.342401230E-01 8.585331200E-02 -3.452484699E-01
 2.049202264E-01 7.765200591E-02 -3.347146968E-01
 1.765816430E-01 7.712159555E-02 -3.079510993E-01
 1.487059380E-01 7.248790981E-02 -2.942935965E-01
 1.239547936E-01 6.339274886E-02 -2.830040191E-01
 1.899435297E-02 -4.782419091E-02 1.456663625E-01
 2.112069699E-03 -3.139672951E-02 3.882962734E-01
 -4.957445985E-03 -1.467968017E-02 7.097924563E-01
 1.119497679E-04 -1.029811460E-02 6.887585955E-01
 1.344372832E-01 -1.554926641E-01 -1.760313107E-01
 1.635066621E-01 -1.090014019E-01 -2.656888625E-01
 2.293226844E-01 -7.699769823E-02 -3.934771697E-01
 1.957682702E-01 -1.510139708E-01 -2.500590971E-01
 2.405140817E-01 -2.231600443E-01 -2.159940347E-01
 2.710758935E-01 -1.504077252E-01 -3.152140430E-01
 3.221146129E-01 -2.148026683E-01 -2.553075315E-01
 3.122455877E-01 -7.822474517E-02 -4.621639973E-01
 2.925035834E-01 -3.038882866E-01 -1.798416686E-01
 3.996846622E-01 -2.780449081E-01 -1.921423409E-01
 4.319319804E-01 -1.850634806E-01 -2.486869860E-01
 5.047499662E-01 -2.482486007E-01 -1.561405729E-01
 4.572074120E-01 -7.287296201E-02 -3.834040183E-01
 5.358613119E-01 -1.663508482E-01 -1.708098108E-01
 6.008980362E-01 -2.239369751E-01 -8.265979515E-02
 5.467082731E-01 -6.428833925E-02 -2.122084866E-01
 5.201875555E-01 -7.135790943E-02 -2.595677678E-01
 6.105734579E-01 -1.381862144E-01 -8.759242058E-02
 6.833465526E-01 -1.904975156E-01 -7.933840976E-03
 7.304544245E-01 -3.963382641E-02 8.611468778E-02
 6.355488975E-01 -5.415415952E-02 -5.305513189E-02
 5.024481068E-01 -3.796989624E-01 -1.031592126E-01
 6.784370349E-01 -1.142449910E-01 -1.226286016E-04
 6.802432590E-01 -2.947520081E-01 -1.962124178E-02
 7.692592505E-01 -2.337769628E-01 4.702526975E-02
 8.531467766E-01 -1.532434593E-02 2.450173633E-01
 3.320809572E-01 -1.487065414E-01 -3.464914525E-01
 3.794724535E-01 -8.110464996E-02 -4.565734830E-01
 4.706303435E-01 -1.346037958E-01 -2.771742322E-01
 5.601520451E-01 -1.185262193E-01 -1.615968313E-01
 7.473210175E-01 -1.491675226E-01 6.059954510E-02
 8.401266206E-01 -1.475608191E-01 1.251434246E-01
 9.703383681E-01 -1.234541750E-02 2.916663516E-01
 9.400807100E-01 -8.437486985E-03 3.051909480E-01
 8.762676353E-01 -2.600910774E-01 8.156133916E-02
 9.513754799E-01 -1.622980132E-01 1.502422350E-01
 1.013581409E+00 -2.757455640E-01 9.052198546E-02
 1.072768341E+00 -1.715115159E-01 1.178269117E-01
 9.039298171E-01 -1.047382854E-01 1.850359502E-01
 9.794557140E-01 -9.060547804E-02 2.022861071E-01
 1.095991162E+00 -7.961769474E-02 1.137236719E-01
 1.186261719E+00 -1.304005797E-01 8.128852891E-02
 1.191277287E+00 -4.098234654E-03 6.500902086E-02
 1.165142485E+00 -2.643701118E-01 7.428213198E-02
 8.270901712E-01 -8.582760251E-02 1.633332616E-01
 8.151626973E-01 -2.218998764E-02 1.977592224E-01
 7.309009042E-01 -9.012784545E-02 6.583869616E-02
 1.330019448E+00 -7.469124134E-02 4.730519111E-02
 1.350627425E+00 1.087795563E-01 2.499443771E-02
 1.101655253E+00 8.626149099E-02 6.398033919E-02
 9.347026542E-01 -7.096201858E-02 2.332058584E-01
 9.151405657E-01 -4.197868321E-01 4.117060740E-02
 6.319674098E-01 -9.718890407E-02 -6.687121221E-02
 6.140382529E-01 -5.539136726E-02 -8.700065631E-02
 2.330334252E-01 -1.195703383E-01 -3.263417256E-01
 2.532742684E-01 -7.572996138E-02 -4.200821974E-01
 6.925507672E-01 -7.635415994E-02 2.247746933E-02
 7.026249561E-01 -4.014701109E-02 4.789630939E-02
 6.561242657E-01 -7.126574518E-02 -2.028716273E-02
 1.020977773E+00 -4.408615185E-02 2.194617887E-01
 3.012361132E-01 -1.133673660E-01 -3.915955319E-01
 2.675295625E-01 -1.102298573E-01 -3.761590944E-01
 9.538447275E-01 -1.131603966E-02 3.106356397E-01
 9.598683032E-01 -2.738786326E-02 2.741231993E-01
 9.843854573E-01 -2.429726184E-02 3.398156050E-01
 1.534512925E+00 8.757906124E-03 2.122572054E-02
 1.540476730E+00 2.849026513E-01 3.586602778E-03
 1.319882273E+00 3.169337443E-01 -1.733127999E-03
 7.841243810E-01 -1.018717994E-01 1.146516861E-01
 7.665144564E-01 -6.720699448E-02 1.129484666E-01
 7.556640354E-01 -3.237174379E-02 1.211246949E-01
 8.022588075E-01 -5.717672167E-02 1.582872228E-01
 8.384429591E-01 -5.003996065E-02 1.968817245E-01
 1.109866643E+00 -4.278444431E-01 5.369081619E-02
 1.008616511E+00 -6.192901004E-01 2.682359330E-02
 3.386530826E-01 -1.088212608E-01 -4.107156763E-01
 3.696787980E-01 -1.262064550E-01 -3.746934658E-01
 3.240060546E-01 -7.774414701E-02 -4.678968367E-01
 3.186847558E-01 -9.252521349E-02 -4.361086442E-01
 3.005206621E-01 -8.806593092E-02 -4.356241076E-01
 8.400076139E-01 -2.357174159E-02 2.257704843E-01
 8.626673039E-01 -1.394295485E-02 2.592263065E-01
 8.599717522E-01 -2.980333737E-02 2.374300602E-01
 8.883545010E-01 -1.598866684E-02 2.746607786E-01
 8.651765391E-01 -5.804616531E-02 2.086001064E-01
 8.841272770E-01 -3.619252568E-02 2.555166520E-01
 7.373641868E-01 -6.190982037E-02 8.379636451E-02
 1.438003741E+00 5.696980563E-01 -2.228640006E-02
 7.153668468E-01 -3.660112845E-02 6.695775936E-02
 7.141249191E-01 -5.595369479E-02 6.018283915E-02
 6.920891618E-01 -5.315509070E-02 3.088513353E-02
 8.262499243E-01 -1.981817710E-02 2.128730970E-01
 8.232343448E-01 -3.416186339E-02 1.977165767E-01
 7.702669942E-01 -4.587105325E-02 1.344292785E-01
 3.636147265E-01 -9.968066251E-02 -4.248548944E-01
 7.430033484E-01 -3.271716013E-02 1.042189146E-01
 3.009514626E-01 -7.509342363E-02 -4.622187114E-01
 3.488670774E-01 -4.364001347E-01 -1.059972975E-01
 3.624963935E-01 -8.325534316E-02 -4.586348280E-01
 1.702942747E+00 -2.171156560E-01 2.232948486E-02
 7.742045323E-01 -3.770763459E-01 1.950064688E-02
 6.372857254E-01 -4.274493400E-01 -3.540080932E-02
 8.042104832E-01 -2.134896683E-02 1.856313891E-01
 7.937119559E-01 -2.561106447E-02 1.708724670E-01
 8.738739012E-01 -1.738609248E-02 2.642620545E-01
 9.013543625E-01 -2.486654285E-02 2.761615322E-01
 9.185946928E-01 -2.633446947E-02 2.749581250E-01
 9.108737148E-01 -4.555868707E-02 2.494554447E-01
 6.506552499E-01 -4.836146206E-02 -2.781492653E-02
 3.782632606E-01 -1.798303697E-01 -2.895806588E-01
 3.902938863E-01 -1.030250804E-01 -4.071372370E-01
 4.148158152E-01 -1.338903531E-01 -3.340156763E-01
 4.467268202E-01 -1.080113208E-01 -3.462567986E-01
 4.801290090E-01 -1.008570525E-01 -3.072976772E-01
 4.729546716E-01 -8.201619051E-02 -3.440004236E-01
 4.002459219E-01 -8.484561351E-02 -4.376497131E-01
 4.181248090E-01 -9.856764208E-02 -3.919649977E-01
 7.903621394E-01 -3.845012510E-02 1.565150829E-01
 9.721564689E-01 -5.028175365E-02 2.281255624E-01
 8.989456703E-01 -1.169106873E-02 2.899870298E-01
 1.343607372E-01 -8.628067112E-02 -2.556147540E-01
 9.218005569E-01 -1.349592958E-02 2.991640451E-01
 9.361834765E-01 -2.131107849E-02 2.932162178E-01
 5.177888044E-01 -1.202620357E-01 -2.322627913E-01
 5.082525882E-01 -9.232185397E-02 -2.637561437E-01
 5.398793104E-01 -8.554618035E-02 -2.082721697E-01
 5.715087384E-01 -8.725783294E-02 -1.499384047E-01
 5.634920321E-01 -6.759531132E-02 -1.801014074E-01
 5.991246587E-01 -7.920692825E-02 -1.086876557E-01
 2.855974280E-01 4.045815547E-01 -1.746946502E-01
 8.791683041E-02 -2.665593815E-01 -3.953952036E-02
 1.080732796E+00 3.922704054E-03 1.209179571E-01
 9.274138139E-01 2.378188336E-02 -2.383761841E-02
 3.935017852E-01 8.357625725E-02 -4.204912994E-01
 7.319052110E-01 6.482375554E-02 -2.659702416E-01
 5.858345006E-01 6.831632336E-02 -3.976842733E-01
 8.526576183E-01 8.728336723E-02 -1.389108111E-01
 8.048234047E-01 -3.315645485E-02 1.778977632E-01
 6.899757149E-01 -3.989645176E-02 3.089067838E-02
 5.086660696E-01 -5.963597612E-01 -4.431232793E-02
 2.874432931E-01 7.036334704E-02 -3.949968132E-01
 3.008602088E-01 6.695422476E-02 -4.053827173E-01
 5.037436387E-01 -7.172464447E-02 -2.922183598E-01
 5.113813299E-01 6.770382692E-02 -4.392968361E-01
 5.071281232E-01 8.217752230E-02 -4.237614270E-01
 2.887834455E-01 -7.666754574E-02 -4.480605299E-01
 2.809258828E-01 -9.089085311E-02 -4.160713908E-01
 2.638999295E-01 -8.712228795E-02 -4.122959019E-01
 2.439918960E-01 -9.104649577E-02 -3.849115485E-01
 2.186776064E-01 -9.529242652E-02 -3.525652684E-01
 2.121035063E-01 -7.486038135E-02 -3.794679840E-01
 1.939492587E-01 -9.068080864E-02 -3.377482397E-01
 1.756424568E-01 -7.783979941E-02 -3.284319616E-01
 7.505445743E-01 -4.661843307E-02 1.082931681E-01
 7.674042228E-01 -2.862629604E-02 1.370689843E-01
 9.584579847E-01 5.239051672E-01 -8.055101895E-02
 6.640889736E-01 -4.865797443E-02 -9.551607541E-03
 6.767049811E-01 -5.877626328E-02 7.411781043E-03
 3.133974596E+00 6.339745962E-01 4.247433613E-03
 4.914430116E-01 7.281149821E-02 -4.380932978E-01
 1.463016668E-01 1.057668225E-01 -2.502530536E-01
 5.851250187E-01 -3.148171773E-01 -7.467177654E-02
 5.332338007E-01 -6.525553426E-02 -2.367226004E-01
 1.566671814E-01 -8.416607881E-02 -2.949207140E-01
 1.429717949E-01 -6.930353834E-02 -3.050653144E-01
 1.204250834E+00 1.653843870E-01 3.347001008E-02
 3.133974596E+00 -6.339745962E-01 1.402753201E-02
 2.645140566E-01 -7.368288408E-02 -4.334740935E-01
 3.675084049E-02 5.086716383E-02 -1.129809905E-01
 1.305489994E+00 -3.678096497E-01 4.592506438E-02
 6.691428779E-01 5.844264359E-02 -3.326565449E-01
 1.779410969E-01 5.775598698E-02 -3.415531877E-01
 2.000968274E-01 -1.159440796E-01 -3.054969754E-01
 6.257334276E-01 -7.248169717E-02 -6.805123878E-02
 1.975771339E+00 3.606923705E-01 -2.296163007E-03
 7.192842181E-01 5.454488383E-02 -2.846662078E-01
 1.833659740E-01 -2.770714678E-01 -1.310554371E-01
 8.631121164E-01 -9.413620323E-02 1.749917032E-01
 6.134252201E-01 6.535033837E-02 -3.811770154E-01
 6.229944113E-01 6.092410070E-02 -3.742052530E-01
 1.963333120E-02 3.952370261E-02 -4.514466659E-02
 -3.154995271E-04 1.501015310E-02 3.230803284E-01
 3.257893168E-03 1.080486372E-02 2.799155429E-02
 3.425720651E-02 3.270200391E-02 -1.552631642E-01
 3.723537319E-01 6.926567977E-02 -4.317914614E-01
 1.532071912E-01 5.402451001E-02 -3.236059121E-01
 5.970434326E-01 -5.690073943E-02 -1.159488999E-01
 1.474278441E-01 1.664375043E-01 -1.995890783E-01
 4.810904220E-01 -7.081405198E-02 -3.414803431E-01
 4.693622961E-01 -6.941913338E-02 -3.685107589E-01
 2.415733906E-01 -7.374885591E-02 -4.113205078E-01
 5.683503327E-01 -5.664149302E-02 -1.671181022E-01
 4.660588583E-01 8.622929678E-02 -4.240868340E-01
 5.371289249E-01 6.827840656E-02 -4.286185584E-01
 9.308392018E-01 -8.576037214E-03 3.058228503E-01
 4.043246098E-01 -7.322385348E-02 -4.572439755E-01
 4.565046654E-01 -8.713310616E-02 -3.606736133E-01
 4.365347229E-01 -8.454937538E-02 -3.945318305E-01
 4.460897913E-01 -7.400132431E-02 -3.996534506E-01
 -1.973656542E-01 4.073874321E-01 2.630371498E-02
 2.243444214E-01 6.503519538E-02 -3.633249006E-01
 2.019894450E-01 5.918509965E-02 -3.542503018E-01
 3.677096888E-01 -7.417256137E-02 -4.795548573E-01
 9.539978887E-02 -1.952880429E-01 -9.170667260E-02
 -2.396102012E-01 -4.272494269E-01 5.587730114E-02
 3.933728446E-01 -7.401540588E-02 -4.654289757E-01
 1.062144717E-01 6.175558441E-02 -2.622079603E-01
 1.182910307E-01 5.020957556E-02 -2.935337388E-01
 1.292402903E-01 4.964122361E-02 -3.056301667E-01
 5.926340686E-01 -1.052451751E-01 -1.204290831E-01
 1.365586901E-01 -5.989336264E-02 -3.088128074E-01
 4.857934005E-01 -1.835666813E-01 -2.252831639E-01
 3.490489227E-01 -9.242165765E-02 -4.451462411E-01
 3.363477297E-01 -8.338168636E-02 -4.602965490E-01
 1.521682901E+00 -4.896593347E-01 3.006944741E-02
 5.584510400E-01 -5.751073352E-02 -1.879231809E-01
 2.769832035E+00 -1.099377382E-01 1.155496554E-02
 8.936536864E-01 -6.827231421E-02 2.178319685E-01
 1.130075878E+00 4.439330083E-01 -3.854226795E-02
 9.423659163E-01 -1.071509488E-01 1.960418074E-01
 1.289291830E+00 -2.100790119E-01 5.563704758E-02
 3.651534374E-01 3.169593323E-01 -2.240712774E-01
 8.149445988E-01 1.389551976E-01 -1.590247720E-01
 1.030835327E+00 -1.121493499E-01 1.622463260E-01
 1.085343492E+00 1.732106717E-01 1.956852903E-02
 5.685131097E-02 -6.300370198E-02 -8.609498835E-02
 3.789476606E-02 -5.398918549E-02 -2.006875067E-02
 8.161472930E-02 -6.292344035E-02 -1.813064256E-01
 1.045243694E-01 -7.816678100E-02 -2.120798786E-01
 3.593768257E-01 -7.391452072E-02 -4.823438711E-01
 3.011854324E-01 1.016383918E-01 -3.678354518E-01
 9.837886885E-01 -8.441784161E-03 3.126892451E-01
 8.680855100E-02 4.146019624E-02 -2.730855841E-01
 9.387298851E-01 -4.030597842E-02 2.724767594E-01
 6.302843206E-01 7.865445530E-01 -1.274409157E-01
 8.991692270E-01 7.142910337E-01 -9.415415016E-02
 1.024167013E+00 9.780506227E-03 1.497535065E-01
 4.897943004E-01 -8.092814075E-02 -3.091764428E-01
 1.322683480E-01 -5.757963407E-01 -2.506637275E-02
 2.616247775E-01 6.302060049E-02 -3.886544482E-01
 2.522604460E-01 6.212729130E-02 -3.840434737E-01
 9.006033290E-01 1.317423049E-01 -7.838984188E-02
 84 278 433 433
 89 433 625 625
 107 340 341 341
 266 110 341 341
 340 104 419 419
 624 93 625 625
 99 441 442 442
 340 419 440 440
 441 419 442 442
 433 624 625 625
 200 231 582 582
 432 433 623 623
 324 369 373 373
 285 283 630 630
 117 265 670 670
 456 460 472 472
 81 80 626 626
 147 227 640 640
 501 463 616 616
 139 138 656 656
 332 331 382 382
 289 287 315 315
 123 122 607 607
 78 281 429 429
 459 568 605 605
 231 201 517 517
 421 94 624 624
 371 309 417 417
 355 117 670 670
 586 295 587 587
 523 515 525 525
 199 233 681 681
 147 640 641 641
 129 128 593 593
 474 478 481 481
 303 314 431 431
 235 125 595 595
 225 401 578 578
 242 202 657 657
 444 594 595 595
 376 363 415 415
 458 568 570 570
 198 258 647 647
 294 410 411 411
 128 235 593 593
 398 302 399 399
 463 496 616 616
 304 303 313 313
 528 526 547 547
 259 451 619 619
 401 359 411 411
 339 270 343 343
 314 298 332 332
 244 254 334 334
 537 470 541 541
 474 481 620 620
 473 474 511 511
 200 201 231 231
 295 412 587 587
 264 268 270 270
 434 435 643 643
 237 333 353 353
 349 347 414 414
 462 531 532 532
 515 523 535 535
 202 228 657 657
 244 215 254 254
 234 607 653 653
 298 293 332 332
 323 320 327 327
 506 505 565 565
 125 358 595 595
 254 196 642 642
 330 603 630 630
 571 496 629 629
 195 196 254 254
 446 448 497 497
 255 282 283 283
 428 437 438 438
 307 304 310 310
 198 192 258 258
 294 411 412 412
 234 355 671 671
 460 465 495 495
 314 332 338 338
 228 248 249 249
 247 363 376 376
 328 327 335 335
 228 203 248 248
 439 341 440 440
 424 423 434 434
 493 550 660 660
 292 289 329 329
 400 401 621 621
 565 549 676 676
 336 335 342 342
 536 514 560 560
 399 302 402 402
 201 242 517 517
 512 511 514 514
 215 195 254 254
 303 298 314 314
 252 229 509 509
 192 199 258 258
 263 279 282 282
 234 563 607 607
 423 221 583 583
 315 316 387 387
 448 469 503 503
 288 287 289 289
 389 220 414 414
 468 523 525 525
 420 95 421 421
 221 424 682 682
 523 534 535 535
 538 462 596 596
 563 234 671 671
 570 219 634 634
 395 405 576 576
 542 243 657 657
 381 349 393 393
 290 289 292 292
 427 426 649 649
 426 429 430 430
 474 487 511 511
 568 458 605 605
 301 298 303 303
 569 219 570 570
 567 459 585 585
 265 344 668 668
 525 528 547 547
 260 251 416 416
 199 200 233 233
 278 81 626 626
 370 308 413 413
 293 292 331 331
 214 215 244 244
 255 283 285 285
 456 457 460 460
 465 473 489 489
 241 319 321 321
 558 227 638 638
 212 240 530 530
 372 378 425 425
 451 259 540 540
 459 567 568 568
 366 365 373 373
 554 471 555 555
 460 461 465 465
 264 270 275 275
 452 453 552 552
 399 317 400 400
 524 525 547 547
 202 203 228 228
 211 212 229 229
 201 202 242 242
 296 384 397 397
 529 462 532 532
 401 411 578 578
 335 336 679 679
 258 259 267 267
 313 303 317 317
 551 501 599 599
 228 542 657 657
 515 487 527 527
 384 382 385 385
 261 260 416 416
 514 515 535 535
 212 213 240 240
 320 324 373 373
 411 360 578 578
 465 489 499 499
 511 487 514 514
 228 249 542 542
 549 550 676 676
 453 454 654 654
 310 349 381 381
 283 280 330 330
 489 529 532 532
 279 277 362 362
 481 478 662 662
 236 139 656 656
 344 266 669 669
 249 251 252 252
 353 241 598 598
 186 185 564 564
 499 489 532 532
 229 212 530 530
 541 470 645 645
 428 438 651 651
 209 210 261 261
 248 239 250 250
 510 530 661 661
 449 452 552 552
 233 200 582 582
 518 519 537 537
 473 467 474 474
 204 239 248 248
 437 428 628 628
 310 304 348 348
 383 404 602 602
 266 439 669 669
 203 204 248 248
 444 595 606 606
 445 129 593 593
 358 123 607 607
 385 226 403 403
 289 315 422 422
 211 229 260 260
 80 256 626 626
 309 371 372 372
 301 303 304 304
 445 591 633 633
 196 197 253 253
 237 353 598 598
 197 198 257 257
 219 569 571 571
 264 267 268 268
 405 385 576 576
 370 324 371 371
 470 537 553 553
 492 328 574 574
 490 243 508 508
 375 376 390 390
 414 220 618 618
 245 430 675 675
 321 320 323 323
 509 229 530 530
 448 449 469 469
 461 467 473 473
 594 444 615 615
 502 507 561 561
 462 529 596 596
 210 260 261 261
 219 571 629 629
 309 372 425 425
 540 259 681 681
 526 528 548 548
 512 514 536 536
 368 223 575 575
 313 317 345 345
 229 252 617 617
 262 257 264 264
 138 520 656 656
 253 262 263 263
 59 58 583 583
 487 474 620 620
 514 535 580 580
 270 273 343 343
 227 558 559 559
 267 259 573 573
 369 325 377 377
 607 122 653 653
 435 316 436 436
 207 208 230 230
 424 388 683 683
 453 471 554 554
 287 285 630 630
 446 447 448 448
 568 569 570 570
 227 559 640 640
 392 423 583 583
 243 490 663 663
 482 478 666 666
 503 522 589 589
 249 248 250 250
 204 205 239 239
 495 571 652 652
 337 300 361 361
 300 333 361 361
 249 250 251 251
 474 477 478 478
 485 492 574 574
 489 511 512 512
 379 381 396 396
 291 392 584 584
 221 423 424 424
 209 261 601 601
 249 252 542 542
 347 345 402 402
 210 211 260 260
 308 371 417 417
 587 383 602 602
 326 310 381 381
 345 317 399 399
 436 246 614 614
 496 571 616 616
 510 509 530 530
 206 207 274 274
 331 292 352 352
 293 331 332 332
 315 287 316 316
 323 327 328 328
 271 264 275 275
 308 370 371 371
 290 292 293 293
 258 199 681 681
 230 261 416 416
 288 289 290 290
 351 329 376 376
 207 230 274 274
 306 304 307 307
 327 320 373 373
 312 366 374 374
 465 461 473 473
 372 326 379 379
 571 495 616 616
 265 668 670 670
 33 32 621 621
 406 389 414 414
 348 347 349 349
 376 329 391 391
 280 279 362 362
 423 315 434 434
 238 587 602 602
 183 182 526 526
 350 386 577 577
 254 255 334 334
 455 557 632 632
 213 677 678 678
 263 262 271 271
 371 324 579 579
 285 287 288 288
 489 512 529 529
 369 324 370 370
 599 501 600 600
 322 321 667 667
 277 276 421 421
 456 454 457 457
 472 460 652 652
 514 487 515 515
 231 494 543 543
 230 416 659 659
 481 493 660 660
 460 457 461 461
 319 241 353 353
 530 240 661 661
 342 335 365 365
 384 296 635 635
 191 190 674 674
 378 372 379 379
 223 369 377 377
 73 72 650 650
 495 465 501 501
 357 444 563 563
 359 401 431 431
 453 452 454 454
 250 239 659 659
 2 1 336 336
 548 218 562 562
 224 378 379 379
 272 271 276 276
 400 317 401 401
 291 390 391 391
 388 434 643 643
 194 209 601 601
 208 194 601 601
 367 368 575 575
 324 311 579 579
 330 280 364 364
 478 480 666 666
 492 485 608 608
 412 338 587 587
 205 193 609 609
 193 206 609 609
 351 376 415 415
 223 368 369 369
 639 455 641 641
 292 329 351 351
 4 3 312 312
 585 232 680 680
 188 187 476 476
 402 302 613 613
 556 566 567 567
 556 471 566 566
 471 456 566 566
 242 516 517 517
 310 348 349 349
 283 330 630 630
 526 548 562 562
 297 293 298 298
 185 218 564 564
 307 310 665 665
 325 369 370 370
 190 189 475 475
 401 317 431 431
 409 255 642 642
 168 167 500 500
 286 436 614 614
 555 556 639 639
 291 391 392 392
 259 258 681 681
 189 188 505 505
 338 383 587 587
 508 243 542 542
 437 436 603 603
 325 370 413 413
 480 479 486 486
 246 437 628 628
 263 282 409 409
 300 298 301 301
 470 553 558 558
 256 429 611 611
 465 499 501 501
 241 321 322 322
 261 230 601 601
 499 532 533 533
 365 327 373 373
 483 485 574 574
 506 565 676 676
 43 42 602 602
 213 214 677 677
 384 385 403 403
 357 443 444 444
 292 351 352 352
 591 445 592 592
 354 357 671 671
 412 295 636 636
 525 515 527 527
 454 456 654 654
 444 446 615 615
 218 548 549 549
 394 380 396 396
 382 331 385 385
 430 281 675 675
 350 577 618 618
 260 229 617 617
 53 52 363 363
 482 502 561 561
 337 244 572 572
 8 7 223 223
 244 361 677 677
 282 280 283 283
 486 516 612 612
 246 436 437 437
 311 307 665 665
 478 479 480 480
 262 264 271 271
 256 611 626 626
 22 21 386 386
 274 230 659 659
 346 402 613 613
 326 372 579 579
 41 40 586 586
 504 503 589 589
 312 365 366 366
 390 376 391 391
 495 501 616 616
 388 424 434 434
 435 286 644 644
 307 311 319 319
 320 319 684 684
 175 174 546 546
 285 288 572 572
 367 366 368 368
 61 60 682 682
 387 316 435 435
 319 320 321 321
 461 466 467 467
 153 152 585 585
 270 268 273 273
 214 244 677 677
 307 319 353 353
 519 552 554 554
 294 412 636 636
 339 343 439 439
 284 435 644 644
 319 311 684 684
 6 5 367 367
 286 435 436 436
 478 482 662 662
 253 197 262 262
 525 527 528 528
 185 184 218 218
 489 473 511 511
 330 426 427 427
 197 257 262 262
 411 359 412 412
 36 35 360 360
 527 487 620 620
 312 342 365 365
 251 250 416 416
 26 25 389 389
 16 15 378 378
 252 251 617 617
 503 518 521 521
 477 467 543 543
 29 28 302 302
 577 414 618 618
 423 392 673 673
 134 133 222 222
 518 469 519 519
 593 235 594 594
 165 164 599 599
 34 33 225 225
 432 421 624 624
 448 447 449 449
 536 217 597 597
 264 257 267 267
 167 166 581 581
 426 364 429 429
 503 521 522 522
 180 179 468 468
 5 4 374 374
 146 145 227 227
 594 235 595 595
 55 54 375 375
 251 260 617 617
 138 137 520 520
 434 387 435 435
 438 427 649 649
 437 427 438 438
 366 367 374 374
 306 307 353 353
 178 177 534 534
 318 400 622 622
 404 383 635 635
 221 59 583 583
 140 139 236 236
 35 34 578 578
 31 30 318 318
 230 208 601 601
 57 56 291 291
 501 499 600 600
 17 16 224 224
 156 155 458 458
 343 354 668 668
 206 274 609 609
 322 510 661 661
 169 168 531 531
 50 49 395 395
 345 399 402 402
 493 482 561 561
 574 328 679 679
 668 344 669 669
 182 181 547 547
 171 170 538 538
 239 274 659 659
 27 26 346 346
 10 9 325 325
 74 73 245 245
 48 47 226 226
 173 172 597 597
 513 536 597 597
 148 147 641 641
 335 327 365 365
 24 23 618 618
 218 549 564 564
 364 362 611 611
 313 345 347 347
 136 135 539 539
 275 339 418 418
 179 178 523 523
 244 337 361 361
 510 322 608 608
 80 79 256 256
 352 351 415 415
 304 313 348 348
 21 20 305 305
 379 326 381 381
 282 255 409 409
 70 69 628 628
 154 153 459 459
 239 205 609 609
 240 213 678 678
 502 574 679 679
 338 332 383 383
 446 269 447 447
 255 254 642 642
 58 57 584 584
 311 326 579 579
 30 29 398 398
 474 467 477 477
 155 154 605 605
 45 44 296 296
 135 134 588 588
 244 334 572 572
 44 43 404 404
 46 45 397 397
 172 171 513 513
 317 303 431 431
 649 245 650 650
 508 252 509 509
 166 165 216 216
 19 18 380 380
 592 445 593 593
 359 338 412 412
 60 59 221 221
 483 480 484 484
 52 51 627 627
 670 354 671 671
 103 102 419 419
 67 66 286 286
 470 558 648 648
 299 415 627 627
 640 639 641 641
 174 173 217 217
 11 10 413 413
 40 39 295 295
 233 540 681 681
 69 68 246 246
 550 493 676 676
 177 176 488 488
 49 48 405 405
 132 131 498 498
 18 17 407 407
 483 484 485 485
 47 46 403 403
 13 12 417 417
 25 24 220 220
 226 385 405 405
 355 670 671 671
 486 479 516 516
 37 36 410 410
 491 508 509 509
 56 55 390 390
 444 443 446 446
 415 363 627 627
 51 50 299 299
 329 422 673 673
 152 151 232 232
 516 242 612 612
 164 163 551 551
 38 37 294 294
 245 73 650 650
 121 120 234 234
 354 356 357 357
 63 62 388 388
 274 239 609 609
 225 33 621 621
 478 477 479 479
 567 585 680 680
 623 278 626 626
 592 594 615 615
 252 508 542 542
 159 158 219 219
 64 63 643 643
 42 41 238 238
 460 495 652 652
 54 53 247 247
 497 448 504 504
 160 159 629 629
 9 8 377 377
 181 180 524 524
 39 38 636 636
 188 476 505 505
 522 450 539 539
 170 169 462 462
 176 175 545 545
 449 451 452 452
 163 162 463 463
 3 2 342 342
 12 11 308 308
 161 160 496 496
 494 231 517 517
 497 504 591 591
 503 469 518 518
 216 533 581 581
 552 453 554 554
 20 19 408 408
 598 240 678 678
 436 316 603 603
 227 145 638 638
 7 6 575 575
 131 130 633 633
 383 382 635 635
 143 142 470 470
 184 183 562 562
 301 304 306 306
 15 14 425 425
 66 65 644 644
 456 472 566 566
 219 158 634 634
 149 148 455 455
 275 270 339 339
 127 126 235 235
 224 379 396 396
 23 22 350 350
 558 553 559 559
 491 509 510 510
 536 513 596 596
 77 76 281 281
 504 590 591 591
 236 541 672 672
 330 364 426 426
 386 393 577 577
 475 189 505 505
 422 315 423 423
 151 150 631 631
 533 500 581 581
 130 129 445 445
 190 475 674 674
 217 536 560 560
 137 136 450 450
 603 316 630 630
 124 123 358 358
 592 593 594 594
 14 13 309 309
 76 75 675 675
 32 31 622 622
 68 67 614 614
 101 100 442 442
 62 61 683 683
 491 490 508 508
 430 245 649 649
 268 267 573 573
 122 121 653 653
 116 115 265 265
 485 490 491 491
 133 132 610 610
 71 70 428 428
 559 555 640 640
 318 399 400 400
 557 455 639 639
 65 64 284 284
 380 394 408 408
 109 108 341 341
 566 472 568 568
 87 86 433 433
 232 631 680 680
 485 491 608 608
 458 570 658 658
 492 608 667 667
 443 269 446 446
 591 498 633 633
 555 471 556 556
 313 347 348 348
 72 71 651 651
 150 149 632 632
 595 358 606 606
 114 113 344 344
 362 277 432 432
 347 402 406 406
 28 27 613 613
 448 503 504 504
 394 305 408 408
 357 356 443 443
 314 338 359 359
 297 298 300 300
 301 306 333 333
 187 186 637 637
 532 500 533 533
 290 293 297 297
 470 142 645 645
 106 105 340 340
 469 449 552 552
 480 483 666 666
 476 187 637 637
 300 301 333 333
 553 554 559 559
 158 157 634 634
 464 540 582 582
 527 620 660 660
 311 324 684 684
 196 253 642 642
 329 289 422 422
 321 323 667 667
 276 275 420 420
 112 111 266 266
 255 285 334 334
 331 352 385 385
 402 346 406 406
 144 143 648 648
 491 510 608 608
 224 396 407 407
 91 90 625 625
 606 358 607 607
 273 268 356 356
 332 382 383 383
 346 389 406 406
 521 450 522 522
 548 528 550 550
 119 118 355 355
 42 238 602 602
 186 564 637 637
 565 476 637 637
 349 414 577 577
 396 380 407 407
 567 566 568 568
 272 276 277 277
 526 182 547 547
 521 518 656 656
 612 243 663 663
 258 267 647 647
 494 477 543 543
 315 387 434 434
 257 198 647 647
 263 272 279 279
 461 457 466 466
 590 498 591 591
 324 320 684 684
 484 480 486 486
 333 237 361 361
 485 484 490 490
 488 545 580 580
 467 466 543 543
 145 144 638 638
 4 312 374 374
 279 280 282 282
 502 482 666 666
 385 352 576 576
 456 471 654 654
 518 537 655 655
 529 512 596 596
 533 216 600 600
 493 481 662 662
 554 555 559 559
 519 469 552 552
 142 141 645 645
 183 526 562 562
 393 305 394 394
 238 41 586 586
 568 472 569 569
 60 221 682 682
 543 466 544 544
 328 335 679 679
 152 232 585 585
 454 452 464 464
 583 58 584 584
 83 82 278 278
 452 451 540 540
 367 5 374 374
 556 567 680 680
 312 3 342 342
 535 488 580 580
 352 415 576 576
 382 384 635 635
 216 599 600 600
 218 184 562 562
 168 500 531 531
 334 285 572 572
 513 538 596 596
 216 165 599 599
 479 494 516 516
 166 216 581 581
 572 288 664 664
 598 241 661 661
 157 156 658 658
 316 287 630 630
 34 225 578 578
 372 371 579 579
 541 236 655 655
 297 300 337 337
 553 519 554 554
 231 543 544 544
 141 140 672 672
 486 612 663 663
 25 220 389 389
 350 22 386 386
 500 167 581 581
 429 364 611 611
 223 7 575 575
 253 263 409 409
 468 179 523 523
 420 418 441 441
 217 173 597 597
 446 497 615 615
 545 175 546 546
 479 477 494 494
 356 268 646 646
 241 322 661 661
 475 505 506 506
 449 447 451 451
 177 488 534 534
 497 591 592 592
 272 277 279 279
 6 367 575 575
 493 561 676 676
 232 151 631 631
 231 544 582 582
 523 178 534 534
 418 339 440 440
 310 326 665 665
 271 275 276 276
 416 250 659 659
 354 273 356 356
 8 223 377 377
 224 16 378 378
 516 494 517 517
 174 217 546 546
 612 242 657 657
 549 548 550 550
 368 366 373 373
 360 35 578 578
 21 305 386 386
 180 468 524 524
 357 563 671 671
 134 222 588 588
 288 290 664 664
 393 349 577 577
 475 506 507 507
 154 459 605 605
 462 169 531 531
 415 299 576 576
 247 53 363 363
 2 336 342 342
 325 9 377 377
 378 15 425 425
 531 500 532 532
 170 462 538 538
 544 464 582 582
 471 453 654 654
 17 224 407 407
 57 291 584 584
 181 524 547 547
 513 171 538 538
 36 360 410 410
 29 302 398 398
 459 153 585 585
 544 466 604 604
 564 565 637 637
 545 546 580 580
 621 32 622 622
 318 30 398 398
 546 560 580 580
 48 226 405 405
 172 513 597 597
 427 437 603 603
 482 493 662 662
 475 507 674 674
 323 492 667 667
 363 52 627 627
 23 350 618 618
 226 47 403 403
 346 26 389 389
 46 397 403 403
 326 311 665 665
 10 325 413 413
 381 394 396 396
 458 155 605 605
 296 44 404 404
 305 20 408 408
 275 418 420 420
 590 222 610 610
 395 49 405 405
 497 592 615 615
 539 135 588 588
 269 573 619 619
 512 536 596 596
 164 551 599 599
 302 28 613 613
 222 133 610 610
 299 50 395 395
 546 217 560 560
 404 43 602 602
 45 296 397 397
 308 11 413 413
 55 375 390 390
 534 488 535 535
 380 18 407 407
 291 56 390 390
 280 362 364 364
 522 539 588 588
 220 24 618 618
 40 295 586 586
 54 247 375 375
 488 176 545 545
 51 299 627 627
 323 328 492 492
 31 318 622 622
 268 573 646 646
 290 297 664 664
 455 148 641 641
 246 68 614 614
 498 590 610 610
 163 463 551 551
 428 70 628 628
 159 219 629 629
 518 655 656 656
 386 305 393 393
 524 468 525 525
 561 506 676 676
 19 380 408 408
 295 39 636 636
 156 458 658 658
 69 246 628 628
 496 160 629 629
 464 452 540 540
 450 136 539 539
 12 308 417 417
 132 498 610 610
 631 557 680 680
 507 506 561 561
 140 236 672 672
 294 37 410 410
 299 395 576 576
 410 360 411 411
 67 286 614 614
 309 13 417 417
 27 346 613 613
 650 72 651 651
 540 233 582 582
 137 450 520 520
 560 514 580 580
 361 237 677 677
 498 131 633 633
 537 519 553 553
 438 649 650 650
 520 521 656 656
 457 454 604 604
 388 62 683 683
 375 247 376 376
 61 682 683 683
 296 404 635 635
 284 64 643 643
 522 588 589 589
 620 481 660 660
 149 455 632 632
 286 66 644 644
 238 586 587 587
 121 234 653 653
 589 222 590 590
 343 273 354 354
 318 398 399 399
 130 445 633 633
 38 294 636 636
 571 569 652 652
 63 388 643 643
 14 309 425 425
 143 470 648 648
 588 222 589 589
 65 284 644 644
 314 359 431 431
 499 533 600 600
 392 391 673 673
 243 612 657 657
 520 450 521 521
 71 428 651 651
 447 269 619 619
 339 439 440 440
 418 440 441 441
 422 423 673 673
 297 337 664 664
 550 528 660 660
 563 444 606 606
 454 464 604 604
 267 257 647 647
 608 322 667 667
 362 432 623 623
 504 589 590 590
 490 484 663 663
 464 544 604 604
 631 150 632 632
 281 76 675 675
 466 457 604 604
 655 236 656 656
 443 356 646 646
 237 598 678 678
 484 486 663 663
 556 557 639 639
 502 483 574 574
 347 406 414 414
 555 639 640 640
 438 650 651 651
 253 409 642 642
 277 421 432 432
 337 572 664 664
 439 343 669 669
 668 354 670 670
 528 527 660 660
 483 502 666 666
 564 549 565 565
 451 447 619 619
 569 472 652 652
 391 329 673 673
 392 583 584 584
 677 237 678 678
 563 606 607 607
 269 443 646 646
 400 621 622 622
 397 384 403 403
 573 259 619 619
 557 556 680 680
 240 598 661 661
 276 420 421 421
 682 424 683 683
 573 269 646 646
 343 668 669 669
 638 144 648 648
 611 623 626 626
 537 541 655 655
 634 157 658 658
 426 430 649 649
 611 362 623 623
 645 141 672 672
 557 631 632 632
 558 638 648 648
 570 634 658 658
 541 645 672 672
 1 191 674 674
 336 1 679 679
 502 1 507 507
 1 502 679 679
 507 1 674 674
 75 74 245 245
 75 245 675 675
 78 77 281 281
 79 78 256 256
 256 78 429 429
 82 81 278 278
 84 83 278 278
 85 84 433 433
 86 85 433 433
 88 87 433 433
 89 88 433 433
 90 89 625 625
 92 91 625 625
 93 92 625 625
 94 93 624 624
 95 94 421 421
 96 95 420 420
 97 96 420 420
 98 97 420 420
 99 98 441 441
 98 420 441 441
 100 99 442 442
 102 101 419 419
 419 101 442 442
 104 103 419 419
 105 104 340 340
 107 106 340 340
 108 107 341 341
 110 109 341 341
 111 110 266 266
 113 112 266 266
 113 266 344 344
 115 114 344 344
 265 115 344 344
 117 116 265 265
 118 117 355 355
 120 119 355 355
 234 120 355 355
 125 124 358 358
 126 125 235 235
 128 127 235 235
 147 146 227 227
 162 161 496 496
 463 162 496 496
 401 225 621 621
 263 271 272 272
 266 341 439 439
 433 278 623 623
 429 281 430 430
 435 284 643 643
 333 306 353 353
 330 427 603 603
 341 340 440 440
 369 368 373 373
 381 393 394 394
 440 419 441 441
 433 432 624 624
 463 501 551 551
 505 476 565 565
