TITLE     = "Visualization of the solution"
VARIABLES = "x"
"y"
"Pressure_Coefficient"
ZONE T="Zone"
 STRANDID=0, SOLUTIONTIME=0
 Nodes=705, Elements=1195, ZONETYPE=FEQuadrilateral
 DATAPACKING=POINT
 DT=(DOUBLE DOUBLE DOUBLE )
 1.000362635E+00 5.227930378E-04 2.050103120E-01
 9.878344536E-01 2.926742192E-03 2.267282183E-01
 9.756349325E-01 5.296486430E-03 1.115578698E-01
 9.603158236E-01 8.231597953E-03 6.744418378E-02
 9.463424683E-01 1.090845186E-02 1.822551640E-02
 9.331636429E-01 1.349684782E-02 -2.571535383E-02
 9.215357304E-01 1.564881578E-02 -4.841296815E-02
 9.095189571E-01 1.787277311E-02 -8.284307028E-02
 8.980434537E-01 1.997397281E-02 -1.101301797E-01
 8.862034678E-01 2.204165049E-02 -1.324185044E-01
 8.743560314E-01 2.406070568E-02 -1.567247029E-01
 8.625414968E-01 2.600829862E-02 -1.781236800E-01
 8.505100608E-01 2.791373618E-02 -1.907593533E-01
 8.392000198E-01 2.961477265E-02 -1.991779937E-01
 8.278344274E-01 3.131300583E-02 -2.122305825E-01
 8.154747486E-01 3.310736269E-02 -2.255125766E-01
 8.028156757E-01 3.490622714E-02 -2.394379475E-01
 7.904331088E-01 3.660754859E-02 -2.510336829E-01
 7.778286934E-01 3.829704225E-02 -2.609408606E-01
 7.656337619E-01 3.989462927E-02 -2.777292535E-01
 7.522537112E-01 4.163058847E-02 -2.932070439E-01
 7.382026315E-01 4.334877431E-02 -3.031637767E-01
 7.270271182E-01 4.468569160E-02 -3.147037384E-01
 7.153816819E-01 4.604946822E-02 -3.260767609E-01
 7.034782767E-01 4.740120843E-02 -3.403128102E-01
 6.899199486E-01 4.889789224E-02 -3.529395230E-01
 6.764478087E-01 5.030566826E-02 -3.630172121E-01
 6.657103896E-01 5.139425397E-02 -3.770565209E-01
 6.539118886E-01 5.255524814E-02 -3.902832375E-01
 6.423252821E-01 5.363015458E-02 -3.972877588E-01
 6.300527453E-01 5.470414460E-02 -4.121883435E-01
 6.184597015E-01 5.570112541E-02 -4.193602322E-01
 6.073910594E-01 5.654548854E-02 -4.268992611E-01
 5.949447155E-01 5.749752373E-02 -4.405533402E-01
 5.830159187E-01 5.831448361E-02 -4.467431600E-01
 5.693501234E-01 5.917855352E-02 -4.567751235E-01
 5.565886497E-01 5.991311371E-02 -4.615251492E-01
 5.438144207E-01 6.055834889E-02 -4.668722918E-01
 5.324315429E-01 6.108602136E-02 -4.699641431E-01
 5.203253031E-01 6.157165021E-02 -4.753718372E-01
 5.078119040E-01 6.202568859E-02 -4.807371418E-01
 4.965469837E-01 6.234254315E-02 -4.807099390E-01
 4.831712842E-01 6.266157329E-02 -4.808940297E-01
 4.700058699E-01 6.287688762E-02 -4.788014368E-01
 4.559679031E-01 6.303856522E-02 -4.799035186E-01
 4.424607754E-01 6.311470270E-02 -4.781544048E-01
 4.296438098E-01 6.310866773E-02 -4.746847392E-01
 4.167259634E-01 6.303543597E-02 -4.763941056E-01
 4.046248496E-01 6.291534752E-02 -4.722549200E-01
 3.920717835E-01 6.269464642E-02 -4.680586269E-01
 3.799841404E-01 6.245179102E-02 -4.678940223E-01
 3.683512509E-01 6.214689091E-02 -4.639998502E-01
 3.551152349E-01 6.173262373E-02 -4.577326452E-01
 3.425841331E-01 6.126194075E-02 -4.536960490E-01
 3.301861286E-01 6.076007336E-02 -4.523083330E-01
 3.193542361E-01 6.024802476E-02 -4.443712674E-01
 3.068582416E-01 5.960474908E-02 -4.409417841E-01
 2.939223647E-01 5.888430774E-02 -4.376013111E-01
 2.803035378E-01 5.803028867E-02 -4.316856096E-01
 2.678808868E-01 5.717862397E-02 -4.261182831E-01
 2.563243508E-01 5.632872507E-02 -4.211727436E-01
 2.439388037E-01 5.535211787E-02 -4.137340087E-01
 2.317257673E-01 5.431816727E-02 -4.076854749E-01
 2.194993794E-01 5.321747810E-02 -4.018407627E-01
 2.079802305E-01 5.210476369E-02 -3.940809381E-01
 1.961046457E-01 5.088393763E-02 -3.862119494E-01
 1.839825213E-01 4.956924170E-02 -3.809428606E-01
 1.721814275E-01 4.820826650E-02 -3.743428906E-01
 1.607363224E-01 4.679987952E-02 -3.634301220E-01
 1.487481594E-01 4.523860291E-02 -3.570784774E-01
 1.378382593E-01 4.373541474E-02 -3.468762671E-01
 1.262335181E-01 4.203415662E-02 -3.365938855E-01
 1.149322987E-01 4.027829692E-02 -3.286458460E-01
 1.041089296E-01 3.849382699E-02 -3.211271861E-01
 9.426777065E-02 3.676376119E-02 -3.109546248E-01
 8.316585422E-02 3.468675539E-02 -2.990606056E-01
 7.155226171E-02 3.233894333E-02 -2.876278434E-01
 6.172246113E-02 3.017793596E-02 -2.714852109E-01
 5.215943232E-02 2.791168354E-02 -2.619570873E-01
 4.363610968E-02 2.569757216E-02 -2.459799199E-01
 3.615116701E-02 2.357385308E-02 -2.414913177E-01
 2.957945131E-02 2.152012102E-02 -2.056456306E-01
 2.406566963E-02 1.963329315E-02 -1.892086736E-01
 2.002905868E-02 1.811298542E-02 -1.455856723E-01
 1.625402644E-02 1.655611396E-02 -1.501276563E-01
 1.336615626E-02 1.525472011E-02 -1.049649007E-01
 1.072325464E-02 1.394924708E-02 -8.704431084E-02
 8.760659955E-03 1.288214605E-02 -9.421277209E-02
 7.039122283E-03 1.185869239E-02 1.300528127E-02
 5.449792836E-03 1.082382724E-02 7.651104488E-02
 3.361446317E-03 9.258382022E-03 1.163655965E-01
 1.610777690E-03 7.673743181E-03 1.303432537E-01
 1.947453566E-04 6.046602037E-03 5.024327325E-01
 -1.125118113E-03 3.832828719E-03 7.104071997E-01
 -1.700179768E-03 2.081901301E-03 9.363627180E-01
 -1.872436842E-03 6.519199815E-04 1.233370826E+00
 -1.766574685E-03 -9.679896757E-04 9.964538328E-01
 -1.303451718E-03 -2.730255481E-03 1.622794430E+00
 -3.468055802E-04 -4.754016176E-03 8.328386113E-01
 1.125466311E-03 -6.883042399E-03 9.033499574E-01
 3.127788426E-03 -9.076944552E-03 5.957009266E-01
 4.990692250E-03 -1.075707376E-02 3.191288977E-01
 7.135760039E-03 -1.243355870E-02 3.413129234E-01
 8.845565841E-03 -1.362881716E-02 2.893198200E-01
 1.093497500E-02 -1.496946253E-02 2.312580327E-01
 1.333189290E-02 -1.637105085E-02 1.761608396E-01
 1.659299247E-02 -1.809544675E-02 8.569809224E-02
 1.965103671E-02 -1.957344078E-02 4.933407878E-02
 2.345705219E-02 -2.125744149E-02 1.521184521E-02
 2.864506468E-02 -2.333680540E-02 -4.443934107E-02
 3.415500745E-02 -2.532897331E-02 -7.050860498E-02
 4.092793912E-02 -2.753821574E-02 -1.130525238E-01
 4.824019596E-02 -2.969973162E-02 -1.457864205E-01
 5.690761656E-02 -3.202265128E-02 -1.714466428E-01
 6.556116790E-02 -3.414228559E-02 -2.014915540E-01
 7.553596795E-02 -3.638312221E-02 -2.184196016E-01
 8.521657437E-02 -3.837565333E-02 -2.381628153E-01
 9.535528719E-02 -4.031154513E-02 -2.497853912E-01
 1.062259227E-01 -4.224700853E-02 -2.640808290E-01
 1.175098196E-01 -4.411168024E-02 -2.762663565E-01
 1.290590167E-01 -4.589322954E-02 -2.860524707E-01
 1.398638189E-01 -4.744695127E-02 -3.028523487E-01
 1.511386633E-01 -4.897534475E-02 -3.122483771E-01
 1.632232219E-01 -5.050634593E-02 -3.214024122E-01
 1.749453992E-01 -5.189177766E-02 -3.338673498E-01
 1.869634688E-01 -5.321937799E-02 -3.443824337E-01
 1.978001595E-01 -5.432811752E-02 -3.549724174E-01
 2.092494220E-01 -5.542770773E-02 -3.642561324E-01
 2.215579748E-01 -5.651262775E-02 -3.751042534E-01
 2.337891459E-01 -5.749963596E-02 -3.854372194E-01
 2.460708916E-01 -5.839487538E-02 -3.942959796E-01
 2.586363554E-01 -5.922617391E-02 -4.052738380E-01
 2.699973583E-01 -5.986982211E-02 -4.150713763E-01
 2.827253342E-01 -6.051264331E-02 -4.205869309E-01
 2.952110469E-01 -6.102412194E-02 -4.298724623E-01
 3.078762293E-01 -6.144252047E-02 -4.384046235E-01
 3.197642267E-01 -6.173185632E-02 -4.473834178E-01
 3.323585391E-01 -6.190692633E-02 -4.499661859E-01
 3.430668116E-01 -6.195886806E-02 -4.516503133E-01
 3.545579910E-01 -6.192265078E-02 -4.499829932E-01
 3.657137156E-01 -6.180299073E-02 -4.549573328E-01
 3.767226636E-01 -6.156443805E-02 -4.540313497E-01
 3.883755505E-01 -6.121178716E-02 -4.470102737E-01
 4.012005627E-01 -6.067182496E-02 -4.378360431E-01
 4.135814607E-01 -6.002179161E-02 -4.233811221E-01
 4.266714752E-01 -5.922314525E-02 -4.129781474E-01
 4.390115142E-01 -5.831140280E-02 -3.964780914E-01
 4.512883425E-01 -5.731417984E-02 -3.756369086E-01
 4.633384943E-01 -5.620214343E-02 -3.556122353E-01
 4.758141935E-01 -5.494062230E-02 -3.277700902E-01
 4.877569079E-01 -5.365370587E-02 -3.021118026E-01
 5.002617836E-01 -5.224631354E-02 -2.804089760E-01
 5.138179064E-01 -5.058918893E-02 -2.536007397E-01
 5.270022750E-01 -4.889993370E-02 -2.203033143E-01
 5.401234031E-01 -4.718317091E-02 -1.935131246E-01
 5.531038046E-01 -4.542049021E-02 -1.706925297E-01
 5.663205385E-01 -4.355798289E-02 -1.406937587E-01
 5.795858502E-01 -4.169891030E-02 -1.166015099E-01
 5.918908119E-01 -3.989553079E-02 -9.381157457E-02
 6.046565175E-01 -3.804047033E-02 -6.662564103E-02
 6.183199883E-01 -3.603396192E-02 -4.672876677E-02
 6.324851513E-01 -3.393632174E-02 -2.152689365E-02
 6.470006704E-01 -3.181639314E-02 -6.834178968E-04
 6.600555778E-01 -2.989071049E-02 1.729182062E-02
 6.736115217E-01 -2.789992653E-02 3.828284284E-02
 6.864238977E-01 -2.604243346E-02 5.674293322E-02
 6.989387274E-01 -2.424251288E-02 7.059957576E-02
 7.132761478E-01 -2.215247415E-02 9.287126825E-02
 7.266536951E-01 -2.030248754E-02 1.100796183E-01
 7.381632924E-01 -1.864915155E-02 1.241971253E-01
 7.514087558E-01 -1.682548784E-02 1.481889755E-01
 7.641698718E-01 -1.514503919E-02 1.583223769E-01
 7.772504687E-01 -1.340157352E-02 1.743636072E-01
 7.895449996E-01 -1.185952593E-02 1.921712618E-01
 8.021793962E-01 -1.028227620E-02 2.035387573E-01
 8.132265806E-01 -8.945466951E-03 2.230450553E-01
 8.248314857E-01 -7.637242787E-03 2.338980982E-01
 8.372381926E-01 -6.270204671E-03 2.446129218E-01
 8.492093086E-01 -4.992547445E-03 2.636772805E-01
 8.614701033E-01 -3.807614790E-03 2.786625483E-01
 8.726728559E-01 -2.809170634E-03 2.895318739E-01
 8.841547966E-01 -1.887691906E-03 2.999904247E-01
 8.971663117E-01 -9.831729112E-04 3.074304386E-01
 9.075200558E-01 -3.751833574E-04 3.177226852E-01
 9.180217981E-01 1.496712939E-04 3.245781357E-01
 9.280415177E-01 5.386440898E-04 3.295793964E-01
 9.375122190E-01 8.130450733E-04 3.322570113E-01
 9.497346878E-01 1.041970565E-03 3.221362395E-01
 9.630101919E-01 1.133565675E-03 3.470824103E-01
 9.765664339E-01 1.061468967E-03 3.218165858E-01
 9.890790582E-01 8.456231444E-04 3.459707772E-01
 -5.000000000E-01 -1.000000000E+00 2.561023233E-02
 3.500000000E+00 -1.000000000E+00 1.528263988E-02
 3.500000000E+00 1.000000000E+00 1.012645249E-03
 -5.000000000E-01 1.000000000E+00 -3.912660025E-03
 -5.000000000E-01 5.000000000E-01 3.243101627E-02
 -5.000000000E-01 2.752797990E-12 9.213295856E-02
 -5.000000000E-01 -5.000000000E-01 5.796854336E-02
 -9.421907698E-13 -1.000000000E+00 1.463864779E-02
 5.000000000E-01 -1.000000000E+00 -8.431951473E-03
 1.000000000E+00 -1.000000000E+00 1.122020489E-02
 1.500000000E+00 -1.000000000E+00 2.914417165E-02
 2.000000000E+00 -1.000000000E+00 2.621172612E-02
 2.500000000E+00 -1.000000000E+00 1.939160620E-02
 3.000000000E+00 -1.000000000E+00 1.585624683E-02
 3.500000000E+00 -5.000000000E-01 1.802940270E-02
 3.500000000E+00 -2.752797990E-12 1.761715735E-02
 3.500000000E+00 5.000000000E-01 7.996506292E-03
 3.000000000E+00 1.000000000E+00 -1.685250502E-03
 2.500000000E+00 1.000000000E+00 -7.635991137E-03
 2.000000000E+00 1.000000000E+00 -2.123544444E-02
 1.500000000E+00 1.000000000E+00 -5.695532460E-02
 1.000000000E+00 1.000000000E+00 -9.965234104E-02
 5.000000000E-01 1.000000000E+00 -9.210256487E-02
 1.733724275E-12 1.000000000E+00 -2.926047463E-02
 6.806657528E-01 -4.019869428E-02 4.292952505E-02
 7.839338554E-01 -2.466792187E-02 1.755452135E-01
 9.041104387E-01 -1.435438381E-02 2.957550587E-01
 6.996272209E-01 5.961468372E-02 -3.354286787E-01
 2.747750698E-01 -7.178415980E-02 -3.960004050E-01
 2.718744369E-01 6.941324407E-02 -4.133223315E-01
 9.042693097E-01 2.803091871E-02 -9.077638001E-02
 7.984984979E-01 4.936304706E-02 -2.365028400E-01
 5.759991737E-01 -6.009586435E-02 -1.209941679E-01
 6.031290135E-01 7.242468795E-02 -4.155737122E-01
 4.081635792E-01 -7.180234019E-02 -4.064830759E-01
 4.352731998E-01 7.626719258E-02 -4.631838923E-01
 1.839835562E+00 -5.948609757E-01 2.672371121E-02
 1.780342030E+00 6.385902692E-01 -1.824734804E-02
 3.031172113E+00 2.156856557E-01 1.004154923E-02
 7.732907004E-01 -5.646002814E-01 1.728769475E-02
 4.821016629E-01 -6.682614818E-02 -3.006871319E-01
 3.349710814E-01 -6.906324106E-01 -2.672380658E-02
 1.245381459E-01 -5.703142752E-02 -2.599222471E-01
 1.794197724E-01 -6.170664838E-02 -3.222760291E-01
 7.398018127E-01 5.486653337E-01 -1.419477734E-01
 5.136153994E-01 7.120972441E-02 -4.662868389E-01
 3.054626958E-01 6.975633563E-01 -1.052112123E-01
 1.054790485E-01 5.168233973E-02 -2.936501014E-01
 1.632322319E-01 5.896153602E-02 -3.481465966E-01
 3.626821174E-01 7.394042261E-02 -4.478053808E-01
 2.734856207E+00 -5.326833072E-01 1.553280972E-02
 1.177869532E+00 6.304487205E-01 -5.651864832E-02
 9.973094485E-01 3.560241217E-01 -6.671216235E-02
 1.256241078E+00 -6.545089693E-01 3.766206425E-02
 1.492967573E+00 -2.539881183E-01 3.602938279E-02
 2.249524311E+00 -5.878581092E-01 1.817987951E-02
 1.990687285E+00 -2.100296087E-01 1.618727027E-02
 2.414622480E+00 -1.861096886E-01 1.127244840E-02
 2.184647652E+00 1.582908260E-01 5.668134660E-03
 1.804240404E+00 1.135481334E-01 6.873623829E-03
 -2.683572280E-01 2.170724095E-01 8.108080477E-02
 -9.608831905E-02 6.297388709E-01 -2.446013562E-02
 2.808346921E-02 3.291585821E-01 -5.819122903E-02
 4.398846625E-02 3.581620527E-02 -1.863515763E-01
 -2.710269119E-01 -2.366805266E-01 1.064151651E-01
 -1.460051020E-01 -6.012448561E-01 2.306932548E-02
 1.118118718E-01 -3.806246418E-01 -3.047141088E-02
 2.225645734E+00 5.669444240E-01 -4.172128223E-03
 2.743770677E+00 5.981433495E-01 2.623752691E-03
 -2.342228610E-01 -7.070305319E-03 1.512193925E-01
 -1.345566003E-01 1.004603368E-01 1.428187303E-01
 -1.188735498E-01 -1.421168512E-01 1.547664730E-01
 6.819301824E-02 -4.308537509E-02 -1.709599002E-01
 4.337974521E-02 -3.699332591E-02 -8.492971276E-02
 -7.991249436E-02 -3.222460753E-01 5.004363548E-02
 -2.320714283E-03 -1.828597911E-01 6.053678353E-02
 1.765562966E-01 -2.188178655E-01 -1.476295671E-01
 3.393938129E-01 -7.368558971E-02 -4.252029339E-01
 3.694161078E-01 -7.198524512E-02 -4.311519081E-01
 3.123643848E-01 -7.129791698E-02 -4.223736995E-01
 2.283098964E-01 -7.124031592E-02 -3.574355709E-01
 -3.701916428E-02 -9.785657272E-02 2.331879574E-01
 1.988655479E-02 -2.418726472E-02 1.069447972E-01
 -1.093245734E-01 -2.381863027E-02 2.732362558E-01
 -7.254018920E-02 5.703143372E-02 2.724118043E-01
 3.676383527E-02 -1.109642761E-01 2.991502217E-02
 3.109365120E+00 -2.612676002E-01 1.563107369E-02
 5.919995126E-03 -6.886283568E-02 2.142708611E-01
 -3.985064428E-02 -4.136534677E-02 4.187676711E-01
 -5.260048835E-02 7.482429276E-03 4.047830252E-01
 -3.257377709E-02 4.313874532E-02 2.994817387E-01
 2.355373356E-02 2.558093131E-02 -1.133172060E-01
 -4.112259494E-02 1.077794015E-01 1.274828686E-01
 2.705236783E-02 9.184316049E-02 -1.785004055E-02
 7.482129702E-02 4.475031695E-02 -2.584177172E-01
 1.109186571E-02 1.605427344E-01 9.350683576E-03
 7.104386099E-02 1.329923737E-01 -1.243268281E-01
 6.803504627E-02 8.740055206E-02 -1.582625858E-01
 1.127916264E-01 9.607145856E-02 -2.304211556E-01
 2.124952775E-01 6.561249128E-02 -3.806106928E-01
 1.338877288E-01 1.481311329E-01 -2.079270177E-01
 2.357622824E-01 6.570145429E-02 -3.943467916E-01
 1.903291492E-01 6.370914785E-02 -3.668504614E-01
 1.315046546E-01 5.297459493E-02 -3.269009692E-01
 1.603996437E-01 1.048613546E-01 -2.910177706E-01
 1.934382157E-01 1.498438692E-01 -2.767315418E-01
 1.707569108E-01 2.051927090E-01 -2.161433655E-01
 2.503259244E-01 2.111896086E-01 -2.692909291E-01
 1.943621903E-01 3.124759629E-01 -1.786316823E-01
 3.230920483E-01 2.774523646E-01 -2.616845254E-01
 3.780398717E-01 2.089720922E-01 -3.193929200E-01
 3.993554304E-01 7.228094867E-02 -4.596890799E-01
 4.380279673E-01 2.827748440E-01 -2.789594087E-01
 4.765439719E-01 1.826517965E-01 -3.552887399E-01
 4.789630554E-01 7.900566069E-02 -4.607204846E-01
 5.399486903E-01 2.551510139E-01 -2.874251417E-01
 5.784458383E-01 1.773042645E-01 -3.328942384E-01
 6.501289701E-01 6.426198867E-02 -3.811457836E-01
 6.733931362E-01 6.005522343E-02 -3.614154030E-01
 5.500558436E-01 7.215419702E-02 -4.504323855E-01
 6.374613273E-01 2.437441340E-01 -2.655714826E-01
 6.774810728E-01 1.739267951E-01 -2.802717573E-01
 7.472585948E-01 5.545386354E-02 -2.896702849E-01
 7.225734845E-01 5.755479551E-02 -3.128302201E-01
 7.316254824E-01 2.065759794E-01 -2.313551471E-01
 7.603591706E-01 1.475590004E-01 -2.306755726E-01
 8.563996861E-01 4.071302650E-02 -1.711297137E-01
 8.360989195E-01 4.159405299E-02 -1.970506699E-01
 5.298054136E-01 3.876315931E-01 -2.226898273E-01
 8.133105827E-01 2.010605131E-01 -1.713683710E-01
 8.409736495E-01 1.304478656E-01 -1.622625735E-01
 3.010490924E-01 1.458998720E-01 -3.486763995E-01
 3.244763665E-01 7.278478047E-02 -4.362737776E-01
 2.997770586E-01 7.025563335E-02 -4.272185548E-01
 4.144454532E-01 1.527244420E-01 -3.771551477E-01
 5.274990240E-01 1.417841069E-01 -3.827265467E-01
 2.484485454E-01 1.220204640E-01 -3.382420472E-01
 6.128679029E-01 1.319726035E-01 -3.535767374E-01
 8.952878436E-01 1.837928232E-01 -9.594501750E-02
 9.715188235E-01 1.979103623E-02 9.382555564E-02
 9.418607120E-01 2.293378865E-02 1.596392720E-03
 9.269197092E-01 1.154836777E-01 -6.049409936E-02
 9.790981812E-01 1.771829079E-01 -3.080307959E-02
 1.081721227E+00 2.276571692E-01 -1.196522789E-02
 1.105862466E+00 9.711351692E-02 5.663664681E-02
 1.241679151E+00 1.829702775E-01 1.670149235E-02
 1.007982901E+00 1.023484822E-01 3.088127851E-02
 1.242618121E+00 2.368888023E-02 5.226330335E-02
 1.127975298E+00 -2.987022144E-02 9.687373726E-02
 1.224439172E+00 -1.133175655E-01 7.118496935E-02
 1.080408407E+00 -1.406007649E-01 1.266338930E-01
 9.547190892E-01 -1.140160475E-02 3.174956852E-01
 9.330285782E-01 -8.691883409E-03 3.104023689E-01
 9.466720773E-01 -2.933001011E-02 2.943800835E-01
 1.184578728E+00 -2.560131458E-01 7.569003067E-02
 1.022534138E+00 -2.757788989E-01 9.576334667E-02
 9.591757128E-01 -1.665227254E-01 1.484526178E-01
 8.434794370E-01 -1.747367444E-02 2.447802388E-01
 8.830761444E-01 -2.659588730E-01 9.131006856E-02
 8.237931242E-01 -1.633922161E-01 1.217637910E-01
 7.468670620E-01 -2.564000777E-01 4.267263379E-02
 7.345713929E-01 -3.214817259E-02 1.154006674E-01
 7.110800136E-01 -1.718592001E-01 3.671145730E-02
 6.397158865E-01 -2.156905848E-01 -2.317724566E-02
 6.271868539E-01 -4.703424145E-02 -3.477410596E-02
 6.040347211E-01 -1.491779019E-01 -7.013350376E-02
 5.386631000E-01 -2.251020489E-01 -1.142755315E-01
 5.231992086E-01 -6.285003503E-02 -2.203790306E-01
 5.472383668E-01 -5.911945798E-02 -1.762434329E-01
 6.323212890E-01 -3.498160361E-01 -2.945473184E-02
 4.597250242E-01 -3.202334120E-01 -1.171484149E-01
 4.313666318E-01 -1.976172122E-01 -2.096365742E-01
 4.467384286E-01 -7.425054317E-02 -3.523755694E-01
 3.410249476E-01 -2.737465907E-01 -1.668958208E-01
 5.166389536E-01 -1.459345479E-01 -1.806926977E-01
 7.635740788E-01 -1.059639348E-01 1.078155994E-01
 3.280786600E-01 -1.779376452E-01 -2.561265428E-01
 8.890226271E-01 -1.042413399E-01 1.883890766E-01
 6.509630354E-01 -1.115936273E-01 -7.327543679E-03
 4.557183474E-01 -1.327260300E-01 -2.629606834E-01
 9.214179391E-01 -2.403008730E-02 2.902959728E-01
 9.331446512E-01 -5.157786284E-02 2.544464359E-01
 9.748504456E-01 -5.440206089E-02 2.450406254E-01
 9.845494153E-01 -9.721352688E-03 3.916503627E-01
 1.444045808E+00 1.100046127E-01 1.835046918E-02
 1.403815686E+00 3.102226801E-01 -1.289536435E-03
 8.800317158E-01 8.727154426E-02 -1.167002069E-01
 7.438353008E-01 3.001612456E-01 -1.904692826E-01
 7.953760140E-01 1.087826414E-01 -2.115589659E-01
 7.076364960E-01 1.149313029E-01 -2.912647766E-01
 5.625351694E-01 -1.060344315E-01 -1.309648622E-01
 9.418924731E-01 -4.284881271E-01 5.471928803E-02
 9.590408521E-01 6.694879364E-02 2.845681367E-03
 1.057945050E+00 -6.338362839E-02 1.604303572E-01
 7.493908014E-02 2.204354075E-01 -8.336461419E-02
 1.610809292E-01 4.856343590E-01 -9.825540720E-02
 1.062264865E+00 3.197900586E-03 1.231455752E-01
 9.989025485E-01 5.593411576E-02 8.030502414E-02
 9.841453675E-01 1.652184538E-02 1.235282938E-01
 -6.807956636E-02 2.222723019E-01 4.729771733E-02
 5.206518867E-01 -1.016829717E-01 -2.008056461E-01
 4.824052367E-01 -1.039112100E-01 -2.540578305E-01
 1.392070031E+00 -7.932241661E-02 3.885963682E-02
 2.014121174E-01 1.041365359E-01 -3.256319053E-01
 2.873969958E-01 1.077541804E-01 -3.830164009E-01
 3.296152932E-01 1.103770882E-01 -3.971015637E-01
 -8.079195500E-03 -4.046217753E-02 4.397836537E-01
 1.078725366E-02 -1.804570171E-02 2.889361333E-01
 5.131088405E-03 -1.334518371E-02 4.013225150E-01
 5.146728590E-01 -5.056605275E-01 -4.634876766E-02
 2.865903926E-01 7.143251378E-02 -4.201855219E-01
 3.476608626E-01 7.371901307E-02 -4.427985444E-01
 3.525587102E-01 9.045164600E-02 -4.253285052E-01
 3.754834315E-01 8.756375919E-02 -4.364389286E-01
 3.607133305E-01 1.110130228E-01 -4.084938587E-01
 3.340379972E-01 8.437954065E-02 -4.253142518E-01
 3.139330016E-01 8.801807396E-02 -4.125179815E-01
 3.128865265E-01 -4.334023116E-01 -8.315205592E-02
 -2.569434275E-02 -1.845753288E-02 5.984051392E-01
 3.942649559E-01 -1.404444419E-01 -3.056653162E-01
 3.431970376E-01 -1.208671609E-01 -3.339177688E-01
 2.864982336E-01 -1.337418996E-01 -3.113417241E-01
 2.645600447E-01 -2.287203357E-01 -1.921995591E-01
 4.175689022E-01 -1.074330860E-01 -3.341921783E-01
 4.501205995E-01 -9.870900648E-02 -3.111173413E-01
 3.795615728E-01 -1.060316153E-01 -3.599209331E-01
 4.259677881E-01 -8.409702174E-02 -3.672184667E-01
 4.685396549E-01 -8.015529417E-02 -3.083957929E-01
 3.976559940E-01 -8.586889498E-02 -3.867570605E-01
 4.216039496E-01 -6.893146926E-02 -3.991351163E-01
 5.079300160E-01 -6.528620793E-02 -2.505023812E-01
 3.103069649E-01 -1.073079617E-01 -3.526820772E-01
 1.005853258E+00 -1.006027215E-01 1.810793484E-01
 1.019061832E+00 -3.976397219E-02 2.055645505E-01
 4.696140951E-01 -6.506362146E-02 -3.267835592E-01
 9.803429741E-01 3.678410582E-02 8.106347959E-02
 1.003640654E+00 2.972704322E-02 1.506623178E-01
 1.033738813E+00 4.915535944E-02 1.173481975E-01
 9.570329325E-01 3.502209676E-02 2.804345719E-02
 9.309048900E-01 5.297769431E-02 -4.066650950E-02
 9.298076965E-01 3.440638449E-02 -3.407091060E-02
 9.161300133E-01 2.743137539E-02 -6.611285630E-02
 3.874149226E-01 7.441642959E-02 -4.550389311E-01
 3.022635836E-01 -7.094509833E-02 -4.175371458E-01
 2.885167570E-01 -7.178833348E-02 -4.073793751E-01
 2.821138716E-01 -9.309134634E-02 -3.616076105E-01
 2.522005423E-01 -7.112587598E-02 -3.811851104E-01
 2.504098120E-01 -1.113268917E-01 -3.228455025E-01
 3.357890976E-01 7.058106966E-02 -4.423355922E-01
 1.018732768E+00 5.204718923E-03 1.657797342E-01
 3.128797809E-01 7.018225232E-02 -4.335934496E-01
 8.938877659E-01 3.111061856E-02 -1.158277762E-01
 9.074203879E-01 4.285686629E-02 -7.939512012E-02
 8.836275662E-01 4.904693249E-02 -1.208692283E-01
 9.079325933E-01 7.418922496E-02 -7.661086211E-02
 8.587348889E-01 6.375153014E-02 -1.605649690E-01
 4.110048181E-01 7.423766767E-02 -4.604348182E-01
 3.986709539E-01 8.624703658E-02 -4.446702300E-01
 4.224562366E-01 9.456380160E-02 -4.358472175E-01
 4.449631015E-01 9.303165616E-02 -4.462050501E-01
 9.168197620E-01 -9.460373315E-03 3.086035357E-01
 9.027621008E-01 -3.391529851E-02 2.694073094E-01
 8.660998232E-01 -1.568751611E-02 2.673740777E-01
 8.884703290E-01 -1.792943168E-02 2.833581393E-01
 8.745121881E-01 -3.087747615E-02 2.560001302E-01
 4.511508737E-01 7.770680096E-02 -4.619373121E-01
 8.816420521E-01 3.230521930E-02 -1.385519914E-01
 8.545459799E-01 -1.448973799E-02 2.596640092E-01
 8.524712276E-01 -3.048733714E-02 2.376248859E-01
 8.210485862E-01 -2.043563428E-02 2.192984433E-01
 8.625168385E-01 -6.021416811E-02 2.189003494E-01
 8.328485236E-01 -5.310516099E-02 2.058227144E-01
 8.326155399E-01 -2.941901336E-02 2.226470644E-01
 8.127920345E-01 -3.528410543E-02 2.002294398E-01
 7.979988236E-01 -6.219294017E-02 1.645325318E-01
 8.314675570E-01 -9.179120069E-02 1.690484963E-01
 7.556416288E-01 -6.398010433E-02 1.219300382E-01
 7.223802961E-01 -7.815487338E-02 7.826117000E-02
 7.100023051E-01 -3.695426522E-02 8.214306039E-02
 7.593949545E-01 -2.834345860E-02 1.457972121E-01
 6.841684340E-01 -7.804475244E-02 3.558267139E-02
 6.535084861E-01 -4.887674702E-02 5.105558987E-03
 6.519569182E-01 -7.606050705E-02 -3.673492898E-03
 6.143510436E-01 -9.456863427E-02 -5.439385163E-02
 6.014554642E-01 -5.162350963E-02 -7.602831217E-02
 5.820740102E-01 -8.200053327E-02 -1.066196538E-01
 8.318426483E-01 -1.624715391E-02 2.327125100E-01
 5.598996070E-01 -5.621976155E-02 -1.517286340E-01
 5.607925030E-01 -7.290945931E-02 -1.449396232E-01
 5.378519233E-01 -7.656697522E-02 -1.837193292E-01
 5.177070726E-01 -8.021413604E-02 -2.197759136E-01
 4.964341948E-01 -8.032781686E-02 -2.617006756E-01
 5.885739659E-01 -5.232489643E-02 -9.843971359E-02
 5.350479722E-01 -5.939234740E-02 -1.993874846E-01
 3.747831726E-01 7.210385866E-02 -4.549254906E-01
 2.615365112E-01 -8.380381787E-02 -3.654794680E-01
 4.231238472E-01 7.383919585E-02 -4.644727417E-01
 8.695502869E-01 3.931428545E-02 -1.520976231E-01
 8.224469968E-01 4.422685917E-02 -2.111493543E-01
 8.332560324E-01 5.638650512E-02 -1.922945727E-01
 8.128832020E-01 5.833373671E-02 -2.157677496E-01
 8.257162884E-01 8.321906390E-02 -1.905566794E-01
 7.889667759E-01 7.035380228E-02 -2.342995389E-01
 7.582076692E-01 9.438468495E-02 -2.587249672E-01
 7.734545960E-01 5.321981225E-02 -2.598871679E-01
 7.260833526E-01 8.782590036E-02 -2.956201154E-01
 7.615099933E-01 6.835271997E-02 -2.663903744E-01
 8.104238242E-01 4.398744655E-02 -2.254497437E-01
 7.601188334E-01 5.170254811E-02 -2.768578654E-01
 7.855669812E-01 4.816612654E-02 -2.491904183E-01
 4.591067421E-01 -6.688943861E-02 -3.441210649E-01
 9.961632274E-01 1.248486435E-02 2.133458553E-01
 2.559341076E+00 2.060535355E-01 5.383848565E-03
 4.328003359E-01 -6.923226636E-02 -3.839919491E-01
 4.228140490E-02 -7.229115982E-02 -1.945302867E-02
 9.117923843E-02 -1.015037721E-01 -1.365475554E-01
 9.644648963E-02 -5.177277871E-02 -2.271743116E-01
 8.092706720E-01 -1.919756835E-02 2.086154890E-01
 7.985514736E-01 -2.303397931E-02 1.926212182E-01
 7.935878837E-01 -3.691247812E-02 1.794851046E-01
 7.732903373E-01 -4.053651072E-02 1.530516503E-01
 7.487985652E-01 -4.257406894E-02 1.272413090E-01
 7.279255539E-01 -4.918827876E-02 9.962476185E-02
 7.051115412E-01 -5.792909227E-02 6.851762594E-02
 6.713650543E-01 -5.590029491E-02 2.562710597E-02
 1.131288547E+00 -4.376347737E-01 5.799444408E-02
 1.029761759E+00 -6.224699348E-01 4.171382857E-02
 1.329675107E+00 -3.749908052E-01 4.717610586E-02
 1.632650101E+00 -7.579324871E-02 2.230555266E-02
 8.483681705E-01 5.134691944E-02 -1.795152730E-01
 3.566007260E-01 -9.824204726E-02 -3.839732587E-01
 3.336878554E-01 -9.160693311E-02 -3.909583652E-01
 3.543609062E-01 -8.061285318E-02 -4.124021748E-01
 5.246227565E-03 5.595973356E-02 1.095046962E-01
 2.416548847E-01 -8.279380685E-02 -3.525648763E-01
 2.189531141E-01 -9.027792472E-02 -3.244142548E-01
 2.038828411E-01 -6.388659020E-02 -3.464253583E-01
 1.899768674E-01 -9.385959853E-02 -2.839114939E-01
 2.128165540E-01 -1.284025913E-01 -2.548702406E-01
 1.630150552E-01 -1.339270921E-01 -2.148270484E-01
 1.533652818E-01 -9.006039122E-02 -2.502685943E-01
 1.435552729E-01 -5.750780393E-02 -2.850166219E-01
 1.004580678E-01 -1.610138661E-01 -9.164693447E-02
 2.531532668E-01 -1.664912048E-01 -2.440006170E-01
 7.249220704E-02 -2.565700565E-01 -2.146635899E-02
 2.147398662E-01 -6.953683615E-02 -3.462256470E-01
 1.915353778E-01 -6.772359598E-02 -3.273328248E-01
 1.299859940E-01 -1.068680498E-01 -1.826948242E-01
 6.245869281E-01 -7.521786439E-01 -1.678062307E-02
 8.463345006E-01 3.860105513E-02 -1.873237113E-01
 2.773170866E-01 8.665963811E-02 -3.962559280E-01
 2.573087829E-01 8.123159399E-02 -3.927322056E-01
 9.998975914E-01 -2.234673627E-02 2.867843962E-01
 1.490965384E-02 -4.314484301E-02 1.639806626E-01
 3.047107370E-02 -3.180805361E-02 -3.764611982E-03
 6.989646731E-01 8.855137934E-02 -3.187891651E-01
 9.479721428E-01 -9.494236859E-02 2.161655557E-01
 7.116325427E-01 7.118799056E-02 -3.147715271E-01
 7.373965529E-01 6.995527974E-02 -2.891744924E-01
 7.078525060E-02 -7.569693677E-02 -9.282259938E-02
 8.077778277E-02 -5.619009679E-02 -1.785128219E-01
 5.300681367E-02 -5.319963716E-02 -9.294459508E-02
 9.514440420E-02 -6.959912308E-02 -1.848834066E-01
 7.932696175E-01 -3.927210627E-01 4.048144799E-02
 5.962873541E-01 -6.787744151E-02 -8.291027814E-02
 6.148723389E-01 -6.193992203E-02 -5.398555119E-02
 1.324129753E+00 -2.171629156E-01 5.227575245E-02
 3.557040194E-01 1.506900132E-01 -3.672928234E-01
 6.867493232E-01 7.142980913E-02 -3.398584919E-01
 6.700068295E-01 9.285710107E-02 -3.406680289E-01
 6.345449834E-01 1.009333935E-01 -3.627753779E-01
 6.239016123E-01 6.404836708E-02 -4.070111988E-01
 6.061655007E-01 9.696130392E-02 -3.887173289E-01
 5.768137128E-01 6.971774897E-02 -4.384252437E-01
 6.370869556E-01 6.442797556E-02 -3.939779030E-01
 6.136566204E-01 6.570903225E-02 -4.120730308E-01
 6.218110629E-01 7.861415092E-02 -3.940894347E-01
 5.750062038E-01 1.253112602E-01 -3.827513258E-01
 5.488344888E-01 1.065139303E-01 -4.114809556E-01
 5.145776512E-01 1.085966765E-01 -4.214689626E-01
 4.870263746E-01 1.256998216E-01 -4.065008658E-01
 4.918030671E-01 9.625818136E-02 -4.393129745E-01
 5.774223842E-01 9.827056572E-02 -4.067788118E-01
 5.880601817E-01 8.164395581E-02 -4.183273892E-01
 5.644648684E-01 8.403593186E-02 -4.298881105E-01
 5.347387981E-01 8.643215749E-02 -4.389277555E-01
 7.224858190E-01 -3.214913565E-02 9.933073072E-02
 -2.729878693E-02 7.701483833E-03 6.685245323E-01
 -1.290787098E-02 2.697575482E-02 3.934053195E-01
 1.061437486E-02 1.692196861E-02 -8.295719578E-03
 4.739698292E-03 1.303483012E-02 1.982272042E-01
 9.320377108E-02 7.182662475E-02 -2.341180937E-01
 5.112495509E-02 6.673371527E-02 -1.225500621E-01
 3.181597550E-02 5.273218195E-02 -9.149157258E-02
 9.756965709E-03 3.564321002E-02 7.869274589E-02
 1.694446131E-02 2.023717874E-02 -1.048983218E-01
 5.742356289E-02 4.517531247E-02 -2.089345199E-01
 1.195376400E-02 2.433206500E-02 1.396917047E-02
 1.862455633E-03 2.220688990E-02 2.578597639E-01
 5.831847988E-04 9.453003236E-03 3.595917894E-01
 -8.169690960E-03 2.783977909E-03 9.047454354E-01
 -2.324509364E-03 6.082073351E-03 9.411130431E-01
 -2.702788763E-03 1.342275489E-02 2.526201367E-01
 1.400462385E-01 8.142606349E-02 -2.941698449E-01
 2.987835753E-02 3.561183990E-02 -1.310091655E-01
 1.210622740E-01 -8.063822553E-02 -2.134107772E-01
 1.546735510E-01 -6.908502947E-02 -2.824191188E-01
 6.398900232E-01 -4.492949792E-02 -1.310199090E-02
 1.696483046E+00 -3.270706431E-01 2.699856070E-02
 6.951121877E-01 -3.963357599E-02 6.222741388E-02
 3.917201629E-01 1.170072391E-01 -4.100739050E-01
 6.678412785E-01 -4.055327465E-02 2.578278574E-02
 4.642591319E-01 7.571414333E-02 -4.633857909E-01
 9.334335931E-01 5.897599973E-01 -9.974529185E-02
 6.711553751E-01 4.234992942E-01 -1.805950326E-01
 5.473766383E-01 5.630454861E-01 -1.645499887E-01
 3.241530531E-01 -7.490030354E-02 -4.191703802E-01
 7.464673922E-01 -2.770806790E-02 1.321513496E-01
 6.132982326E-01 -4.693442107E-02 -5.608550012E-02
 7.716078975E-01 -2.441890078E-02 1.616609008E-01
 3.133974596E+00 6.339745962E-01 2.564647859E-03
 1.202633508E-01 5.068620254E-02 -3.158664206E-01
 1.221995128E-01 6.668536240E-02 -2.865120571E-01
 8.811194204E-02 5.089079694E-02 -2.675537684E-01
 1.456048118E-01 6.363377130E-02 -3.277674881E-01
 1.617888690E-01 7.558778399E-02 -3.214465098E-01
 1.825199511E-01 8.186824157E-02 -3.360319880E-01
 2.297768227E-01 8.442480532E-02 -3.721972492E-01
 2.028928571E-01 7.694029157E-02 -3.593065342E-01
 4.951274619E-01 -6.382538464E-02 -2.781710515E-01
 3.351197333E-02 -5.000415527E-02 3.397167557E-02
 3.133974596E+00 -6.339745962E-01 1.490736595E-02
 1.221720405E+00 3.669303281E-01 -1.808836386E-02
 1.456238723E+00 5.476257792E-01 -2.623399822E-02
 7.620786920E-01 -1.602761199E-01 8.140845944E-02
 4.249451170E-01 1.982115240E-01 -3.371569437E-01
 8.771819985E-01 -1.383825730E-02 2.803222758E-01
 2.634291674E-01 -6.916196994E-02 -3.945717099E-01
 1.954875009E+00 3.600068618E-01 -3.770921076E-03
 7.212009573E-02 6.112955308E-02 -2.095581836E-01
 6.459790277E-01 7.938436625E-02 -3.730751496E-01
 6.638394160E-01 7.258844069E-02 -3.615016515E-01
 1.756723583E-01 6.298403627E-02 -3.558324224E-01
 5.264276285E-01 7.340253889E-02 -4.583638900E-01
 5.374936468E-01 7.072665273E-02 -4.557303218E-01
 1.519200394E+00 -5.342365853E-01 3.321186360E-02
 8.887669021E-01 -1.750287886E-01 1.418916695E-01
 5.306093811E-01 1.892227954E-01 -3.444499086E-01
 3.570296975E-01 4.295111380E-01 -1.921123637E-01
 4.652079573E-01 9.594280215E-02 -4.408589467E-01
 4.951532852E-01 8.235816866E-02 -4.565743563E-01
 4.517738492E-01 1.241023867E-01 -4.126412958E-01
 2.404050722E-01 -6.821090202E-02 -3.741909294E-01
 2.413679374E-01 -3.070623491E-01 -1.219846386E-01
 1.101545093E-01 -5.756670727E-02 -2.366686643E-01
 7.105386414E-01 5.636162929E-02 -3.259119180E-01
 2.930029070E-01 8.482400792E-02 -4.061286229E-01
 6.613967601E-01 6.017103098E-02 -3.742169784E-01
 3.957435607E-01 -7.031332577E-02 -4.208938558E-01
 3.836164709E-01 -7.322941208E-02 -4.239106252E-01
 6.296904295E-01 1.709483632E-01 -3.109043942E-01
 8.966710237E-01 -6.417734321E-02 2.382357508E-01
 7.192755555E-01 1.607482695E-01 -2.593271022E-01
 6.556888008E-01 -1.561708683E-01 -5.897194302E-03
 4.900948829E-01 7.238610047E-02 -4.685878196E-01
 1.674833598E-01 -6.186662110E-02 -3.085361228E-01
 1.560148138E-01 -5.758822903E-02 -3.024345618E-01
 5.107299195E-03 -2.829017460E-02 3.250614894E-01
 -7.756267140E-03 -2.466492847E-02 6.315659515E-01
 -2.224059281E-03 -7.884589604E-03 7.169440296E-01
 2.362183877E-03 -1.688458711E-02 4.144168552E-01
 2.019604320E-01 6.185012640E-02 -3.777350674E-01
 1.727423684E-01 -7.405031412E-02 -2.943611214E-01
 9.712091309E-01 -2.427532248E-02 2.800586607E-01
 2.252417334E-01 6.405858301E-02 -3.885032029E-01
 8.019369346E-01 1.458619086E-01 -1.912245719E-01
 7.344916764E-01 5.419968094E-02 -3.026339120E-01
 3.075494970E-01 -8.475726225E-02 -3.982099609E-01
 -1.641111668E-01 3.996364208E-01 2.265416945E-02
 2.489049581E-01 6.862590357E-02 -3.991686465E-01
 2.604586831E-01 6.655561813E-02 -4.101342592E-01
 -2.403462229E-01 -4.271443206E-01 6.096824689E-02
 1.640592943E+00 3.466663894E-01 -5.609768946E-03
 3.585773589E-01 -6.928201414E-02 -4.375350796E-01
 3.496618612E-01 -6.966209110E-02 -4.358722294E-01
 6.144615113E-01 3.347783430E-01 -2.288388796E-01
 2.769871399E+00 -1.116642809E-01 1.165317479E-02
 6.553712857E-01 1.309282599E-01 -3.246058362E-01
 8.852222895E-01 1.293375083E-01 -1.111442121E-01
 6.872845940E-01 -5.434128198E-02 4.800860883E-02
 8.793231997E-01 2.841406868E-01 -1.224732445E-01
 8.274764550E-01 4.170417799E-01 -1.342410917E-01
 3.161252044E-01 2.021003977E-01 -3.080459193E-01
 9.284995590E-01 2.278344243E-02 -3.612704417E-02
 9.698820427E-01 -9.094157015E-03 3.015784910E-01
 8.530702362E-01 9.408982954E-02 -1.508406690E-01
 9.576116673E-01 2.529070206E-01 -6.869726287E-02
 6.985019533E-01 -1.159133346E-01 3.971668665E-02
 1.043666194E+00 1.510755191E-01 2.057724891E-02
 8.728326500E-02 -4.651225672E-02 -2.204332566E-01
 7.940132167E-02 -4.410930083E-02 -2.078988717E-01
 6.350275925E-01 -6.241983197E-02 -2.491155529E-02
 1.394389051E-01 -7.086457553E-02 -2.620660797E-01
 2.051245531E-01 -7.843761514E-02 -3.291191798E-01
 2.637227099E-01 1.006302586E-01 -3.759272390E-01
 5.023458775E-01 7.300666182E-02 -4.666621218E-01
 5.107536458E-01 8.469704421E-02 -4.485963890E-01
 6.633580945E-01 7.507207117E-01 -1.383356719E-01
 1.409239713E-01 5.139559597E-02 -3.391062673E-01
 1.319226850E-01 -5.742019163E-01 -1.167150730E-02
 5.894617097E-01 6.872848029E-02 -4.309933790E-01
 5.382348065E-02 3.477028431E-02 -2.343756465E-01
 5.634546396E-01 6.899990902E-02 -4.476888751E-01
 3.736575750E-01 -8.718902115E-02 -3.972761064E-01
 98 592 661 661
 274 107 399 399
 88 581 582 582
 101 661 662 662
 344 185 452 452
 332 4 430 430
 300 301 640 640
 343 188 344 344
 495 381 497 497
 363 358 366 366
 268 530 531 531
 366 357 382 382
 468 513 514 514
 236 605 699 699
 288 285 289 289
 552 264 553 553
 114 265 553 553
 473 599 693 693
 597 234 646 646
 447 318 489 489
 425 388 441 441
 399 400 662 662
 311 576 577 577
 183 182 455 455
 239 613 614 614
 581 85 587 587
 238 253 387 387
 199 233 701 701
 545 274 659 659
 310 26 560 560
 425 441 544 544
 439 437 487 487
 198 257 673 673
 543 619 671 671
 4 331 430 430
 263 267 273 273
 415 418 420 420
 83 283 587 587
 326 559 602 602
 659 399 662 662
 507 277 534 534
 368 363 411 411
 532 529 664 664
 449 450 602 602
 530 268 535 535
 352 361 555 555
 238 215 253 253
 275 273 280 280
 598 533 694 694
 382 480 481 481
 201 245 518 518
 466 367 467 467
 1 441 503 503
 231 201 518 518
 69 240 616 616
 338 333 384 384
 75 239 615 615
 411 371 415 415
 382 475 477 477
 195 196 253 253
 198 192 257 257
 361 231 555 555
 26 219 560 560
 231 361 401 401
 229 212 625 625
 228 247 248 248
 244 335 624 624
 228 203 247 247
 413 412 423 423
 348 342 424 424
 583 239 614 614
 224 479 480 480
 264 114 553 553
 410 660 661 661
 298 300 386 386
 215 195 253 253
 212 243 625 625
 192 199 257 257
 280 279 398 398
 81 255 596 596
 484 224 556 556
 243 244 624 624
 232 419 483 483
 340 336 388 388
 283 81 596 596
 466 511 512 512
 70 616 700 700
 435 436 669 669
 569 327 570 570
 368 413 535 535
 265 546 622 622
 326 450 643 643
 412 417 522 522
 218 372 452 452
 283 586 589 589
 450 326 602 602
 239 583 615 615
 323 299 328 328
 259 250 504 504
 342 340 385 385
 312 379 677 677
 418 364 505 505
 78 588 703 703
 199 200 233 233
 469 468 514 514
 214 215 238 238
 245 202 637 637
 586 283 596 596
 431 384 446 446
 365 363 368 368
 419 232 426 426
 477 224 480 480
 202 228 637 637
 226 418 421 421
 223 494 501 501
 218 183 455 455
 311 577 636 636
 351 369 467 467
 494 496 501 501
 202 203 228 228
 211 212 229 229
 445 447 489 489
 201 202 245 245
 358 357 366 366
 563 566 568 568
 608 271 669 669
 434 303 449 449
 352 351 626 626
 257 258 266 266
 377 376 674 674
 251 376 520 520
 200 201 540 540
 284 287 391 391
 373 372 453 453
 427 384 430 430
 428 390 503 503
 468 466 512 512
 260 259 504 504
 286 76 615 615
 212 213 243 243
 364 419 502 502
 376 251 674 674
 299 297 328 328
 222 433 444 444
 228 248 600 600
 355 354 655 655
 225 567 568 568
 581 589 590 590
 77 286 588 588
 225 564 575 575
 367 469 689 689
 1 375 544 544
 564 225 568 568
 417 415 420 420
 605 213 699 699
 371 366 393 393
 454 459 460 460
 585 255 588 588
 413 437 439 439
 362 358 363 363
 405 449 602 602
 248 250 251 251
 437 423 669 669
 561 381 679 679
 430 431 432 432
 392 382 481 481
 405 434 449 449
 557 475 693 693
 248 520 600 600
 248 251 520 520
 367 466 468 468
 223 492 494 494
 209 210 260 260
 247 242 249 249
 387 300 640 640
 354 367 689 689
 244 243 605 605
 491 447 493 493
 204 242 247 247
 548 373 653 653
 339 336 340 340
 473 474 516 516
 524 270 675 675
 304 302 627 627
 203 204 247 247
 447 491 521 521
 272 526 644 644
 367 351 467 467
 372 344 452 452
 211 229 259 259
 307 305 639 639
 413 423 437 437
 305 326 643 643
 224 477 556 556
 397 396 408 408
 196 197 252 252
 334 333 338 338
 197 198 256 256
 263 266 267 267
 357 370 475 475
 588 255 703 703
 525 580 586 586
 416 364 418 418
 474 473 693 693
 350 348 638 638
 243 213 605 605
 294 618 634 634
 580 592 594 594
 523 269 608 608
 364 416 419 419
 210 259 260 260
 328 395 619 619
 528 538 695 695
 261 256 263 263
 300 254 386 386
 317 381 495 495
 341 340 342 342
 453 456 653 653
 318 447 521 521
 252 261 262 262
 445 444 446 446
 586 580 590 590
 408 396 648 648
 470 514 578 578
 269 523 524 524
 253 196 670 670
 420 226 650 650
 350 351 352 352
 282 579 580 580
 308 327 569 569
 389 384 427 427
 533 598 658 658
 207 208 230 230
 255 585 596 596
 457 604 641 641
 475 474 693 693
 465 509 510 510
 496 494 498 498
 492 493 494 494
 404 397 407 407
 284 282 525 525
 248 247 249 249
 204 205 242 242
 262 284 391 391
 382 357 475 475
 619 291 666 666
 546 545 622 622
 352 354 355 355
 533 234 694 694
 354 352 626 626
 266 258 536 536
 293 619 666 666
 248 249 250 250
 219 549 560 560
 322 380 493 493
 287 386 391 391
 436 437 669 669
 554 597 646 646
 445 378 447 447
 209 260 612 612
 532 598 694 694
 336 338 429 429
 351 350 638 638
 523 608 669 669
 210 211 259 259
 347 342 348 348
 561 632 633 633
 312 308 652 652
 328 619 696 696
 335 334 690 690
 366 392 393 393
 206 207 278 278
 257 199 701 701
 593 591 594 594
 512 471 513 513
 427 390 428 428
 576 570 577 577
 433 432 444 444
 323 328 396 396
 230 260 504 504
 316 313 654 654
 301 304 640 640
 207 230 278 278
 369 462 467 467
 617 240 634 634
 565 575 576 576
 573 306 642 642
 273 277 279 279
 544 375 665 665
 363 371 411 411
 527 529 530 530
 40 39 635 635
 305 304 627 627
 304 305 307 307
 573 642 698 698
 326 302 559 559
 321 317 667 667
 568 566 632 632
 277 267 534 534
 507 534 539 539
 301 302 304 304
 585 586 596 596
 374 544 665 665
 372 218 453 453
 262 261 275 275
 296 290 595 595
 238 607 699 699
 334 335 688 688
 233 200 540 540
 287 285 288 288
 308 307 639 639
 258 409 645 645
 355 357 358 358
 367 468 469 469
 378 445 446 446
 302 301 684 684
 527 272 537 537
 362 363 365 365
 551 552 553 553
 357 355 655 655
 230 504 678 678
 62 61 671 671
 508 554 646 646
 332 432 685 685
 330 322 680 680
 4 3 331 331
 368 411 412 412
 412 411 417 417
 237 635 698 698
 373 453 653 653
 384 333 446 446
 290 289 583 583
 559 406 602 602
 552 508 691 691
 572 305 643 643
 229 625 674 674
 307 308 312 312
 249 242 678 678
 253 254 387 387
 194 209 612 612
 208 194 612 612
 264 552 692 692
 317 316 654 654
 534 531 539 539
 582 590 594 594
 268 531 534 534
 561 562 632 632
 205 193 623 623
 193 206 623 623
 625 377 674 674
 376 394 520 520
 432 431 444 444
 408 325 442 442
 322 321 667 667
 618 617 634 634
 313 312 652 652
 314 498 550 550
 385 388 425 425
 642 306 656 656
 597 532 694 694
 430 384 431 431
 276 275 281 281
 414 368 535 535
 531 529 532 532
 258 257 701 701
 316 317 321 321
 327 305 572 572
 368 412 413 413
 462 463 467 467
 312 313 316 316
 409 258 701 701
 393 392 483 483
 439 526 527 527
 321 322 330 330
 285 284 525 525
 288 292 386 386
 322 493 687 687
 263 273 275 275
 506 277 551 551
 494 495 498 498
 333 330 680 680
 496 498 500 500
 337 336 339 339
 366 382 392 392
 374 424 425 425
 514 470 515 515
 515 470 601 601
 329 308 569 569
 383 231 518 518
 574 570 576 576
 330 333 334 334
 268 414 535 535
 380 317 495 495
 291 619 620 620
 369 548 653 653
 260 230 612 612
 526 272 527 527
 616 295 700 700
 545 279 622 622
 213 214 699 699
 328 297 395 395
 453 218 455 455
 382 477 480 480
 297 296 395 395
 343 344 345 345
 261 263 275 275
 606 379 683 683
 259 229 630 630
 347 348 350 350
 463 460 464 464
 397 404 406 406
 333 378 446 446
 138 137 608 608
 498 314 500 500
 310 560 633 633
 234 597 694 694
 604 306 641 641
 301 299 684 684
 406 405 602 602
 456 454 460 460
 171 170 609 609
 59 58 402 402
 168 167 470 470
 472 469 515 515
 556 475 557 557
 278 230 678 678
 304 320 640 640
 514 353 578 578
 419 393 483 483
 196 252 670 670
 339 341 394 394
 530 529 531 531
 163 162 599 599
 306 573 641 641
 339 340 341 341
 635 577 698 698
 273 267 277 277
 214 238 699 699
 379 606 677 677
 367 354 626 626
 36 35 565 565
 369 348 548 548
 53 52 241 241
 516 216 603 603
 22 21 314 314
 252 197 261 261
 197 256 261 261
 3 2 390 390
 292 290 296 296
 153 152 422 422
 456 462 653 653
 6 5 332 332
 34 33 225 225
 270 524 705 705
 429 428 441 441
 455 182 628 628
 41 40 237 237
 250 249 504 504
 251 250 630 630
 385 340 388 388
 395 296 618 618
 381 313 679 679
 269 524 676 676
 538 235 664 664
 571 572 573 573
 134 133 220 220
 263 256 266 266
 126 125 235 235
 392 482 483 483
 175 174 510 510
 473 516 603 603
 45 44 604 604
 600 246 637 637
 152 151 621 621
 281 280 410 410
 26 25 219 219
 31 30 566 566
 388 429 441 441
 250 259 630 630
 324 408 442 442
 258 268 536 536
 369 351 638 638
 493 380 494 494
 513 353 514 514
 466 465 511 511
 38 37 311 311
 254 253 670 670
 254 300 387 387
 277 507 551 551
 57 56 442 442
 42 41 697 697
 74 73 239 239
 167 166 601 601
 35 34 702 702
 58 57 325 325
 230 208 612 612
 323 396 397 397
 55 54 440 440
 206 278 623 623
 221 543 672 672
 136 135 435 435
 564 569 574 574
 614 295 616 616
 439 487 526 526
 242 278 678 678
 465 510 511 511
 158 157 224 224
 173 172 611 611
 444 431 446 446
 365 368 414 414
 392 481 482 482
 231 401 540 540
 573 572 641 641
 346 342 347 347
 465 461 509 509
 165 164 603 603
 146 145 421 421
 584 285 585 585
 37 36 704 704
 43 42 656 656
 462 369 653 653
 362 365 409 409
 370 655 689 689
 353 513 609 609
 549 315 550 550
 135 134 436 436
 150 149 426 426
 370 474 475 475
 451 457 641 641
 405 241 486 486
 374 425 544 544
 498 495 550 550
 547 381 561 561
 579 410 592 592
 242 205 623 623
 73 72 613 613
 162 161 356 356
 324 407 408 408
 350 352 555 555
 60 59 221 221
 292 298 386 386
 17 16 499 499
 8 7 433 433
 21 20 500 500
 19 18 501 501
 394 246 520 520
 54 53 403 403
 80 79 255 255
 396 328 696 696
 166 165 216 216
 144 143 650 650
 592 593 594 594
 143 142 651 651
 178 177 478 478
 50 49 303 303
 48 47 488 488
 157 156 479 479
 180 179 459 459
 68 67 634 634
 10 9 443 443
 121 120 234 234
 16 15 490 490
 335 336 337 337
 439 527 530 530
 132 131 438 438
 268 258 645 645
 345 344 372 372
 129 128 537 537
 174 173 217 217
 407 324 440 440
 279 506 622 622
 570 571 577 577
 323 559 684 684
 169 168 578 578
 231 383 555 555
 184 183 218 218
 160 159 476 476
 454 456 628 628
 616 240 617 617
 13 12 318 318
 2 1 503 503
 46 45 457 457
 32 31 563 563
 338 384 389 389
 18 17 223 223
 161 160 610 610
 9 8 222 222
 443 445 458 458
 155 154 485 485
 151 150 232 232
 172 171 471 471
 273 279 280 280
 336 335 690 690
 164 163 473 473
 278 242 623 623
 159 158 484 484
 49 48 448 448
 154 153 359 359
 361 358 362 362
 156 155 360 360
 370 357 655 655
 67 66 294 294
 23 22 668 668
 409 365 645 645
 145 144 226 226
 51 50 434 434
 351 367 626 626
 232 483 621 621
 47 46 227 227
 127 126 538 538
 337 376 377 377
 69 68 240 240
 289 285 584 584
 11 10 458 458
 128 127 528 528
 177 176 461 461
 237 40 635 635
 137 136 271 271
 538 529 695 695
 44 43 306 306
 493 447 687 687
 494 380 495 495
 20 19 496 496
 170 169 353 353
 131 130 644 644
 513 471 609 609
 464 461 465 465
 282 281 579 579
 72 71 295 295
 185 184 452 452
 66 65 663 663
 176 175 509 509
 12 11 489 489
 29 28 649 649
 30 29 309 309
 147 146 505 505
 238 387 640 640
 300 299 301 301
 462 460 463 463
 182 181 628 628
 148 147 364 364
 181 180 454 454
 290 583 614 614
 326 305 627 627
 569 570 574 574
 562 564 568 568
 124 123 658 658
 190 189 686 686
 571 573 698 698
 560 561 633 633
 33 32 567 567
 527 537 695 695
 149 148 502 502
 403 407 440 440
 63 62 293 293
 495 497 550 550
 441 428 503 503
 130 129 272 272
 451 227 457 457
 298 297 299 299
 123 122 533 533
 52 51 486 486
 337 339 376 376
 341 342 346 346
 56 55 324 324
 79 78 703 703
 191 190 375 375
 508 552 554 554
 571 327 572 572
 77 76 286 286
 39 38 636 636
 64 63 666 666
 402 325 648 648
 262 276 284 284
 15 14 319 319
 14 13 541 541
 376 339 394 394
 292 296 297 297
 469 514 515 515
 370 472 474 474
 179 178 349 349
 529 538 664 664
 133 132 629 629
 410 398 660 660
 562 561 679 679
 581 587 589 589
 386 254 391 391
 7 6 685 685
 119 118 508 508
 483 422 621 621
 327 308 639 639
 553 265 622 622
 139 138 269 269
 94 93 593 593
 564 329 569 569
 618 294 620 620
 252 262 391 391
 424 385 425 425
 125 124 657 657
 109 108 274 274
 118 117 691 691
 24 23 315 315
 450 227 451 451
 235 657 664 664
 374 373 548 548
 61 60 672 672
 554 507 597 597
 225 575 702 702
 25 24 647 647
 65 64 291 291
 142 141 270 270
 378 680 687 687
 140 139 676 676
 469 472 689 689
 474 472 516 516
 589 586 590 590
 404 241 405 405
 453 455 456 456
 526 438 644 644
 615 583 631 631
 221 542 543 543
 580 579 592 592
 28 27 310 310
 476 484 556 556
 288 289 290 290
 411 415 417 417
 299 323 684 684
 338 389 429 429
 293 62 671 671
 343 345 665 665
 472 370 689 689
 287 288 386 386
 288 290 292 292
 414 268 645 645
 407 397 408 408
 71 70 700 700
 85 84 587 587
 275 280 281 281
 443 444 445 445
 345 374 665 665
 512 217 611 611
 302 326 627 627
 520 246 600 600
 189 188 343 343
 359 422 482 482
 570 327 571 571
 577 571 698 698
 477 475 556 556
 120 119 646 646
 523 522 524 524
 323 397 559 559
 416 393 419 419
 236 606 683 683
 562 329 564 564
 103 102 400 400
 348 369 638 638
 315 549 647 647
 257 266 673 673
 456 455 628 628
 216 516 681 681
 549 547 560 560
 331 3 390 390
 507 539 597 597
 141 140 675 675
 256 198 673 673
 305 327 639 639
 652 329 679 679
 325 408 648 648
 549 219 647 647
 267 266 536 536
 346 517 519 519
 468 512 513 513
 482 422 483 483
 583 289 631 631
 415 371 416 416
 389 427 428 428
 487 438 526 526
 534 267 536 536
 111 110 546 546
 308 329 652 652
 320 607 640 640
 471 512 611 611
 397 406 559 559
 576 311 704 704
 461 464 478 478
 525 282 580 580
 279 277 506 506
 335 244 688 688
 347 350 383 383
 403 404 407 407
 641 572 643 643
 472 515 681 681
 511 217 512 512
 228 600 637 637
 116 115 264 264
 575 574 576 576
 233 409 701 701
 284 285 287 287
 320 606 607 607
 345 373 374 374
 246 394 558 558
 346 347 517 517
 58 325 402 402
 394 341 558 558
 584 585 588 588
 550 315 668 668
 338 336 690 690
 506 551 553 553
 353 169 578 578
 515 601 681 681
 355 358 361 361
 424 374 548 548
 463 465 466 466
 117 116 692 692
 271 435 669 669
 490 492 499 499
 476 556 557 557
 361 362 401 401
 473 163 599 599
 565 576 704 704
 413 439 535 535
 380 322 667 667
 378 333 680 680
 415 416 418 418
 170 353 609 609
 304 307 320 320
 492 223 499 499
 221 59 402 402
 381 317 654 654
 371 393 416 416
 244 605 683 683
 316 321 379 379
 606 320 677 677
 660 659 662 662
 289 584 631 631
 562 568 632 632
 41 237 697 697
 476 557 610 610
 451 641 643 643
 481 359 482 482
 151 232 621 621
 34 225 702 702
 450 448 488 488
 651 270 705 705
 83 82 283 283
 314 550 668 668
 464 349 478 478
 342 385 424 424
 665 375 686 686
 317 380 667 667
 187 186 344 344
 166 216 601 601
 243 624 625 625
 106 105 399 399
 325 57 442 442
 276 281 282 282
 356 557 693 693
 310 633 649 649
 564 574 575 575
 286 615 631 631
 227 450 488 488
 439 530 535 535
 251 630 674 674
 633 309 649 649
 53 241 403 403
 559 302 684 684
 233 401 409 409
 313 381 654 654
 134 220 436 436
 276 282 284 284
 490 491 492 492
 635 39 636 636
 113 112 265 265
 239 73 613 613
 311 37 704 704
 470 167 601 601
 565 35 702 702
 217 173 611 611
 481 360 485 485
 337 377 624 624
 423 412 523 523
 235 125 657 657
 269 138 608 608
 504 249 678 678
 435 135 436 436
 331 427 430 430
 401 362 409 409
 160 476 610 610
 6 332 685 685
 87 86 581 581
 216 165 603 603
 522 417 705 705
 398 545 659 659
 298 299 300 300
 359 481 485 485
 383 350 555 555
 268 534 536 536
 619 395 620 620
 281 410 579 579
 100 99 661 661
 36 565 704 704
 401 233 540 540
 456 460 462 462
 531 532 539 539
 422 152 621 621
 162 356 599 599
 560 547 561 561
 54 403 440 440
 44 306 604 604
 270 141 675 675
 359 153 422 422
 241 52 486 486
 656 42 697 697
 271 136 435 435
 449 448 450 450
 225 33 567 567
 174 217 510 510
 329 562 679 679
 595 290 614 614
 38 311 636 636
 126 235 538 538
 557 356 610 610
 246 519 637 637
 480 360 481 481
 56 324 442 442
 158 224 484 484
 292 297 298 298
 398 279 545 545
 223 17 499 499
 9 222 443 443
 224 157 479 479
 463 466 467 467
 509 175 510 510
 563 31 566 566
 324 55 440 440
 630 229 674 674
 164 473 603 603
 18 223 501 501
 404 405 406 406
 156 360 479 479
 232 150 426 426
 497 547 549 549
 240 68 634 634
 517 383 518 518
 30 309 566 566
 20 496 500 500
 457 45 604 604
 471 171 609 609
 222 8 433 433
 632 309 633 633
 145 226 421 421
 487 220 629 629
 341 346 558 558
 220 133 629 629
 517 245 519 519
 16 490 499 499
 335 337 624 624
 391 254 670 670
 92 91 591 591
 172 471 611 611
 588 286 631 631
 460 349 464 464
 655 354 689 689
 346 519 558 558
 496 19 501 501
 227 46 457 457
 334 338 690 690
 296 617 618 618
 343 665 686 686
 137 271 608 608
 314 21 500 500
 434 405 486 486
 529 527 695 695
 356 161 610 610
 360 155 485 485
 10 443 458 458
 168 470 578 578
 146 421 505 505
 542 402 648 648
 306 43 656 656
 448 48 488 488
 154 359 485 485
 476 159 484 484
 671 61 672 672
 47 227 488 488
 303 49 448 448
 226 144 650 650
 497 381 547 547
 585 525 586 586
 492 491 493 493
 245 517 518 518
 458 445 489 489
 128 528 537 537
 426 149 502 502
 50 303 434 434
 575 565 702 702
 32 563 567 567
 345 372 373 373
 454 180 459 459
 60 221 672 672
 11 458 489 489
 438 487 629 629
 177 461 478 478
 680 322 687 687
 318 12 489 489
 15 319 490 490
 184 218 452 452
 90 89 582 582
 539 532 597 597
 347 383 517 517
 142 270 651 651
 510 217 511 511
 67 294 634 634
 605 236 683 683
 528 127 538 538
 521 319 541 541
 181 454 628 628
 421 418 505 505
 51 434 486 486
 318 521 541 541
 307 312 677 677
 620 294 663 663
 433 7 685 685
 403 241 404 404
 221 402 542 542
 272 129 537 537
 255 79 703 703
 219 25 647 647
 130 272 644 644
 132 438 629 629
 390 2 503 503
 13 318 541 541
 148 364 502 502
 461 176 509 509
 364 147 505 505
 491 319 521 521
 479 360 480 480
 657 598 664 664
 437 220 487 487
 438 131 644 644
 291 620 663 663
 72 295 613 613
 595 614 616 616
 365 414 645 645
 566 309 632 632
 349 178 478 478
 436 220 437 437
 599 356 693 693
 294 66 663 663
 123 533 658 658
 28 310 649 649
 650 143 651 651
 22 314 668 668
 490 319 491 491
 607 236 699 699
 331 390 427 427
 567 563 568 568
 179 349 459 459
 516 472 681 681
 315 23 668 668
 577 635 636 636
 244 682 688 688
 303 448 449 449
 309 29 649 649
 463 464 465 465
 443 222 444 444
 321 330 682 682
 607 238 640 640
 65 291 663 663
 234 120 646 646
 24 315 647 647
 291 64 666 666
 519 245 637 637
 624 377 625 625
 139 269 676 676
 319 14 541 541
 63 293 666 666
 252 391 670 670
 295 71 700 700
 459 349 460 460
 285 525 585 585
 598 532 664 664
 313 652 679 679
 375 190 686 686
 601 216 681 681
 330 334 688 688
 119 508 646 646
 423 523 669 669
 606 236 607 607
 519 246 558 558
 266 256 673 673
 412 522 523 523
 537 528 695 695
 508 118 691 691
 613 295 614 614
 682 244 683 683
 395 618 620 620
 419 426 502 502
 524 522 705 705
 420 651 705 705
 296 595 617 617
 280 398 410 410
 389 428 429 429
 657 124 658 658
 543 542 696 696
 396 542 648 648
 497 549 550 550
 320 307 677 677
 379 682 683 683
 189 343 686 686
 595 616 617 617
 551 507 554 554
 697 237 698 698
 379 321 682 682
 506 553 622 622
 691 117 692 692
 447 378 687 687
 675 140 676 676
 542 396 696 696
 116 264 692 692
 552 551 554 554
 682 330 688 688
 584 588 631 631
 348 424 548 548
 417 420 705 705
 590 580 594 594
 543 671 672 672
 398 659 660 660
 642 697 698 698
 642 656 697 697
 432 433 685 685
 420 650 651 651
 598 657 658 658
 524 675 676 676
 552 691 692 692
 399 104 400 400
 188 187 344 344
 1 191 375 375
 441 1 544 544
 5 4 332 332
 27 26 310 310
 70 69 616 616
 75 74 239 239
 76 75 615 615
 78 77 588 588
 81 80 255 255
 82 81 283 283
 84 83 587 587
 86 85 581 581
 88 87 581 581
 89 88 582 582
 91 90 582 582
 91 582 591 591
 93 92 591 591
 93 591 593 593
 95 94 593 593
 96 95 592 592
 592 95 593 593
 97 96 592 592
 98 97 592 592
 99 98 661 661
 101 100 661 661
 102 101 400 400
 400 101 662 662
 104 103 400 400
 105 104 399 399
 107 106 399 399
 108 107 274 274
 110 109 274 274
 110 274 546 546
 112 111 546 546
 265 112 546 546
 114 113 265 265
 115 114 264 264
 122 121 533 533
 121 234 533 533
 186 185 344 344
 201 231 540 540
 418 226 420 420
 262 275 276 276
 274 399 659 659
 274 545 546 546
 587 283 589 589
 619 293 671 671
 312 316 379 379
 332 430 432 432
 388 336 429 429
 352 355 361 361
 363 366 371 371
 592 410 661 661
 450 451 643 643
 619 543 696 696
 582 581 590 590
 591 582 594 594
 661 660 662 662
