TITLE     = "Visualization of the solution"
VARIABLES = "x"
"y"
"Pressure_Coefficient"
ZONE T="Zone"
 STRANDID=0, SOLUTIONTIME=0
 Nodes=686, Elements=1157, ZONETYPE=FEQuadrilateral
 DATAPACKING=POINT
 DT=(DOUBLE DOUBLE DOUBLE )
 1.000117898E+00 5.210215459E-04 2.349323909E-01
 9.866257310E-01 3.114116145E-03 1.933690005E-01
 9.743009806E-01 5.432383623E-03 1.340288221E-01
 9.598236084E-01 8.190818131E-03 5.739043550E-02
 9.462140203E-01 1.076248288E-02 2.797772706E-02
 9.337207675E-01 1.304924581E-02 -1.360062172E-02
 9.228339195E-01 1.508607995E-02 -4.106965188E-02
 9.105379581E-01 1.725115813E-02 -7.183115760E-02
 8.993502855E-01 1.927037165E-02 -1.032424072E-01
 8.869356513E-01 2.133940719E-02 -1.160814168E-01
 8.745984435E-01 2.335554734E-02 -1.402241282E-01
 8.626942635E-01 2.527625673E-02 -1.646258790E-01
 8.502011299E-01 2.718803659E-02 -1.735966500E-01
 8.381696939E-01 2.893079072E-02 -1.825699195E-01
 8.262456059E-01 3.066177666E-02 -1.986847900E-01
 8.131098747E-01 3.251471743E-02 -2.097615966E-01
 7.998645306E-01 3.432225063E-02 -2.196381954E-01
 7.876501679E-01 3.595868126E-02 -2.325659100E-01
 7.750536799E-01 3.762267157E-02 -2.469539313E-01
 7.630387545E-01 3.917299956E-02 -2.576406264E-01
 7.499700189E-01 4.080319777E-02 -2.697170653E-01
 7.360878587E-01 4.250745475E-02 -2.821002996E-01
 7.250250578E-01 4.382821172E-02 -2.963646289E-01
 7.137984037E-01 4.515884817E-02 -3.091774598E-01
 7.018245459E-01 4.650774226E-02 -3.223657094E-01
 6.883157492E-01 4.800710455E-02 -3.352186299E-01
 6.750444770E-01 4.940087721E-02 -3.471406953E-01
 6.645042300E-01 5.049304292E-02 -3.603197955E-01
 6.526638865E-01 5.166073516E-02 -3.733071368E-01
 6.413892508E-01 5.273773521E-02 -3.820407594E-01
 6.293089390E-01 5.382123962E-02 -3.946809598E-01
 6.180515885E-01 5.481579900E-02 -4.110110148E-01
 6.071619391E-01 5.570467189E-02 -4.170510396E-01
 5.946723223E-01 5.665263906E-02 -4.244956808E-01
 5.827822685E-01 5.750683695E-02 -4.363243547E-01
 5.693255067E-01 5.841482803E-02 -4.485129105E-01
 5.564555526E-01 5.919233337E-02 -4.559119598E-01
 5.436874032E-01 5.987558141E-02 -4.629011552E-01
 5.325225592E-01 6.041479483E-02 -4.684037381E-01
 5.205249190E-01 6.093034521E-02 -4.697036719E-01
 5.076644421E-01 6.139440835E-02 -4.763720471E-01
 4.967868924E-01 6.175399572E-02 -4.788940071E-01
 4.836431146E-01 6.207863986E-02 -4.809054937E-01
 4.706795514E-01 6.234363467E-02 -4.840989875E-01
 4.565751553E-01 6.251949817E-02 -4.806885756E-01
 4.426489472E-01 6.259503216E-02 -4.791531758E-01
 4.296643436E-01 6.260399520E-02 -4.790102141E-01
 4.167632461E-01 6.253876537E-02 -4.789350514E-01
 4.043124616E-01 6.239643693E-02 -4.743663955E-01
 3.916955590E-01 6.218706816E-02 -4.721765161E-01
 3.797336519E-01 6.192119420E-02 -4.705428879E-01
 3.685313165E-01 6.161449850E-02 -4.631143736E-01
 3.552581668E-01 6.117201969E-02 -4.562379865E-01
 3.431877494E-01 6.071570143E-02 -4.531121956E-01
 3.307000995E-01 6.018868461E-02 -4.502612211E-01
 3.202099502E-01 5.968046561E-02 -4.461986822E-01
 3.081134260E-01 5.904825404E-02 -4.424824737E-01
 2.952470481E-01 5.829378963E-02 -4.356856202E-01
 2.813155651E-01 5.740044639E-02 -4.265501243E-01
 2.687251270E-01 5.650923029E-02 -4.193420213E-01
 2.566268742E-01 5.558921769E-02 -4.129784680E-01
 2.440045774E-01 5.457030609E-02 -4.054624213E-01
 2.311214805E-01 5.345351994E-02 -4.003170957E-01
 2.189562619E-01 5.232686922E-02 -3.928733462E-01
 2.070103884E-01 5.114550516E-02 -3.851157286E-01
 1.955522448E-01 4.994574562E-02 -3.786512449E-01
 1.831113249E-01 4.857205972E-02 -3.709837559E-01
 1.711727530E-01 4.716880992E-02 -3.626659687E-01
 1.594519615E-01 4.570870474E-02 -3.530398007E-01
 1.475555003E-01 4.414666072E-02 -3.485475522E-01
 1.367576569E-01 4.265922308E-02 -3.391213114E-01
 1.253389269E-01 4.097633809E-02 -3.271962228E-01
 1.139581129E-01 3.921176121E-02 -3.207712172E-01
 1.032868400E-01 3.746163845E-02 -3.139595133E-01
 9.356051683E-02 3.577538580E-02 -3.043656798E-01
 8.261681348E-02 3.375050053E-02 -2.888745110E-01
 7.102657855E-02 3.144891560E-02 -2.813082249E-01
 6.129981205E-02 2.936812863E-02 -2.753335227E-01
 5.176853016E-02 2.715667151E-02 -2.622884724E-01
 4.286714271E-02 2.490635030E-02 -2.426059859E-01
 3.525449336E-02 2.279300243E-02 -2.283299055E-01
 2.868545428E-02 2.078902721E-02 -2.146423202E-01
 2.303128503E-02 1.889091730E-02 -2.113797304E-01
 1.894732751E-02 1.737881638E-02 -1.835758830E-01
 1.514134835E-02 1.582431048E-02 -1.756277732E-01
 1.236895844E-02 1.457965560E-02 -1.202127851E-01
 9.929903783E-03 1.337787881E-02 -9.947178647E-02
 8.156395517E-03 1.241847407E-02 -9.107812550E-02
 6.525841076E-03 1.146509033E-02 -8.728099845E-02
 5.025974941E-03 1.049491577E-02 -2.166420892E-02
 3.087250749E-03 9.067799896E-03 -1.493592876E-02
 1.439672313E-03 7.609936409E-03 1.158081441E-01
 3.329123501E-05 6.047030911E-03 2.282629615E-01
 -1.313090674E-03 3.920258023E-03 3.911948203E-01
 -1.935218344E-03 2.239108318E-03 9.981044318E-01
 -2.170977416E-03 8.733040304E-04 6.836096877E-01
 -2.159311203E-03 -7.657179958E-04 9.248991741E-01
 -1.770053175E-03 -2.678115852E-03 7.720497513E-01
 -8.417498320E-04 -4.895675927E-03 6.851656526E-01
 6.794089568E-04 -7.281781640E-03 6.935537404E-01
 2.833475359E-03 -9.781369939E-03 5.546496980E-01
 4.765262362E-03 -1.161730569E-02 4.500631583E-01
 7.033867296E-03 -1.348403469E-02 4.097494325E-01
 8.715941571E-03 -1.472386438E-02 2.797138864E-01
 1.080998965E-02 -1.614758745E-02 2.697820743E-01
 1.328849141E-02 -1.767984964E-02 2.141402534E-01
 1.658491232E-02 -1.954247616E-02 1.664313897E-01
 1.975769177E-02 -2.117601223E-02 8.936653865E-02
 2.389563434E-02 -2.311814018E-02 4.069983787E-02
 2.944157459E-02 -2.547169290E-02 -7.817080590E-03
 3.530088812E-02 -2.771294490E-02 -7.413365532E-02
 4.268276319E-02 -3.025487997E-02 -1.059952175E-01
 5.028683692E-02 -3.262694180E-02 -1.621026328E-01
 5.916847289E-02 -3.513240069E-02 -1.936163690E-01
 6.788565964E-02 -3.738007322E-02 -2.179744938E-01
 7.834409177E-02 -3.984739259E-02 -2.346702798E-01
 8.823240548E-02 -4.199660942E-02 -2.594969601E-01
 9.880455583E-02 -4.412721097E-02 -2.745367251E-01
 1.098751724E-01 -4.619652778E-02 -2.881445699E-01
 1.214587986E-01 -4.819798097E-02 -3.040218785E-01
 1.329980344E-01 -5.005689710E-02 -3.170279755E-01
 1.434086859E-01 -5.163760483E-02 -3.299216085E-01
 1.544282734E-01 -5.319866538E-02 -3.413803517E-01
 1.661540121E-01 -5.477047712E-02 -3.527351588E-01
 1.776160002E-01 -5.619230121E-02 -3.671882017E-01
 1.892106831E-01 -5.753828958E-02 -3.766569716E-01
 1.995289326E-01 -5.865098163E-02 -3.881043692E-01
 2.105023116E-01 -5.975757167E-02 -3.963310306E-01
 2.225025296E-01 -6.087186933E-02 -4.057275085E-01
 2.347905189E-01 -6.193842366E-02 -4.184303053E-01
 2.467103750E-01 -6.285857409E-02 -4.320848020E-01
 2.591163218E-01 -6.370972097E-02 -4.395397552E-01
 2.701428831E-01 -6.439407170E-02 -4.510016898E-01
 2.827946544E-01 -6.507167220E-02 -4.615797948E-01
 2.952280343E-01 -6.562159210E-02 -4.708730162E-01
 3.082100451E-01 -6.607504189E-02 -4.789689428E-01
 3.198100328E-01 -6.637581438E-02 -4.853525600E-01
 3.322134614E-01 -6.656546891E-02 -4.873961934E-01
 3.427684009E-01 -6.663785130E-02 -4.900330718E-01
 3.542546928E-01 -6.662163883E-02 -4.905801851E-01
 3.653283417E-01 -6.651461869E-02 -4.975595949E-01
 3.759989440E-01 -6.628040969E-02 -4.940006483E-01
 3.875083923E-01 -6.592646241E-02 -4.822646667E-01
 4.003387988E-01 -6.541199982E-02 -4.753876970E-01
 4.124908447E-01 -6.477500498E-02 -4.648708232E-01
 4.255428314E-01 -6.397314370E-02 -4.501999222E-01
 4.381354451E-01 -6.302621216E-02 -4.318809705E-01
 4.510924816E-01 -6.194079295E-02 -4.075399654E-01
 4.636498094E-01 -6.077861041E-02 -3.870729901E-01
 4.762053490E-01 -5.948285013E-02 -3.622519838E-01
 4.881223142E-01 -5.814815313E-02 -3.333625766E-01
 5.005781651E-01 -5.669581518E-02 -3.088576172E-01
 5.142415166E-01 -5.497267842E-02 -2.790458697E-01
 5.279268026E-01 -5.318920687E-02 -2.499531445E-01
 5.408818126E-01 -5.138745159E-02 -2.185170051E-01
 5.546679497E-01 -4.947273806E-02 -1.903317229E-01
 5.676094890E-01 -4.760488495E-02 -1.698324384E-01
 5.808574557E-01 -4.563117027E-02 -1.409587855E-01
 5.934841037E-01 -4.373443127E-02 -1.150260232E-01
 6.061305404E-01 -4.181478545E-02 -9.342143986E-02
 6.195605397E-01 -3.975557163E-02 -6.948513615E-02
 6.335373521E-01 -3.761314601E-02 -4.785383579E-02
 6.472014785E-01 -3.550114483E-02 -2.695201677E-02
 6.604537964E-01 -3.344021738E-02 -3.952632081E-03
 6.739286184E-01 -3.134885430E-02 1.793586180E-02
 6.864667535E-01 -2.943193167E-02 3.530057399E-02
 6.987407804E-01 -2.753873728E-02 5.325080480E-02
 7.136759162E-01 -2.528419904E-02 7.301233031E-02
 7.267486453E-01 -2.331606857E-02 8.931590096E-02
 7.381594181E-01 -2.159077860E-02 1.068486758E-01
 7.507010698E-01 -1.972032525E-02 1.289109185E-01
 7.638537288E-01 -1.786924154E-02 1.410164558E-01
 7.768232822E-01 -1.599499583E-02 1.565640451E-01
 7.887985110E-01 -1.432365831E-02 1.771051076E-01
 8.012747765E-01 -1.259791013E-02 1.945716086E-01
 8.126851916E-01 -1.113182213E-02 2.100595821E-01
 8.240040541E-01 -9.686745703E-03 2.188342029E-01
 8.361277580E-01 -8.169210516E-03 2.394828369E-01
 8.485356569E-01 -6.743579637E-03 2.549220661E-01
 8.606553078E-01 -5.423671566E-03 2.674352538E-01
 8.720051646E-01 -4.264171701E-03 2.811508853E-01
 8.834843040E-01 -3.185471054E-03 2.950850068E-01
 8.965246081E-01 -2.131189220E-03 3.051959765E-01
 9.067026377E-01 -1.413674676E-03 3.128257455E-01
 9.167145491E-01 -7.921808283E-04 3.167374200E-01
 9.262233377E-01 -3.065338824E-04 3.195456891E-01
 9.353374243E-01 7.840478793E-05 3.293415245E-01
 9.477368593E-01 4.570716410E-04 3.184452819E-01
 9.617205262E-01 7.065742975E-04 3.275644021E-01
 9.764108062E-01 7.800462772E-04 3.286226460E-01
 9.893732667E-01 6.790503976E-04 3.291743131E-01
 -5.000000000E-01 -1.000000000E+00 2.403807257E-02
 3.500000000E+00 -1.000000000E+00 1.475127351E-02
 3.500000000E+00 1.000000000E+00 2.707801285E-03
 -5.000000000E-01 1.000000000E+00 -3.164462650E-04
 -5.000000000E-01 5.000000000E-01 3.380554145E-02
 -5.000000000E-01 2.752797990E-12 9.610730684E-02
 -5.000000000E-01 -5.000000000E-01 5.631851301E-02
 -9.421907698E-13 -1.000000000E+00 9.828700650E-03
 5.000000000E-01 -1.000000000E+00 -1.655931165E-02
 1.000000000E+00 -1.000000000E+00 3.261100585E-03
 1.500000000E+00 -1.000000000E+00 2.312799061E-02
 2.000000000E+00 -1.000000000E+00 2.291861694E-02
 2.500000000E+00 -1.000000000E+00 1.817243427E-02
 3.000000000E+00 -1.000000000E+00 1.518439842E-02
 3.500000000E+00 -5.000000000E-01 1.777465829E-02
 3.500000000E+00 -2.752797990E-12 1.771133159E-02
 3.500000000E+00 5.000000000E-01 9.010880736E-03
 3.000000000E+00 1.000000000E+00 -1.525057211E-04
 2.500000000E+00 1.000000000E+00 -6.217557091E-03
 2.000000000E+00 1.000000000E+00 -1.969342673E-02
 1.500000000E+00 1.000000000E+00 -5.181210899E-02
 1.000000000E+00 1.000000000E+00 -9.694277276E-02
 5.000000000E-01 1.000000000E+00 -8.645041073E-02
 1.733724275E-12 1.000000000E+00 -2.482563384E-02
 6.815547024E-01 -4.176194566E-02 2.406603674E-02
 7.867342026E-01 -2.735366025E-02 1.665566534E-01
 9.033322154E-01 -1.332812455E-02 2.905813814E-01
 6.926353760E-01 6.082024429E-02 -3.216451003E-01
 2.753557303E-01 6.804896045E-02 -4.122908667E-01
 2.723078237E-01 -7.605639540E-02 -4.314053486E-01
 9.079779358E-01 3.107177912E-02 -7.480131263E-02
 7.946735389E-01 5.104080463E-02 -2.193874307E-01
 5.778824274E-01 -6.107231722E-02 -1.447081467E-01
 5.849725610E-01 7.087443661E-02 -4.193308328E-01
 4.104145938E-01 7.325029678E-02 -4.622852955E-01
 4.081122759E-01 -7.737674060E-02 -4.434451534E-01
 1.707302389E+00 -5.304867107E-01 2.761536527E-02
 1.775909331E+00 5.428802736E-01 -1.038873600E-02
 3.031178525E+00 2.156826973E-01 1.055799531E-02
 7.833777033E-01 -5.671838871E-01 4.871753594E-03
 4.833197131E-01 -6.913589627E-02 -3.339582231E-01
 3.770910511E-01 -6.780540138E-01 -4.297389663E-02
 1.220936423E-01 -6.143050678E-02 -2.744695846E-01
 1.929407138E-01 -7.035238212E-02 -3.632298766E-01
 7.524469651E-01 6.737163021E-01 -1.266561083E-01
 4.892938237E-01 7.389545364E-02 -4.636707678E-01
 3.330381671E-01 6.149294063E-01 -1.157832542E-01
 1.071387399E-01 4.831624049E-02 -2.953288400E-01
 1.645970006E-01 5.872154235E-02 -3.421637461E-01
 2.734840199E+00 -5.326992863E-01 1.496366465E-02
 1.188736576E+00 6.523360674E-01 -5.705269362E-02
 9.869260014E-01 3.435659196E-01 -6.085183432E-02
 1.232898542E+00 -6.455059827E-01 3.445644993E-02
 1.502714689E+00 -2.482299340E-01 3.313033763E-02
 2.227421415E+00 -5.771510520E-01 1.653535768E-02
 2.002224352E+00 -2.153857024E-01 1.638777472E-02
 2.412844155E+00 -1.852533536E-01 1.168329390E-02
 2.184593220E+00 1.581632668E-01 5.996864700E-03
 1.790205389E+00 1.247365558E-01 6.574810022E-03
 -2.742948478E-01 2.322945370E-01 8.615871655E-02
 -1.007938750E-01 6.205389520E-01 -1.946282782E-02
 2.859570262E-02 3.288694544E-01 -4.222949525E-02
 4.523908131E-02 3.458159930E-02 -2.014803900E-01
 -2.713315817E-01 -2.367765464E-01 1.125742695E-01
 -1.459941482E-01 -6.017674744E-01 1.924755690E-02
 1.170143279E-01 -3.764003020E-01 -4.106461660E-02
 3.374282462E-01 -7.574250585E-02 -4.719204121E-01
 7.111824167E-02 -4.781473194E-02 -1.892856611E-01
 2.191409486E+00 6.008145470E-01 -4.105651234E-03
 2.738067469E+00 6.037871212E-01 3.552293254E-03
 -2.354963079E-01 -4.491418015E-03 1.513766828E-01
 -1.279766006E-01 1.265078350E-01 1.409671101E-01
 -1.099257685E-01 -1.271695882E-01 1.739219483E-01
 -7.700141930E-02 -3.217759358E-01 4.474692611E-02
 8.516774519E-03 -1.816128702E-01 5.322630514E-02
 3.700670362E-02 -3.474878151E-02 -4.894913675E-02
 1.611080490E-01 -2.287094404E-01 -1.464331411E-01
 -2.236448653E-02 -9.870942352E-02 1.959313865E-01
 -1.100575786E-01 -2.341173672E-02 2.858135610E-01
 -7.092800482E-02 5.528791178E-02 2.774193564E-01
 3.277558871E-02 -1.156608576E-01 4.494556695E-02
 3.109356143E+00 -2.612815699E-01 1.551816127E-02
 -5.125734695E-02 -3.890667084E-02 3.513528619E-01
 -5.142718575E-02 1.143143455E-02 4.770963286E-01
 -2.847812079E-02 5.035630295E-02 2.917703652E-01
 2.344084819E-02 2.648237509E-02 -1.327022866E-01
 -3.679082404E-02 1.020186765E-01 1.375547568E-01
 3.388223158E-02 1.134752373E-01 -2.394781914E-02
 7.410230019E-02 4.329051389E-02 -2.521668962E-01
 -2.093640755E-02 1.843469055E-01 3.742515856E-02
 7.452806380E-02 1.949940650E-01 -1.082547863E-01
 2.124456709E-01 6.426236516E-02 -3.740341676E-01
 1.741791191E-01 2.772823997E-01 -1.721941679E-01
 3.488277749E-01 7.139714867E-02 -4.432351765E-01
 3.092411810E-01 7.194591112E-02 -4.262731523E-01
 1.885538578E-01 6.156898848E-02 -3.571649507E-01
 2.194782559E-01 1.815977716E-01 -2.590278321E-01
 2.841731231E-01 2.327818032E-01 -2.621062106E-01
 2.930210909E-01 1.614911810E-01 -3.271970894E-01
 3.649337405E-01 2.200280937E-01 -3.035364360E-01
 3.205436882E-01 3.550728036E-01 -2.116631961E-01
 4.501939314E-01 2.671019547E-01 -2.823116208E-01
 5.375141433E-01 6.905433006E-02 -4.535043855E-01
 4.768176285E-01 1.767770871E-01 -3.525098698E-01
 5.523728583E-01 2.156436874E-01 -3.058991161E-01
 6.480344890E-01 6.322196526E-02 -3.676238796E-01
 6.260200663E-01 6.587203210E-02 -3.878332089E-01
 6.747301876E-01 6.018462688E-02 -3.416608033E-01
 4.478577839E-01 7.677612381E-02 -4.622420170E-01
 5.380689535E-01 1.433466542E-01 -3.732539349E-01
 6.103803121E-01 1.583615505E-01 -3.220503373E-01
 6.355474828E-01 2.430071070E-01 -2.579022883E-01
 6.987681198E-01 1.616375103E-01 -2.593713957E-01
 7.439030263E-01 5.832162321E-02 -2.695347258E-01
 7.190783336E-01 5.927932116E-02 -2.958838800E-01
 7.234841653E-01 2.437959768E-01 -2.105565834E-01
 7.948628924E-01 1.846879629E-01 -1.778816968E-01
 8.606510933E-01 4.042762379E-02 -1.523093634E-01
 8.287204853E-01 4.090800294E-02 -1.892791267E-01
 8.846195699E-01 3.589588635E-02 -1.166411613E-01
 3.678820045E-01 1.461109040E-01 -3.747829175E-01
 7.534101869E-01 1.229726995E-01 -2.340208569E-01
 8.282265645E-01 1.251294786E-01 -1.603076539E-01
 8.693770426E-01 1.794671303E-01 -1.081433916E-01
 9.544696418E-01 2.227219740E-02 3.852751988E-02
 9.307039109E-01 2.642117094E-02 -2.019269117E-02
 9.082753302E-01 1.166965811E-01 -7.798598919E-02
 9.390308982E-01 1.651043637E-01 -5.505151704E-02
 9.691887264E-01 1.110009123E-01 -1.860553718E-03
 1.022254354E+00 1.832897592E-01 -1.095667623E-02
 1.143462734E+00 2.698095448E-01 -3.112271753E-03
 1.175019639E+00 1.360529761E-01 4.108658641E-02
 1.317475493E+00 2.691304164E-01 4.013235578E-03
 1.364158280E+00 7.064265534E-02 3.191848004E-02
 1.233876969E+00 -3.677156815E-02 5.832408854E-02
 1.120788716E+00 2.541720726E-02 8.825893559E-02
 2.424431365E-01 1.242840836E-01 -3.287985523E-01
 1.923505394E-01 1.256339165E-01 -2.870641218E-01
 8.293329342E-01 2.854023549E-01 -1.467135679E-01
 6.567043716E-01 1.229853110E-01 -3.190760442E-01
 9.372217819E-01 7.434069352E-02 -1.994791840E-02
 9.780162454E-01 5.968772641E-02 4.756953582E-02
 9.860245667E-01 1.615217762E-02 1.360913765E-01
 1.048548121E+00 8.310442225E-02 8.335034486E-02
 6.656820439E-01 3.748476367E-01 -1.816027083E-01
 5.831189917E-01 1.153716988E-01 -3.767432007E-01
 5.651199139E-01 7.497454880E-02 -4.314855625E-01
 4.802640768E-01 4.225580568E-01 -2.062002158E-01
 7.884538319E-01 9.337151834E-02 -2.093772751E-01
 7.763150311E-01 4.896552419E-02 -2.388216315E-01
 4.849425494E-01 1.181745149E-01 -4.111786412E-01
 4.319354250E-01 1.304856176E-01 -3.991214200E-01
 8.634246413E-01 8.716513713E-02 -1.284558693E-01
 9.283230935E-02 1.114694331E-01 -1.849883875E-01
 3.258470619E-01 1.151662921E-01 -3.816522303E-01
 1.052643395E+00 1.516890638E-02 1.307382451E-01
 1.017077066E+00 3.830958426E-02 1.362530577E-01
 5.207523007E-01 1.034464293E-01 -4.201974770E-01
 5.157555069E-01 7.696695727E-02 -4.527307718E-01
 1.415854868E-01 4.470736182E-01 -9.230283671E-02
 -8.431890255E-03 -6.042079288E-02 3.290517325E-01
 8.618708257E-03 -1.730744632E-02 3.049986319E-01
 2.052439151E-02 -2.728263136E-02 1.083923732E-01
 2.816359625E-02 -7.399559629E-02 7.318958113E-02
 5.435221716E-02 -4.393453126E-02 -1.314115439E-01
 6.932489393E-02 -9.076221077E-02 -1.005541839E-01
 1.003434937E-01 -5.333010980E-02 -2.565980940E-01
 8.215340241E-02 -1.379763301E-01 -6.826429114E-02
 1.093874343E-01 -1.083299027E-01 -1.844763353E-01
 1.555747938E-01 -6.546417325E-02 -3.214190001E-01
 5.526418294E-01 9.763704829E-02 -4.099297517E-01
 5.015133403E-01 7.215213397E-02 -4.633999440E-01
 4.982660859E-01 8.883222863E-02 -4.442260069E-01
 4.775898614E-01 8.812424109E-02 -4.482595182E-01
 1.246470715E-02 6.624709207E-02 5.504144275E-02
 1.382536703E+00 -1.058184051E-01 4.266540872E-02
 1.259156665E+00 -2.039190989E-01 6.367401551E-02
 1.076065061E+00 -2.010269726E-01 1.098637300E-01
 9.727852286E-01 -1.206675475E-02 2.983244606E-01
 1.146674883E+00 -3.740469034E-01 6.082060798E-02
 9.700386475E-01 -3.043182570E-01 8.600707190E-02
 9.526799756E-01 -1.554751024E-01 1.525087931E-01
 8.426854239E-01 -1.976665844E-02 2.353661440E-01
 8.185559207E-01 -2.628567396E-02 2.027376728E-01
 8.671370185E-01 -1.515877020E-02 2.636329251E-01
 8.491706694E-01 -2.350794059E-01 9.226008554E-02
 7.316113294E-01 -3.247432145E-02 9.423979950E-02
 8.490332393E-01 -1.293004797E-01 1.415838765E-01
 7.525647968E-01 -1.689008086E-01 6.464160091E-02
 6.274412548E-01 -5.196892759E-02 -5.875979686E-02
 7.296704898E-01 -2.669487917E-01 1.541782405E-02
 6.257439613E-01 -2.135745464E-01 -6.053214804E-02
 6.206457904E-01 -2.999984968E-01 -6.248667734E-02
 5.304107948E-01 -2.385491935E-01 -1.305084169E-01
 5.715791208E-01 -1.630907796E-01 -1.255727423E-01
 5.223210706E-01 -7.083451208E-02 -2.499211608E-01
 5.519742832E-01 -6.581424344E-02 -1.927679451E-01
 4.704136415E-01 -1.770317741E-01 -2.271981106E-01
 4.432075586E-01 -7.795502911E-02 -3.929518939E-01
 4.386398545E-01 -2.394420200E-01 -2.051503467E-01
 3.711700809E-01 -1.831862476E-01 -2.794300365E-01
 3.697707366E-01 -7.859798184E-02 -4.661653598E-01
 3.336103685E-01 -2.743970346E-01 -1.969538121E-01
 6.330519569E-01 -1.301813645E-01 -5.873860055E-02
 1.032625188E+00 -1.034255793E-01 1.750360658E-01
 9.085092013E-01 -9.209999078E-02 2.103278789E-01
 9.291453195E-01 -9.778881535E-03 3.100192072E-01
 7.808770442E-01 -9.860656754E-02 1.120542081E-01
 5.038223531E-01 -1.277829845E-01 -2.352190726E-01
 8.268496864E-01 -7.688980302E-02 1.739424136E-01
 4.165459276E-01 -1.375071375E-01 -3.233336454E-01
 4.925460262E-01 -3.835987497E-01 -9.523541172E-02
 7.063147103E-01 -1.115057015E-01 3.369928639E-02
 5.823199342E-01 -1.066295899E-01 -1.277819592E-01
 7.387825853E-01 -7.787275997E-02 8.343251920E-02
 7.085765861E-01 -4.095110403E-02 5.922887982E-02
 9.850489768E-01 -5.025948859E-01 4.101151766E-02
 2.611901474E-01 -1.893585787E-01 -2.533644308E-01
 2.421478269E-01 -7.772895903E-02 -4.027243733E-01
 3.172791017E-01 -1.497355317E-01 -3.341182614E-01
 6.206306493E-01 -8.958473315E-02 -7.162276051E-02
 6.025691227E-01 -5.614403218E-02 -9.961818616E-02
 7.954075617E-01 -6.110359492E-02 1.518939506E-01
 7.597740091E-01 -3.529714654E-02 1.280400894E-01
 8.394655663E-01 -3.785357527E-01 4.081376527E-02
 7.665043052E-01 -6.071249519E-02 1.243520425E-01
 5.391425511E-02 7.443251772E-02 -1.410968888E-01
 9.713581688E-01 2.081934482E-02 9.621176807E-02
 2.343515650E-01 -2.939375029E-01 -1.561845981E-01
 1.975873843E-01 -1.490019712E-01 -2.446199803E-01
 1.335182616E-01 -1.559938411E-01 -1.741818946E-01
 1.550698984E-01 -1.052009535E-01 -2.568371296E-01
 1.958752752E-01 -1.075676654E-01 -3.142483571E-01
 2.153053616E-01 -7.460949071E-02 -3.795533177E-01
 2.377102468E-01 -1.257038412E-01 -3.274084621E-01
 2.810301955E-01 -1.195303237E-01 -3.593291921E-01
 3.114186898E-01 -8.309389026E-02 -4.440197591E-01
 2.139119052E-01 9.636781308E-02 -3.355610783E-01
 2.353979479E-01 6.613089579E-02 -3.863557184E-01
 4.643727500E-01 7.649500635E-02 -4.640681982E-01
 4.564222539E-01 9.689457571E-02 -4.399948176E-01
 4.303384902E-01 9.231979394E-02 -4.429242839E-01
 4.004029857E-01 1.068566390E-01 -4.180786344E-01
 3.726061737E-01 7.069423797E-02 -4.563461257E-01
 3.634300428E-01 1.069387447E-01 -4.117894528E-01
 3.916731012E-01 8.660350022E-02 -4.419175628E-01
 3.625875595E-01 7.026130285E-02 -4.503118780E-01
 3.355864103E-01 7.170557632E-02 -4.378508058E-01
 3.443160209E-01 8.901175529E-02 -4.257835130E-01
 7.977877293E-01 -2.281375585E-02 1.838184299E-01
 4.771158202E-01 7.258739512E-02 -4.682706960E-01
 2.861908103E-01 -4.218904886E-01 -1.003388675E-01
 6.436315994E-01 -4.983013068E-02 -3.248948786E-02
 6.370164717E-01 -6.817819328E-02 -4.488229362E-02
 6.585737552E-01 -6.096735107E-02 -1.802157595E-02
 6.514744619E-01 -8.873398566E-02 -2.440930116E-02
 6.164620837E-01 -6.631089406E-02 -7.811665512E-02
 5.943382442E-01 -7.392242247E-02 -1.136517467E-01
 5.691822558E-01 -7.590105588E-02 -1.556985117E-01
 5.453540948E-01 -8.481409968E-02 -1.958920733E-01
 5.181585083E-01 -9.436964208E-02 -2.362671805E-01
 5.045491646E-01 -8.049767363E-02 -2.769915262E-01
 5.376916128E-01 -6.520790273E-02 -2.202633296E-01
 5.482017167E-01 7.422348760E-02 -4.420351694E-01
 4.347335537E-01 7.357222518E-02 -4.659981695E-01
 3.967176901E-01 7.129471600E-02 -4.628713122E-01
 5.642632810E-01 -5.997304791E-02 -1.710135562E-01
 7.739167103E-01 -2.831190533E-02 1.475524358E-01
 2.500008232E-01 6.780624253E-02 -3.950160695E-01
 2.421885986E-01 8.830954791E-02 -3.669320961E-01
 2.706595047E-01 1.014704134E-01 -3.743590670E-01
 2.620896472E-01 8.135608726E-02 -3.894425814E-01
 2.999481007E-01 9.672535468E-02 -3.942914054E-01
 2.915650516E-01 7.824748659E-02 -4.054905667E-01
 1.548546719E+00 2.497712871E-01 5.352340898E-03
 1.455600520E+00 5.059756183E-01 -1.949822382E-02
 1.562264033E+00 -1.492609899E-02 2.206029867E-02
 6.556124530E-01 -4.594752507E-02 -1.168086380E-02
 6.844659411E-01 -6.568635808E-02 2.087011300E-02
 7.092885766E-01 -6.376562924E-02 5.628176155E-02
 4.960018559E-01 -6.876703819E-02 -3.072581532E-01
 2.625596404E-01 6.586194764E-02 -4.037439368E-01
 6.948488900E-01 -4.485595100E-02 4.336791133E-02
 7.444064258E-01 -3.108659830E-02 1.133527728E-01
 7.440711618E-01 -4.748436996E-02 1.014235532E-01
 7.233483157E-01 -4.746289833E-02 7.877152531E-02
 6.144327083E-01 -5.119884218E-02 -7.930809400E-02
 5.269523133E-01 7.064614317E-02 -4.560386436E-01
 5.337122966E-01 8.327476169E-02 -4.389929626E-01
 4.230571040E-01 7.535601267E-02 -4.624938666E-01
 -1.206777271E-01 2.649837833E-01 4.507695718E-02
 9.672856570E-01 3.577345746E-02 5.955508200E-02
 9.444313622E-01 3.905312249E-02 8.454771861E-03
 9.231795349E-01 4.427678403E-02 -4.375640723E-02
 8.979297826E-01 4.576730260E-02 -9.088772722E-02
 8.756990800E-01 5.445063009E-02 -1.207359142E-01
 2.219415336E-01 7.674542658E-02 -3.664217288E-01
 2.552372733E+00 2.127493407E-01 5.753515630E-03
 3.854927351E-01 7.203627790E-02 -4.576032843E-01
 5.898262707E-01 -5.610087468E-02 -1.212487659E-01
 -1.841198560E-02 -3.103505366E-02 4.504430170E-01
 2.006023849E-03 -1.387931424E-02 5.500868114E-01
 -2.071902605E-02 -5.932798488E-03 7.763645464E-01
 -1.514935259E-02 1.799451621E-02 5.397801808E-01
 9.419079405E-01 2.231164390E-02 6.807751361E-03
 2.245742446E-03 -4.092399486E-02 3.604401271E-01
 1.929985038E-02 -5.109820276E-02 1.510447863E-01
 2.248185015E-01 -9.174367687E-02 -3.560728777E-01
 2.021840269E-01 -8.405978353E-02 -3.473453509E-01
 1.804873579E-01 -8.376878708E-02 -3.229882958E-01
 1.707514944E-01 -6.761998953E-02 -3.375128061E-01
 1.607241306E-01 -7.962260336E-02 -3.032603857E-01
 1.445663014E-01 -7.808284604E-02 -2.838425929E-01
 2.239725789E-01 6.258381534E-02 -3.850913829E-01
 2.529770299E-01 -9.794785067E-02 -3.780361130E-01
 3.151537739E-01 -1.090661670E-01 -3.983475689E-01
 3.551516893E-01 -1.281562509E-01 -3.729196825E-01
 3.865653124E-01 -1.155111627E-01 -3.800889029E-01
 2.581284712E-01 -8.117551469E-02 -4.116467023E-01
 8.176056949E-01 -4.849231342E-02 1.846174802E-01
 8.505386221E-01 -5.207569540E-02 2.101217630E-01
 8.650119710E-01 -8.014739456E-02 1.952693229E-01
 8.898533129E-01 -5.111975731E-02 2.376502705E-01
 9.291935385E-01 -5.639119822E-02 2.433367433E-01
 9.651288910E-01 -8.456865922E-02 2.149082344E-01
 1.006954977E+00 -5.099826036E-02 2.192516247E-01
 1.063085777E+00 -4.097341627E-02 1.411533709E-01
 9.656556239E-01 -4.662751489E-02 2.679064618E-01
 9.102230844E-01 -3.470528421E-02 2.738634016E-01
 1.029191175E+00 -1.910946791E-02 1.991594779E-01
 1.130933063E+00 -9.344990466E-02 1.078596710E-01
 -6.264853653E-04 3.835777918E-02 1.805743027E-01
 8.763808030E-03 1.693115991E-02 -4.012899729E-02
 7.814490602E-01 -4.268316086E-02 1.489225683E-01
 8.893330511E-01 -2.802012524E-02 2.681182517E-01
 9.175063965E-01 -1.888198875E-02 2.938312741E-01
 9.363836098E-01 -2.855171184E-02 2.788656239E-01
 9.549659453E-01 -1.791413205E-02 3.124941470E-01
 9.224674589E-02 7.503220528E-02 -2.245069983E-01
 1.246673281E-01 8.365251994E-02 -2.552694915E-01
 1.405150176E-01 5.296621130E-02 -3.250509462E-01
 9.002406682E-02 5.384292009E-02 -2.589384909E-01
 5.602163286E-02 5.242456611E-02 -1.902076813E-01
 5.883147041E-01 -5.716052566E-01 -3.721274416E-02
 3.239046005E-01 8.406186402E-02 -4.190934679E-01
 1.815836167E-01 9.158483846E-02 -3.173515375E-01
 1.730422128E+00 -1.864817642E-01 2.030733145E-02
 3.432512747E-01 -1.023428917E-01 -4.165593379E-01
 3.663769838E-01 -9.964317190E-02 -4.193968809E-01
 3.289593286E-01 -8.770114043E-02 -4.439063117E-01
 5.462862506E-01 6.172102804E-01 -1.540986180E-01
 8.554183597E-01 6.103220542E-02 -1.510070734E-01
 8.277633595E-01 8.139114289E-02 -1.753286630E-01
 6.688115154E-02 -2.647167274E-01 -2.250262917E-02
 1.023388703E+00 1.072202731E-02 1.217902972E-01
 8.953626450E-01 3.066894938E-02 -9.978011528E-02
 8.027170132E-01 7.069682470E-02 -2.042935137E-01
 8.374509648E-01 4.634633874E-01 -1.097498941E-01
 8.902628847E-01 -1.198388635E-02 2.865012693E-01
 8.688944644E-01 -2.980377417E-02 2.497539340E-01
 8.347341502E-01 -3.379886760E-02 2.122975370E-01
 8.785194812E-01 -1.540269979E-02 2.744610541E-01
 5.395734037E-01 -1.247086331E-01 -1.832962619E-01
 9.190466518E-01 2.682139443E-02 -4.820079033E-02
 9.873708370E-01 3.347300986E-02 1.059234555E-01
 1.002586446E+00 2.154724147E-02 1.895150918E-01
 6.817237082E-01 -1.636802003E-01 4.083068036E-03
 2.955081636E-01 -9.374495214E-02 -4.171823298E-01
 2.749961989E-01 -9.132940784E-02 -4.077640069E-01
 6.690982111E-01 -4.652537526E-02 4.720150637E-03
 4.920199758E-01 -9.966878381E-02 -2.822804445E-01
 4.653275119E-01 -9.094303569E-02 -3.363370587E-01
 4.639876829E-01 -1.234846041E-01 -2.972830514E-01
 4.369114791E-01 -1.039251611E-01 -3.591414947E-01
 4.251203850E-01 -8.485780358E-02 -4.093659852E-01
 4.086793800E-01 -9.814735266E-02 -3.951834157E-01
 3.883282810E-01 -8.842980329E-02 -4.352446675E-01
 3.500068771E-01 -8.510822176E-02 -4.508826839E-01
 4.710200293E-01 -7.385121018E-02 -3.515240274E-01
 9.000077805E-01 7.216565048E-02 -8.260496493E-02
 5.772880424E-01 9.076273633E-02 -4.059598167E-01
 6.002146180E-01 8.975698786E-02 -3.875874406E-01
 6.055892129E-01 7.256915814E-02 -4.026403152E-01
 6.218123906E-01 8.262966146E-02 -3.769885011E-01
 6.190624677E-01 1.097946618E-01 -3.551835537E-01
 6.477256640E-01 9.400978240E-02 -3.449698216E-01
 6.839505502E-01 1.008594036E-01 -3.057931028E-01
 6.615918383E-01 7.590308301E-02 -3.447891536E-01
 6.387927495E-01 7.479759200E-02 -3.679870116E-01
 6.835075548E-01 7.543643155E-02 -3.228648478E-01
 7.052487294E-01 7.652817137E-02 -3.018500164E-01
 7.302096023E-01 7.788323621E-02 -2.706359489E-01
 7.581215287E-01 7.896866238E-02 -2.450186285E-01
 7.190532102E-01 1.059312796E-01 -2.689424017E-01
 3.133974596E+00 6.339745962E-01 3.886103533E-03
 8.716524900E-01 3.588118886E-02 -1.379137551E-01
 7.228525059E-02 5.880091138E-02 -2.113230800E-01
 9.293842461E-01 2.313659055E-01 -8.049978077E-02
 3.640996576E-02 5.075504916E-02 -1.000509354E-01
 1.005035092E+00 -2.622075586E-02 3.491915439E-01
 9.872107704E-01 -1.099453164E-02 3.506480811E-01
 1.989964362E-01 7.482236810E-02 -3.496113949E-01
 1.759214222E-01 7.098241106E-02 -3.368081365E-01
 1.552269561E-01 7.659569981E-02 -3.094201819E-01
 1.161908399E-01 6.263160209E-02 -2.848049511E-01
 1.491720691E-01 1.070078407E-01 -2.632924088E-01
 1.504233928E-01 1.663309044E-01 -2.140518123E-01
 4.853730418E-01 -8.047727296E-02 -3.155266589E-01
 6.367090989E-01 6.209011284E-02 -3.795176179E-01
 3.133974596E+00 -6.339745962E-01 1.444443566E-02
 2.886249861E-01 1.229280393E-01 -3.576186577E-01
 3.933754702E-01 -7.475144457E-02 -4.594437155E-01
 1.766712717E-01 5.740276231E-02 -3.532081506E-01
 6.150577943E-01 6.588177780E-02 -3.985276043E-01
 9.423080017E-02 -2.002283068E-01 -8.727165838E-02
 1.974836009E+00 3.576773452E-01 -3.250355676E-03
 8.445677668E-01 4.329154521E-02 -1.708365380E-01
 1.955902978E-02 4.147300298E-02 -4.300326984E-02
 1.054307112E-02 2.782849185E-02 -1.293559327E-02
 -5.328776523E-04 1.940565075E-02 3.059502497E-01
 3.033349110E-03 1.117145250E-02 1.396332666E-02
 3.126108832E-02 3.537151681E-02 -1.364890854E-01
 1.664461471E-02 2.055601183E-02 -1.328779834E-01
 3.829963648E-01 -7.479722036E-02 -4.686456306E-01
 8.565329354E-01 -1.822333763E-02 2.497149120E-01
 1.508617046E-01 5.792221432E-02 -3.279371995E-01
 2.279129477E-01 -7.337848392E-02 -3.944222525E-01
 2.870341294E-01 -7.794466055E-02 -4.396142172E-01
 2.994798124E-01 -7.729602739E-02 -4.508358463E-01
 7.797961259E-01 6.709109931E-02 -2.296534256E-01
 8.146301468E-01 5.336293272E-02 -1.961038509E-01
 8.342200236E-01 5.599716583E-02 -1.750768167E-01
 3.671973094E-01 8.254521163E-02 -4.387961515E-01
 8.080518282E-01 -2.214055959E-02 1.946214768E-01
 7.065170777E-01 5.765886545E-02 -3.094307834E-01
 1.822012499E-01 -6.709434991E-02 -3.550244031E-01
 6.603049263E-01 6.029269064E-02 -3.575520413E-01
 2.624304062E-01 -7.105564426E-02 -4.298179545E-01
 2.044149418E-01 -6.917826554E-02 -3.763480689E-01
 9.531121015E-01 6.266163353E-01 -8.609405607E-02
 4.588594781E-01 -7.309373567E-02 -3.749121672E-01
 4.183525460E-01 1.881007314E-01 -3.489684008E-01
 8.312214614E-01 -1.954143125E-02 2.220111542E-01
 1.192553155E-01 -8.064779565E-02 -2.331009838E-01
 9.522889167E-02 -8.083759638E-02 -1.897871734E-01
 5.598627512E-02 -6.440034525E-02 -8.798508347E-02
 8.385001780E-02 -6.420338904E-02 -1.839533290E-01
 3.737744560E-02 -5.209589020E-02 -1.237169316E-02
 2.452813039E-02 -3.811213585E-02 6.906098790E-02
 1.365820637E-02 -3.435332332E-02 2.116860884E-01
 1.377329419E-02 -2.280015013E-02 2.308153722E-01
 2.009517071E-03 -2.561881244E-02 4.239089074E-01
 1.120974060E-01 -5.588744901E-02 -2.745279646E-01
 1.358449072E+00 -4.012592726E-01 4.351853919E-02
 -1.978176730E-01 4.074981566E-01 2.700409002E-02
 7.308607757E-01 5.636396941E-02 -2.843076333E-01
 2.005117196E-01 6.034899450E-02 -3.688757732E-01
 9.821012730E-01 -2.747032492E-02 2.630920759E-01
 5.211731623E-01 -1.677561101E-01 -1.775212759E-01
 7.445281436E-01 -1.151412002E-01 7.078785295E-02
 -2.400645617E-01 -4.272544020E-01 5.860836782E-02
 1.222480360E+00 4.194001166E-01 -2.010800025E-02
 3.239284483E-01 6.951650034E-02 -4.362335036E-01
 9.352201168E-01 -7.162792155E-01 1.463716496E-02
 2.768118351E+00 -1.101604344E-01 1.164845687E-02
 5.568120786E-01 3.046316885E-01 -2.498994350E-01
 8.055695227E-01 4.281017636E-02 -2.124200813E-01
 8.032253947E-01 -3.718078378E-02 1.771762617E-01
 8.740868589E-02 4.249311244E-02 -2.765417545E-01
 9.628376990E-02 4.357785945E-02 -2.896130324E-01
 8.506771192E-01 -3.073366665E-02 2.313174119E-01
 4.111772550E-01 8.687724852E-02 -4.473642811E-01
 3.902242258E-01 -1.501841408E-01 -3.332540461E-01
 1.058317836E-01 -6.726356357E-02 -2.324775420E-01
 1.389035781E-01 -6.293121272E-02 -3.008382583E-01
 9.938386604E-01 1.033363920E-02 2.689003997E-01
 7.912383689E-01 1.315404148E-01 -1.905686462E-01
 4.216881185E-01 -1.865599054E-01 -2.698024113E-01
 5.075383546E-01 -6.635354350E-02 -2.830353543E-01
 9.419803721E-01 -1.055549265E-02 3.067216158E-01
 3.208529485E-01 -1.949247675E-01 -2.701557759E-01
 3.718252321E-02 2.879155335E-02 -1.997448699E-01
 6.703907938E-01 -1.205324052E-01 -5.132308749E-03
 3.129081036E-02 2.630529789E-02 -1.871325863E-01
 6.973339292E-01 -7.555203955E-01 -2.061327751E-02
 2.858708488E-01 6.549767076E-02 -4.239589251E-01
 8.667444048E-01 1.260222518E-01 -1.187754197E-01
 6.756700467E-01 -4.113118224E-01 -1.583129092E-02
 1.321856306E-01 -5.755193207E-01 -1.722072334E-02
 1.359188944E-01 6.454915799E-02 -3.054745099E-01
 1.282540471E-01 5.316651568E-02 -3.133227030E-01
 1.182559520E-01 4.907555503E-02 -3.082450364E-01
 -7.799960747E-03 -1.243841597E-02 7.184035357E-01
 2.533494947E-01 -7.091620716E-02 -4.219153198E-01
 7.618574142E-01 5.555385107E-02 -2.519075390E-01
 89 524 612 612
 353 103 493 493
 611 93 612 612
 353 493 643 643
 493 100 684 684
 320 318 332 332
 459 415 525 525
 146 227 566 566
 380 379 399 399
 306 582 626 626
 284 292 351 351
 185 218 527 527
 641 354 642 642
 341 223 621 621
 228 245 645 645
 16 310 622 622
 58 286 465 465
 471 407 474 474
 398 185 527 527
 377 373 379 379
 387 451 454 454
 390 146 566 566
 379 373 397 397
 290 288 328 328
 495 94 611 611
 393 568 615 615
 97 494 684 684
 199 233 680 680
 327 323 335 335
 378 168 477 477
 83 277 614 614
 512 514 551 551
 78 280 534 534
 342 343 432 432
 349 350 480 480
 486 485 571 571
 487 309 587 587
 117 259 638 638
 521 347 546 546
 198 256 652 652
 239 533 661 661
 352 269 355 355
 319 321 589 589
 338 225 572 572
 190 370 592 592
 304 578 585 585
 384 403 679 679
 463 220 465 465
 244 228 645 645
 521 1 591 591
 565 390 566 566
 530 533 596 596
 563 390 565 565
 238 252 351 351
 212 242 467 467
 350 349 364 364
 323 321 335 335
 373 369 396 396
 258 137 541 541
 385 383 386 386
 386 395 405 405
 307 330 336 336
 140 258 569 569
 264 266 269 269
 302 301 337 337
 21 20 686 686
 213 214 236 236
 338 362 455 455
 388 450 458 458
 34 33 574 574
 292 238 351 351
 238 292 339 339
 423 504 635 635
 238 215 252 252
 296 295 301 301
 288 284 598 598
 202 228 244 244
 267 110 640 640
 345 597 598 598
 361 123 666 666
 393 140 569 569
 253 281 282 282
 426 409 427 427
 252 196 646 646
 386 383 395 395
 304 331 578 578
 470 447 674 674
 305 583 647 647
 195 196 252 252
 259 356 637 637
 198 192 256 256
 304 302 331 331
 16 622 658 658
 325 323 326 326
 350 479 480 480
 313 583 584 584
 228 246 247 247
 328 329 429 429
 228 203 246 246
 368 326 522 522
 295 293 633 633
 308 304 313 313
 137 428 541 541
 250 229 466 466
 339 336 542 542
 379 397 513 513
 373 396 516 516
 168 407 477 477
 215 195 252 252
 327 518 522 522
 192 199 256 256
 263 278 281 281
 596 239 683 683
 425 499 618 618
 343 312 434 434
 299 219 581 581
 372 369 373 373
 494 95 495 495
 358 117 638 638
 336 339 657 657
 289 288 290 290
 189 188 529 529
 229 212 467 467
 499 410 618 618
 1 546 557 557
 268 409 421 421
 58 465 677 677
 333 332 484 484
 390 563 632 632
 526 218 550 550
 253 282 284 284
 233 403 443 443
 433 434 663 663
 260 249 489 489
 199 200 233 233
 470 404 471 471
 375 625 659 659
 312 290 346 346
 462 461 463 463
 214 215 238 238
 424 426 499 499
 216 470 474 474
 285 438 624 624
 405 450 451 451
 578 579 581 581
 1 557 667 667
 336 330 549 549
 291 290 312 312
 559 428 620 620
 1 521 546 546
 470 471 474 474
 264 269 274 274
 259 637 638 638
 516 396 517 517
 410 506 510 510
 301 295 342 342
 428 507 541 541
 409 411 427 427
 202 203 228 228
 211 212 229 229
 531 530 596 596
 245 228 538 538
 201 202 244 244
 486 311 547 547
 535 233 676 676
 514 515 520 520
 399 379 401 401
 201 244 655 655
 510 221 629 629
 639 267 640 640
 376 551 553 553
 256 257 265 265
 403 394 443 443
 369 368 522 522
 261 260 489 489
 441 217 659 659
 356 267 639 639
 415 475 476 476
 212 213 242 242
 421 409 426 426
 321 243 589 589
 282 279 345 345
 432 343 433 433
 258 541 569 569
 549 243 631 631
 313 304 585 585
 466 229 467 467
 377 379 380 380
 568 227 603 603
 293 291 633 633
 524 610 611 611
 470 216 561 561
 286 464 465 465
 436 346 440 440
 382 380 558 558
 218 520 527 527
 319 318 320 320
 226 437 457 457
 326 327 522 522
 464 286 536 536
 364 342 365 365
 183 182 550 550
 247 249 250 250
 278 276 366 366
 415 417 525 525
 437 436 624 624
 209 210 261 261
 246 241 248 248
 520 218 526 526
 528 519 529 529
 578 577 579 579
 435 490 624 624
 403 535 679 679
 507 428 559 559
 204 241 246 246
 277 610 614 614
 402 564 565 565
 224 449 491 491
 203 204 246 246
 294 455 480 480
 242 243 653 653
 372 373 377 377
 507 508 539 539
 211 229 260 260
 440 346 536 536
 287 593 594 594
 150 149 570 570
 410 499 506 506
 196 197 251 251
 405 451 554 554
 197 198 255 255
 264 265 266 266
 370 529 649 649
 417 415 476 476
 582 306 583 583
 340 313 584 584
 269 272 355 355
 383 382 558 558
 451 387 452 452
 349 342 364 364
 404 470 674 674
 336 236 542 542
 393 540 568 568
 293 295 296 296
 228 247 538 538
 455 362 480 480
 485 332 571 571
 20 341 686 686
 310 608 623 623
 223 548 621 621
 365 342 432 432
 210 260 261 261
 641 642 643 643
 423 421 424 424
 262 255 264 264
 583 313 585 585
 296 301 302 302
 229 250 607 607
 363 350 364 364
 593 287 648 648
 399 401 414 414
 385 386 650 650
 499 425 500 500
 265 257 545 545
 251 262 263 263
 244 408 655 655
 225 34 574 574
 309 487 543 543
 1 191 592 592
 362 338 572 572
 325 326 367 367
 551 376 616 616
 207 208 230 230
 485 222 555 555
 450 388 451 451
 243 322 653 653
 243 242 631 631
 583 305 584 584
 245 367 368 368
 446 447 470 470
 244 371 408 408
 419 334 556 556
 622 223 658 658
 243 321 322 322
 247 246 248 248
 398 527 528 528
 204 205 241 241
 411 392 508 508
 303 302 304 304
 367 326 368 368
 337 301 362 362
 342 295 343 343
 247 248 249 249
 462 463 465 465
 290 328 602 602
 511 375 659 659
 594 537 595 595
 384 383 385 385
 243 330 589 589
 214 238 542 542
 328 288 329 329
 209 261 586 586
 572 225 573 573
 357 360 636 636
 461 429 488 488
 210 211 260 260
 254 613 673 673
 440 285 624 624
 331 302 576 576
 309 543 608 608
 406 476 477 477
 434 312 436 436
 583 306 647 647
 402 389 564 564
 206 207 273 273
 375 511 552 552
 451 388 454 454
 247 250 538 538
 270 264 274 274
 307 304 308 308
 544 340 548 548
 256 199 680 680
 434 436 437 437
 403 233 535 535
 230 261 489 489
 360 423 635 635
 207 230 273 273
 551 526 553 553
 301 349 362 362
 584 305 686 686
 311 487 587 587
 301 342 349 349
 512 513 514 514
 135 134 619 619
 300 433 456 456
 320 332 333 333
 407 471 477 477
 289 290 291 291
 284 288 289 289
 328 461 462 462
 279 278 366 366
 484 332 485 485
 305 21 686 686
 252 253 351 351
 263 262 270 270
 234 635 666 666
 518 347 521 521
 122 121 666 666
 492 643 684 684
 234 644 665 665
 311 486 487 487
 230 489 656 656
 328 429 461 461
 404 406 471 471
 446 470 561 561
 322 321 323 323
 236 336 549 549
 328 462 602 602
 276 275 495 495
 221 510 560 560
 577 575 580 580
 398 528 671 671
 371 369 372 372
 548 223 622 622
 380 399 651 651
 168 167 407 407
 248 241 656 656
 573 225 574 574
 582 219 626 626
 271 270 275 275
 194 209 586 586
 208 194 586 586
 345 279 418 418
 449 224 450 450
 514 397 515 515
 205 193 601 601
 193 206 601 601
 297 579 580 580
 540 393 569 569
 282 345 598 598
 543 544 623 623
 529 188 671 671
 188 187 671 671
 437 226 663 663
 405 395 412 412
 450 224 458 458
 324 466 467 467
 348 333 556 556
 389 400 564 564
 404 380 651 651
 423 424 501 501
 433 343 434 434
 312 346 436 436
 232 570 599 599
 222 485 486 486
 327 347 518 518
 367 245 468 468
 72 71 682 682
 217 525 659 659
 452 387 453 453
 257 256 680 680
 482 253 646 646
 317 485 555 555
 346 464 536 536
 370 189 529 529
 406 399 417 417
 235 500 630 630
 263 281 482 482
 200 201 676 676
 222 486 547 547
 640 354 641 641
 595 531 681 681
 405 412 449 449
 423 503 504 504
 261 230 586 586
 218 183 550 550
 492 497 643 643
 490 437 624 624
 533 280 660 660
 337 573 576 576
 622 310 623 623
 576 575 577 577
 516 517 519 519
 397 373 516 516
 232 150 570 570
 314 308 668 668
 254 534 590 590
 501 235 627 627
 515 519 528 528
 389 385 650 650
 574 33 605 605
 260 229 607 607
 527 520 528 528
 465 220 677 677
 245 368 645 645
 242 213 631 631
 281 279 282 282
 424 421 426 426
 529 519 649 649
 409 268 420 420
 592 370 649 649
 4 3 419 419
 262 264 270 270
 422 421 423 423
 318 315 678 678
 233 200 676 676
 269 266 272 272
 292 291 293 293
 513 397 514 514
 312 343 633 633
 608 543 623 623
 302 337 576 576
 273 230 656 656
 595 537 597 597
 254 590 613 613
 41 40 350 350
 308 313 668 668
 321 320 335 335
 506 427 560 560
 315 314 678 678
 308 314 315 315
 22 21 305 305
 53 52 438 438
 116 115 259 259
 308 315 330 330
 423 501 503 503
 453 387 670 670
 613 277 675 675
 557 334 667 667
 464 462 465 465
 10 9 547 547
 511 512 552 552
 352 355 498 498
 317 484 485 485
 315 318 319 319
 564 563 565 565
 360 422 423 423
 314 340 544 544
 345 530 531 531
 332 318 571 571
 337 572 573 573
 392 391 669 669
 341 621 686 686
 371 244 645 645
 251 197 262 262
 300 432 433 433
 500 235 501 501
 517 518 521 521
 380 404 558 558
 581 219 582 582
 197 255 262 262
 500 425 630 630
 504 361 666 666
 268 257 420 420
 249 248 489 489
 358 638 665 665
 45 44 431 431
 523 495 611 611
 250 249 607 607
 331 577 578 578
 340 584 621 621
 562 453 599 599
 402 565 567 567
 231 408 416 416
 386 405 554 554
 399 414 417 417
 144 143 603 603
 347 335 348 348
 385 389 391 391
 426 427 506 506
 264 255 265 265
 26 25 219 219
 570 563 599 599
 443 257 680 680
 566 227 567 567
 409 394 672 672
 134 133 221 221
 471 406 477 477
 249 260 607 607
 468 245 538 538
 175 174 441 441
 43 42 237 237
 8 7 555 555
 31 30 600 600
 143 142 615 615
 2 1 667 667
 385 391 403 403
 355 357 637 637
 74 73 239 239
 497 498 641 641
 324 467 653 653
 567 227 568 568
 230 208 586 586
 70 69 617 617
 483 419 556 556
 221 133 629 629
 206 273 601 601
 331 576 577 577
 509 402 567 567
 156 155 388 388
 268 421 422 422
 221 560 619 619
 444 446 469 469
 508 392 664 664
 377 380 382 382
 180 179 616 616
 502 501 627 627
 449 413 491 491
 241 273 656 656
 173 172 459 459
 274 352 492 492
 344 314 544 544
 80 79 254 254
 436 440 624 624
 38 37 455 455
 172 171 415 415
 11 10 311 311
 324 323 325 325
 257 268 545 545
 637 356 639 639
 165 164 561 561
 55 54 439 439
 368 369 371 371
 281 253 482 482
 128 127 630 630
 418 366 590 590
 391 389 669 669
 158 157 224 224
 330 243 549 549
 136 135 620 620
 382 383 384 384
 13 12 309 309
 535 231 679 679
 162 161 381 381
 241 205 601 601
 171 170 475 475
 40 39 479 479
 163 162 444 444
 107 106 642 642
 484 317 496 496
 253 252 646 646
 184 183 218 218
 368 371 645 645
 46 45 300 300
 375 552 634 634
 554 400 650 650
 325 367 468 468
 62 61 460 460
 67 66 287 287
 166 165 216 216
 5 4 316 316
 391 392 394 394
 250 468 538 538
 551 616 662 662
 50 49 457 457
 161 160 478 478
 579 299 581 581
 134 221 619 619
 298 575 605 605
 148 147 390 390
 507 411 508 508
 60 59 220 220
 357 359 360 360
 277 609 610 610
 544 622 623 623
 448 413 449 449
 217 459 525 525
 154 153 387 387
 14 13 608 608
 174 173 217 217
 517 591 649 649
 296 302 303 303
 152 151 472 472
 155 154 454 454
 157 156 458 458
 406 417 476 476
 130 129 618 618
 319 320 321 321
 18 17 223 223
 121 120 234 234
 9 8 222 222
 176 175 625 625
 23 22 647 647
 164 163 469 469
 29 28 628 628
 48 47 481 481
 59 58 677 677
 179 178 374 374
 112 111 267 267
 181 180 376 376
 412 395 447 447
 151 150 232 232
 63 62 430 430
 75 74 661 661
 345 418 530 530
 300 431 432 432
 129 128 425 425
 273 241 601 601
 362 349 480 480
 3 2 334 334
 167 166 474 474
 69 68 240 240
 552 374 634 634
 57 56 286 286
 6 5 496 496
 51 50 490 490
 182 181 553 553
 178 177 634 634
 145 144 227 227
 49 48 226 226
 77 76 280 280
 467 242 653 653
 35 34 225 225
 303 304 307 307
 160 159 413 413
 159 158 491 491
 17 16 658 658
 37 36 338 338
 515 516 519 519
 405 449 450 450
 532 617 681 681
 44 43 442 442
 240 595 617 617
 126 125 627 627
 170 169 378 378
 344 487 571 571
 609 277 613 613
 190 189 370 370
 20 19 341 341
 15 14 310 310
 497 352 498 498
 47 46 456 456
 73 72 683 683
 394 392 672 672
 12 11 587 587
 384 385 403 403
 39 38 294 294
 274 269 352 352
 544 548 622 622
 76 75 660 660
 541 539 569 569
 307 308 330 330
 318 344 571 571
 414 401 511 511
 30 29 297 297
 127 126 235 235
 66 65 648 648
 508 509 540 540
 187 398 671 671
 32 31 298 298
 61 60 473 473
 519 517 649 649
 299 579 628 628
 187 186 398 398
 579 297 628 628
 33 32 605 605
 343 295 633 633
 124 123 361 361
 395 383 558 558
 54 53 285 285
 444 445 446 446
 324 325 466 466
 177 176 375 375
 377 382 416 416
 109 108 354 354
 142 141 393 393
 52 51 435 435
 137 136 428 428
 64 63 505 505
 563 570 632 632
 114 113 356 356
 316 484 496 496
 131 130 410 410
 153 152 670 670
 105 104 353 353
 517 396 518 518
 139 138 258 258
 65 64 283 283
 515 397 516 516
 266 265 545 545
 25 24 626 626
 68 67 604 604
 125 124 502 502
 335 333 348 348
 371 372 408 408
 487 344 543 543
 71 70 532 532
 635 504 666 666
 237 365 442 442
 121 234 666 666
 452 453 562 562
 81 80 673 673
 87 86 524 524
 413 448 478 478
 543 344 544 544
 7 6 317 317
 272 266 359 359
 42 41 363 363
 240 594 595 595
 637 357 638 638
 322 323 324 324
 556 334 557 557
 132 131 685 685
 517 521 591 591
 24 23 306 306
 372 377 416 416
 466 325 468 468
 408 231 655 655
 283 593 648 648
 366 276 523 523
 394 409 420 420
 28 27 299 299
 85 84 614 614
 408 372 416 416
 565 566 567 567
 149 148 632 632
 526 550 553 553
 238 339 542 542
 119 118 358 358
 196 251 646 646
 253 284 351 351
 275 274 494 494
 360 359 422 422
 503 361 504 504
 531 595 597 597
 593 537 594 594
 498 639 640 640
 448 381 478 478
 431 365 432 432
 56 55 654 654
 396 369 522 522
 71 532 682 682
 575 574 605 605
 445 412 447 447
 292 293 339 339
 289 291 292 292
 233 443 680 680
 256 265 652 652
 120 119 644 644
 563 562 599 599
 237 364 365 365
 492 352 497 497
 255 198 652 652
 469 446 561 561
 525 414 659 659
 511 401 512 512
 271 275 276 276
 283 488 593 593
 263 271 278 278
 401 379 513 513
 339 293 657 657
 635 234 665 665
 91 90 612 612
 320 333 335 335
 316 483 484 484
 278 279 281 281
 434 437 663 663
 133 132 629 629
 562 563 564 564
 400 389 650 650
 220 463 473 473
 427 411 507 507
 392 411 672 672
 407 167 474 474
 512 401 513 513
 410 510 685 685
 594 240 604 604
 414 511 659 659
 9 222 547 547
 291 312 633 633
 582 583 585 585
 420 257 443 443
 591 592 649 649
 412 448 449 449
 83 82 277 277
 498 640 641 641
 427 507 559 559
 445 381 448 448
 374 552 662 662
 550 182 553 553
 463 460 473 473
 386 554 650 650
 287 594 604 604
 296 303 657 657
 412 445 448 448
 540 509 568 568
 476 378 477 477
 346 290 602 602
 534 280 588 588
 3 334 419 419
 389 402 669 669
 570 149 632 632
 532 681 682 682
 359 266 606 606
 446 445 447 447
 402 664 669 669
 579 577 580 580
 456 433 481 481
 251 263 482 482
 494 492 684 684
 424 499 500 500
 216 165 561 561
 303 307 336 336
 357 272 359 359
 417 414 525 525
 514 526 551 551
 330 315 589 589
 575 298 580 580
 271 276 278 278
 520 515 528 528
 487 486 571 571
 376 180 616 616
 270 274 275 275
 489 248 656 656
 217 173 459 459
 530 418 588 588
 514 520 526 526
 431 44 442 442
 400 562 564 564
 311 10 547 547
 293 296 657 657
 350 40 479 479
 231 416 679 679
 172 415 459 459
 451 452 554 554
 280 533 588 588
 316 4 419 419
 142 393 615 615
 429 329 537 537
 135 619 620 620
 411 409 672 672
 82 81 675 675
 539 540 569 569
 501 502 503 503
 174 217 441 441
 11 311 587 587
 300 45 431 431
 415 171 475 475
 507 539 541 541
 162 381 444 444
 163 444 469 469
 239 73 683 683
 518 396 522 522
 250 466 468 468
 223 17 658 658
 201 655 676 676
 617 595 681 681
 294 38 455 455
 127 235 630 630
 399 406 651 651
 156 388 458 458
 222 8 555 555
 315 319 589 589
 220 59 677 677
 74 239 661 661
 406 404 651 651
 381 161 478 478
 166 216 474 474
 52 435 438 438
 170 378 475 475
 227 144 603 603
 329 288 598 598
 461 460 463 463
 313 340 668 668
 224 157 458 458
 274 492 494 494
 546 348 557 557
 151 232 472 472
 235 126 627 627
 158 224 491 491
 388 155 454 454
 160 413 478 478
 39 294 479 479
 181 376 553 553
 164 469 561 561
 316 419 483 483
 46 300 456 456
 424 500 501 501
 41 350 363 363
 528 529 671 671
 297 580 600 600
 394 420 443 443
 154 387 454 454
 314 344 678 678
 309 12 587 587
 102 101 493 493
 310 14 608 608
 580 298 600 600
 488 283 505 505
 337 362 572 572
 560 559 619 619
 226 48 481 481
 152 472 670 670
 266 545 606 606
 340 314 668 668
 532 70 617 617
 447 395 674 674
 400 452 562 562
 13 309 608 608
 37 338 455 455
 285 53 438 438
 49 226 457 457
 175 441 625 625
 240 68 604 604
 279 366 418 418
 30 297 600 600
 50 457 490 490
 5 316 496 496
 430 488 505 505
 60 220 473 473
 237 42 363 363
 43 237 442 442
 428 136 620 620
 355 272 357 357
 413 159 491 491
 298 31 600 600
 603 143 615 615
 499 426 506 506
 510 506 560 560
 177 375 634 634
 69 240 617 617
 387 153 670 670
 444 381 445 445
 460 61 473 473
 47 456 481 481
 534 418 590 590
 365 431 442 442
 148 390 632 632
 179 374 616 616
 621 584 686 686
 357 636 638 638
 375 176 625 625
 430 62 460 460
 573 575 576 576
 344 318 678 678
 7 317 555 555
 322 324 653 653
 558 404 674 674
 131 410 685 685
 636 635 665 665
 129 425 618 618
 475 378 476 476
 219 25 626 626
 72 682 683 683
 334 2 667 667
 435 51 490 490
 430 461 488 488
 410 130 618 618
 22 305 647 647
 429 537 593 593
 67 287 604 604
 24 306 626 626
 616 374 662 662
 63 430 505 505
 374 178 634 634
 537 329 597 597
 306 23 647 647
 509 508 664 664
 287 66 648 648
 438 435 624 624
 425 128 630 630
 32 298 605 605
 28 299 628 628
 54 285 439 439
 660 75 661 661
 297 29 628 628
 80 254 673 673
 462 464 602 602
 395 558 674 674
 625 441 659 659
 655 231 676 676
 237 363 364 364
 317 6 496 496
 479 294 480 480
 439 285 440 440
 430 460 461 461
 231 535 676 676
 303 336 657 657
 65 283 648 648
 347 348 546 546
 333 483 556 556
 578 582 585 585
 439 536 654 654
 536 286 654 654
 573 574 575 575
 619 559 620 620
 55 439 654 654
 283 64 505 505
 286 56 654 654
 124 361 502 502
 234 120 644 644
 422 359 606 606
 125 502 627 627
 452 400 554 554
 439 440 536 536
 265 255 652 652
 280 76 660 660
 502 361 503 503
 597 329 598 598
 366 523 609 609
 512 551 662 662
 119 358 644 644
 638 636 665 665
 236 549 631 631
 644 358 665 665
 472 232 599 599
 355 637 639 639
 548 340 621 621
 481 433 663 663
 416 382 679 679
 539 508 540 540
 509 567 568 568
 382 384 679 679
 348 556 557 557
 402 509 664 664
 251 482 646 646
 664 392 669 669
 276 495 523 523
 226 481 663 663
 464 346 602 602
 578 581 582 582
 488 429 593 593
 277 82 675 675
 681 596 682 682
 457 437 490 490
 427 559 560 560
 268 422 606 606
 682 596 683 683
 531 596 681 681
 360 635 636 636
 81 673 675 675
 610 523 611 611
 497 641 643 643
 498 355 639 639
 418 534 588 588
 552 512 662 662
 453 472 599 599
 590 609 613 613
 545 268 606 606
 275 494 495 495
 609 523 610 610
 533 530 588 588
 472 453 670 670
 590 366 609 609
 629 132 685 685
 568 603 615 615
 510 629 685 685
 533 660 661 661
 673 613 675 675
 58 57 286 286
 591 1 592 592
 16 15 310 310
 19 18 341 341
 18 223 341 341
 27 26 299 299
 26 219 299 299
 36 35 225 225
 36 225 338 338
 78 77 280 280
 79 78 254 254
 254 78 534 534
 84 83 614 614
 86 85 524 524
 524 85 614 614
 88 87 524 524
 89 88 524 524
 90 89 612 612
 92 91 612 612
 93 92 612 612
 94 93 611 611
 95 94 495 495
 96 95 494 494
 97 96 494 494
 98 97 684 684
 99 98 684 684
 100 99 684 684
 101 100 493 493
 103 102 493 493
 104 103 353 353
 106 105 353 353
 106 353 642 642
 108 107 642 642
 354 108 642 642
 110 109 354 354
 111 110 267 267
 110 354 640 640
 113 112 267 267
 113 267 356 356
 115 114 356 356
 259 115 356 356
 117 116 259 259
 118 117 358 358
 123 122 666 666
 138 137 258 258
 140 139 258 258
 141 140 393 393
 146 145 227 227
 147 146 390 390
 169 168 378 378
 185 184 218 218
 186 185 398 398
 191 190 592 592
 213 236 631 631
 236 214 542 542
 533 239 596 596
 263 270 271 271
 284 282 598 598
 284 289 292 292
 326 323 327 327
 327 335 347 347
 483 333 484 484
 345 531 597 597
 642 353 643 643
 391 394 403 403
 643 493 684 684
 610 524 614 614
 524 611 612 612
