TITLE     = "Visualization of the solution"
VARIABLES = "x"
"y"
"Pressure_Coefficient"
ZONE T="Zone"
 STRANDID=0, SOLUTIONTIME=0
 Nodes=697, Elements=1179, ZONETYPE=FEQuadrilateral
 DATAPACKING=POINT
 DT=(DOUBLE DOUBLE DOUBLE )
 1.000447035E+00 5.016498617E-04 2.129031898E-01
 9.861680865E-01 3.248252440E-03 1.874829248E-01
 9.721762538E-01 5.859327503E-03 1.012936140E-01
 9.554117322E-01 9.103308432E-03 5.883858756E-02
 9.400638342E-01 1.198752224E-02 1.993395211E-02
 9.263827801E-01 1.462781802E-02 -1.059533424E-02
 9.141644835E-01 1.686754078E-02 -3.112158401E-02
 9.020516872E-01 1.917013340E-02 -5.697537652E-02
 8.898180723E-01 2.140582353E-02 -7.729206122E-02
 8.777527213E-01 2.365531214E-02 -1.105137634E-01
 8.655073047E-01 2.586798184E-02 -1.274707211E-01
 8.528407216E-01 2.803645469E-02 -1.445603811E-01
 8.409144878E-01 3.012321703E-02 -1.676244625E-01
 8.295445442E-01 3.203312308E-02 -1.776845905E-01
 8.179240227E-01 3.395041451E-02 -1.969518512E-01
 8.059247732E-01 3.593571484E-02 -2.146606918E-01
 7.933543324E-01 3.792809322E-02 -2.307382574E-01
 7.816202641E-01 3.978183493E-02 -2.493574930E-01
 7.696107030E-01 4.162417725E-02 -2.607001063E-01
 7.582642436E-01 4.332539067E-02 -2.797471870E-01
 7.459036708E-01 4.517176002E-02 -2.954011300E-01
 7.327010036E-01 4.704343528E-02 -3.108528506E-01
 7.222530246E-01 4.852208868E-02 -3.297874938E-01
 7.113131285E-01 5.001044646E-02 -3.415010839E-01
 6.998519301E-01 5.152060091E-02 -3.538346907E-01
 6.868476272E-01 5.317297950E-02 -3.667853625E-01
 6.743918061E-01 5.472421274E-02 -3.873865898E-01
 6.640779376E-01 5.598402396E-02 -4.028729987E-01
 6.525060534E-01 5.729694664E-02 -4.135875085E-01
 6.413094997E-01 5.853793398E-02 -4.288270643E-01
 6.297304034E-01 5.976273865E-02 -4.393951731E-01
 6.183692217E-01 6.089897454E-02 -4.554406122E-01
 6.080672741E-01 6.190476567E-02 -4.688324708E-01
 5.961340666E-01 6.295724958E-02 -4.743672755E-01
 5.845301747E-01 6.392173469E-02 -4.848549732E-01
 5.712900758E-01 6.495865434E-02 -4.989162797E-01
 5.587587953E-01 6.585240364E-02 -5.063948727E-01
 5.462809801E-01 6.663507968E-02 -5.141911179E-01
 5.351337194E-01 6.729163229E-02 -5.212124376E-01
 5.233007669E-01 6.789576262E-02 -5.214328018E-01
 5.106045008E-01 6.846165657E-02 -5.282380286E-01
 4.996083677E-01 6.890460849E-02 -5.312824407E-01
 4.865184724E-01 6.932303309E-02 -5.306966532E-01
 4.734214246E-01 6.966043264E-02 -5.344720010E-01
 4.596244693E-01 6.994387507E-02 -5.341089023E-01
 4.460732341E-01 7.008127868E-02 -5.288531613E-01
 4.331917465E-01 7.016324997E-02 -5.311625661E-01
 4.203602076E-01 7.017042488E-02 -5.298847721E-01
 4.077565372E-01 7.008807361E-02 -5.251235938E-01
 3.948321044E-01 6.992670894E-02 -5.212621636E-01
 3.826366961E-01 6.970985234E-02 -5.209850607E-01
 3.710056841E-01 6.944579631E-02 -5.146361170E-01
 3.577756286E-01 6.905212253E-02 -5.140851285E-01
 3.452255130E-01 6.862229109E-02 -5.085519357E-01
 3.322799206E-01 6.808315963E-02 -5.044107656E-01
 3.215636611E-01 6.758314371E-02 -5.017479503E-01
 3.090877235E-01 6.693323702E-02 -4.950552749E-01
 2.961688042E-01 6.617574394E-02 -4.894571047E-01
 2.823821306E-01 6.528734416E-02 -4.870095256E-01
 2.700869143E-01 6.441671401E-02 -4.802494223E-01
 2.580895126E-01 6.348380446E-02 -4.737503126E-01
 2.456829995E-01 6.245090067E-02 -4.670807805E-01
 2.330598235E-01 6.130639464E-02 -4.620934499E-01
 2.208095640E-01 6.012369692E-02 -4.537665944E-01
 2.088574320E-01 5.886201933E-02 -4.474879883E-01
 1.972023845E-01 5.757572502E-02 -4.402720376E-01
 1.847067475E-01 5.607675388E-02 -4.301915440E-01
 1.728744954E-01 5.456804112E-02 -4.231848968E-01
 1.611497998E-01 5.297518894E-02 -4.126696557E-01
 1.495062858E-01 5.130418018E-02 -4.059838595E-01
 1.386113018E-01 4.962052405E-02 -3.920588118E-01
 1.272900552E-01 4.777909070E-02 -3.839391186E-01
 1.160680801E-01 4.581882432E-02 -3.687555173E-01
 1.055181101E-01 4.385542497E-02 -3.593859117E-01
 9.560902417E-02 4.190064594E-02 -3.428909693E-01
 8.491513133E-02 3.964063153E-02 -3.235864500E-01
 7.371680439E-02 3.708909452E-02 -2.900178606E-01
 6.391537189E-02 3.467294574E-02 -2.828858291E-01
 5.433818698E-02 3.211729601E-02 -2.509409233E-01
 4.541604221E-02 2.951881476E-02 -2.273456848E-01
 3.784634173E-02 2.710197121E-02 -2.051042165E-01
 3.108324669E-02 2.475250885E-02 -1.854341948E-01
 2.535505965E-02 2.256479859E-02 -1.594093173E-01
 2.116361074E-02 2.081080154E-02 -1.060207816E-01
 1.712418534E-02 1.897346973E-02 -9.346835274E-02
 1.404026058E-02 1.743827574E-02 -6.286350355E-02
 1.129676402E-02 1.594566554E-02 -4.541508323E-02
 9.275627322E-03 1.475157309E-02 -3.573464404E-02
 7.468521129E-03 1.358543802E-02 -1.302228395E-02
 5.804450251E-03 1.240762975E-02 -1.567574165E-02
 3.635859815E-03 1.066563185E-02 2.481388470E-01
 1.833376475E-03 8.923865855E-03 2.052051722E-01
 3.418303968E-04 7.118984126E-03 3.665565822E-01
 -1.084616408E-03 4.623311572E-03 6.851520517E-01
 -1.677573076E-03 2.739845077E-03 4.287324557E-01
 -1.864376478E-03 1.207158319E-03 8.953765195E-01
 -1.767084119E-03 -5.623716861E-04 4.305119491E-01
 -1.288693631E-03 -2.482816810E-03 1.003577434E+00
 -2.589998476E-04 -4.742394201E-03 1.521325674E+00
 1.313992427E-03 -7.074611727E-03 6.661490563E-01
 3.466442926E-03 -9.484698065E-03 5.417521412E-01
 5.414651241E-03 -1.128446218E-02 3.074229247E-01
 7.655423600E-03 -1.307572704E-02 3.562116528E-01
 9.381851181E-03 -1.431469619E-02 2.462260191E-01
 1.151350141E-02 -1.571679302E-02 2.177027564E-01
 1.395475399E-02 -1.718799211E-02 1.289437406E-01
 1.723453030E-02 -1.898338832E-02 4.397871925E-02
 2.032395825E-02 -2.052165382E-02 5.525778064E-02
 2.430453710E-02 -2.234291285E-02 2.775072089E-02
 2.966419049E-02 -2.456266619E-02 -4.202372296E-02
 3.542959690E-02 -2.670234628E-02 -9.117225325E-02
 4.235178605E-02 -2.904137224E-02 -1.309823199E-01
 4.999017715E-02 -3.135848418E-02 -1.692404782E-01
 5.887898058E-02 -3.380790725E-02 -2.010689898E-01
 6.779740006E-02 -3.605198115E-02 -2.275638402E-01
 7.805545628E-02 -3.840510920E-02 -2.505695433E-01
 8.796865493E-02 -4.049335420E-02 -2.685319011E-01
 9.866354614E-02 -4.258155078E-02 -2.774430003E-01
 1.098663583E-01 -4.461675137E-02 -2.928054295E-01
 1.214079633E-01 -4.655133188E-02 -3.083907669E-01
 1.332001090E-01 -4.839617759E-02 -3.210087632E-01
 1.438284963E-01 -4.994032159E-02 -3.303408718E-01
 1.550967991E-01 -5.148793384E-02 -3.389801664E-01
 1.670341194E-01 -5.301636457E-02 -3.518578890E-01
 1.786507219E-01 -5.439877883E-02 -3.625181218E-01
 1.904231161E-01 -5.570001528E-02 -3.715945970E-01
 2.010145932E-01 -5.680061504E-02 -3.830039159E-01
 2.124208361E-01 -5.789309740E-02 -3.916024000E-01
 2.246934772E-01 -5.898632854E-02 -4.011926694E-01
 2.371145636E-01 -5.998490751E-02 -4.136139185E-01
 2.489701509E-01 -6.083651632E-02 -4.228792122E-01
 2.612354159E-01 -6.163126230E-02 -4.318887055E-01
 2.720629573E-01 -6.223066896E-02 -4.413243588E-01
 2.846217155E-01 -6.284037232E-02 -4.451297020E-01
 2.965831459E-01 -6.332158297E-02 -4.557310114E-01
 3.093474507E-01 -6.370704621E-02 -4.607270852E-01
 3.209621906E-01 -6.396339089E-02 -4.658391022E-01
 3.335544765E-01 -6.412871182E-02 -4.706040335E-01
 3.441484571E-01 -6.415218115E-02 -4.738469728E-01
 3.556810319E-01 -6.409792602E-02 -4.724375215E-01
 3.666103482E-01 -6.392336637E-02 -4.725019350E-01
 3.774516582E-01 -6.366141140E-02 -4.665237226E-01
 3.892538548E-01 -6.325728446E-02 -4.593269806E-01
 4.020245373E-01 -6.269743294E-02 -4.488898398E-01
 4.144206047E-01 -6.202783063E-02 -4.393923093E-01
 4.270817339E-01 -6.117670238E-02 -4.212874254E-01
 4.393842518E-01 -6.025998294E-02 -4.013469192E-01
 4.518759847E-01 -5.920074508E-02 -3.821575473E-01
 4.638554454E-01 -5.807508901E-02 -3.578338133E-01
 4.761566520E-01 -5.682881176E-02 -3.346396461E-01
 4.881598353E-01 -5.551814288E-02 -3.123091776E-01
 5.005651116E-01 -5.407806486E-02 -2.850331893E-01
 5.140321851E-01 -5.243035406E-02 -2.581247128E-01
 5.272678137E-01 -5.071145669E-02 -2.290517733E-01
 5.400174856E-01 -4.901671037E-02 -2.013282742E-01
 5.531071424E-01 -4.720694572E-02 -1.755339942E-01
 5.663048625E-01 -4.533372819E-02 -1.471086763E-01
 5.793101192E-01 -4.346050695E-02 -1.215213768E-01
 5.920624137E-01 -4.161411151E-02 -9.836204187E-02
 6.048398018E-01 -3.973931819E-02 -7.711038148E-02
 6.185573936E-01 -3.771829233E-02 -5.622216070E-02
 6.324478388E-01 -3.561812267E-02 -3.103194001E-02
 6.464926004E-01 -3.352080658E-02 -5.066315287E-03
 6.597227454E-01 -3.155853972E-02 1.191390896E-02
 6.731592417E-01 -2.956281416E-02 2.940510361E-02
 6.856019497E-01 -2.772812918E-02 4.748976815E-02
 6.979048848E-01 -2.590129711E-02 6.547374162E-02
 7.125421762E-01 -2.375135012E-02 8.570737600E-02
 7.254410982E-01 -2.186810784E-02 1.055825911E-01
 7.371017933E-01 -2.019740269E-02 1.215247272E-01
 7.502523065E-01 -1.833937317E-02 1.386426661E-01
 7.631366253E-01 -1.657423377E-02 1.539307929E-01
 7.763665318E-01 -1.476508565E-02 1.701120460E-01
 7.885836363E-01 -1.315570436E-02 1.870228821E-01
 8.014960885E-01 -1.148581505E-02 2.025931464E-01
 8.124452233E-01 -1.009672787E-02 2.199075282E-01
 8.241371512E-01 -8.704584092E-03 2.347790669E-01
 8.368830085E-01 -7.241358515E-03 2.454934544E-01
 8.492292762E-01 -5.860537291E-03 2.648466541E-01
 8.616805077E-01 -4.605567548E-03 2.781376257E-01
 8.726892471E-01 -3.544732463E-03 2.910158000E-01
 8.844587207E-01 -2.552239457E-03 3.017661817E-01
 8.971637487E-01 -1.572724665E-03 3.119359108E-01
 9.074485898E-01 -9.007284534E-04 3.242744446E-01
 9.184028506E-01 -3.051084641E-04 3.270237023E-01
 9.286921024E-01 1.445911475E-04 3.294403848E-01
 9.383630753E-01 4.745854822E-04 3.387361301E-01
 9.506940246E-01 7.620389806E-04 3.263973502E-01
 9.638949633E-01 9.128540987E-04 3.530951947E-01
 9.777020812E-01 9.020320140E-04 3.190114058E-01
 9.894426465E-01 7.484302623E-04 3.704340406E-01
 -5.000000000E-01 -1.000000000E+00 2.618892122E-02
 3.500000000E+00 -1.000000000E+00 1.663688659E-02
 3.500000000E+00 1.000000000E+00 1.314897752E-03
 -5.000000000E-01 1.000000000E+00 2.845067118E-03
 -5.000000000E-01 5.000000000E-01 3.830995863E-02
 -5.000000000E-01 2.752797990E-12 1.057225065E-01
 -5.000000000E-01 -5.000000000E-01 6.245219390E-02
 -9.421907698E-13 -1.000000000E+00 1.769946017E-02
 5.000000000E-01 -1.000000000E+00 -7.348355524E-03
 1.000000000E+00 -1.000000000E+00 1.227582922E-02
 1.500000000E+00 -1.000000000E+00 2.882485447E-02
 2.000000000E+00 -1.000000000E+00 2.676502579E-02
 2.500000000E+00 -1.000000000E+00 1.980132888E-02
 3.000000000E+00 -1.000000000E+00 1.657600469E-02
 3.500000000E+00 -5.000000000E-01 1.813733772E-02
 3.500000000E+00 -2.752797990E-12 1.655640796E-02
 3.500000000E+00 5.000000000E-01 7.808220111E-03
 3.000000000E+00 1.000000000E+00 -1.943459425E-03
 2.500000000E+00 1.000000000E+00 -8.954562128E-03
 2.000000000E+00 1.000000000E+00 -2.558635673E-02
 1.500000000E+00 1.000000000E+00 -6.072485652E-02
 1.000000000E+00 1.000000000E+00 -1.043870897E-01
 5.000000000E-01 1.000000000E+00 -9.894460023E-02
 1.733724275E-12 1.000000000E+00 -2.612228114E-02
 6.818537869E-01 -3.820314977E-02 3.922127454E-02
 7.857774238E-01 -2.463533356E-02 1.775188091E-01
 9.035277526E-01 -1.211411171E-02 3.030279736E-01
 5.865518546E-01 -5.786587315E-02 -1.069180943E-01
 7.063290101E-01 6.355427531E-02 -3.401615416E-01
 2.737393090E-01 7.807874075E-02 -4.636580740E-01
 9.141878054E-01 2.567214315E-02 -3.921290623E-02
 2.428503980E-01 -7.224058061E-02 -3.963122524E-01
 7.993603772E-01 4.774433439E-02 -2.191153944E-01
 5.897300595E-01 7.265006107E-02 -4.708235394E-01
 4.055319516E-01 -7.584539166E-02 -4.174288096E-01
 4.259266221E-01 8.146573313E-02 -5.146058473E-01
 1.837067988E+00 -6.014322445E-01 2.768651755E-02
 1.731482536E+00 5.427811602E-01 -1.318275782E-02
 3.031177040E+00 2.156833734E-01 9.685165165E-03
 7.500000000E-01 -5.669872981E-01 1.213534858E-02
 4.815968348E-01 -6.723778160E-02 -3.121137972E-01
 2.871033807E-01 -6.979977352E-01 -2.903321260E-02
 1.253925570E-01 -5.982592078E-02 -2.875448447E-01
 3.382578258E-01 -7.728722759E-02 -4.414777192E-01
 7.567417904E-01 5.683031927E-01 -1.497593816E-01
 5.081215526E-01 8.121823908E-02 -5.128198488E-01
 3.516176794E-01 6.034259941E-01 -1.570553653E-01
 1.156434764E-01 5.894392992E-02 -3.381889045E-01
 1.807421531E-01 7.077778590E-02 -4.052695459E-01
 3.502356734E-01 8.422367781E-02 -4.915139462E-01
 2.734843968E+00 -5.326955387E-01 1.554036622E-02
 1.194955828E+00 6.130919324E-01 -5.878047678E-02
 1.001724215E+00 3.781117351E-01 -6.983904092E-02
 1.252982563E+00 -6.077373453E-01 3.976101588E-02
 1.512505906E+00 -2.731405010E-01 3.366130692E-02
 2.249052320E+00 -5.889701112E-01 1.826634301E-02
 1.982552340E+00 -2.133459536E-01 1.730480404E-02
 2.413174768E+00 -1.868749151E-01 1.160263115E-02
 2.184606163E+00 1.581932639E-01 6.166167344E-03
 1.800590572E+00 1.384844984E-01 4.188623629E-03
 -2.709914775E-01 -2.367496485E-01 1.233681405E-01
 -6.879017053E-02 -6.055602633E-01 1.827595561E-02
 1.018577111E-01 -3.626270382E-01 -3.306759956E-02
 7.105525732E-02 -4.538559204E-02 -2.045063919E-01
 1.833151624E-01 -6.757268672E-02 -3.463816163E-01
 -2.851638153E-01 2.381901052E-01 9.999515581E-02
 -8.086803916E-02 6.193399781E-01 -2.522290643E-02
 3.318060096E-02 3.345898559E-01 -7.499866594E-02
 4.778981871E-02 3.798499415E-02 -2.164164824E-01
 2.191389556E+00 6.008260539E-01 -6.033964375E-03
 2.738063509E+00 6.037893223E-01 2.441591623E-03
 -2.463742971E-01 -1.959245851E-03 1.433674118E-01
 -1.109012776E-01 -1.267252498E-01 1.916344031E-01
 -7.096789006E-02 -3.202051055E-01 5.316045926E-02
 2.110070851E-03 -1.824119801E-01 6.013784600E-02
 4.090687147E-02 -3.539085766E-02 -9.986990756E-02
 1.577363844E-01 -2.317294379E-01 -1.286471646E-01
 -2.610240353E-02 -1.039463633E-01 2.221945984E-01
 -1.221745631E-01 -8.826709047E-03 3.441617088E-01
 3.755943313E-02 -1.103287208E-01 1.299464918E-02
 3.109358260E+00 -2.612783039E-01 1.537191778E-02
 -5.299482752E-02 -4.674481265E-02 2.959639438E-01
 -5.878144474E-03 -6.140079093E-02 2.638883854E-01
 1.033140889E-02 -1.938331193E-02 3.763184310E-01
 2.058598975E-02 -2.669856806E-02 5.517935109E-02
 2.991405394E-02 -6.842930336E-02 2.908748026E-02
 5.513519722E-02 -4.091275513E-02 -1.571802811E-01
 -1.986661273E-02 -3.095209747E-02 5.748644026E-01
 -4.525233460E-02 4.376732629E-03 5.444320381E-01
 4.497055681E-03 -1.465391887E-02 4.269098646E-01
 2.552427499E+00 2.124890061E-01 4.772406428E-03
 1.567138416E-03 -3.911653378E-02 3.225179673E-01
 1.776492219E-02 -4.871046300E-02 1.355612113E-01
 8.370358390E-02 -1.757893075E-01 -7.533813207E-02
 1.015517234E-01 -1.170085206E-01 -1.566677507E-01
 5.767748678E-02 -2.625322892E-01 -2.172017538E-02
 2.533013434E-01 -2.972669036E-01 -1.439587060E-01
 2.841659982E-01 -1.888906317E-01 -2.472486245E-01
 3.683534799E-01 -2.538153754E-01 -1.906023300E-01
 3.010065617E-01 -7.568430840E-02 -4.320192886E-01
 2.754332986E-01 -7.480593312E-02 -4.192584008E-01
 3.704459062E-01 -1.616185944E-01 -2.952438099E-01
 4.605741649E-01 -1.951234539E-01 -2.031457537E-01
 5.341087007E-01 -6.249628017E-02 -2.090014878E-01
 4.460176422E-01 -7.728529761E-02 -3.591709760E-01
 3.737201539E-01 -7.505077978E-02 -4.439635609E-01
 4.748657752E-01 -3.091518316E-01 -1.211063005E-01
 5.564224062E-01 -2.365947710E-01 -9.973187173E-02
 2.038018258E-01 -1.515395767E-01 -2.398325704E-01
 5.398989745E-01 -1.575023880E-01 -1.516009124E-01
 6.207870835E-01 -1.651490934E-01 -5.331091891E-02
 6.423835369E-01 -4.471871933E-02 -1.749941991E-02
 6.505335129E-01 -2.386136751E-01 -2.034202152E-02
 7.160838016E-01 -1.712590262E-01 3.649998325E-02
 8.446390516E-01 -2.151308485E-02 2.413556864E-01
 8.151609162E-01 -1.942954874E-02 2.145268059E-01
 8.688639971E-01 -1.853182429E-02 2.709003708E-01
 7.318035076E-01 -3.275412548E-02 1.086000322E-01
 7.496657044E-01 -2.557133207E-01 4.320572952E-02
 8.491460678E-01 -1.740110567E-01 1.256162378E-01
 9.717161887E-01 -1.085334120E-02 3.177255115E-01
 9.449937463E-01 -1.229522457E-02 3.168579472E-01
 8.680007333E-01 -2.681755588E-01 8.962415259E-02
 9.430368239E-01 -1.828925251E-01 1.420797643E-01
 9.039354897E-01 -1.091276804E-01 1.946482964E-01
 9.886547054E-01 -1.211564074E-01 1.867176381E-01
 1.049858559E+00 -1.891455210E-01 1.241215084E-01
 1.100348822E+00 -8.840948328E-02 1.324175850E-01
 1.182986692E+00 -1.873968665E-01 8.349546964E-02
 1.208054215E+00 -8.251793118E-02 8.184005758E-02
 1.142163567E+00 7.073356764E-03 7.684400484E-02
 1.277683653E+00 1.696274203E-02 4.804747621E-02
 8.179029198E-01 -1.026571097E-01 1.542081941E-01
 1.147134326E+00 1.334416710E-01 4.353314207E-02
 1.339297500E+00 1.793835097E-01 2.045280901E-02
 1.048448307E+00 -5.438151654E-02 1.709567595E-01
 6.717518057E-01 -1.129232024E-01 8.965842880E-03
 1.127663843E+00 -3.598237144E-01 6.628116718E-02
 1.445771088E+00 2.421672426E-02 2.127028721E-02
 9.500316600E-01 -7.758240050E-02 2.324256750E-01
 6.216311299E-01 -1.051044252E-01 -4.964971151E-02
 6.146681762E-01 -4.889840628E-02 -6.238662071E-02
 4.292886641E-01 -1.303348985E-01 -3.061515634E-01
 3.209625256E-01 -1.286867189E-01 -3.379068018E-01
 1.067302059E+00 -7.183530263E-03 1.309198377E-01
 1.025180405E+00 1.295474029E-01 3.366113196E-02
 9.665729866E-01 2.109386128E-02 7.323131450E-02
 1.196886099E+00 3.209790975E-01 -1.371757912E-02
 6.376162424E-01 -3.522976215E-01 -3.595945575E-02
 7.468772205E-01 -1.079476566E-01 9.188279712E-02
 7.075113153E-01 -8.564177444E-02 5.327949727E-02
 7.085517637E-01 -3.720855443E-02 7.544733939E-02
 1.408534341E+00 4.230349856E-01 -1.563621673E-02
 3.876744936E-01 -1.182174851E-01 -3.545113420E-01
 1.327191300E+00 -3.485127005E-01 5.089300034E-02
 1.009919675E+00 -5.577258717E-01 4.793559617E-02
 6.501028186E-01 -8.460941704E-02 -1.577400736E-02
 6.782256147E-01 -7.064229843E-02 2.556688150E-02
 4.788840333E-01 -4.790581430E-01 -6.452525839E-02
 1.465443720E+00 6.787347831E-01 -3.490019552E-02
 7.463559028E-01 -3.129357928E-02 1.267461824E-01
 7.405423566E-01 -4.777452041E-02 1.118979624E-01
 7.602087620E-01 -4.267642868E-02 1.362965159E-01
 7.567728961E-01 -7.113678816E-02 1.212574911E-01
 7.851089536E-01 -6.155330194E-02 1.526470784E-01
 7.225746744E-01 -4.586954105E-02 8.986073716E-02
 7.582231214E-01 -2.861495089E-02 1.424187083E-01
 7.201826440E-01 -3.229033578E-02 9.367407093E-02
 6.534799182E-01 -4.272652197E-02 1.453330421E-05
 6.273095932E-01 -4.861948768E-02 -3.970071017E-02
 6.222675770E-01 -6.629631610E-02 -5.141149521E-02
 5.932368462E-01 -8.009155563E-02 -9.389751009E-02
 5.610513053E-01 -6.359966646E-02 -1.544504488E-01
 5.799285216E-01 -1.179239571E-01 -1.088852382E-01
 5.359926127E-01 -1.063355380E-01 -1.833395837E-01
 5.072993956E-01 -7.006912616E-02 -2.569637827E-01
 4.858571746E-01 -1.257610666E-01 -2.380889260E-01
 5.651108945E-01 -8.607677707E-02 -1.403408542E-01
 4.543130820E-01 -1.037200568E-01 -3.095271327E-01
 1.368343471E+00 -1.559232144E-01 4.935605838E-02
 5.034782763E-01 -9.238120653E-02 -2.459578490E-01
 4.781356610E-01 -9.398180613E-02 -2.828404856E-01
 4.310273524E-01 -9.584601094E-02 -3.499958300E-01
 4.674192283E-01 -7.931368576E-02 -3.217867106E-01
 5.463878699E-01 -5.978865834E-02 -1.843080850E-01
 5.444069950E-01 -7.592289795E-02 -1.815636553E-01
 5.237905867E-01 -7.724046767E-02 -2.175546370E-01
 1.462135855E-01 -1.475414509E-01 -1.889908927E-01
 1.431708224E-01 -1.022594790E-01 -2.315865814E-01
 1.618682649E-01 -6.168320140E-02 -3.309666915E-01
 1.837693533E-01 -1.085840927E-01 -2.812300000E-01
 2.175373851E-01 -7.193341764E-02 -3.760459701E-01
 2.272038377E-01 -1.134975224E-01 -3.244286601E-01
 5.764151866E-01 -7.021355491E-02 -1.254408599E-01
 3.691516317E-01 -3.637129579E-01 -1.317158069E-01
 2.555875102E-01 -4.627282286E-01 -4.931405369E-02
 6.031974828E-01 -7.488086353E-01 -2.401045359E-02
 4.052860283E-01 -9.726461933E-02 -3.770377749E-01
 3.906855648E-01 -7.950387143E-02 -4.237105441E-01
 3.781858877E-01 -9.399786986E-02 -4.037718001E-01
 3.560748415E-01 -8.582281203E-02 -4.259862146E-01
 3.561577594E-01 -1.090100413E-01 -3.785104545E-01
 3.338392226E-01 -9.684803064E-02 -4.046229756E-01
 3.239168849E-01 -8.296138470E-02 -4.293272902E-01
 3.084788557E-01 -9.501983414E-02 -4.033423582E-01
 2.740501259E-01 -1.178767044E-01 -3.427917843E-01
 2.880313784E-01 -8.690240837E-02 -4.024821647E-01
 2.683278793E-01 -9.052013212E-02 -3.871334929E-01
 1.625994940E+00 -8.489036548E-02 2.173368970E-02
 2.472551636E-01 -9.396198739E-02 -3.693315572E-01
 2.577729591E-01 -7.871577798E-02 -4.004831926E-01
 2.287305940E-01 -8.516101041E-02 -3.631941311E-01
 2.076845481E-01 -8.920246818E-02 -3.374876579E-01
 1.998577165E-01 -6.892964682E-02 -3.600322202E-01
 1.889752499E-01 -8.215992408E-02 -3.325995577E-01
 1.645228208E-01 -7.839668004E-02 -3.062992227E-01
 6.944581399E-01 -3.967840425E-02 5.652107743E-02
 7.042334141E-01 -5.727516115E-02 6.406480591E-02
 1.153140554E-01 -8.928590085E-02 -2.228630407E-01
 1.025402901E-01 -5.309259666E-02 -2.678992598E-01
 8.381531564E-02 -8.444064778E-02 -1.442055927E-01
 5.542762409E-02 -7.140471910E-02 -7.803444355E-02
 8.308847635E-02 -6.039566483E-02 -1.925146177E-01
 7.706504948E-01 -2.800348687E-02 1.554314580E-01
 4.241070807E-01 -7.567226221E-02 -3.984705692E-01
 7.851293599E-01 -3.958797361E-02 1.666358268E-01
 8.068087144E-01 -4.976563201E-02 1.851555754E-01
 8.484515116E-01 -6.871093227E-02 2.027406588E-01
 8.022218110E-01 -3.089365858E-02 1.912529148E-01
 8.334664485E-01 -4.283062986E-02 2.141409353E-01
 8.288439516E-01 -2.274646451E-02 2.264519762E-01
 8.582819937E-01 -3.672169593E-02 2.433412434E-01
 8.812226667E-01 -3.462454747E-02 2.595542446E-01
 8.760227429E-01 -6.824139616E-02 2.264549987E-01
 9.050540027E-01 -5.119693198E-02 2.519580633E-01
 9.365481982E-01 -4.069487279E-02 2.765207110E-01
 9.238998076E-01 -1.073462972E-02 3.152114199E-01
 9.703565977E-01 -4.449070529E-02 2.757025598E-01
 8.826070720E-01 -1.743790264E-02 2.842263037E-01
 8.963743830E-01 -2.492261888E-02 2.824528260E-01
 9.149958665E-01 -2.369693653E-02 2.939636897E-01
 8.924471564E-01 -1.151023160E-02 2.952930654E-01
 9.547898785E-01 -2.868936578E-02 3.007498728E-01
 9.876658472E-01 -3.218580039E-02 2.697835672E-01
 1.003709689E+00 -5.951034939E-02 2.156803880E-01
 1.031080790E+00 -2.697241415E-02 2.060162187E-01
 9.343967890E-01 -2.240169352E-02 3.013705719E-01
 9.872884940E-01 -1.213720876E-02 3.858149933E-01
 9.136549734E-01 -9.550302975E-03 3.112293305E-01
 8.231916307E-01 -3.910466677E-01 4.796427589E-02
 9.623191109E-01 5.555658392E-01 -8.813338729E-02
 7.344689406E-01 3.132134451E-01 -2.041147918E-01
 6.464447301E-01 7.209420234E-02 -4.089072597E-01
 8.594731528E-01 3.969028481E-01 -1.273307552E-01
 8.774918181E-01 2.072924612E-01 -1.125430028E-01
 7.533732194E-01 5.455107974E-02 -2.808151975E-01
 7.820345958E-01 5.012555310E-02 -2.425161280E-01
 8.525912920E-01 4.033540875E-02 -1.458526604E-01
 8.725443930E-01 3.930896565E-02 -1.146402394E-01
 8.250950267E-01 4.484626227E-02 -1.842557978E-01
 5.784133340E-01 4.391353815E-01 -2.003883809E-01
 5.496903245E-01 2.695243979E-01 -3.109111257E-01
 5.519333062E-01 6.785135376E-01 -1.583331275E-01
 3.051043625E-01 3.765487397E-01 -2.262028523E-01
 1.543488226E-01 4.998339481E-01 -1.040377386E-01
 1.012943878E+00 2.318576054E-01 -2.680129964E-02
 1.721661073E+00 -3.270539418E-01 2.993722366E-02
 6.694082301E-01 -4.683764212E-02 2.069109204E-02
 4.471430878E-01 3.599305897E-01 -2.513854169E-01
 4.150172124E-01 2.253979329E-01 -3.495051193E-01
 2.824547965E-01 2.402821850E-01 -2.966699667E-01
 2.251698979E-01 7.332375443E-02 -4.396330576E-01
 1.984714154E-01 6.975520540E-02 -4.236500440E-01
 5.048082549E-01 1.893686781E-01 -3.936670526E-01
 5.519102351E-01 7.719855623E-02 -4.968275839E-01
 5.296326622E-01 7.793802090E-02 -5.057414617E-01
 4.667599981E-01 8.134094734E-02 -5.182120652E-01
 3.480972427E-01 1.721466266E-01 -3.879449550E-01
 3.894112505E-01 7.967581977E-02 -5.089911565E-01
 3.139659771E-01 8.115501442E-02 -4.802068139E-01
 1.821038784E-01 3.163053848E-01 -1.864854774E-01
 1.217206041E-01 2.190998684E-01 -1.733834856E-01
 -2.148771865E-02 1.827437144E-01 2.879026675E-02
 1.153640117E-02 1.877285081E-02 8.389682418E-03
 1.981235015E-01 1.597038684E-01 -3.097245933E-01
 6.298368195E-02 1.426136686E-01 -1.024785708E-01
 8.837916461E-02 4.968017098E-02 -3.040334386E-01
 -1.232821716E-01 1.120309105E-01 1.684970275E-01
 3.133974596E+00 6.339745962E-01 2.602878133E-03
 9.343407854E-01 -8.498603164E-03 3.203693905E-01
 8.562189781E-01 -1.569646852E-02 2.604800551E-01
 4.935982758E-01 -6.572345861E-02 -2.872170949E-01
 3.133974596E+00 -6.339745962E-01 1.548227783E-02
 6.495496925E-01 -5.893841066E-02 -8.401950140E-03
 9.504744428E-01 1.447579944E-01 -4.033974280E-02
 8.666758944E-01 1.280323207E-01 -1.223713404E-01
 8.026888968E-01 1.731111776E-01 -1.797771569E-01
 8.034394416E-01 1.104693676E-01 -1.981944665E-01
 7.519175551E-01 1.368805497E-01 -2.483967501E-01
 9.205533518E-01 9.107798471E-02 -4.420205343E-02
 8.433759740E-01 8.587265517E-02 -1.515825962E-01
 7.616519406E-01 9.751864380E-02 -2.534422852E-01
 7.193483512E-01 1.021580449E-01 -3.015465320E-01
 6.823365505E-01 6.793722627E-02 -3.664887923E-01
 6.988380818E-01 1.462756525E-01 -2.933110369E-01
 7.281444548E-01 5.837447164E-02 -3.134522463E-01
 7.448336823E-01 2.041636656E-01 -2.322107974E-01
 6.741244451E-01 1.098827729E-01 -3.492999357E-01
 6.502129063E-01 1.497170615E-01 -3.391862544E-01
 6.310989145E-01 1.117635366E-01 -3.904512867E-01
 6.140892886E-01 7.032361843E-02 -4.518049638E-01
 6.031018718E-01 1.464975073E-01 -3.834718372E-01
 6.138722938E-01 2.047112663E-01 -3.256679527E-01
 5.928494734E-01 1.126014429E-01 -4.258639581E-01
 5.584864456E-01 1.322511134E-01 -4.246033394E-01
 7.420885817E-01 5.856907503E-02 -2.939480110E-01
 7.379331899E-01 7.710851553E-02 -2.881579286E-01
 7.892518780E-01 8.211469004E-02 -2.221032074E-01
 8.133078687E-01 7.644432932E-02 -1.916392975E-01
 5.621295940E-01 1.801311326E-01 -3.734484620E-01
 5.084204850E-01 1.290216836E-01 -4.479672350E-01
 4.597970625E-01 1.531614599E-01 -4.352616817E-01
 4.758767005E-01 1.154396476E-01 -4.735460589E-01
 4.413376868E-01 1.171644359E-01 -4.703423199E-01
 4.059750561E-01 1.512882133E-01 -4.331604279E-01
 3.679804805E-01 1.245650035E-01 -4.468197870E-01
 3.236810916E-01 1.329491943E-01 -4.220395159E-01
 4.815874952E-01 9.357467437E-02 -5.011589932E-01
 4.066744288E-01 1.139941171E-01 -4.729357631E-01
 4.445639571E-01 9.614454525E-02 -4.995120398E-01
 4.108362601E-01 9.266174779E-02 -4.996067076E-01
 5.351446760E-01 1.090169052E-01 -4.688464999E-01
 5.079431727E-01 1.016668256E-01 -4.874599830E-01
 6.956379899E-01 8.014031404E-02 -3.415906344E-01
 5.643476886E-01 1.031809538E-01 -4.573899578E-01
 5.687041828E-01 8.316852132E-02 -4.797738129E-01
 7.181485019E-01 7.236340847E-02 -3.197827541E-01
 6.942006216E-01 6.326507921E-02 -3.539626714E-01
 3.417390737E-01 1.093114518E-01 -4.597635402E-01
 6.533743187E-01 8.891978947E-02 -3.866932633E-01
 6.731709251E-01 8.047996908E-02 -3.676435293E-01
 6.342748595E-01 8.428099213E-02 -4.116153564E-01
 6.599822165E-01 6.983456072E-02 -3.961287426E-01
 6.126233510E-01 8.753972137E-02 -4.317244199E-01
 6.365287701E-01 2.862168522E-01 -2.650602960E-01
 3.656703898E-01 9.693708639E-02 -4.810375849E-01
 3.316551014E-01 8.974640303E-02 -4.776895084E-01
 3.090883816E-01 1.033441931E-01 -4.516358345E-01
 2.827019365E-01 1.304135624E-01 -4.100517643E-01
 2.979190623E-01 8.743999480E-02 -4.647880733E-01
 2.953662991E-01 1.663013863E-01 -3.734588958E-01
 2.759120193E-01 9.974865039E-02 -4.424633249E-01
 2.446571957E-01 1.176231614E-01 -3.958790445E-01
 2.500638292E-01 7.537187713E-02 -4.551488292E-01
 5.421186564E-01 9.174482329E-02 -4.818798525E-01
 3.642565307E-01 7.983747873E-02 -5.017548050E-01
 7.954750902E-01 6.342215518E-02 -2.202611297E-01
 7.559703561E-01 7.039156104E-02 -2.677876570E-01
 2.582886287E-01 8.905415653E-02 -4.423421380E-01
 8.190903000E-01 2.665661181E-01 -1.545907185E-01
 6.011994069E-01 7.406991219E-02 -4.603705856E-01
 5.787239798E-01 7.483204574E-02 -4.779224073E-01
 5.868825917E-01 8.686323691E-02 -4.560591419E-01
 2.885754785E-01 7.659435382E-02 -4.745488544E-01
 7.746197320E-01 6.920281395E-02 -2.474931301E-01
 3.371931445E-01 7.773155156E-02 -4.961622116E-01
 3.773342394E-01 8.243351116E-02 -5.025751617E-01
 8.353328566E-01 5.760700223E-02 -1.661383116E-01
 8.607392269E-01 6.061348006E-02 -1.298446700E-01
 8.883630936E-01 6.055812350E-02 -8.343899889E-02
 8.912715578E-01 3.960196267E-02 -8.013094795E-02
 9.094446204E-01 4.892169561E-02 -4.539912622E-02
 9.310276180E-01 3.098069221E-02 -6.258295334E-03
 9.464694313E-01 6.002813909E-02 5.895506178E-03
 9.522575356E-01 3.047602794E-02 3.687875201E-02
 8.759415081E-01 8.523091284E-02 -1.065774461E-01
 2.300157855E-01 -6.916941802E-02 -3.937473745E-01
 5.212997363E-01 -6.258953695E-02 -2.357295988E-01
 7.172376240E-01 5.856493811E-02 -3.300367813E-01
 1.977017207E+00 3.600712441E-01 -3.481161235E-03
 1.007191177E+00 -1.998038574E-02 3.045408297E-01
 1.021686071E+00 6.981890663E-03 1.476319326E-01
 1.058345025E+00 5.703408430E-02 9.549074776E-02
 9.879601742E-01 8.331301056E-02 3.728931636E-02
 1.003098243E+00 3.793159512E-02 1.287328235E-01
 9.985251949E-01 1.333073128E-02 1.495325077E-01
 9.729308182E-01 4.180548372E-02 6.687838724E-02
 8.173003683E-01 -3.313318674E-02 2.019081712E-01
 6.707918872E-01 6.579199855E-02 -3.842898367E-01
 1.717015491E-01 -6.278783440E-02 -3.421773244E-01
 6.022711116E-01 -5.575093014E-02 -8.407418644E-02
 5.739266656E-01 -5.609466593E-02 -1.302659034E-01
 2.421270419E-01 -1.559667327E-01 -2.730201551E-01
 3.149328197E-01 -7.389387836E-02 -4.429243243E-01
 8.366956415E-01 4.098900267E-02 -1.684874378E-01
 6.797924458E-01 2.173829906E-01 -2.779218801E-01
 2.029297667E-01 2.241185166E-01 -2.590290542E-01
 1.346467557E-01 1.378264286E-01 -2.657636963E-01
 1.787932541E-01 1.165234091E-01 -3.381759412E-01
 1.417892792E-01 9.618475414E-02 -3.287938307E-01
 1.541951864E-01 6.168587557E-02 -3.921305900E-01
 2.096850367E-01 1.101168814E-01 -3.777886568E-01
 1.680024228E-01 8.881071130E-02 -3.636861511E-01
 1.332501374E-01 7.595728293E-02 -3.432980461E-01
 1.086340685E-01 9.219945417E-02 -2.587758955E-01
 5.611655340E-02 9.192872527E-02 -1.310751383E-01
 6.674255989E-02 4.429256633E-02 -2.707766577E-01
 1.038259945E-01 7.019110239E-02 -3.129047066E-01
 1.982856699E-02 1.117912529E-01 -1.001662634E-02
 2.733627845E-02 2.951857427E-02 -1.363508379E-01
 2.356780428E-02 7.295788924E-02 2.945278289E-02
 -2.535788206E-02 6.927220122E-02 1.180443859E-01
 1.980650838E-03 5.051848103E-02 1.170995071E-01
 -1.932537793E-02 2.508250118E-02 4.657335008E-01
 -4.753889700E-03 1.772416991E-02 3.513272733E-01
 5.449094640E-03 1.554470229E-02 1.074435142E-01
 2.419769261E-03 3.333965700E-02 1.781449604E-01
 1.722444005E-02 2.379065691E-02 -5.058591378E-02
 5.558608507E-03 2.289771970E-02 8.715065440E-02
 1.917723423E-01 9.035289411E-02 -3.886044007E-01
 -5.487884080E-06 9.811192663E-03 1.153339119E-01
 7.855318822E-02 6.321802534E-02 -2.529177958E-01
 4.825295561E-02 6.587294058E-02 -1.421899352E-01
 2.995971830E-02 5.335529464E-02 -6.743944392E-02
 3.535888205E-02 3.935871828E-02 -1.389536027E-01
 1.904662316E-02 3.831356369E-02 -4.265555366E-02
 7.846136969E-02 4.678409774E-02 -2.798265332E-01
 2.119357185E-01 8.424696751E-02 -4.152690231E-01
 2.340430157E-01 8.881615587E-02 -4.255037844E-01
 2.376039132E-01 7.225381655E-02 -4.503264745E-01
 2.642335725E-01 -6.908022112E-02 -4.209674641E-01
 9.832452638E-01 2.054487522E-02 1.099055224E-01
 4.013087490E-01 8.195298958E-02 -5.093348112E-01
 4.132376752E-01 7.926779380E-02 -5.166199323E-01
 2.620536388E-01 7.408105858E-02 -4.655780214E-01
 1.080455786E-01 -7.075896744E-02 -2.440367447E-01
 1.648263828E-01 6.824352926E-02 -3.918359758E-01
 7.656454750E-01 5.487009596E-02 -2.633125140E-01
 5.218167988E-01 8.939216246E-02 -4.942013353E-01
 1.536067282E+00 2.034565059E-01 7.688747974E-03
 4.533515613E-01 8.316987226E-02 -5.149049980E-01
 5.410152507E-01 7.616162248E-02 -5.036437271E-01
 7.945197399E-01 -2.004262789E-02 1.904926573E-01
 2.132877954E-01 6.948400245E-02 -4.363252168E-01
 1.302110166E-01 7.276267692E-01 -7.913730308E-02
 6.267888445E-01 7.226918416E-02 -4.342814314E-01
 6.360722532E-01 6.868044364E-02 -4.233695961E-01
 4.695566635E-01 -6.591178206E-02 -3.355882609E-01
 4.597449928E-01 -6.795731990E-02 -3.516280923E-01
 8.591200454E-01 -1.058401933E-01 1.814896726E-01
 7.794402699E-01 -1.512207679E-01 9.760230855E-02
 9.760851333E-01 -3.198498941E-01 8.661087601E-02
 4.281734416E-01 9.707134378E-02 -4.967506133E-01
 3.273315609E-01 7.685985447E-02 -4.932320320E-01
 -1.231436961E-01 3.278925232E-01 2.169999622E-02
 -2.873796595E-01 5.209062510E-01 1.131979322E-04
 4.385467604E-01 8.301600385E-02 -5.133772706E-01
 9.478684795E-01 -1.184015926E-01 1.907931337E-01
 2.891352200E-01 -7.271092104E-02 -4.349592532E-01
 1.002728259E-01 5.553754319E-02 -3.211308425E-01
 2.214134220E-01 -2.080292282E-01 -2.122467118E-01
 -2.276873845E-01 -4.156287543E-01 7.036810166E-02
 -5.395493842E-03 -2.517845859E-02 2.525080703E-01
 3.890506189E-04 -1.060281638E-02 4.655859681E-01
 6.856358371E-01 -5.052733114E-02 4.092894601E-02
 4.816122269E-01 2.512013499E-01 -3.352770608E-01
 4.935325208E-01 8.217215119E-02 -5.136860429E-01
 4.803639822E-01 7.921424773E-02 -5.195202224E-01
 4.899062657E-01 -8.077802246E-02 -2.817904896E-01
 9.003097985E-01 3.066240875E-02 -6.187905289E-02
 3.263248395E-01 -7.244691867E-02 -4.500554960E-01
 2.768196307E+00 -1.105352756E-01 1.156750011E-02
 2.510389160E-01 1.730737800E-01 -3.448284099E-01
 1.336175370E-01 -7.752334939E-02 -2.647859096E-01
 1.453609406E-01 -6.103622638E-02 -3.105795679E-01
 1.174779915E-01 7.313375020E-02 -3.233672780E-01
 1.571902796E-02 -3.724791852E-02 1.799402287E-01
 4.053659782E-02 -5.050543854E-02 -4.451687325E-02
 2.865817094E-02 -3.568832261E-02 1.033324679E-02
 1.063334673E-02 -2.861812704E-02 3.499112193E-01
 1.566302404E-02 -2.324986804E-02 1.271302155E-01
 5.186952563E-01 7.698116833E-02 -5.137478228E-01
 8.136703120E-01 5.570531717E-02 -1.970950733E-01
 1.291572161E-01 6.081361464E-02 -3.558355946E-01
 1.427857278E-01 6.333750835E-02 -3.748232062E-01
 7.818536572E-01 -9.810102851E-02 1.314816855E-01
 5.835699846E-02 -5.379795734E-02 -1.421906011E-01
 1.525234805E+00 -5.263127888E-01 3.394146567E-02
 1.508081894E-01 7.570327692E-02 -3.624949876E-01
 3.884593997E-01 9.603146789E-02 -4.897918074E-01
 3.968739771E-01 -7.032599512E-02 -4.376513950E-01
 9.726848169E-01 -2.545675612E-02 2.776351450E-01
 9.587030052E-01 -1.370053295E-02 3.259605818E-01
 8.158521734E-01 -6.954080283E-02 1.692758945E-01
 8.129120045E-01 4.389669158E-02 -2.016770067E-01
 2.547541489E-01 -6.814329843E-02 -4.145058100E-01
 3.011434091E-01 7.565966880E-02 -4.803147481E-01
 7.297566932E-01 -6.855324960E-02 9.050018560E-02
 4.613814088E-01 9.857866328E-02 -4.965212588E-01
 3.510916846E-01 -7.295970441E-02 -4.540115145E-01
 3.606356120E-01 -7.237091772E-02 -4.531430172E-01
 5.395457815E-02 5.108937727E-02 -1.936755096E-01
 9.141446727E-01 2.961461536E-01 -9.698887667E-02
 1.038204017E+00 -1.025206555E-01 1.620475912E-01
 4.909929210E-02 2.197617769E-01 -8.614930751E-02
 7.108838359E-01 -1.180172479E-01 5.811798015E-02
 98 654 655 655
 275 104 281 281
 275 281 654 654
 654 281 655 655
 280 96 605 605
 310 304 340 340
 117 255 414 414
 289 293 335 335
 307 175 420 420
 573 576 577 577
 601 81 616 616
 213 236 442 442
 111 110 670 670
 563 564 565 565
 613 598 618 618
 311 316 641 641
 37 36 527 527
 143 297 390 390
 327 336 437 437
 671 276 672 672
 461 455 462 462
 443 452 536 536
 449 450 560 560
 420 175 634 634
 516 469 517 517
 525 220 528 528
 296 147 416 416
 231 201 347 347
 565 564 566 566
 616 260 693 693
 311 315 316 316
 466 527 546 546
 493 508 549 549
 329 245 346 346
 198 253 653 653
 336 322 574 574
 314 441 643 643
 301 302 365 365
 435 436 572 572
 110 276 670 670
 296 370 375 375
 264 266 269 269
 81 80 616 616
 411 117 414 414
 325 339 457 457
 254 253 387 387
 289 290 293 293
 240 464 611 611
 302 305 328 328
 268 288 652 652
 321 320 371 371
 253 233 387 387
 10 9 562 562
 506 465 512 512
 126 256 405 405
 121 234 666 666
 465 461 513 513
 229 344 631 631
 29 28 534 534
 199 233 253 253
 609 601 617 617
 251 229 631 631
 73 239 651 651
 1 439 572 572
 606 91 607 607
 143 390 682 682
 270 280 479 479
 598 613 693 693
 493 494 508 508
 260 78 693 693
 525 495 529 529
 198 192 253 253
 235 392 691 691
 367 483 660 660
 107 275 672 672
 418 356 685 685
 499 501 531 531
 228 247 248 248
 228 203 247 247
 425 316 426 426
 489 490 493 493
 414 255 678 678
 421 306 422 422
 201 245 347 347
 487 488 489 489
 316 331 426 426
 215 195 258 258
 237 524 658 658
 294 301 368 368
 192 199 253 253
 293 294 334 334
 665 407 666 666
 212 243 351 351
 411 414 627 627
 513 461 516 516
 238 455 460 460
 325 337 574 574
 219 363 582 582
 243 244 339 339
 231 340 350 350
 91 606 612 612
 303 361 485 485
 607 475 610 610
 461 469 516 516
 339 244 457 457
 491 561 563 563
 441 347 643 643
 599 596 613 613
 323 321 371 371
 294 299 301 301
 261 250 282 282
 128 127 405 405
 368 366 372 372
 199 200 233 233
 508 494 528 528
 322 325 574 574
 200 201 388 388
 436 437 572 572
 370 296 374 374
 459 360 485 485
 423 308 482 482
 443 236 452 452
 335 393 394 394
 264 269 273 273
 202 228 679 679
 452 238 460 460
 512 513 514 514
 332 328 348 348
 225 552 554 554
 494 499 525 525
 335 293 393 393
 537 241 547 547
 364 376 377 377
 245 202 679 679
 108 107 672 672
 444 533 638 638
 596 477 597 597
 609 608 610 610
 392 297 692 692
 253 254 265 265
 182 181 430 430
 202 203 228 228
 211 212 229 229
 213 214 454 454
 201 202 245 245
 245 329 347 347
 375 232 639 639
 334 294 368 368
 498 443 587 587
 310 340 441 441
 449 559 586 586
 275 671 672 672
 302 328 332 332
 535 502 637 637
 466 37 527 527
 356 677 685 685
 402 292 622 622
 452 453 536 536
 397 396 398 398
 362 333 582 582
 53 52 547 547
 487 489 492 492
 448 224 548 548
 319 322 336 336
 195 196 647 647
 334 374 389 389
 589 477 596 596
 228 248 458 458
 189 188 684 684
 382 406 407 407
 262 261 282 282
 78 598 693 693
 212 213 243 243
 380 382 407 407
 363 362 582 582
 335 394 396 396
 293 334 345 345
 191 190 439 439
 340 231 441 441
 517 518 530 530
 349 459 485 485
 243 339 344 344
 229 212 351 351
 347 329 643 643
 486 487 491 491
 240 594 628 628
 566 338 578 578
 519 468 659 659
 248 250 251 251
 669 267 670 670
 374 296 416 416
 514 519 524 524
 429 331 436 436
 316 315 649 649
 226 389 416 416
 613 478 651 651
 305 310 642 642
 265 254 287 287
 306 421 423 423
 538 471 645 645
 601 616 617 617
 545 550 620 620
 209 210 262 262
 247 242 249 249
 146 145 416 416
 596 597 613 613
 450 10 562 562
 426 331 427 427
 544 476 593 593
 306 423 482 482
 244 243 442 442
 204 242 247 247
 507 447 549 549
 236 443 445 445
 246 346 679 679
 384 397 401 401
 203 204 247 247
 486 491 575 575
 301 299 302 302
 211 229 261 261
 531 444 534 534
 506 512 523 523
 264 265 266 266
 123 122 666 666
 259 258 646 646
 269 271 274 274
 615 616 693 693
 196 197 257 257
 367 372 378 378
 197 198 252 252
 308 423 424 424
 392 235 394 394
 372 367 660 660
 216 459 656 656
 278 267 669 669
 491 487 567 567
 243 213 442 442
 241 530 538 538
 545 620 621 621
 234 411 627 627
 210 261 262 262
 289 288 290 290
 473 477 589 589
 75 74 651 651
 310 311 642 642
 397 398 399 399
 330 371 400 400
 263 252 264 264
 238 214 636 636
 229 251 571 571
 271 412 413 413
 1 572 573 573
 530 241 537 537
 267 111 670 670
 241 538 557 557
 369 364 377 377
 324 311 641 641
 549 447 629 629
 495 525 532 532
 548 224 674 674
 459 349 656 656
 487 446 488 488
 361 362 485 485
 476 589 590 590
 489 488 490 490
 371 246 400 400
 444 531 533 533
 234 627 665 665
 364 369 385 385
 207 208 230 230
 302 304 305 305
 268 254 288 288
 543 221 555 555
 248 251 400 400
 444 29 534 534
 486 446 487 487
 469 462 542 542
 474 479 603 603
 541 539 543 543
 561 491 567 567
 552 535 554 554
 293 290 294 294
 248 247 249 249
 575 565 578 578
 204 205 242 242
 395 235 662 662
 426 427 432 432
 80 260 616 616
 248 249 250 250
 577 576 623 623
 320 346 371 371
 289 335 397 397
 495 532 580 580
 345 334 389 389
 255 278 678 678
 502 535 552 552
 494 525 528 528
 209 262 480 480
 331 317 436 436
 232 375 660 660
 210 211 261 261
 425 419 641 641
 476 473 589 589
 308 424 430 430
 453 465 511 511
 460 455 461 461
 515 520 644 644
 499 500 501 501
 558 470 681 681
 217 417 420 420
 350 386 387 387
 328 342 349 349
 520 517 681 681
 270 264 273 273
 389 390 391 391
 271 286 412 412
 524 519 658 658
 288 289 652 652
 380 407 665 665
 465 506 511 511
 565 566 578 578
 206 207 272 272
 32 31 637 637
 524 237 630 630
 311 314 315 315
 230 262 282 282
 492 489 510 510
 335 396 397 397
 207 230 272 272
 327 436 695 695
 397 399 401 401
 559 449 560 560
 319 321 322 322
 527 36 553 553
 293 345 393 393
 181 308 430 430
 560 450 561 561
 590 591 594 594
 382 384 404 404
 471 538 539 539
 227 522 625 625
 363 219 385 385
 422 307 579 579
 239 599 651 651
 494 496 499 499
 471 541 688 688
 346 245 679 679
 467 546 630 630
 594 240 611 611
 328 305 697 697
 271 285 286 286
 537 547 558 558
 332 348 362 362
 516 517 520 520
 453 452 460 460
 505 506 526 526
 414 412 627 627
 313 434 684 684
 233 200 388 388
 527 526 546 546
 460 461 657 657
 427 429 434 434
 349 409 656 656
 668 276 671 671
 334 368 370 370
 214 238 454 454
 230 282 663 663
 330 400 631 631
 330 323 371 371
 217 420 634 634
 380 379 382 382
 43 42 658 658
 478 613 618 618
 417 418 420 420
 476 590 593 593
 676 592 680 680
 394 235 395 395
 214 215 636 636
 559 451 586 586
 243 344 351 351
 512 465 513 513
 249 242 663 663
 434 313 438 438
 473 259 696 696
 194 209 480 480
 208 194 480 480
 644 227 648 648
 188 313 684 684
 508 507 549 549
 190 312 439 439
 205 193 484 484
 193 206 484 484
 316 425 641 641
 342 341 689 689
 443 536 587 587
 597 600 602 602
 234 665 666 666
 501 503 505 505
 258 259 456 456
 517 537 681 681
 294 298 299 299
 72 71 675 675
 394 395 396 396
 190 189 312 312
 491 563 565 565
 168 167 343 343
 383 128 405 405
 301 365 366 366
 344 229 351 351
 472 259 473 473
 533 535 637 637
 26 25 529 529
 451 559 674 674
 462 472 588 588
 257 263 479 479
 578 338 623 623
 276 668 670 670
 390 226 682 682
 431 426 432 432
 432 427 438 438
 231 347 441 441
 301 366 368 368
 188 187 313 313
 608 609 617 617
 445 443 551 551
 286 379 380 380
 493 490 494 494
 472 473 588 588
 22 21 507 507
 296 375 640 640
 489 509 510 510
 332 362 363 363
 550 544 620 620
 183 182 433 433
 262 230 480 480
 289 397 584 584
 562 9 661 661
 241 53 547 547
 421 422 579 579
 379 300 382 382
 436 327 437 437
 334 370 374 374
 268 300 379 379
 145 226 416 416
 27 26 495 495
 311 324 642 642
 537 558 681 681
 468 519 690 690
 573 574 576 576
 428 432 438 438
 591 589 596 596
 261 229 571 571
 424 426 431 431
 302 332 365 365
 462 455 472 472
 543 544 550 550
 263 264 270 270
 269 266 271 271
 140 139 691 691
 390 297 391 391
 274 277 284 284
 541 543 555 555
 356 355 677 677
 498 488 551 551
 312 189 684 684
 534 28 580 580
 461 465 657 657
 517 469 518 518
 471 539 541 541
 315 317 649 649
 346 246 371 371
 613 614 693 693
 272 230 663 663
 489 493 509 509
 455 238 456 456
 413 414 678 678
 34 33 552 552
 677 324 685 685
 538 530 539 539
 445 551 694 694
 362 348 485 485
 319 320 321 321
 389 226 390 390
 477 474 600 600
 341 355 689 689
 602 603 604 604
 173 172 415 415
 291 396 585 585
 391 297 392 392
 180 179 482 482
 504 453 511 511
 305 341 697 697
 283 284 668 668
 171 170 352 352
 286 380 410 410
 501 505 535 535
 55 54 557 557
 223 401 402 402
 36 35 553 553
 231 350 388 388
 614 615 693 693
 197 252 263 263
 178 177 422 422
 257 197 263 263
 512 514 524 524
 590 589 591 591
 59 58 555 555
 515 516 520 520
 222 563 661 661
 250 249 282 282
 348 328 349 349
 405 256 406 406
 138 137 662 662
 510 548 674 674
 251 250 571 571
 185 184 440 440
 574 337 575 575
 418 421 579 579
 167 166 408 408
 588 476 664 664
 264 252 265 265
 77 76 618 618
 165 164 459 459
 276 108 672 672
 116 115 255 255
 437 336 573 573
 389 374 416 416
 175 174 634 634
 412 410 627 627
 17 16 224 224
 501 500 503 503
 599 613 651 651
 248 400 458 458
 250 261 571 571
 514 515 690 690
 134 133 292 292
 136 135 291 291
 556 549 629 629
 561 450 562 562
 41 40 673 673
 307 420 579 579
 273 274 279 279
 597 602 614 614
 230 208 480 480
 341 305 642 642
 4 3 338 338
 83 82 601 601
 206 272 484 484
 381 123 666 666
 152 151 483 483
 87 86 475 475
 242 272 663 663
 457 446 486 486
 366 365 369 369
 153 152 367 367
 80 79 260 260
 595 596 667 667
 443 498 551 551
 604 605 608 608
 2 1 577 577
 317 315 318 318
 169 168 359 359
 478 75 651 651
 163 162 303 303
 254 268 287 287
 305 304 310 310
 399 292 402 402
 337 486 575 575
 453 460 657 657
 628 594 680 680
 505 503 506 506
 172 171 358 358
 126 125 256 256
 242 205 484 484
 576 578 623 623
 539 540 543 543
 546 523 630 630
 382 300 384 384
 161 160 333 333
 302 299 304 304
 337 457 486 486
 318 319 695 695
 73 72 239 239
 25 24 220 220
 121 120 234 234
 455 456 472 472
 499 496 500 500
 400 251 631 631
 57 56 471 471
 45 44 468 468
 431 218 433 433
 162 161 361 361
 526 523 546 546
 13 12 449 449
 238 452 454 454
 502 32 637 637
 11 10 450 450
 166 165 216 216
 179 178 306 306
 21 20 447 447
 160 159 582 582
 470 624 681 681
 174 173 217 217
 292 133 622 622
 521 644 648 648
 536 504 587 587
 436 317 695 695
 19 18 448 448
 184 183 218 218
 38 37 466 466
 494 490 496 496
 428 438 481 481
 311 310 314 314
 186 185 428 428
 218 432 440 440
 620 463 621 621
 592 628 680 680
 60 59 221 221
 492 559 560 560
 177 176 307 307
 8 7 222 222
 456 259 472 472
 324 419 685 685
 465 453 657 657
 187 186 481 481
 432 428 440 440
 14 13 586 586
 354 356 417 417
 606 607 610 610
 157 156 364 364
 151 150 232 232
 48 47 227 227
 427 331 429 429
 40 39 467 467
 6 5 564 564
 148 147 296 296
 170 169 309 309
 272 242 484 484
 131 130 223 223
 421 419 423 423
 164 163 360 360
 5 4 566 566
 424 425 426 426
 42 237 658 658
 30 29 444 444
 479 474 646 646
 159 158 219 219
 15 14 451 451
 181 180 308 308
 145 144 226 226
 156 155 376 376
 218 431 432 432
 65 64 635 635
 509 493 556 556
 42 41 237 237
 54 53 241 241
 158 157 583 583
 438 313 481 481
 139 138 235 235
 39 38 633 633
 401 223 403 403
 68 67 240 240
 50 49 624 624
 490 488 498 498
 35 34 225 225
 259 474 696 696
 61 60 626 626
 24 23 570 570
 46 45 632 632
 317 318 695 695
 135 134 650 650
 322 323 325 325
 683 312 684 684
 3 2 623 623
 129 128 383 383
 124 123 381 381
 103 102 281 281
 69 68 628 628
 384 403 404 404
 273 269 274 274
 23 22 497 497
 417 356 418 418
 64 63 463 463
 492 560 567 567
 62 61 545 545
 319 318 320 320
 141 140 692 692
 366 377 378 378
 51 50 470 470
 439 435 572 572
 112 111 267 267
 137 136 585 585
 144 143 682 682
 372 366 378 378
 278 669 678 678
 397 384 584 584
 70 69 592 592
 352 354 358 358
 611 464 619 619
 355 341 677 677
 331 316 649 649
 599 239 667 667
 453 504 536 536
 532 534 580 580
 76 75 478 478
 33 32 502 502
 142 141 297 297
 343 408 409 409
 47 46 648 648
 155 154 295 295
 28 27 580 580
 349 342 409 409
 283 274 284 284
 357 409 689 689
 403 383 404 404
 130 129 568 568
 277 271 413 413
 56 55 645 645
 119 118 411 411
 63 62 621 621
 154 153 569 569
 654 283 671 671
 354 355 356 356
 493 549 556 556
 597 477 600 600
 66 65 464 464
 31 30 638 638
 615 604 617 617
 595 676 680 680
 182 430 433 433
 20 19 629 629
 339 326 344 344
 109 108 276 276
 325 326 339 339
 396 395 585 585
 510 509 548 548
 632 468 690 690
 114 113 278 278
 476 544 664 664
 101 100 655 655
 150 149 639 639
 16 15 686 686
 365 363 369 369
 52 51 558 558
 233 350 387 387
 268 285 287 287
 322 321 323 323
 215 258 636 636
 352 353 354 354
 369 363 385 385
 44 43 659 659
 458 246 679 679
 345 391 393 393
 9 8 661 661
 370 373 375 375
 78 77 598 598
 299 298 340 340
 403 223 568 568
 563 562 661 661
 544 540 664 664
 49 48 625 625
 608 606 610 610
 58 57 688 688
 239 72 675 675
 223 402 687 687
 326 323 330 330
 366 369 377 377
 294 290 298 298
 385 219 583 583
 132 131 687 687
 221 543 550 550
 345 389 391 391
 357 343 409 409
 522 227 644 644
 547 52 558 558
 619 463 620 620
 515 513 516 516
 487 492 567 567
 348 349 485 485
 523 524 630 630
 318 315 643 643
 669 413 678 678
 404 383 405 405
 71 70 676 676
 532 531 534 534
 415 354 417 417
 398 292 399 399
 25 220 529 529
 300 268 652 652
 271 266 285 285
 364 385 583 583
 106 105 275 275
 477 473 696 696
 473 476 588 588
 149 148 640 640
 125 124 581 581
 505 526 554 554
 514 513 515 515
 383 403 568 568
 646 258 647 647
 429 435 683 683
 602 604 615 615
 319 327 695 695
 488 446 551 551
 448 556 629 629
 253 265 653 653
 574 575 576 576
 325 323 326 326
 284 669 670 670
 252 198 653 653
 317 331 649 649
 495 26 529 529
 133 132 622 622
 286 285 379 379
 358 354 415 415
 573 336 574 574
 353 357 689 689
 667 239 675 675
 279 274 283 283
 435 429 436 436
 544 593 620 620
 506 503 511 511
 342 328 697 697
 393 392 394 394
 452 236 454 454
 270 273 280 280
 341 342 697 697
 357 309 359 359
 273 279 280 280
 424 423 425 425
 218 183 433 433
 320 329 346 346
 561 562 563 563
 446 457 694 694
 430 431 433 433
 332 363 365 365
 413 412 414 414
 462 588 664 664
 353 309 357 357
 506 523 526 526
 340 298 350 350
 27 495 580 580
 139 235 691 691
 543 540 544 544
 448 548 556 556
 539 518 540 540
 546 467 633 633
 341 642 677 677
 168 343 359 359
 497 22 507 507
 308 180 482 482
 217 173 415 415
 244 442 445 445
 285 268 379 379
 196 257 647 647
 166 216 408 408
 642 324 677 677
 375 373 660 660
 584 300 652 652
 419 324 641 641
 439 312 683 683
 595 591 596 596
 423 419 425 425
 343 167 408 408
 400 246 458 458
 216 165 459 459
 33 502 552 552
 170 309 352 352
 171 352 358 358
 343 357 359 359
 367 378 569 569
 313 187 481 481
 232 150 639 639
 370 368 373 373
 466 546 633 633
 624 522 681 681
 503 500 504 504
 304 299 340 340
 474 259 646 646
 172 358 415 415
 314 310 441 441
 85 84 609 609
 320 318 329 329
 602 600 603 603
 354 353 355 355
 619 464 635 635
 533 501 535 535
 503 504 511 511
 151 232 483 483
 378 295 569 569
 560 561 567 567
 315 314 643 643
 396 291 398 398
 177 307 422 422
 530 518 539 539
 526 527 554 554
 523 512 524 524
 496 490 498 498
 282 249 663 663
 221 59 555 555
 35 225 553 553
 235 138 662 662
 463 619 635 635
 391 392 393 393
 350 233 388 388
 531 501 533 533
 184 218 440 440
 627 410 665 665
 263 270 479 479
 174 217 634 634
 21 447 507 507
 559 510 674 674
 406 256 407 407
 407 256 581 581
 470 50 624 624
 288 254 387 387
 593 590 611 611
 237 41 673 673
 306 178 422 422
 401 399 402 402
 309 169 359 359
 186 428 481 481
 521 632 690 690
 266 265 287 287
 428 185 440 440
 303 162 361 361
 161 333 361 361
 163 303 360 360
 224 16 686 686
 290 288 386 386
 421 418 685 685
 289 584 652 652
 179 306 482 482
 382 404 406 406
 497 528 570 570
 159 219 582 582
 614 602 615 615
 367 152 483 483
 137 585 662 662
 164 360 459 459
 23 497 570 570
 136 291 585 585
 217 415 417 417
 555 58 688 688
 540 518 542 542
 377 295 378 378
 40 467 673 673
 291 135 650 650
 525 499 532 532
 535 505 554 554
 277 413 669 669
 219 158 583 583
 223 130 568 568
 616 615 617 617
 131 223 687 687
 292 398 650 650
 468 44 659 659
 333 160 582 582
 13 449 586 586
 381 407 581 581
 451 14 586 586
 598 77 618 618
 285 266 287 287
 225 34 552 552
 352 309 353 353
 398 291 650 650
 637 31 638 638
 286 410 412 412
 45 468 632 632
 54 241 557 557
 30 444 638 638
 368 372 373 373
 60 221 626 626
 134 292 650 650
 226 144 682 682
 140 691 692 692
 344 326 631 631
 220 24 570 570
 517 530 537 537
 329 318 643 643
 528 220 570 570
 364 156 376 376
 279 283 654 654
 604 603 605 605
 497 508 528 528
 8 222 661 661
 157 364 583 583
 46 632 648 648
 474 477 696 696
 244 445 694 694
 515 521 690 690
 227 47 648 648
 542 462 664 664
 497 507 508 508
 153 367 569 569
 576 575 578 578
 295 154 569 569
 361 333 362 362
 355 353 689 689
 467 39 633 633
 15 451 686 686
 434 683 684 684
 221 550 626 626
 360 303 485 485
 427 434 438 438
 48 227 625 625
 43 658 659 659
 68 240 628 628
 630 237 673 673
 155 295 376 376
 298 290 386 386
 19 448 629 629
 564 5 566 566
 492 510 559 559
 55 557 645 645
 553 225 554 554
 540 542 664 664
 675 71 676 676
 447 20 629 629
 464 65 635 635
 463 63 621 621
 545 61 626 626
 297 141 692 692
 256 125 581 581
 38 466 633 633
 386 288 387 387
 500 496 587 587
 148 296 640 640
 471 56 645 645
 4 338 566 566
 57 471 688 688
 550 545 626 626
 2 577 623 623
 64 463 635 635
 592 69 628 628
 62 545 621 621
 518 469 542 542
 410 380 665 665
 129 383 568 568
 228 458 679 679
 350 298 386 386
 76 478 618 618
 519 514 690 690
 51 470 558 558
 376 295 377 377
 483 232 660 660
 409 342 689 689
 326 330 631 631
 467 630 673 673
 499 531 532 532
 70 592 676 676
 409 408 656 656
 124 381 581 581
 533 637 638 638
 338 3 623 623
 551 446 694 694
 605 606 608 608
 674 224 686 686
 430 424 431 431
 451 674 686 686
 404 405 406 406
 265 252 653 653
 408 216 656 656
 572 437 573 573
 373 372 660 660
 384 300 584 584
 257 479 646 646
 624 49 625 625
 257 646 647 647
 283 668 671 671
 456 238 636 636
 384 401 403 403
 590 594 611 611
 668 284 670 670
 258 456 636 636
 520 522 644 644
 442 236 445 445
 435 439 683 683
 504 500 587 587
 521 515 644 644
 420 418 579 579
 595 667 675 675
 594 591 680 680
 639 149 640 640
 496 498 587 587
 613 597 614 614
 93 92 612 612
 284 277 669 669
 419 421 685 685
 595 675 676 676
 90 89 607 607
 527 553 554 554
 593 619 620 620
 658 519 659 659
 457 244 694 694
 593 611 619 619
 548 509 556 556
 434 429 683 683
 522 520 681 681
 591 595 680 680
 596 599 667 667
 691 392 692 692
 622 132 687 687
 541 555 688 688
 585 395 662 662
 632 521 648 648
 557 538 645 645
 402 622 687 687
 522 624 625 625
 375 639 640 640
 604 608 617 617
 88 475 607 607
 91 90 607 607
 1 191 439 439
 1 573 577 577
 7 6 222 222
 222 6 564 564
 12 11 449 449
 449 11 450 450
 18 17 448 448
 17 224 448 448
 67 66 464 464
 240 67 464 464
 74 73 651 651
 79 78 260 260
 82 81 601 601
 84 83 609 609
 83 601 609 609
 86 85 475 475
 475 85 609 609
 88 87 475 475
 89 88 607 607
 92 91 612 612
 94 93 612 612
 95 94 606 606
 606 94 612 612
 96 95 605 605
 605 95 606 606
 97 96 280 280
 98 97 280 280
 99 98 655 655
 279 98 280 280
 98 279 654 654
 100 99 655 655
 102 101 281 281
 281 101 655 655
 104 103 281 281
 105 104 275 275
 107 106 275 275
 110 109 276 276
 113 112 267 267
 113 267 278 278
 115 114 278 278
 255 115 278 278
 117 116 255 255
 118 117 411 411
 120 119 411 411
 234 120 411 411
 122 121 666 666
 127 126 405 405
 143 142 297 297
 147 146 416 416
 176 175 307 307
 258 195 647 647
 201 231 388 388
 236 213 454 454
 220 525 529 529
 563 222 564 564
 274 271 277 277
 275 654 671 671
 479 280 603 603
 603 280 605 605
 327 319 336 336
 337 325 457 457
 407 381 666 666
 461 462 469 469
 600 474 603 603
 475 609 610 610
 491 565 575 575
